tree
version=v4
num_class=1
num_tree_per_iteration=1
label_index=0
max_feature_idx=84
objective=regression
feature_names=consumo_atual_kw consumo_lag_15m consumo_lag_30m consumo_lag_60m consumo_lag_120m consumo_lag_180m consumo_lag_360m consumo_lag_720m consumo_lag_1440m consumo_lag_10080m consumo_mean_60m consumo_min_60m consumo_max_60m consumo_std_60m consumo_mean_180m consumo_min_180m consumo_max_180m consumo_std_180m consumo_mean_360m consumo_min_360m consumo_max_360m consumo_std_360m consumo_mean_1440m consumo_min_1440m consumo_max_1440m consumo_std_1440m temperatura_externa_c_atual temperatura_externa_c_lag_15m temperatura_externa_c_lag_60m temperatura_externa_c_lag_180m temperatura_externa_c_lag_360m temperatura_externa_c_lag_720m temperatura_externa_c_lag_1440m temperatura_externa_c_media_60m temperatura_externa_c_media_180m temperatura_externa_c_media_360m temperatura_externa_c_media_1440m umidade_relativa_pct_atual umidade_relativa_pct_lag_15m umidade_relativa_pct_lag_60m umidade_relativa_pct_lag_180m umidade_relativa_pct_lag_360m umidade_relativa_pct_lag_720m umidade_relativa_pct_lag_1440m umidade_relativa_pct_media_60m umidade_relativa_pct_media_180m umidade_relativa_pct_media_360m umidade_relativa_pct_media_1440m origem_hora origem_dia_semana origem_fim_de_semana origem_mes origem_hora_sin origem_hora_cos origem_semana_sin origem_semana_cos consumo_diferenca_semana_atual consumo_razao_semana_atual consumo_diferenca_dia_atual tendencia_consumo_15m tendencia_consumo_60m tendencia_consumo_180m tendencia_consumo_360m correcao_semanal_media_60m correcao_semanal_std_60m correcao_semanal_media_180m correcao_semanal_std_180m correcao_semanal_media_360m correcao_semanal_std_360m correcao_semanal_media_1440m correcao_semanal_std_1440m temperatura_externa_c_diferenca_semana_atual temperatura_externa_c_tendencia_1h umidade_relativa_pct_diferenca_semana_atual umidade_relativa_pct_tendencia_1h alvo_hora alvo_dia_semana alvo_fim_de_semana alvo_mes alvo_hora_sin alvo_hora_cos alvo_semana_sin alvo_semana_cos consumo_alvo_dia_anterior consumo_alvo_semana_anterior
feature_infos=[22.399999999999999:324.71375799999998] [22.399999999999999:324.71375799999998] [22.399999999999999:324.71375799999998] [22.399999999999999:324.71375799999998] [22.399999999999999:324.71375799999998] [22.399999999999999:324.71375799999998] [22.399999999999999:324.71375799999998] [22.399999999999999:324.71375799999998] [22.399999999999999:324.71375799999998] [22.399999999999999:324.71375799999998] [22.399999999999999:321.24876725000001] [22.399999999999999:318.278571] [22.399999999999999:324.71375799999998] [0:82.540869055199337] [22.399999999999999:313.28577408333337] [22.399999999999999:302.53573799999998] [22.399999999999999:324.71375799999998] [0:92.970139865692389] [22.399999999999999:295.13563500000004] [22.399999999999999:249.29458700000001] [22.399999999999999:324.71375799999998] [0:116.53386463160022] [23.200000000000003:159.49963871874999] none [25.600000000000001:324.71375799999998] [1.3929144002343703:128.71471884334804] [15:33.700000000000003] [15:33.700000000000003] [15:33.700000000000003] [15:33.700000000000003] [15:33.700000000000003] [15:33.700000000000003] [15:33.700000000000003] [15:33.4375] [15:32.71875] [15.333333333333334:31.620833333333334] [16.439843749999998:27.283072916666669] [31:98] [31:98] [31:98] [31:98] [31:98] [31:98] [31:98] [32.5:95.625] [33.666666666666664:95.083333333333329] [37.041666666666664:94] [59.309895833333336:91.638020833333329] [0:23.75] [0:6] [0:1] [1:4] [-1:1] [-1:1] [-0.97492791218182362:0.97492791218182362] [-0.90096886790241903:1] [-72.635950000000008:77.445233000000002] [0.43630911779503978:2.09406877563422] [-291.363968:296.779246] [-121.30707899999999:153.05878799999999] [-124.27709300000001:153.05878799999999] [-180.63157299999997:268.16051600000003] [-299.363968:299.97924600000005] [-70.384351250000009:75.467424499999993] [0:44.359338508129341] [-67.777903583333341:70.921986416666655] [0:38.631403568061003] [-64.848194500000005:62.415354583333333] [0:37.083675449251288] [-34.945017510416669:27.905951093750001] [0:30.68446053870321] [-12:11.5] [-8:4.8000000000000007] [-49:48] [-30:40] [0:23.75] [0:6] [0:1] [1:4] [-1:1] [-1:1] [-0.97492791218182362:0.97492791218182362] [-0.90096886790241903:1] [22.399999999999999:324.71375799999998] [22.399999999999999:324.71375799999998]
tree_sizes=1406 1425 1424 1424 1428 1424 1440 1421 1435 1430 1446 1442 1433 1439 1443 1445 1446 1445 1426 1436 1446 1449 1447 1459 1433 1442 1441 1447 1444 1444 1441 1438 1433 1450 1432

Tree=0
num_leaves=15
num_cat=0
split_feature=71 84 71 84 69 25 84 51 24 69 25 24 35 32
split_gain=561509 409302 290527 280589 150905 133665 90925 56444.6 47758.2 34798.2 34058 62872 30322.2 27711.8
threshold=1.0000000180025095e-35 103.090366 -2.8499999999999992 42.523274000000008 11.26756466666667 99.096793758798285 287.58038500000004 3.5000000000000004 253.43744300000003 -26.30091713020833 108.17830711197404 283.32550850000001 22.240625000000001 20.262500000000003
decision_type=2 2 2 2 2 2 2 2 2 2 2 2 2 2
left_child=1 -1 5 -2 7 9 10 -5 -9 -3 11 -4 -12 -6
right_child=3 2 6 4 13 -7 -8 8 -10 -11 12 -13 -14 -15
leaf_value=-1.0573811997319345 -1.0726405447809952 -3.5916065482766353 -1.5214045340021816 -0.4000022468674691 1.1625108904293204 -1.5283918988641054 -3.1194552950532159 -0.40952227647607953 -1.5179944697709395 -2.7749208936705978 -2.7434877196670495 -0.54491765772081224 -1.5744344642260375 0.17267348007970496
leaf_weight=3122 2602 199 1519 1011 81 192 89 156 254 423 95 184 134 644
leaf_count=3122 2602 199 1519 1011 81 192 89 156 254 423 95 184 134 644
internal_value=-1.12907 -1.45234 -1.88716 -0.723505 -0.300405 -2.68418 -1.56553 -0.600512 -1.09551 -3.03974 -1.49295 -1.41562 -2.06432 0.286266
internal_weight=10705 5957 2835 4748 2146 814 2021 1421 410 622 1932 1703 229 725
internal_count=10705 5957 2835 4748 2146 814 2021 1421 410 622 1932 1703 229 725
is_linear=0
shrinkage=1


Tree=1
num_leaves=15
num_cat=0
split_feature=71 84 71 84 69 25 84 51 24 69 25 24 25 6
split_gain=506936 369535 262290 253306 136259 120670 82172.3 50940.6 43126.8 31440.5 30782.7 57828.8 33814 28080.4
threshold=1.0000000180025095e-35 103.090366 -2.8499999999999992 42.523274000000008 11.26756466666667 99.096793758798285 287.58038500000004 3.5000000000000004 253.43744300000003 -26.30091713020833 108.17830711197404 277.22543400000006 103.78067124249111 98.565209000000024
decision_type=2 2 2 2 2 2 2 2 2 2 2 2 2 2
left_child=1 -1 5 -2 7 9 10 -5 -9 -3 11 12 -4 -12
right_child=3 2 6 4 -6 -7 -8 8 -10 -11 13 -13 -14 -15
leaf_value=0.06810786181418485 0.053611422981887979 -2.3400230951309204 -0.2790995307327378 0.69265271958861907 1.3448193263450123 -0.37945689753547235 -1.8919695552190146 0.68380185838812479 -0.3695521477390738 -1.5637501037244703 -1.5917513728141786 0.36212817343949072 -0.88096955215709449 -0.45021826822857758
leaf_weight=3122 2602 199 1112 1011 725 192 89 156 254 423 87 296 295 142
leaf_count=3122 2602 199 1112 1011 725 192 89 156 254 423 87 296 295 142
internal_value=-1.67449e-05 -0.307176 -0.72033 0.385339 0.787343 -1.47763 -0.414731 0.50217 0.0319248 -1.81546 -0.345736 -0.272214 -0.405827 -0.888936
internal_weight=10705 5957 2835 4748 2146 814 2021 1421 410 622 1932 1703 1407 229
internal_count=10705 5957 2835 4748 2146 814 2021 1421 410 622 1932 1703 1407 229
is_linear=0
shrinkage=0.05


Tree=2
num_leaves=15
num_cat=0
split_feature=71 84 71 84 69 24 84 51 24 69 25 24 25 75
split_gain=457649 333648 236785 228644 122992 109086 74302.1 45973.3 38944.5 28165.9 26693 53623.3 32273 25420.5
threshold=1.0000000180025095e-35 103.090366 -2.8499999999999992 42.523274000000008 11.26756466666667 264.18653100000006 292.35207400000007 3.5000000000000004 253.43744300000003 -26.30091713020833 108.17830711197404 277.22543400000006 103.78067124249111 14.875000000000002
decision_type=2 2 2 2 2 2 2 2 2 2 2 2 2 2
left_child=1 -1 5 -2 7 9 10 -5 -9 -3 11 12 -4 -12
right_child=3 2 6 4 -6 -7 -8 8 -10 -11 13 -13 -14 -15
leaf_value=0.06470355996757679 0.050931882894913877 -2.2236069440841675 -0.2741360222516005 0.65805430733746018 1.2776709611358292 -0.36691085596497247 -2.0446519237576108 0.64982953895429141 -0.3511470030365037 -1.4881552261799151 -0.41041809613417302 0.34010277518427512 -0.85667368839710756 -1.4827611492526147
leaf_weight=3122 2602 199 1127 1011 725 194 65 156 254 421 139 297 301 92
leaf_count=3122 2602 199 1127 1011 725 194 65 156 254 421 139 297 301 92
internal_value=-4.64581e-05 -0.291892 -0.684472 0.366097 0.74803 -1.40401 -0.394111 0.477097 0.0303668 -1.72741 -0.338245 -0.27033 -0.397439 -0.842049
internal_weight=10705 5957 2835 4748 2146 814 2021 1421 410 620 1956 1725 1428 231
internal_count=10705 5957 2835 4748 2146 814 2021 1421 410 620 1956 1725 1428 231
is_linear=0
shrinkage=0.05


Tree=3
num_leaves=15
num_cat=0
split_feature=71 84 71 84 69 25 84 51 24 69 32 70 17 25
split_gain=413157 301249 213758 206383 111016 98761.1 68024.8 41490.4 35167.8 26282.9 25291 25233.2 33910.7 25206.1
threshold=1.0000000180025095e-35 103.090366 -2.8499999999999992 42.523274000000008 11.26756466666667 99.096793758798285 287.58038500000004 3.5000000000000004 253.43744300000003 -13.065936541666668 20.262500000000003 7.8207851708806606 1.1692635583363182e-06 108.17830711197404
decision_type=2 2 2 2 2 2 2 2 2 2 2 2 2 2
left_child=1 -1 5 -2 7 9 13 11 -9 -3 -6 12 -5 -4
right_child=3 2 6 4 10 -7 -8 8 -10 -11 -12 -13 -14 -15
leaf_value=0.061469419773762295 0.04838626469917312 -1.9196375300019071 -0.24522040375090803 1.2946348636612601 2.0488760552755219 -0.34058900830659228 -1.7185846159855527 0.61754500535643031 -0.33365851082272974 -1.2491942688426139 1.1058383388417166 0.35869340569258057 0.49407069601194853 -0.80328789591141381
leaf_weight=3122 2602 360 1703 244 81 192 89 156 254 262 644 475 292 229
leaf_count=3122 2602 360 1703 244 81 192 89 156 254 262 644 475 292 229
internal_value=-7.42898e-05 -0.277371 -0.650404 0.347817 0.710681 -1.33406 -0.374522 0.453276 0.0288848 -1.63969 1.21388 0.625184 0.860239 -0.31175
internal_weight=10705 5957 2835 4748 2146 814 2021 1421 410 622 725 1011 536 1932
internal_count=10705 5957 2835 4748 2146 814 2021 1421 410 622 725 1011 536 1932
is_linear=0
shrinkage=0.05


Tree=4
num_leaves=15
num_cat=0
split_feature=71 84 71 84 71 24 84 36 84 35 36 69 84 69
split_gain=375363 281241 168765 155451 120821 89553.5 69176.9 38465.6 35832.7 34846.3 28922.2 28096.1 27649.5 25965.5
threshold=-1.0000000180025095e-35 103.92004200000001 -2.8499999999999992 42.523274000000008 2.212499999999999 264.18653100000006 258.94589250000007 25.692187500000003 295.90254450000003 22.621354166666674 24.091666666666672 -5.9078175052083326 284.32638350000008 -1.0000000180025095e-35
decision_type=2 2 2 2 2 2 2 2 2 2 2 2 2 2
left_child=1 -1 5 -2 6 -3 7 11 -4 10 -6 -5 -8 -11
right_child=3 2 8 4 9 -7 12 -9 -10 13 -12 -13 -14 -15
leaf_value=0.047073796852042618 0.0457662477908648 -1.5632402601739255 -0.36001126074074391 -0.49972676414905526 1.2133882912528566 -0.32985345234473545 -0.18431267684809571 1.4418194655681913 -1.839647146633693 -0.079639439884987145 2.4383698327200758 0.46301553109325866 -1.5850878541062519 0.9299308180615381
leaf_weight=2881 2803 617 1702 81 233 194 253 94 41 71 62 1028 40 605
leaf_count=2881 2803 617 1702 81 233 194 253 94 41 71 62 1028 40 605
internal_value=-7.32869e-05 -0.291593 -0.673491 0.300572 0.589947 -1.26897 0.307705 0.475447 -0.395851 1.02403 1.47821 0.392311 -0.380286 0.823935
internal_weight=10705 5435 2554 5270 2467 811 1496 1203 1743 971 295 1109 293 676
internal_count=10705 5435 2554 5270 2467 811 1496 1203 1743 971 295 1109 293 676
is_linear=0
shrinkage=0.05


Tree=5
num_leaves=15
num_cat=0
split_feature=71 84 71 84 69 25 84 70 36 84 24 36 47 70
split_gain=338858 253965 156487 140339 109918 83074.3 61393.9 34630.8 49079.2 32763.9 31326.3 27706 30187.1 29798.3
threshold=-1.0000000180025095e-35 101.13880300000001 -2.8499999999999992 42.523274000000008 11.532673921875002 99.096793758798285 272.69961450000005 8.0129088345045254 20.748177083333335 295.90254450000003 279.17391850000007 24.321093750000006 66.252604166666671 21.511920943177074
decision_type=2 2 2 2 2 2 2 2 2 2 2 2 2 2
left_child=1 -1 5 -2 6 -3 7 8 -5 -4 -9 -6 13 -13
right_child=3 2 9 4 11 -7 -8 10 -10 -11 -12 12 -14 -15
leaf_value=0.049557959892636956 0.043478749393779104 -1.481767029729089 -0.33531348372525721 -0.23622987284024127 1.4881504805455377 -0.29921737979261248 -0.66004030004883496 -0.14819288634345251 0.75489572035126784 -1.7498548927761259 0.61237444413640496 1.802837497166923 0.49315985222684522 0.60884812267203081
leaf_weight=2841 2803 630 1728 146 257 195 140 377 847 41 210 121 275 94
leaf_count=2841 2803 630 1728 146 257 195 140 377 847 41 210 121 275 94
internal_value=-6.89802e-05 -0.277051 -0.634641 0.285583 0.560533 -1.20296 0.340241 0.429235 0.60908 -0.369068 0.12448 1.06663 0.842971 1.28605
internal_weight=10705 5435 2594 5270 2467 825 1720 1580 993 1769 587 747 490 215
internal_count=10705 5435 2594 5270 2467 825 1720 1580 993 1769 587 747 490 215
is_linear=0
shrinkage=0.05


Tree=6
num_leaves=15
num_cat=0
split_feature=71 84 71 84 24 69 84 51 24 32 33 68 69 79
split_gain=306383 224128 157174 153239 86379.3 83233 45936.7 33213.8 27222.8 24070.9 27791.3 22661.1 22654.4 21826.1
threshold=1.0000000180025095e-35 103.92004200000001 -2.5124999999999988 42.523274000000008 264.18653100000006 11.26756466666667 284.32638350000008 3.5000000000000004 253.43744300000003 22.012500000000003 19.996875000000003 6.8820949206591058 -26.30091713020833 -0.58216583101416164
decision_type=2 2 2 2 2 2 2 2 2 2 2 2 2 2
left_child=1 -1 4 -2 12 7 9 -5 -9 10 -4 -7 -3 -11
right_child=3 2 6 5 -6 11 -8 8 -10 13 -12 -13 -14 -15
leaf_value=0.052334800653692143 0.041507346527969391 -1.8659914357662204 -0.46513999133783673 0.54312872068363838 -0.30699220280974049 1.4491897329688073 -1.3543485930263996 0.52760140103270203 -0.30928238747312742 -1.0649372511050281 -0.00012825355695996428 0.84921635877967006 -1.2133706042366061 -0.30823489437495805
leaf_weight=3133 2602 199 484 1011 241 238 99 156 254 152 952 487 441 256
leaf_count=3133 2602 199 484 1011 241 238 99 156 254 152 952 487 441 256
internal_value=-6.11303e-05 -0.238853 -0.561806 0.299522 -1.11542 0.612197 -0.31034 0.38932 0.00965064 -0.253586 -0.157074 1.0479 -1.41889 -0.592058
internal_weight=10705 5957 2824 4748 881 2146 1943 1421 410 1844 1436 725 640 408
internal_count=10705 5957 2824 4748 881 2146 1943 1421 410 1844 1436 725 640 408
is_linear=0
shrinkage=0.05


Tree=7
num_leaves=15
num_cat=0
split_feature=71 84 71 84 71 84 25 84 36 35 83 36 36 35
split_gain=277808 207653 128382 115228 95199.6 54993.2 46203.3 33865.4 31427.9 29016.2 25983.3 24565.3 23738.7 25151.4
threshold=-1.0000000180025095e-35 101.13880300000001 -3.0124999999999988 42.523274000000008 2.212499999999999 257.75375800000006 99.460662613930012 287.58038500000004 25.692187500000003 22.621354166666674 244.4178095 24.091666666666672 23.401953125000002 22.083854166666669
decision_type=2 2 2 2 2 2 2 2 2 2 2 2 2 2
left_child=1 -1 6 -2 5 8 -3 10 -5 11 -4 -6 -7 -14
right_child=3 2 7 4 9 12 -8 -9 -10 -11 -12 -13 13 -15
leaf_value=0.044465115060833171 0.039192152818327455 -1.4084276084144518 -0.4722412216483049 0.33364163700198779 1.0636973546674617 0.18020150505065446 -0.31750942057639853 -1.3407569929101002 1.2824627093941368 0.71056532351474833 -0.086793680338800028 2.191340588766431 -1.8054816025059399 -0.38813670477727902
leaf_weight=2841 2803 504 1192 1101 233 125 121 86 94 676 691 62 40 136
leaf_count=2841 2803 504 1192 1101 233 125 121 86 94 676 691 62 40 136
internal_value=-7.40689e-05 -0.250867 -0.574213 0.25857 0.507709 0.25719 -1.19807 -0.375681 0.409287 0.893017 -0.330916 1.3073 -0.346007 -0.718641
internal_weight=10705 5435 2594 5270 2467 1496 625 1969 1195 971 1883 295 301 176
internal_count=10705 5435 2594 5270 2467 1496 625 1969 1195 971 1883 295 301 176
is_linear=0
shrinkage=0.05


Tree=8
num_leaves=15
num_cat=0
split_feature=71 84 71 84 71 24 84 36 35 69 36 25 24 36
split_gain=250791 187798 114617 104026 85987 71740.2 48852.9 27340.2 25917.6 23219.8 22952.5 22859.1 38293.2 22079.6
threshold=-1.0000000180025095e-35 103.92004200000001 -2.5124999999999988 42.523274000000008 2.1000000000000001 264.18653100000006 258.94589250000007 25.692187500000003 22.621354166666674 -5.9078175052083326 23.993489583333339 107.98559925686267 278.11863750000003 23.401953125000002
decision_type=2 2 2 2 2 2 2 2 2 2 2 2 2 2
left_child=1 -1 5 -2 6 -3 7 9 10 -5 -6 12 -4 -8
right_child=3 2 11 4 8 -7 13 -9 -10 -11 -12 -13 -14 -15
leaf_value=0.038387814148715046 0.037233244674479575 -1.288287423552245 -0.33788053820210601 -0.50347314434654922 0.93449773900034305 -0.27500789314508439 0.17586619974434622 1.2060877378589365 0.67161422403083115 0.37704813585022151 1.8932372694430144 -0.75455090102480094 0.39178433182927391 -0.70553373477438042
leaf_weight=2881 2803 640 1220 80 210 241 121 92 692 1011 91 243 210 170
leaf_count=2881 2803 640 1220 80 210 241 121 92 692 1011 91 243 210 170
internal_value=-7.02455e-05 -0.238357 -0.550427 0.245675 0.482396 -1.01173 0.239842 0.382565 0.841837 0.31208 1.22966 -0.307047 -0.230528 -0.339694
internal_weight=10705 5435 2554 5270 2467 881 1474 1183 993 1091 301 1673 1430 291
internal_count=10705 5435 2554 5270 2467 881 1474 1183 993 1091 301 1673 1430 291
is_linear=0
shrinkage=0.05


Tree=9
num_leaves=15
num_cat=0
split_feature=71 84 71 84 69 24 84 70 36 17 46 25 48 84
split_gain=226569 166550 117448 113397 65752.4 64547.5 36738.6 29729.5 28437 22751.5 21767.8 24571.2 48239.9 21247.8
threshold=1.0000000180025095e-35 103.090366 -2.5124999999999988 42.523274000000008 11.26756466666667 264.18653100000006 299.97504500000008 8.0129088345045254 20.748177083333335 2.5927198770225745e-06 82.848958333333357 107.98559925686267 8.6250000000000018 199.02488000000002
decision_type=2 2 2 2 2 2 2 2 2 2 2 2 2 2
left_child=1 -1 5 -2 7 -3 10 8 -5 -10 11 12 -4 -9
right_child=3 2 6 4 -6 -7 -8 13 9 -11 -12 -13 -14 -15
leaf_value=0.046539421522798413 0.035612975007700907 -1.2218484868486021 0.57720778369579184 -0.30425988788245828 0.91377907856220009 -0.2613143100818881 -1.7472544228158347 0.3654141499741474 0.98596968884901581 0.40982353477527589 -0.37894466762138873 -0.56057339385522276 -0.29447954443917762 -0.23243243899074645
leaf_weight=3122 2602 643 293 92 725 241 40 288 274 462 1099 175 344 305
leaf_count=3122 2602 643 293 92 725 241 40 288 274 462 1099 175 344 305
internal_value=-5.80397e-05 -0.205404 -0.482772 0.257565 0.526538 -0.960575 -0.265898 0.328463 0.521826 0.62536 -0.233994 -0.0375858 0.106746 0.0580477
internal_weight=10705 5957 2835 4748 2146 884 1951 1421 828 736 1911 812 637 593
internal_count=10705 5957 2835 4748 2146 884 1951 1421 828 736 1911 812 637 593
is_linear=0
shrinkage=0.05


Tree=10
num_leaves=15
num_cat=0
split_feature=71 84 71 84 71 84 69 36 84 20 30 35 80 69
split_gain=205564 153588 96948.4 85408.5 72346.1 50144.2 35550.4 28532.2 27343.2 23809.4 22583.7 23363.8 22189.1 20465.2
threshold=-1.0000000180025095e-35 99.574944500000015 -3.0124999999999988 42.523274000000008 2.9500000000000015 260.0556155000001 -14.779579244791664 25.692187500000003 295.90254450000003 96.401743500000009 19.762500000000003 22.655208333333338 -0.32143946530316164 -6.2117165312500005
decision_type=2 2 2 2 2 2 2 2 2 2 2 2 2 2
left_child=1 -1 6 -2 5 7 -3 10 12 -6 -5 13 -4 -12
right_child=3 2 8 4 9 -7 -8 -9 -10 -11 11 -13 -14 -15
leaf_value=0.039886345796513956 0.033553069835255044 -1.4023874127604881 -0.17886800489826676 -0.27013955302156356 1.3263666395882243 -0.3165167833769722 -0.64593735601474811 1.1208223840687424 -1.4205087757110597 0.67793811782874502 -0.54226684286480864 0.032316327892655247 -0.55009180752251285 0.59493261171892087
leaf_weight=2823 2803 320 1359 146 189 313 307 119 54 581 41 325 572 753
leaf_count=2823 2803 320 1359 146 189 313 307 119 54 581 41 325 572 753
internal_value=-6.29217e-05 -0.215796 -0.492042 0.222423 0.436917 0.254264 -1.03362 0.383485 -0.320539 0.838612 0.313293 0.389588 -0.28906 0.535602
internal_weight=10705 5435 2612 5270 2467 1697 627 1384 1985 770 1265 1119 1931 794
internal_count=10705 5435 2612 5270 2467 1697 627 1384 1985 770 1265 1119 1931 794
is_linear=0
shrinkage=0.05


Tree=11
num_leaves=15
num_cat=0
split_feature=71 84 36 84 71 47 84 84 84 62 69 8 45 36
split_gain=185578 138764 88398 77102.3 65875.9 37312.1 33201.5 32550 27594.6 26205.5 32252.4 25304.5 24326.3 28294.8
threshold=-1.0000000180025095e-35 103.92004200000001 20.301302083333336 42.523274000000008 1.7624999999999995 78.365885416666671 260.0556155000001 271.40114750000004 287.58038500000004 -124.88666349999998 8.2327959375000024 198.61941300000004 82.989583333333357 21.329817708333337
decision_type=2 2 2 2 2 2 2 2 2 2 2 2 2 2
left_child=1 -1 5 -2 6 -3 -5 9 11 10 -6 12 -4 -14
right_child=3 2 8 4 7 -7 -8 -9 -10 -11 -12 -13 13 -15
leaf_value=0.032843831176404235 0.031876014948911575 -1.5826463416143117 0.027552677486048269 0.27293861920942064 -0.10205859279784257 -0.72522409730287185 -0.41122346039585489 -0.14482937321628717 -1.101969000837713 0.94531539370820061 0.76396438231397612 -0.88242845613604948 0.04713102071470178 -0.51943601709897169
leaf_weight=2881 2803 196 640 991 166 367 215 112 105 680 303 155 306 785
leaf_count=2881 2803 196 640 991 166 367 215 112 105 680 303 155 306 785
internal_value=-6.67858e-05 -0.205044 -0.473298 0.211327 0.415124 -1.026 0.15073 0.667667 -0.316573 0.746923 0.457875 -0.272287 -0.217174 -0.36063
internal_weight=10705 5435 2554 5270 2467 563 1206 1261 1991 1149 469 1886 1731 1091
internal_count=10705 5435 2554 5270 2467 563 1206 1261 1991 1149 469 1886 1731 1091
is_linear=0
shrinkage=0.05


Tree=12
num_leaves=15
num_cat=0
split_feature=71 84 71 84 24 69 84 70 36 17 32 76 25 24
split_gain=168205 123870 91513 86718.8 52387.2 49605.6 30800.9 23455.8 22362.4 20358.6 20227 20212.9 20175.9 36128.2
threshold=0.16249999999999967 103.92004200000001 -2.5124999999999988 42.523274000000008 264.18653100000006 11.26756466666667 282.33339050000006 8.0129088345045254 20.748177083333335 2.5927198770225745e-06 20.262500000000003 3.5000000000000004 109.00154112320878 278.56941200000006
decision_type=2 2 2 2 2 2 2 2 2 2 2 2 2 2
left_child=1 -1 4 -2 -3 7 12 8 -5 -10 -7 -12 13 -4
right_child=3 2 6 5 -6 10 -8 -9 9 -11 11 -13 -14 -15
leaf_value=0.040536839319372492 0.030562692785799667 -1.0731472203737582 -0.20624220445426961 -0.2910931338852441 -0.20741630377909864 1.5411050787786158 -1.0041750632163857 0.04433971151484755 0.90072823934787216 0.34632348045706751 0.42691445799482558 0.9891730301839019 -0.63335471771446605 0.48474073624195652
leaf_weight=3172 2576 640 1431 87 241 81 118 579 266 442 330 314 211 217
leaf_count=3172 2576 640 1431 87 241 81 118 579 266 442 330 314 211 217
internal_value=-7.90834e-05 -0.17458 -0.413262 0.224988 -0.836828 0.463469 -0.224183 0.286558 0.462688 0.555593 0.797891 0.702168 -0.174159 -0.115018
internal_weight=10705 6030 2858 4675 881 2099 1977 1374 795 708 725 644 1859 1648
internal_count=10705 6030 2858 4675 881 2099 1977 1374 795 708 725 644 1859 1648
is_linear=0
shrinkage=0.05


Tree=13
num_leaves=15
num_cat=0
split_feature=71 84 71 84 71 24 84 36 20 69 43 69 84 46
split_gain=151970 113488 76138.9 63234.4 56070.9 49416 39640.8 24987.6 19975.1 19015.2 18026.8 17924.9 16968 16325.6
threshold=-1.0000000180025095e-35 99.574944500000015 -2.5124999999999988 42.523274000000008 2.9500000000000015 269.12478300000004 258.94589250000007 25.692187500000003 95.096375000000009 -5.9078175052083326 72.375000000000014 -26.30091713020833 254.19392050000002 89.760416666666671
decision_type=2 2 2 2 2 2 2 2 2 2 2 2 2 2
left_child=1 -1 5 -2 6 11 7 9 -6 -5 -8 -3 -10 -4
right_child=3 2 13 4 8 -7 10 -9 12 -11 -12 -13 -14 -15
leaf_value=0.034224999395447118 0.028714821612018659 -1.389557539527096 -0.17616681233825043 -0.47007377892732621 1.1888338740628501 -0.080325633636918303 -1.260659533103065 1.0256003319223201 0.72054120960124468 0.31808040495604623 -0.13887519709869753 -0.82619270175083048 0.049754220943804051 -0.69827092291271109
leaf_weight=2823 2803 200 1546 81 181 191 40 118 471 1172 286 510 118 165
leaf_count=2823 2803 200 1546 81 181 191 40 118 471 1172 286 510 118 165
internal_value=-6.8642e-05 -0.185559 -0.42302 0.191228 0.375789 -0.794798 0.214997 0.332805 0.729421 0.266796 -0.279952 -0.986618 0.586468 -0.226894
internal_weight=10705 5435 2612 5270 2467 901 1697 1371 770 1253 326 710 589 1711
internal_count=10705 5435 2612 5270 2467 901 1697 1371 770 1253 326 710 589 1711
is_linear=0
shrinkage=0.05


Tree=14
num_leaves=15
num_cat=0
split_feature=71 84 71 84 24 69 84 6 35 46 35 36 36 24
split_gain=137569 101643 74142.4 70955.4 43336.5 42041.6 27871.7 20587.2 35805.4 19099.3 20655.5 18585.4 21277.1 17072.5
threshold=0.16249999999999967 103.92004200000001 -2.5124999999999988 42.523274000000008 269.12478300000004 11.26756466666667 299.97504500000008 98.565209000000024 21.378645833333337 82.848958333333357 21.559375000000006 25.359375000000004 25.747005208333338 266.28453700000006
decision_type=2 2 2 2 2 2 2 2 2 2 2 2 2 2
left_child=1 -1 4 -2 -3 7 9 8 -5 10 13 -7 -13 -4
right_child=3 2 6 5 -6 11 -8 -9 -10 -11 -12 12 -14 -15
leaf_value=0.036978241583371166 0.027599969167416995 -0.93715166951737394 -0.069286324641381222 0.024437908457669744 -0.079235130330012671 0.95211768044305622 -1.4942546425796137 0.00039112337054501189 0.67316619254466081 -0.31321284020769191 -0.1933795658709139 -0.10021426873201998 0.74637290236244846 0.65758395502804023
leaf_weight=3172 2576 694 152 365 187 405 40 500 509 1101 513 116 204 171
leaf_count=3172 2576 694 152 365 187 405 40 500 509 1101 513 116 204 171
internal_value=-7.3029e-05 -0.157885 -0.374094 0.203469 -0.755348 0.419189 -0.203902 0.256331 0.402582 -0.176498 0.00371151 0.727054 0.440129 0.316369
internal_weight=10705 6030 2858 4675 881 2099 1977 1374 874 1937 836 725 320 323
internal_count=10705 6030 2858 4675 881 2099 1977 1374 874 1937 836 725 320 323
is_linear=0
shrinkage=0.05


Tree=15
num_leaves=15
num_cat=0
split_feature=71 84 30 84 69 84 47 71 51 71 81 69 81 58
split_gain=124496 92687.1 63955.7 51887 46455.6 29651.6 28600.6 25886.6 24678.2 23010.6 22554.4 21398.2 24753.6 20316.5
threshold=-1.0000000180025095e-35 99.574944500000015 19.962500000000002 42.523274000000008 -0.12570920833333388 273.02215500000005 80.576822916666671 2.2375000000000012 3.5000000000000004 -1.0124999999999991 0.6078576107927941 -9.7829176249999978 0.87837969732492682 -1.0000000180025095e-35
decision_type=2 2 2 2 2 2 2 2 2 2 2 2 2 2
left_child=1 -1 6 -2 8 7 9 -6 11 -3 -9 -5 -13 -4
right_child=3 2 13 4 5 -7 -8 10 -10 -11 -12 12 -14 -15
leaf_value=0.030666098986673513 0.025862123304911583 -1.3523960549469023 -0.55616767552561985 -0.76583555738131215 0.33354340788909798 -0.43549454836824603 -0.45408407162040176 0.85583804897912108 -0.39602374791727901 -0.38752596146730056 0.19622058221479743 0.12403722548480044 1.0931128784157764 -0.15900760833618824
leaf_weight=2823 2803 263 405 47 908 85 298 645 260 82 163 273 86 1564
leaf_count=2823 2803 263 405 47 908 85 298 645 260 82 163 273 86 1564
internal_value=-6.96973e-05 -0.167958 -0.382556 0.173074 0.340257 0.472137 -0.815168 0.517322 -0.0165447 -1.12485 0.723179 0.226847 0.358575 -0.24094
internal_weight=10705 5435 2612 5270 2467 1801 643 1716 666 345 808 406 359 1969
internal_count=10705 5435 2612 5270 2467 1801 643 1716 666 345 808 406 359 1969
is_linear=0
shrinkage=0.05


Tree=16
num_leaves=15
num_cat=0
split_feature=71 84 36 84 69 70 47 84 36 36 29 70 47 81
split_gain=112382 84062.9 56786 46834.3 43504.2 36219.4 29434.3 28835.9 26477.6 25846.3 30124.8 21060.4 30573.8 20621.1
threshold=-1.0000000180025095e-35 107.20503200000002 20.301302083333336 42.523274000000008 11.532673921875002 8.0129088345045254 80.627604166666671 213.96641250000002 20.748177083333335 21.329817708333337 20.337500000000002 20.217528983325611 69.381510416666671 1.0000000180025095e-35
decision_type=2 2 2 2 2 2 2 2 2 2 2 2 2 2
left_child=1 -1 6 -2 5 8 -3 -7 -5 -4 13 -12 -13 -11
right_child=3 2 9 4 -6 7 -8 -9 -10 10 11 12 -14 -15
leaf_value=0.022380835212673006 0.024569479475454157 -1.1820357104696386 0.096827708212792157 -0.24868776550402447 0.64164382642518514 0.20687877462215482 -0.4524574534967542 -0.43783460556257237 0.47700237661261452 -1.0691971037868817 -0.27100703165322909 1.5121208663497654 -0.33847349373584928 -0.35303230134909519
leaf_weight=2928 2803 277 431 146 747 371 279 324 879 201 1028 41 47 203
leaf_count=2928 2803 277 431 146 747 371 279 324 879 201 1028 41 47 203
internal_value=-7.48384e-05 -0.159586 -0.372035 0.16443 0.323265 0.184699 -0.817404 -0.0938755 0.373494 -0.24476 -0.341618 -0.207345 0.531038 -0.711102
internal_weight=10705 5435 2507 5270 2467 1720 556 695 1025 1951 1520 1116 88 404
internal_count=10705 5435 2507 5270 2467 1720 556 695 1025 1951 1520 1116 88 404
is_linear=0
shrinkage=0.05


Tree=17
num_leaves=15
num_cat=0
split_feature=71 84 71 84 24 69 84 45 25 24 25 49 35 30
split_gain=102180 76168.6 57941.2 52752.7 37070.1 32485 24565.3 20302 18535.3 29422.5 23640.1 21011.4 18689 17865.3
threshold=0.16249999999999967 107.20503200000002 -2.5124999999999988 42.523274000000008 269.12478300000004 -1.0000000180025095e-35 282.33339050000006 87.697916666666671 109.00154112320878 277.22543400000006 104.00661095731722 3.5000000000000004 22.240625000000001 19.512500000000003
decision_type=2 2 2 2 2 2 2 2 2 2 2 2 2 2
left_child=1 -1 4 -2 -3 7 8 -5 9 10 13 -12 -10 -4
right_child=3 2 6 5 -6 -7 -8 -9 12 -11 11 -13 -14 -15
leaf_value=0.029928309015076156 0.023699904681639846 -0.83524497536515507 -0.51558477605316555 -0.096959460403680753 -0.032135276868430478 0.4737290401192028 -0.87085399828428622 0.87405726714212395 -1.1055640210276065 0.3933427315961 -0.30977230540805772 -1.3353190104166668 -0.1533370816125339 0.019593361965914977
leaf_weight=3220 2576 683 187 457 182 1582 118 60 91 280 166 71 118 914
leaf_count=3220 2576 683 187 457 182 1582 118 60 91 280 166 71 118 914
internal_value=-7.75011e-05 -0.136085 -0.326263 0.175342 -0.666499 0.361344 -0.174686 0.0172009 -0.129271 -0.0718639 -0.169438 -0.621323 -0.571233 -0.0716897
internal_weight=10705 6030 2810 4675 865 2099 1945 517 1827 1618 1338 237 209 1101
internal_count=10705 6030 2810 4675 865 2099 1945 517 1827 1618 1338 237 209 1101
is_linear=0
shrinkage=0.05


Tree=18
num_leaves=15
num_cat=0
split_feature=71 84 71 84 24 69 84 1 42 32 46 83 25 6
split_gain=92250.6 68983 55222.3 47618 33123.3 30898 23452.7 18554.2 17777.3 17727.8 15927.7 19245.6 24166 27280
threshold=0.16249999999999967 101.13880300000001 -2.5124999999999988 42.523274000000008 264.18653100000006 11.26756466666667 299.97504500000008 120.49142050000002 51.125000000000007 20.262500000000003 82.848958333333357 104.55790450000002 109.00154112320878 169.67807050000002
decision_type=2 2 2 2 2 2 2 2 2 2 2 2 2 2
left_child=1 -1 4 -2 -3 8 10 -6 -5 -7 11 -4 13 -13
right_child=3 2 6 5 7 9 -8 -9 -10 -11 -12 12 -14 -15
leaf_value=0.033521828758128633 0.022515369044471538 -0.81627208173576893 -0.51044843300259202 -0.22494328353391257 0.11963779360420355 1.3017322743811259 -1.3425491891256194 -0.88067593016932089 0.27900710647655097 0.51798833248920217 -0.25768172884384904 0.63374105111030599 -0.43621125581252973 -0.06216273463501687
leaf_weight=3129 2576 653 137 205 183 81 40 61 1169 644 1119 279 146 283
leaf_count=3129 2576 653 137 205 183 81 40 61 1169 644 1119 279 146 283
internal_value=-8.96936e-05 -0.12932 -0.30491 0.166588 -0.630769 0.343307 -0.158813 -0.133015 0.203709 0.607224 -0.134033 0.0298207 0.134937 0.283825
internal_weight=10705 6030 2901 4675 897 2099 2004 244 1374 725 1964 845 708 562
internal_count=10705 6030 2901 4675 897 2099 2004 244 1374 725 1964 845 708 562
is_linear=0
shrinkage=0.05


Tree=19
num_leaves=15
num_cat=0
split_feature=71 84 30 84 84 24 47 22 71 7 69 71 58 81
split_gain=83528.5 62003.8 46688.8 34920.6 36537.7 32706.1 23724.4 22524.1 22963.2 19920.9 17876.2 17746 17217 17147.1
threshold=-1.0000000180025095e-35 99.574944500000015 19.962500000000002 42.523274000000008 255.15382300000002 278.91518350000007 80.576822916666671 138.03085226041671 3.0124999999999997 189.74486100000004 -5.9078175052083326 -1.0124999999999991 -1.0000000180025095e-35 0.87837969732492682
decision_type=2 2 2 2 2 2 2 2 2 2 2 2 2 2
left_child=1 -1 6 -2 5 7 11 8 10 -6 -5 -3 -4 -12
right_child=3 2 12 4 9 -7 -8 -9 -10 -11 13 -13 -14 -15
leaf_value=0.024843306526266009 0.020961739854640019 -1.1644853891861258 -0.48230327974839754 -0.51424604689299658 0.58196429324581433 0.62519551884753177 -0.35420965186155162 -0.34312381345313048 1.1912192568850162 -0.21294177327361399 0.22211007465063873 -0.31757164654063891 -0.11674395762658613 0.99827708096443857
leaf_weight=2823 2803 263 405 73 94 804 298 159 66 462 731 82 1564 78
leaf_count=2823 2803 263 405 73 94 804 298 159 66 462 731 82 1564 78
internal_value=-9.2788e-05 -0.137611 -0.313131 0.14173 0.278883 0.38263 -0.68275 0.206052 0.298426 -0.0777476 0.230345 -0.96469 -0.192142 0.298085
internal_weight=10705 5435 2612 5270 2467 1911 643 1107 948 556 882 345 1969 809
internal_count=10705 5435 2612 5270 2467 1911 643 1107 948 556 882 345 1969 809
is_linear=0
shrinkage=0.05


Tree=20
num_leaves=15
num_cat=0
split_feature=71 84 71 84 84 69 36 8 46 49 68 6 35 69
split_gain=75556.2 56894.5 45630.8 39017.4 28206.7 26447.7 19691.2 20450.6 16866.1 25374.5 16707.1 15189.1 29172.8 14826.4
threshold=0.16249999999999967 107.20503200000002 -3.7624999999999988 42.523274000000008 287.58038500000004 11.26756466666667 18.395963541666671 198.61941300000004 87.942708333333357 3.5000000000000004 6.8820949206591058 98.565209000000024 21.378645833333337 -14.779579244791664
decision_type=2 2 2 2 2 2 2 2 2 2 2 2 2 2
left_child=1 -1 13 -2 6 11 -4 8 -8 -10 -7 12 -5 -3
right_child=3 2 4 5 -6 10 7 -9 9 -11 -12 -13 -14 -15
leaf_value=0.026438254275663098 0.020342356704398094 -0.96704013739719241 -1.105679167441602 -0.033975688092247706 -0.96308195463060287 0.89788783612781864 -0.02241674636648338 -0.71256826289579378 -0.1121155700529009 -1.0005281955508865 0.38576794938779757 -0.038190956992058163 0.55144172657573343 -0.38327097288164941
leaf_weight=3220 2576 277 52 365 112 238 1677 140 253 117 487 500 509 182
leaf_count=3220 2576 277 52 365 112 238 1677 140 253 117 487 500 509 182
internal_value=-8.74069e-05 -0.117041 -0.281406 0.150757 -0.192201 0.310722 -0.153227 -0.130086 -0.0899194 -0.394986 0.55489 0.181576 0.3072 -0.736904
internal_weight=10705 6030 2810 4675 2351 2099 2239 2187 2047 370 725 1374 874 459
internal_count=10705 6030 2810 4675 2351 2099 2239 2187 2047 370 725 1374 874 459
is_linear=0
shrinkage=0.05


Tree=21
num_leaves=15
num_cat=0
split_feature=71 84 71 84 84 71 83 47 46 49 30 30 70 24
split_gain=68405.6 50679.9 37991.7 28641 32750.9 27337.2 18780.1 20365.2 16647.2 18960.4 15661.5 17199.6 21321.5 29807.6
threshold=-1.0000000180025095e-35 107.20503200000002 -3.7624999999999988 42.523274000000008 282.33339050000006 2.9500000000000015 184.63511250000002 82.790364583333357 87.828125000000014 3.5000000000000004 19.762500000000003 22.862500000000004 7.8207851708806606 281.72766850000005
decision_type=2 2 2 2 2 2 2 2 2 2 2 2 2 2
left_child=1 -1 -3 -2 5 10 7 -4 -8 -10 -5 12 -12 -14
right_child=3 2 6 4 -6 -7 8 -9 9 -11 11 -13 13 -15
leaf_value=0.016741867908828291 0.018872597310346646 -0.70020537961193408 -0.48379228017473824 -0.30719837953301177 -0.89224534347409112 0.52852666635061396 0.015563192716008055 0.27067711531609584 -0.089036762736016711 -0.97388966894149798 0.60044945659534399 0.045118655788514345 -0.33619021026383006 0.69449293676730806
leaf_weight=2928 2803 459 694 157 60 763 999 102 154 99 453 738 184 112
leaf_count=2928 2803 459 694 157 60 763 999 102 154 99 453 738 184 112
internal_value=-9.91807e-05 -0.124547 -0.289504 0.128245 0.252455 0.281348 -0.197161 -0.386896 -0.076318 -0.437755 0.166378 0.216552 0.385182 0.0548233
internal_weight=10705 5435 2507 5270 2467 2407 2048 796 1252 253 1644 1487 749 296
internal_count=10705 5435 2507 5270 2467 2407 2048 796 1252 253 1644 1487 749 296
is_linear=0
shrinkage=0.05


Tree=22
num_leaves=15
num_cat=0
split_feature=71 84 36 84 84 24 76 69 22 71 84 58 25 69
split_gain=61747 45904.4 38056.3 25850 30777.9 26348.6 21048.3 21599.5 20552.5 18944.1 18505.9 21818.1 18244.9 14766.1
threshold=-1.0000000180025095e-35 99.574944500000015 18.395963541666671 42.523274000000008 255.15382300000002 278.91518350000007 4.5000000000000009 -3.4807346510416655 138.03085226041671 3.0124999999999997 292.35207400000007 -1.0000000180025095e-35 104.10919296887657 -5.9078175052083326
decision_type=2 2 2 2 2 2 2 2 2 2 2 2 2 2
left_child=1 -1 -3 -2 5 8 10 -8 9 13 11 -4 -6 -5
right_child=3 2 6 4 12 -7 7 -9 -10 -11 -12 -13 -14 -15
leaf_value=0.021443339816634953 0.017929304396459959 -0.95094569417795061 -0.4596739014572549 -0.47369187691727205 0.22438472485932173 0.55277280261150064 -1.0215276267145064 0.26274872720241549 -0.34795131476596003 1.0757163496048594 -0.91552146410937485 -0.065059506151025501 -0.34960340893851971 0.26457410947896859
leaf_weight=2823 2803 189 439 73 254 804 142 42 159 66 80 1720 302 809
leaf_count=2823 2803 189 439 73 254 804 142 42 159 66 80 1720 302 809
internal_value=-0.000101658 -0.118338 -0.269361 0.121836 0.239839 0.33506 -0.215826 -0.728542 0.176582 0.264831 -0.173384 -0.145474 -0.0874537 0.203003
internal_weight=10705 5435 2612 5270 2467 1911 2423 184 1107 948 2239 2159 556 882
internal_count=10705 5435 2612 5270 2467 1911 2423 184 1107 948 2239 2159 556 882
is_linear=0
shrinkage=0.05


Tree=23
num_leaves=15
num_cat=0
split_feature=71 84 30 84 69 47 84 8 71 45 76 46 48 46
split_gain=55991.9 42702.1 35446.7 28911.3 22456.4 21627.4 18388.4 18266.1 16408.2 15780.5 13721.7 13539.5 14814.3 14724
threshold=0.16249999999999967 107.20503200000002 19.962500000000002 42.523274000000008 -1.0000000180025095e-35 80.627604166666671 275.36804450000005 198.61941300000004 -1.7624999999999991 87.697916666666671 4.5000000000000009 91.171875000000014 5.6250000000000009 81.192708333333357
decision_type=2 2 2 2 2 2 2 2 2 2 2 2 2 2
left_child=1 -1 5 -2 9 8 7 10 -3 -5 11 12 13 -4
right_child=3 2 6 4 -6 -7 -8 -9 -10 -11 -12 -13 -14 -15
leaf_value=0.023515760516143527 0.01748625271811613 -1.0588853082965968 0.61595127915818537 -0.11920662102895468 0.36088726983152086 -0.23744301354301345 -0.51468857924710831 -0.67027221434451645 -0.36201493508161464 0.73688254043704182 -0.5746376294315908 -0.86229329797956678 -0.097685565266038971 0.057225982011087875
leaf_weight=3220 2576 241 166 457 1582 290 289 124 132 60 113 44 1009 402
leaf_count=3220 2576 241 166 457 1582 290 289 124 132 60 113 44 1009 402
internal_value=-0.000106683 -0.100786 -0.243183 0.129748 0.267447 -0.562491 -0.144363 -0.0865155 -0.813899 -0.0186232 -0.0444083 -0.00711448 0.0172773 0.221311
internal_weight=10705 6030 2810 4675 2099 663 2147 1858 373 517 1734 1621 1577 568
internal_count=10705 6030 2810 4675 2099 663 2147 1858 373 517 1734 1621 1577 568
is_linear=0
shrinkage=0.05


Tree=24
num_leaves=15
num_cat=0
split_feature=34 84 69 84 67 84 25 24 6 25 49 25 35 36
split_gain=51849 35611 37236.7 32417.3 21721.6 35977 27506.6 25984.8 26196.3 22879.3 24198.1 19159.9 17937.3 17841
threshold=19.917708333333337 84.775400500000018 -10.293456088541664 275.36804450000005 -1.9232927916666658 42.523274000000008 113.37412887341182 278.91518350000007 91.264061500000011 104.26753963852599 3.5000000000000004 105.16358070881857 22.142708333333335 18.395963541666671
decision_type=2 2 2 2 2 2 2 2 2 2 2 2 2 2
left_child=1 -1 -3 4 -2 -6 7 9 11 -7 -11 -9 -8 -4
right_child=3 2 13 -5 5 6 12 8 -10 10 -12 -13 -14 -15
leaf_value=0.04846473016329654 -0.048213205039796266 -0.77469192689980382 -0.95586221549246053 -0.40368795126784507 0.014105776263784313 0.25644675654140414 -1.0819148597972734 1.3069572775846436 0.26626408456612044 -0.035988251048171625 -1.3464240334250712 0.58029029081962935 0.0092033659621816259 -0.1346744551937438
leaf_weight=752 2524 414 71 370 3152 1206 55 125 542 177 43 338 115 821
leaf_count=752 2524 414 71 370 3152 1206 55 125 542 177 43 338 115 821
internal_value=-0.000113889 -0.225608 -0.383337 0.0535741 0.074061 0.127705 0.265311 0.30833 0.502959 0.170906 -0.297052 0.778869 -0.348068 -0.201035
internal_weight=10705 2058 1306 8647 8277 5753 2601 2431 1005 1426 220 463 170 892
internal_count=10705 2058 1306 8647 8277 5753 2601 2431 1005 1426 220 463 170 892
is_linear=0
shrinkage=0.05


Tree=25
num_leaves=15
num_cat=0
split_feature=34 84 69 84 71 84 35 36 36 36 36 30 69 54
split_gain=46808.3 32150.6 33610.1 29552.5 19915.3 42934.8 17983.4 18003.3 16128.6 23306.9 17471.3 15361.2 20130.6 15012.3
threshold=19.917708333333337 84.775400500000018 -10.293456088541664 273.02215500000005 1.7624999999999995 42.523274000000008 22.655208333333338 22.72096354166667 18.395963541666671 21.329817708333337 20.748177083333335 23.812500000000004 -1.2722573854166674 1.0000000180025095e-35
decision_type=2 2 2 2 2 2 2 2 2 2 2 2 2 2
left_child=1 -1 -3 4 -2 -6 7 -7 -4 10 -10 -8 -13 -11
right_child=3 2 8 -5 5 6 11 -9 9 13 -12 12 -14 -15
leaf_value=0.046044710504106322 0.016870969881050003 -0.7360506597577583 -0.90873289174503746 -0.33997917461173927 0.016160136420984527 0.13739372514711137 -0.28592945813218618 0.87792477112900669 -0.12642928123426303 -0.8136453850869021 0.48442627610411587 -0.30381608770910612 0.48029370016678752 -0.0032151606849530772
leaf_weight=752 5412 414 71 457 1627 113 107 303 408 162 163 96 532 88
leaf_count=752 5412 414 71 457 1627 113 107 303 408 162 163 96 532 88
internal_value=-0.000118935 -0.214372 -0.364242 0.0508926 0.0727419 0.181543 0.415102 0.677583 -0.191045 -0.127949 0.0484901 0.265823 0.360137 -0.529523
internal_weight=10705 2058 1306 8647 8190 2778 1151 416 892 821 571 735 628 250
internal_count=10705 2058 1306 8647 8190 2778 1151 416 892 821 571 735 628 250
is_linear=0
shrinkage=0.05


Tree=26
num_leaves=15
num_cat=0
split_feature=71 84 22 84 58 84 71 36 47 47 84 36 20 51
split_gain=43124 32666.8 31191 30951.8 26675.7 19121.7 24050.5 18128 17150.8 17099.2 16368.1 18128.8 13605.9 13397.7
threshold=-0.9875000000000006 83.555265000000006 126.05083759895835 282.33339050000006 -1.0000000180025095e-35 42.523274000000008 2.9500000000000015 23.401953125000002 80.576822916666671 76.425781250000014 258.94589250000007 25.692187500000003 95.096375000000009 1.5000000000000002
decision_type=2 2 2 2 2 2 2 2 2 2 2 2 2 2
left_child=1 -1 7 5 -4 -2 10 8 -3 -6 11 -7 13 -8
right_child=3 2 4 -5 9 6 12 -9 -10 -11 -12 -13 -14 -15
leaf_value=0.015412671106390337 0.014110208353751406 -0.84281331655484726 -0.491691425573133 -0.83948184872527476 0.24561539173434566 0.12824791410485967 0.062911256273155622 0.11407453430798448 -0.33976542678583099 -0.15508716855604288 -0.17843177037559504 0.75327133536338808 0.31467502727117452 1.0596571825006429
leaf_weight=2308 3139 351 356 88 443 1628 45 102 331 664 408 124 583 135
leaf_count=2308 3139 351 356 88 443 1628 45 102 331 664 408 124 583 135
internal_value=-0.000119801 -0.116714 -0.252374 0.0862406 -0.115856 0.0998152 0.191817 -0.506653 -0.59952 0.0053432 0.106477 0.172889 0.432955 0.812195
internal_weight=10705 4555 2247 6150 1463 6062 2923 784 682 1107 2160 1752 763 180
internal_count=10705 4555 2247 6150 1463 6062 2923 784 682 1107 2160 1752 763 180
is_linear=0
shrinkage=0.05


Tree=27
num_leaves=15
num_cat=0
split_feature=71 84 22 84 58 84 71 36 47 35 36 30 69 47
split_gain=38930.2 29489.4 28263.8 27964.6 24142 17264.8 21762.9 16987.4 18181.6 15719.7 20060.1 14586.3 16904.1 13755.7
threshold=-0.9875000000000006 83.555265000000006 125.64656252604168 282.33339050000006 -1.0000000180025095e-35 42.523274000000008 1.8625000000000009 23.401953125000002 78.065104166666671 22.655208333333338 24.091666666666672 23.812500000000004 -0.76675163541666624 76.425781250000014
decision_type=2 2 2 2 2 2 2 2 2 2 2 2 2 2
left_child=1 -1 7 5 -4 -2 -7 8 -3 10 -8 -11 -13 -6
right_child=3 2 4 -5 13 6 9 -9 -10 11 -12 12 -14 -15
leaf_value=0.014642371285517994 0.013404922324238689 -0.91196231697088082 -0.47051756203144079 -0.7979793704292748 0.20464176465698247 0.067122211295139053 0.41984487364647055 0.10842618535733917 -0.36880646945542789 -0.3107246911946846 1.2914104260322525 -0.25094595946821163 0.4133219919060257 -0.14775942431192277
leaf_weight=2308 3139 256 360 88 473 1708 350 102 391 114 81 115 555 665
leaf_count=2308 3139 256 360 88 473 1708 350 102 391 114 81 115 555 665
internal_value=-0.000114462 -0.110894 -0.239788 0.0819392 -0.114252 0.0948422 0.182263 -0.490371 -0.584794 0.343935 0.586253 0.210145 0.299102 -0.0012358
internal_weight=10705 4555 2247 6150 1498 6062 2923 749 647 1215 431 784 670 1138
internal_count=10705 4555 2247 6150 1498 6062 2923 749 647 1215 431 784 670 1138
is_linear=0
shrinkage=0.05


Tree=28
num_leaves=15
num_cat=0
split_feature=34 84 69 84 67 84 25 24 6 22 49 71 51 35
split_gain=35816.5 24922.9 26303.6 23547.8 16466.5 28189.8 23191 19637.6 22574.7 21246.4 17023.4 16958.7 25053.2 15346.8
threshold=19.917708333333337 84.775400500000018 -10.293456088541664 273.02215500000005 -1.9232927916666658 42.523274000000008 113.37412887341182 278.91518350000007 105.48800100000001 137.50280211458337 3.5000000000000004 -1.0124999999999991 1.5000000000000002 22.142708333333335
decision_type=2 2 2 2 2 2 2 2 2 2 2 2 2 2
left_child=1 -1 -3 4 -2 -6 7 9 -9 11 -11 -7 -13 -8
right_child=3 2 -4 -5 5 6 13 8 -10 10 -12 12 -14 -15
leaf_value=0.041754134786952224 -0.042871307213878156 -0.64840053153628241 -0.16626619806894899 -0.30439916815848689 0.011171188146759698 -0.20103591411812782 -1.0228937370126898 0.688330642125214 0.21010848008760663 -0.060967125157033335 -1.1226727518168362 -0.0090532345063984391 0.53915244392493056 0.0047558978372425949
leaf_weight=752 2502 414 892 457 3152 169 54 484 505 267 43 324 583 107
leaf_count=752 2502 414 892 457 3152 169 54 484 505 267 43 324 583 107
internal_value=-0.000112129 -0.187528 -0.319481 0.0445098 0.0640136 0.111029 0.235089 0.27448 0.444601 0.152855 -0.211372 0.257889 0.343527 -0.344108
internal_weight=10705 2058 1306 8647 8190 5688 2536 2375 989 1386 310 1076 907 161
internal_count=10705 2058 1306 8647 8190 5688 2536 2375 989 1386 310 1076 907 161
is_linear=0
shrinkage=0.05


Tree=29
num_leaves=15
num_cat=0
split_feature=34 84 69 84 48 43 81 24 84 25 35 62 47 84
split_gain=32499.5 22486.3 31188.3 21642.4 15833.1 14586.2 12618.7 11426.9 16086.8 25960 20496.2 17768.8 21500.9 11596
threshold=19.998958333333338 91.073221500000017 -10.293456088541664 275.36804450000005 5.6250000000000009 83.375000000000014 0.6078576107927941 278.91518350000007 42.523274000000008 110.65619292753755 22.142708333333335 -124.88666349999998 70.266927083333357 95.689753500000009
decision_type=2 2 2 2 2 2 2 2 2 2 2 2 2 2
left_child=1 -1 -3 4 -2 6 -4 13 -9 11 -11 -10 -13 -6
right_child=3 2 5 -5 7 -7 -8 8 9 10 -12 12 -14 -15
leaf_value=0.034104868110615638 0.20947631753594217 -0.64408319412705006 -0.65605600297753586 -0.33057153644748843 0.031899727887018114 0.0059551186284335783 -0.0072627935986049851 0.011371779374048277 0.16011437718823021 -0.93432485974752 0.13808159730856268 1.1261234503407633 0.33986994115506658 -0.14920326355849359
leaf_weight=838 1477 435 196 367 3286 632 121 1285 300 64 141 154 201 1208
leaf_count=838 1477 435 196 367 3286 632 121 1285 300 64 141 154 201 1208
internal_value=-0.000116252 -0.170295 -0.293993 0.0444744 0.0614724 -0.13301 -0.409211 0.0285189 0.123438 0.290678 -0.199629 0.444203 0.683154 -0.0168036
internal_weight=10705 2222 1384 8483 8116 949 317 6639 2145 860 205 655 355 4494
internal_count=10705 2222 1384 8483 8116 949 317 6639 2145 860 205 655 355 4494
is_linear=0
shrinkage=0.05


Tree=30
num_leaves=15
num_cat=0
split_feature=71 84 70 40 70 43 49 84 47 51 21 49 69 36
split_gain=29641.9 23817.6 20624.1 24715.8 22002.2 18618.2 17753.9 16393.8 16182.1 17614.2 15941.1 15676.1 13113.1 14400.1
threshold=0.31250000000000006 103.92004200000001 8.0129088345045254 73.875000000000014 5.9667827006740533 80.125000000000014 3.5000000000000004 42.523274000000008 83.154947916666671 1.5000000000000002 27.58553286193235 4.5000000000000009 11.26756466666667 25.400130208333334
decision_type=2 2 2 2 2 2 2 2 2 2 2 2 2 2
left_child=1 -1 4 6 8 10 -4 -2 9 -3 -5 -7 -9 -14
right_child=7 2 3 5 -6 11 -8 12 -10 -11 -12 -13 13 -15
leaf_value=0.021681663158669612 0.011753083257709747 0.17260333322613183 -0.010856683720858434 -1.1995577977763283 0.26322244263419597 -0.19911954262577869 1.122918028490884 0.10779741233130924 0.40030682503890536 -0.42280736471923286 -0.46951635926961899 -0.96840226369004856 0.56748438468586304 0.11696401088477704
leaf_weight=3274 2490 166 194 98 445 1007 41 1288 103 487 318 70 412 312
leaf_count=3274 2490 166 194 98 445 1007 41 1288 103 487 318 70 412 312
internal_value=-0.000113543 -0.0709904 -0.17455 -0.28511 -0.0153711 -0.360108 0.190871 0.0975369 -0.179489 -0.271415 -0.643961 -0.249971 0.203642 0.373767
internal_weight=10705 6203 2929 1728 1201 1493 235 4502 756 653 416 1077 2012 724
internal_count=10705 6203 2929 1728 1201 1493 235 4502 756 653 416 1077 2012 724
is_linear=0
shrinkage=0.05


Tree=31
num_leaves=15
num_cat=0
split_feature=71 84 24 84 8 47 43 31 84 84 32 71 46 35
split_gain=27735.4 27656.8 24179.5 19848.9 17253 16581.8 13432.2 10332.6 12689 37772.8 15909.1 22313.9 11240.5 14065.7
threshold=-1.9875000000000005 81.617065000000011 264.18653100000006 275.36804450000005 197.43079300000002 69.231770833333357 89.375000000000014 21.937500000000004 42.523274000000008 103.090366 22.237500000000004 3.0124999999999997 90.151041666666671 22.594791666666669
decision_type=2 2 2 2 2 2 2 2 2 2 2 2 2 2
left_child=1 -1 6 7 5 -4 -3 -2 -9 -10 11 12 13 -11
right_child=3 2 4 -5 -6 -7 -8 8 9 10 -12 -13 -14 -15
leaf_value=0.005685972255455812 -0.007975386463635931 -0.53905221572980799 0.94456513809661069 -0.34872284528034231 -0.82335096395784813 -0.033423284958187027 0.081089265577495101 0.0084900698765922392 0.64789300223191582 0.24494232387807979 -0.10026089548875002 0.66454380927044299 -0.39793592940407752 -0.11991461555260632
leaf_weight=1779 2753 724 47 296 61 446 99 1725 374 1079 662 214 97 349
leaf_count=1779 2753 724 47 296 61 446 99 1725 374 1079 662 214 97 349
internal_value=-0.000110133 -0.124559 -0.292709 0.0519275 -0.0372051 0.0615363 -0.464447 0.0683241 0.114994 0.181172 0.108232 0.187613 0.120295 0.155751
internal_weight=10705 3156 1377 7549 554 493 823 7253 4500 2775 2401 1739 1525 1428
internal_count=10705 3156 1377 7549 554 493 823 7253 4500 2775 2401 1739 1525 1428
is_linear=0
shrinkage=0.05


Tree=32
num_leaves=15
num_cat=0
split_feature=34 84 69 84 48 84 68 36 36 81 36 47 47 46
split_gain=25359 17745.5 25911.1 17262.2 14647.8 12568.7 12527 12482.1 12682 20345.3 14665.5 10787 10163.3 12731.5
threshold=19.998958333333338 84.775400500000018 -10.293456088541664 273.02215500000005 5.6250000000000009 228.05908800000003 5.2919589460175205 18.395963541666671 21.329817708333337 1.0000000180025095e-35 20.991406250000004 80.627604166666671 81.747395833333357 79.984375000000014
decision_type=2 2 2 2 2 2 2 2 2 2 2 2 2 2
left_child=1 -1 12 4 5 -2 -7 -4 10 -10 11 -9 13 -3
right_child=3 2 7 -5 -6 6 -8 8 9 -11 -12 -13 -14 -15
leaf_value=0.036293601377602715 0.051633144603951443 -0.20514552432640987 -0.74742595718966598 -0.26032678164337036 0.025100421538065677 0.50137658419647513 0.058782578620784842 -0.2130065528539126 -0.65574511563430571 0.16887421476588185 0.62734047234660451 0.27083854132176688 -0.27525165370434007 -0.98366998298180541
leaf_weight=809 697 73 71 454 6621 468 243 319 184 125 98 179 172 192
leaf_count=809 697 73 71 454 6621 468 243 319 184 125 98 179 172 192
internal_value=-0.000103568 -0.150429 -0.257285 0.0392851 0.056257 0.202646 0.350405 -0.113771 -0.0632882 -0.322693 0.0715168 -0.0389001 -0.576821 -0.770786
internal_weight=10705 2222 1413 8483 8029 1408 711 976 905 309 596 498 437 265
internal_count=10705 2222 1413 8483 8029 1408 711 976 905 309 596 498 437 265
is_linear=0
shrinkage=0.05


Tree=33
num_leaves=15
num_cat=0
split_feature=71 84 29 84 70 84 84 69 53 84 41 35 36 30
split_gain=23780.3 19789.5 19195.3 18567 10993.6 18863.5 15733.6 13632.1 12043.3 27303.7 12494.8 10973.4 18417.5 13862.7
threshold=1.3125000000000002 292.35207400000007 16.025000000000002 42.523274000000008 8.0129088345045254 103.92004200000001 169.50998550000003 -10.293456088541664 0.13052619222005152 228.05908800000003 77.875000000000014 22.655208333333338 22.678906250000008 23.812500000000004
decision_type=2 2 2 2 2 2 2 2 2 2 2 2 2 2
left_child=1 2 -1 -2 -4 -6 7 -7 9 10 -8 12 -5 -13
right_child=3 -3 4 11 5 6 8 -9 -10 -11 -12 13 -14 -15
leaf_value=-0.74978115111589438 0.0098190349540609734 -0.74801499301195151 0.042981607092050504 -0.035312832026358917 0.0089697886594583276 -0.67268956826999782 0.621656126892844 -0.16386031382587329 -0.033066658603853216 -1.3591609820470971 -0.33558869865807622 -0.34010332035832108 0.61568426271876031 0.22429081412789587
leaf_weight=93 1870 99 2984 152 2441 279 42 250 1040 58 164 127 379 727
leaf_count=93 1870 99 2984 152 2441 279 42 250 1040 58 164 127 379 727
internal_value=-0.000105864 -0.0493642 -0.0398546 0.112616 -0.0306559 -0.0820659 -0.203237 -0.432985 -0.109773 -0.410685 -0.138362 0.251304 0.429619 0.140059
internal_weight=10705 7450 7351 3255 7258 4274 1833 529 1304 264 206 1385 531 854
internal_count=10705 7450 7351 3255 7258 4274 1833 529 1304 264 206 1385 531 854
is_linear=0
shrinkage=0.05


Tree=34
num_leaves=15
num_cat=0
split_feature=71 84 24 84 8 47 43 31 84 84 32 71 6 30
split_gain=21732 21051.2 18733.4 16001.6 14959.5 14877.2 11412.3 8649.31 10655.6 33619.5 14038.6 18931.1 10499.3 10442.3
threshold=-1.9875000000000005 81.617065000000011 264.18653100000006 275.36804450000005 197.43079300000002 69.231770833333357 90.875000000000014 21.937500000000004 42.523274000000008 103.090366 22.237500000000004 3.0124999999999997 105.48800100000001 23.412500000000005
decision_type=2 2 2 2 2 2 2 2 2 2 2 2 2 2
left_child=1 -1 6 7 5 -4 -3 -2 -9 -10 11 -11 -13 -12
right_child=3 2 4 -5 -6 -7 -8 8 9 10 13 12 -14 -15
leaf_value=0.0033583944386363115 -0.0091370414960251674 -0.47209145055096241 0.89626896064728501 -0.3137833556141516 -0.76411302517498703 -0.030091140638428517 0.13209447043958458 0.0057736590838514115 0.60432564912140374 0.10777066222130814 -0.38708722504007437 1.0024196169250892 0.29519849303063034 0.036743925597709511
leaf_weight=1779 2753 736 47 296 61 446 87 1725 374 1525 214 94 120 448
leaf_count=1779 2753 736 47 296 61 446 87 1725 374 1525 214 94 120 448
internal_value=-0.00011418 -0.110274 -0.256975 0.0459486 -0.0320808 0.0598586 -0.40814 0.0606707 0.10337 0.164014 0.0952045 0.169774 0.609065 -0.100642
internal_weight=10705 3156 1377 7549 554 493 823 7253 4500 2775 2401 1739 214 662
internal_count=10705 3156 1377 7549 554 493 823 7253 4500 2775 2401 1739 214 662
is_linear=0
shrinkage=0.05


end of trees

feature_importances:
consumo_alvo_semana_anterior=120
temperatura_externa_c_diferenca_semana_atual=67
correcao_semanal_media_1440m=42
temperatura_externa_c_media_1440m=37
consumo_max_1440m=31
consumo_std_1440m=23
umidade_relativa_pct_media_1440m=18
temperatura_externa_c_media_360m=17
temperatura_externa_c_lag_360m=11
correcao_semanal_std_1440m=11
umidade_relativa_pct_media_360m=10
origem_mes=9
consumo_lag_360m=7
temperatura_externa_c_lag_1440m=7
origem_dia_semana=7
alvo_semana_sin=6
consumo_lag_1440m=5
consumo_mean_1440m=5
temperatura_externa_c_media_180m=5
umidade_relativa_pct_lag_1440m=5
consumo_diferenca_dia_atual=5
origem_hora=4
consumo_std_180m=3
consumo_max_360m=3
umidade_relativa_pct_media_180m=3
correcao_semanal_std_360m=3
alvo_dia_semana=3
consumo_alvo_dia_anterior=3
temperatura_externa_c_lag_180m=2
temperatura_externa_c_lag_720m=2
tendencia_consumo_360m=2
correcao_semanal_media_360m=2
consumo_lag_15m=1
consumo_lag_720m=1
consumo_std_360m=1
temperatura_externa_c_media_60m=1
umidade_relativa_pct_lag_180m=1
umidade_relativa_pct_lag_360m=1
umidade_relativa_pct_lag_720m=1
origem_hora_cos=1
origem_semana_sin=1
alvo_hora=1
alvo_hora_sin=1
alvo_hora_cos=1

parameters:
[boosting: gbdt]
[objective: regression]
[metric: l1]
[tree_learner: serial]
[device_type: cpu]
[data_sample_strategy: bagging]
[data: ]
[valid: ]
[num_iterations: 400]
[learning_rate: 0.05]
[num_leaves: 15]
[num_threads: 2]
[seed: 20260905]
[deterministic: 1]
[force_col_wise: 1]
[force_row_wise: 0]
[histogram_pool_size: -1]
[max_depth: -1]
[min_data_in_leaf: 40]
[min_sum_hessian_in_leaf: 0.001]
[bagging_fraction: 1]
[pos_bagging_fraction: 1]
[neg_bagging_fraction: 1]
[bagging_freq: 0]
[bagging_seed: 23218]
[bagging_by_query: 0]
[feature_fraction: 1]
[feature_fraction_bynode: 1]
[feature_fraction_seed: 28090]
[extra_trees: 0]
[extra_seed: 14360]
[early_stopping_round: 0]
[early_stopping_min_delta: 0]
[first_metric_only: 0]
[max_delta_step: 0]
[lambda_l1: 0]
[lambda_l2: 1]
[linear_lambda: 0]
[min_gain_to_split: 0]
[drop_rate: 0.1]
[max_drop: 50]
[skip_drop: 0.5]
[xgboost_dart_mode: 0]
[uniform_drop: 0]
[drop_seed: 16970]
[top_rate: 0.2]
[other_rate: 0.1]
[min_data_per_group: 100]
[max_cat_threshold: 32]
[cat_l2: 10]
[cat_smooth: 10]
[max_cat_to_onehot: 4]
[top_k: 20]
[monotone_constraints: ]
[monotone_constraints_method: basic]
[monotone_penalty: 0]
[feature_contri: ]
[forcedsplits_filename: ]
[refit_decay_rate: 0.9]
[cegb_tradeoff: 1]
[cegb_penalty_split: 0]
[cegb_penalty_feature_lazy: ]
[cegb_penalty_feature_coupled: ]
[path_smooth: 0]
[interaction_constraints: ]
[verbosity: -1]
[saved_feature_importance_type: 0]
[use_quantized_grad: 0]
[num_grad_quant_bins: 4]
[quant_train_renew_leaf: 0]
[stochastic_rounding: 1]
[linear_tree: 0]
[max_bin: 255]
[max_bin_by_feature: ]
[min_data_in_bin: 3]
[bin_construct_sample_cnt: 200000]
[data_random_seed: 5037]
[is_enable_sparse: 1]
[enable_bundle: 1]
[use_missing: 1]
[zero_as_missing: 0]
[feature_pre_filter: 1]
[pre_partition: 0]
[two_round: 0]
[header: 0]
[label_column: ]
[weight_column: ]
[group_column: ]
[ignore_column: ]
[categorical_feature: ]
[forcedbins_filename: ]
[precise_float_parser: 0]
[parser_config_file: ]
[objective_seed: 15411]
[num_class: 1]
[is_unbalance: 0]
[scale_pos_weight: 1]
[sigmoid: 1]
[boost_from_average: 1]
[reg_sqrt: 0]
[alpha: 0.9]
[fair_c: 1]
[poisson_max_delta_step: 0.7]
[tweedie_variance_power: 1.5]
[lambdarank_truncation_level: 30]
[lambdarank_norm: 1]
[label_gain: ]
[lambdarank_position_bias_regularization: 0]
[eval_at: ]
[multi_error_top_k: 1]
[auc_mu_weights: ]
[num_machines: 1]
[local_listen_port: 12400]
[time_out: 120]
[machine_list_filename: ]
[machines: ]
[gpu_platform_id: -1]
[gpu_device_id: -1]
[gpu_device_id_list: ]
[gpu_use_dp: 0]
[num_gpu: 1]

end of parameters

pandas_categorical:[]
