tree
version=v4
num_class=1
num_tree_per_iteration=1
label_index=0
max_feature_idx=84
objective=regression
feature_names=consumo_atual_kw consumo_lag_15m consumo_lag_30m consumo_lag_60m consumo_lag_120m consumo_lag_180m consumo_lag_360m consumo_lag_720m consumo_lag_1440m consumo_lag_10080m consumo_mean_60m consumo_min_60m consumo_max_60m consumo_std_60m consumo_mean_180m consumo_min_180m consumo_max_180m consumo_std_180m consumo_mean_360m consumo_min_360m consumo_max_360m consumo_std_360m consumo_mean_1440m consumo_min_1440m consumo_max_1440m consumo_std_1440m temperatura_externa_c_atual temperatura_externa_c_lag_15m temperatura_externa_c_lag_60m temperatura_externa_c_lag_180m temperatura_externa_c_lag_360m temperatura_externa_c_lag_720m temperatura_externa_c_lag_1440m temperatura_externa_c_media_60m temperatura_externa_c_media_180m temperatura_externa_c_media_360m temperatura_externa_c_media_1440m umidade_relativa_pct_atual umidade_relativa_pct_lag_15m umidade_relativa_pct_lag_60m umidade_relativa_pct_lag_180m umidade_relativa_pct_lag_360m umidade_relativa_pct_lag_720m umidade_relativa_pct_lag_1440m umidade_relativa_pct_media_60m umidade_relativa_pct_media_180m umidade_relativa_pct_media_360m umidade_relativa_pct_media_1440m origem_hora origem_dia_semana origem_fim_de_semana origem_mes origem_hora_sin origem_hora_cos origem_semana_sin origem_semana_cos consumo_diferenca_semana_atual consumo_razao_semana_atual consumo_diferenca_dia_atual tendencia_consumo_15m tendencia_consumo_60m tendencia_consumo_180m tendencia_consumo_360m correcao_semanal_media_60m correcao_semanal_std_60m correcao_semanal_media_180m correcao_semanal_std_180m correcao_semanal_media_360m correcao_semanal_std_360m correcao_semanal_media_1440m correcao_semanal_std_1440m temperatura_externa_c_diferenca_semana_atual temperatura_externa_c_tendencia_1h umidade_relativa_pct_diferenca_semana_atual umidade_relativa_pct_tendencia_1h alvo_hora alvo_dia_semana alvo_fim_de_semana alvo_mes alvo_hora_sin alvo_hora_cos alvo_semana_sin alvo_semana_cos consumo_alvo_dia_anterior consumo_alvo_semana_anterior
feature_infos=[22.399999999999999:324.71375799999998] [22.399999999999999:324.71375799999998] [22.399999999999999:324.71375799999998] [22.399999999999999:324.71375799999998] [22.399999999999999:324.71375799999998] [22.399999999999999:324.71375799999998] [22.399999999999999:324.71375799999998] [22.399999999999999:324.71375799999998] [22.399999999999999:324.71375799999998] [22.399999999999999:324.71375799999998] [22.399999999999999:321.24876725000001] [22.399999999999999:318.278571] [22.399999999999999:324.71375799999998] [0:82.540869055199337] [22.399999999999999:313.28577408333337] [22.399999999999999:302.53573799999998] [22.399999999999999:324.71375799999998] [0:92.970139865692389] [22.399999999999999:295.13563500000004] [22.399999999999999:249.29458700000001] [22.399999999999999:324.71375799999998] [0:116.53386463160022] [23.200000000000003:159.49963871874999] none [25.600000000000001:324.71375799999998] [1.3929144002343703:128.71471884334804] [15:33.700000000000003] [15:33.700000000000003] [15:33.700000000000003] [15:33.700000000000003] [15:33.700000000000003] [15:33.700000000000003] [15:33.700000000000003] [15:33.4375] [15:32.71875] [15.333333333333334:31.620833333333334] [16.439843749999998:27.283072916666669] [31:98] [31:98] [31:98] [31:98] [31:98] [31:98] [31:98] [32.5:95.625] [33.666666666666664:95.083333333333329] [37.041666666666664:94] [59.309895833333336:91.638020833333329] [0:23.75] [0:6] [0:1] [1:4] [-1:1] [-1:1] [-0.97492791218182362:0.97492791218182362] [-0.90096886790241903:1] [-72.635950000000008:77.445233000000002] [0.43630911779503978:2.09406877563422] [-291.363968:296.779246] [-121.30707899999999:153.05878799999999] [-124.27709300000001:153.05878799999999] [-180.63157299999997:268.16051600000003] [-299.363968:299.97924600000005] [-70.384351250000009:75.467424499999993] [0:44.359338508129341] [-67.777903583333341:70.921986416666655] [0:38.631403568061003] [-64.848194500000005:62.415354583333333] [0:37.083675449251288] [-34.945017510416669:27.905951093750001] [0:30.68446053870321] [-12:11.5] [-8:4.8000000000000007] [-49:48] [-30:40] [0:23.75] [0:6] [0:1] [1:4] [-1:1] [-1:1] [-0.97492791218182362:0.97492791218182362] [-0.90096886790241903:1] [22.399999999999999:324.71375799999998] [22.399999999999999:324.71375799999998]
tree_sizes=1423 1420 1434 1435 1424 1429 1435 1428 1435 1434 1434 1431 1434 1433 1423 1447 1443 1420 1438 1430 1449 1438 1441 1450 1433 1445 1438 1435 1432 1463 1450

Tree=0
num_leaves=15
num_cat=0
split_feature=71 84 71 84 71 69 84 84 69 58 7 63 51 69
split_gain=589685 439101 321920 233863 213082 76784.8 74880.9 64154.7 52216.1 44344 43389.8 32809.8 31406.4 28406.7
threshold=-1.0000000180025095e-35 102.78047100000002 -2.7999999999999985 42.523274000000008 2.212499999999999 -14.779579244791664 282.33339050000006 292.35207400000007 -0.18351217708333298 -8.4936504999999993 122.87923900000001 23.853794374999996 3.5000000000000004 11.840655182291668
decision_type=2 2 2 2 2 2 2 2 2 2 2 2 2 2
left_child=1 -1 5 -2 6 -3 8 9 12 -4 -7 13 -5 -6
right_child=3 2 7 4 11 10 -8 -9 -10 -11 -12 -13 -14 -15
leaf_value=-1.0343844850579595 -1.0315364169263577 -3.3042167081796983 -2.2826217446223005 -0.72537551162638736 -0.25085674449815643 -2.6430039827559049 -2.6275092482427569 -3.1661777000575726 -0.41224557948134588 -1.3872500039065108 -1.635881975023461 0.86968727419373448 -1.4394401849126801 0.35258341537941096
leaf_weight=2922 2720 345 152 395 357 345 49 57 889 1457 157 163 251 446
leaf_count=2922 2720 345 152 395 357 345 49 57 889 1457 157 163 251 446
internal_value=-1.08581 -1.45119 -1.93567 -0.708982 -0.36508 -2.72882 -0.7224 -1.53168 -0.660621 -1.47253 -2.32975 0.219854 -1.00294 0.0856765
internal_weight=10705 5435 2513 5270 2550 847 1584 1666 1535 1609 502 966 646 803
internal_count=10705 5435 2513 5270 2550 847 1584 1666 1535 1609 502 966 646 803
is_linear=0
shrinkage=1


Tree=1
num_leaves=15
num_cat=0
split_feature=71 84 71 84 71 69 84 84 69 58 7 56 51 65
split_gain=532349 396435 290729 211105 192413 69607 67693.3 58853.3 47131.3 39956.1 39661.9 29926.9 28353.9 28282.7
threshold=-1.0000000180025095e-35 102.78047100000002 -2.7624999999999988 42.523274000000008 2.212499999999999 -14.779579244791664 282.33339050000006 287.58038500000004 -0.18351217708333298 -10.845522500000007 122.87923900000001 23.29674 3.5000000000000004 2.6169231250000067
decision_type=2 2 2 2 2 2 2 2 2 2 2 2 2 2
left_child=1 -1 5 -2 6 -3 8 9 12 -4 -7 -6 -5 -11
right_child=3 2 7 4 11 10 -8 -9 -10 13 -12 -13 -14 -15
leaf_value=0.048852083888357323 0.051557867897647748 -2.1042018553306319 -1.2172126148496905 0.3424552512693812 1.1000672302243601 -1.4778361998733949 -1.4661590163707734 -1.7543608333491072 0.63992101186028361 -0.32168619831196216 -0.51801501820859674 1.8057806755235681 -0.33602187521423083 0.9257551767090535
leaf_weight=2922 2720 347 123 395 776 347 49 78 889 1414 158 190 251 46
leaf_count=2922 2720 347 123 395 776 347 49 78 889 1414 158 190 251 46
internal_value=-2.06907e-05 -0.34719 -0.807525 0.358016 0.684756 -1.55793 0.345209 -0.421904 0.403948 -0.355183 -1.17915 1.2406 0.0787245 -0.281777
internal_weight=10705 5435 2513 5270 2550 852 1584 1661 1535 1583 505 966 646 1460
internal_count=10705 5435 2513 5270 2550 852 1584 1661 1535 1583 505 966 646 1460
is_linear=0
shrinkage=0.05


Tree=2
num_leaves=15
num_cat=0
split_feature=71 84 71 84 71 24 84 84 14 69 58 69 69 22
split_gain=480558 357897 263145 190547 173724 70573.8 61426.8 52075.1 41035.2 36475.6 34945.8 32402.2 29583.2 34790.4
threshold=-1.0000000180025095e-35 102.78047100000002 -2.5124999999999988 42.523274000000008 2.212499999999999 264.18653100000006 277.88047750000004 292.35207400000007 69.868920916666696 -0.18351217708333298 -8.4936504999999993 -26.462434338541666 11.840655182291668 136.36143433333336
decision_type=2 2 2 2 2 2 2 2 2 2 2 2 2 2
left_child=1 -1 5 -2 6 11 9 10 -7 -5 -4 -3 13 -6
right_child=3 2 7 4 12 8 -8 -9 -10 -11 -12 -13 -14 -15
leaf_value=0.046410315542689262 0.048980920378752645 -2.3243822338937341 -1.0709896654932649 0.10672483730852556 1.1818555506167712 -0.06691916507019216 -0.91242131464024812 -1.9065830168900668 -1.2917541011368021 0.61031977822268324 -0.25002394034215475 -1.5093586994113792 1.4258791772759072 0.22261102382953349
leaf_weight=2922 2720 173 142 606 285 118 93 53 162 885 1403 462 539 142
leaf_count=2922 2720 173 142 606 285 118 93 53 162 885 1403 462 539 142
internal_value=-3.96554e-05 -0.329889 -0.767277 0.340135 0.650559 -1.44301 0.327923 -0.3797 -0.777649 0.405848 -0.326122 -1.73471 1.17872 0.864122
internal_weight=10705 5435 2513 5270 2550 915 1584 1598 280 1491 1545 635 966 427
internal_count=10705 5435 2513 5270 2550 915 1584 1598 280 1491 1545 635 966 427
is_linear=0
shrinkage=0.05


Tree=3
num_leaves=15
num_cat=0
split_feature=71 84 71 84 69 24 84 8 84 71 22 69 36 58
split_gain=435455 310250 269292 211531 114887 75550.3 63214.8 50928 43190.6 33073.8 32622 30705.6 27453.9 26185.9
threshold=1.0000000180025095e-35 104.01284850000002 -2.1374999999999988 42.523274000000008 11.840655182291668 264.18653100000006 282.33339050000006 200.46031700000003 272.35636400000004 3.4000000000000008 148.13106922916668 -26.462434338541666 26.024479166666669 -10.845522500000007
decision_type=2 2 2 2 2 2 2 2 2 2 2 2 2 2
left_child=1 -1 5 -2 8 11 13 -7 9 -5 -6 -3 -12 -4
right_child=3 2 6 4 10 7 -8 -9 -10 -11 12 -13 -14 -15
leaf_value=0.053380696497343331 0.046531596969453165 -2.2088310181409461 -0.99440590154890929 0.44742071012191653 1.4923714436171269 -0.23482504433215878 -1.4670103836528681 -1.447387378223955 -0.47820448275424737 1.1977487664137569 0.26198993426962541 -1.4227961750595066 1.2688582255194585 -0.16711570327769115
leaf_weight=3172 2545 173 101 1200 452 214 107 145 112 167 129 491 143 1554
leaf_count=3172 2545 173 101 1200 452 214 107 145 112 167 129 491 143 1554
internal_value=-6.42447e-05 -0.284745 -0.669738 0.357091 0.715679 -1.31461 -0.294799 -0.727239 0.462525 0.539893 1.23147 -1.6306 0.794045 -0.218173
internal_weight=10705 5957 2785 4748 2203 1023 1762 359 1479 1367 724 664 272 1655
internal_count=10705 5957 2785 4748 2203 1023 1762 359 1479 1367 724 664 272 1655
is_linear=0
shrinkage=0.05


Tree=4
num_leaves=15
num_cat=0
split_feature=71 84 71 84 71 24 84 84 14 31 42 58 69 56
split_gain=393439 292239 219186 156112 141860 58341.3 53853.8 44335.4 34988.1 33178.5 34460.6 27817.2 26017.4 25967
threshold=-1.0000000180025095e-35 101.20536200000002 -2.5124999999999988 42.523274000000008 2.212499999999999 264.18653100000006 263.70710200000008 295.90254450000003 63.00084054166669 21.112500000000004 68.875000000000014 -10.845522500000007 -26.462434338541666 23.29674
decision_type=2 2 2 2 2 2 2 2 2 2 2 2 2 2
left_child=1 -1 5 -2 6 12 9 11 -7 -5 -11 -4 -3 -6
right_child=3 2 7 4 13 8 -8 -9 -10 10 -12 -13 -14 -15
leaf_value=0.043897298136956933 0.044185025125292904 -2.0956032976422994 -1.0382429367509383 -0.039337763284686314 0.93535452996940371 -0.024861376376255698 -0.32708235107309802 -1.8855937173631458 -1.1559257142741386 0.26053765720283978 0.8453033207138454 -0.2330710848758519 -1.3676352768959319 1.5917343461700759
leaf_weight=2903 2720 174 115 289 776 114 283 44 170 481 531 1448 467 190
leaf_count=2903 2720 174 115 289 776 114 283 44 170 481 531 1448 467 190
internal_value=-7.80895e-05 -0.298535 -0.691004 0.307722 0.5887 -1.30379 0.297149 -0.337691 -0.703587 0.433082 0.567898 -0.292939 -1.5682 1.06597
internal_weight=10705 5435 2532 5270 2550 925 1584 1607 284 1301 1012 1563 641 966
internal_count=10705 5435 2532 5270 2550 925 1584 1607 284 1301 1012 1563 641 966
is_linear=0
shrinkage=0.05


Tree=5
num_leaves=15
num_cat=0
split_feature=71 84 71 84 69 24 84 8 84 22 56 70 36 24
split_gain=356522 254725 219776 173273 98315 61605.7 54016.9 37266.4 36017.8 28369.7 27192.1 29746.1 32750.8 29415.2
threshold=1.0000000180025095e-35 104.01284850000002 -2.1374999999999988 42.523274000000008 11.840655182291668 257.54432450000007 282.33339050000006 200.46031700000003 272.35636400000004 148.13106922916668 19.103567000000016 8.0129088345045254 24.531770833333336 283.21306650000002
decision_type=2 2 2 2 2 2 2 2 2 2 2 2 2 2
left_child=1 -1 5 -2 8 -3 -4 -7 10 -6 11 12 -5 -13
right_child=3 2 6 4 9 7 -8 -9 -10 -11 -12 13 -14 -15
leaf_value=0.04869295239396889 0.041997548500010091 -1.5358565228904615 -0.19698122899185255 0.50635803044297856 1.3679930449115982 -0.41551548048376374 -1.351383689377043 -1.3641493026514233 -0.44558053475565612 0.71701050882156081 1.1531436241456192 -0.1619368615473987 1.7960149675045374 0.75865124452038346
leaf_weight=3172 2545 569 1655 735 452 294 107 160 112 272 136 327 52 117
leaf_count=3172 2545 569 1655 735 452 294 107 160 112 272 136 327 52 117
internal_value=-9.49491e-05 -0.257686 -0.60653 0.323073 0.647617 -1.1891 -0.267811 -0.752099 0.413449 1.12475 0.484104 0.409313 0.593742 0.0818102
internal_weight=10705 5957 2785 4748 2203 1023 1762 454 1479 724 1367 1231 787 444
internal_count=10705 5957 2785 4748 2203 1023 1762 454 1479 724 1367 1231 787 444
is_linear=0
shrinkage=0.05


Tree=6
num_leaves=15
num_cat=0
split_feature=71 84 71 84 71 24 84 84 48 69 65 24 69 63
split_gain=322318 238720 179107 128022 116515 53989.3 48581.2 37815.7 34399.1 33388.1 24601.2 24130.5 23604.5 22742.1
threshold=-1.0000000180025095e-35 101.20536200000002 -2.3625000000000003 42.523274000000008 2.212499999999999 264.18653100000006 283.32550850000001 295.90254450000003 8.3750000000000018 -0.18351217708333298 3.5916065833333302 281.04792900000001 -26.462434338541666 23.853794374999996
decision_type=2 2 2 2 2 2 2 2 2 2 2 2 2 2
left_child=1 -1 5 -2 6 12 9 10 -7 11 -4 -5 -3 -6
right_child=3 2 7 4 13 8 -8 -9 -10 -11 -12 -13 -14 -15
leaf_value=0.039269378508849088 0.039855948504565704 -1.9155205050877162 -0.28041195106359679 -0.15473595329470868 0.85414511552682859 0.017335484046200219 -1.3512961504194472 -1.7340669881213797 -1.0332489186345633 0.51438495576514287 0.94754714589743383 0.51182410273836065 -1.2271697928181906 1.5054749166184083
leaf_weight=2903 2720 174 1462 457 803 128 44 43 198 891 41 192 486 163
leaf_count=2903 2720 174 1462 457 803 128 44 43 198 891 41 192 486 163
internal_value=-8.59123e-05 -0.270223 -0.62494 0.278508 0.532954 -1.15119 0.268729 -0.288781 -0.621958 0.315863 -0.246307 0.0429431 -1.41127 0.965492
internal_weight=10705 5435 2532 5270 2550 986 1584 1546 326 1540 1503 649 660 966
internal_count=10705 5435 2532 5270 2550 986 1584 1546 326 1540 1503 649 660 966
is_linear=0
shrinkage=0.05


Tree=7
num_leaves=15
num_cat=0
split_feature=71 84 71 84 69 24 84 8 84 22 36 69 51 69
split_gain=291907 209482 179053 141964 83690.2 49982.9 47387.8 36338.9 30250.7 25040.9 23310.3 22909.5 27373.6 22076.6
threshold=1.0000000180025095e-35 105.889583 -2.1374999999999988 42.523274000000008 11.840655182291668 264.18653100000006 275.36804450000005 200.46031700000003 272.35636400000004 148.13106922916668 26.024479166666669 -0.12570920833333388 3.5000000000000004 -13.065936541666668
decision_type=2 2 2 2 2 2 2 2 2 2 2 2 2 2
left_child=1 -1 5 -2 8 13 -4 -7 11 -6 -11 12 -5 -3
right_child=3 2 6 4 9 7 -8 -9 -10 10 -12 -13 -14 -15
leaf_value=0.042608016267220647 0.037906480544866394 -1.6001234722790654 -0.15056978451870995 0.41078518630795025 1.2547487528118868 -0.17743723886396509 -0.95977468185308512 -1.2097178005095985 -0.4171691692508428 0.15401483781635761 1.0808398349417581 0.59606988677287132 -0.37621224921762564 -1.0102525721614561
leaf_weight=3194 2545 364 1546 367 452 210 204 143 112 129 143 843 157 296
leaf_count=3194 2545 364 1546 367 452 210 204 143 112 129 143 843 157 296
internal_value=-9.68733e-05 -0.233179 -0.551886 0.292323 0.586086 -1.0806 -0.245394 -0.597849 0.370047 1.0263 0.643454 0.434803 0.174719 -1.3375
internal_weight=10705 5957 2763 4748 2203 1013 1750 353 1479 724 272 1367 524 660
internal_count=10705 5957 2763 4748 2203 1013 1750 353 1479 724 272 1367 524 660
is_linear=0
shrinkage=0.05


Tree=8
num_leaves=15
num_cat=0
split_feature=71 84 71 84 71 84 83 24 69 22 69 57 58 73
split_gain=265807 223021 106438 78931 131438 53081.9 40979.6 31567 31216.6 30818.5 30379.4 29931.2 27061.7 33488.8
threshold=-0.9875000000000006 100.45845300000002 -2.8499999999999992 42.523274000000008 1.9500000000000013 263.70710200000008 256.80026200000003 281.04792900000001 11.840655182291668 136.98705236979171 -13.746666145833332 0.96993317078688457 -1.7172850000000037 3.8750000000000004
decision_type=2 2 2 2 2 2 2 2 2 2 2 2 2 2
left_child=1 -1 6 -2 5 7 10 -5 9 -6 -3 -9 13 -4
right_child=3 2 12 4 8 -7 -8 11 -10 -11 -12 -13 -14 -15
leaf_value=0.032469889383278348 0.035907621920475412 -1.5307495525162618 0.060791172951027976 0.11501105603625142 0.78045648885305952 -0.40438355289374456 0.18877319376273405 0.23121660370771002 1.0569290526294526 -0.0062395026022828495 -0.90289624280023717 1.0533143645749565 -0.26463060507178854 -1.2629071524692701
leaf_weight=2466 3088 366 68 1054 413 369 57 237 603 178 421 208 1018 159
leaf_count=2466 3088 366 68 1054 413 369 57 237 603 178 421 208 1018 159
internal_value=-0.000102883 -0.289571 -0.669563 0.214304 0.394144 0.132096 -1.10279 0.264339 0.803663 0.543906 -1.19646 0.616978 -0.375224 -0.867853
internal_weight=10705 4555 2089 6150 3062 1868 844 1499 1194 591 787 445 1245 227
internal_count=10705 4555 2089 6150 3062 1868 844 1499 1194 591 787 445 1245 227
is_linear=0
shrinkage=0.05


Tree=9
num_leaves=15
num_cat=0
split_feature=71 84 71 84 71 84 83 24 57 69 69 22 69 84
split_gain=239973 200362 97317.2 71953.3 117613 49415 37002.1 31162.7 34626.2 31843.4 29928.7 32122.7 27426.7 24920.2
threshold=-0.93749999999999989 100.45845300000002 -2.8499999999999992 42.523274000000008 1.7624999999999995 285.86399050000006 256.80026200000003 281.72766850000005 0.96993317078688457 -1.0046598958333335 11.840655182291668 136.36143433333336 -13.746666145833332 287.58038500000004
decision_type=2 2 2 2 2 2 2 2 2 2 2 2 2 2
left_child=1 -1 6 -2 5 7 12 9 -9 -5 11 -6 -3 -4
right_child=3 2 13 4 10 -7 -8 8 -10 -11 -12 -13 -14 -15
leaf_value=0.030871200838628533 0.034113940754351813 -1.4544206547802085 -0.30586999900435186 -0.24761109373748941 0.77826023587021076 -1.3042226366572462 0.17949728891895764 0.1581316930006105 0.98881436720775651 0.26373643987611234 1.0012353989135614 0.037195502682810737 -0.85785840347903608 -1.3952597873861139
leaf_weight=2478 3078 366 1205 562 401 58 57 315 208 662 610 230 421 54
leaf_count=2478 3078 366 1205 562 401 58 57 315 208 662 610 230 421 54
internal_value=-0.000101556 -0.273781 -0.632603 0.204633 0.376876 0.119122 -1.04778 0.167096 0.489755 0.0289406 0.751375 0.508628 -1.13679 -0.353665
internal_weight=10705 4581 2103 6124 3046 1805 844 1747 523 1224 1241 631 787 1259
internal_count=10705 4581 2103 6124 3046 1805 844 1747 523 1224 1241 631 787 1259
is_linear=0
shrinkage=0.05


Tree=10
num_leaves=15
num_cat=0
split_feature=71 84 71 84 71 84 83 24 57 70 36 69 58 73
split_gain=216666 181793 86697.4 64336.5 107697 47130.7 33410.5 30565.8 31188.4 28630.2 38038.4 24761.1 24226.5 29938.4
threshold=-0.9875000000000006 100.45845300000002 -2.8499999999999992 42.523274000000008 2.212499999999999 290.2148160000001 256.80026200000003 281.04792900000001 0.96993317078688457 7.8207851708806606 20.844531250000003 -13.746666145833332 -1.7172850000000037 3.8750000000000004
decision_type=2 2 2 2 2 2 2 2 2 2 2 2 2 2
left_child=1 -1 6 -2 5 7 11 9 -9 10 -5 -3 13 -4
right_child=3 2 12 4 -6 -7 -8 8 -10 -11 -12 -13 -14 -15
leaf_value=0.029304119284379135 0.032408201729220924 -1.3818977517880278 0.072867523716843657 -0.30406772594325215 0.79234952127041858 -1.3472415454247419 0.17067716202602304 0.1746476288483535 0.88350320842369523 -0.22582658822439725 0.43719385781587561 -0.81506712902558009 -0.23426269361241131 -1.1784903044253587
leaf_weight=2466 3088 366 68 236 966 50 57 361 272 535 642 421 1018 159
leaf_count=2466 3088 366 68 236 966 50 57 361 272 535 642 421 1018 159
internal_value=-0.000106255 -0.26145 -0.604526 0.193469 0.355834 0.154372 -0.995521 0.191709 0.480156 0.0622408 0.237829 -1.08009 -0.33888 -0.804959
internal_weight=10705 4555 2089 6150 3062 2096 844 2046 633 1413 878 787 1245 227
internal_count=10705 4555 2089 6150 3062 2096 844 2046 633 1413 878 787 1245 227
is_linear=0
shrinkage=0.05


Tree=11
num_leaves=15
num_cat=0
split_feature=71 84 71 84 69 84 24 8 24 30 84 46 22 36
split_gain=196084 142757 120128 95490.6 56934.3 36715.2 35849.1 24760.1 23777.9 28135.7 25376.6 22218.8 20904.9 19002.6
threshold=1.0000000180025095e-35 105.889583 -2.1374999999999988 42.523274000000008 11.840655182291668 295.90254450000003 257.54432450000007 200.46031700000003 253.43744300000003 19.487500000000004 260.0556155000001 82.848958333333357 148.13106922916668 26.024479166666669
decision_type=2 2 2 2 2 2 2 2 2 2 2 2 2 2
left_child=1 -1 6 -2 8 11 -3 -8 9 -5 -10 -4 -6 -14
right_child=3 2 5 4 12 -7 7 -9 10 -11 -12 -13 13 -15
leaf_value=0.036518946432614927 0.030892425783721839 -1.1522558478055218 0.055400646900074194 -0.18442886919738391 1.0520969713234218 -1.5388114919662477 -0.27529937989203279 -1.0531012711285046 0.30556622749620721 0.89349407888144905 -0.29527744262974814 -0.31265498060052038 0.053278236406353811 0.88928447607904682
leaf_weight=3194 2545 565 688 77 452 49 290 158 908 277 217 1013 129 143
leaf_count=3194 2545 565 688 77 452 49 290 158 908 277 217 1013 129 143
internal_value=-0.000114457 -0.191147 -0.454245 0.239552 0.48048 -0.203199 -0.88731 -0.551348 0.302294 0.659172 0.189511 -0.163843 0.843563 0.494444
internal_weight=10705 5957 2763 4748 2203 1750 1013 448 1479 354 1125 1701 724 272
internal_count=10705 5957 2763 4748 2203 1750 1013 448 1479 354 1125 1701 724 272
is_linear=0
shrinkage=0.05


Tree=12
num_leaves=15
num_cat=0
split_feature=71 84 71 84 71 84 24 58 56 24 73 84 57 47
split_gain=178523 149225 73013.1 53158.1 87701.8 39121.6 26914.9 26474.3 23945.5 23355.6 22178.7 21180.7 20709.8 18933.5
threshold=-0.9875000000000006 99.767267000000018 -3.5624999999999996 42.523274000000008 1.7624999999999995 258.94589250000007 243.11060200000003 -1.1141225000000075 24.524234499999981 281.72766850000005 1.3750000000000002 292.35207400000007 0.96993317078688457 71.019531250000014
decision_type=2 2 2 2 2 2 2 2 2 2 2 2 2 2
left_child=1 -1 -3 -2 5 9 -4 10 -6 -5 -8 -7 -11 -14
right_child=3 2 6 4 8 11 7 -9 -10 12 -12 -13 13 -15
leaf_value=0.026782592096279329 0.0291947431290717 -1.0535290409607772 -0.80720960095575645 0.10065292878437858 0.55048642382614488 -0.1836839311645698 0.17398596530469757 -0.14973647069524637 1.1510420749834436 0.20741940193542852 -0.90721117435753262 -1.3157069248349771 1.4300073617696762 0.4449490951983115
leaf_weight=2460 3088 531 292 955 1043 412 59 978 198 212 235 45 94 103
leaf_count=2460 3088 531 292 955 1043 412 59 978 198 212 235 45 94 103
internal_value=-0.000115717 -0.237343 -0.547349 0.175596 0.323184 0.102166 -0.374931 -0.275141 0.647154 0.236286 -0.690382 -0.297782 0.551965 0.919825
internal_weight=10705 4555 2095 6150 3062 1821 1564 1272 1241 1364 294 457 409 197
internal_count=10705 4555 2095 6150 3062 1821 1564 1272 1241 1364 294 457 409 197
is_linear=0
shrinkage=0.05


Tree=13
num_leaves=15
num_cat=0
split_feature=71 84 71 84 71 84 24 58 36 73 41 84 63 69
split_gain=161157 134708 66182.2 47988.4 80209.2 37061 25529.6 25571.4 24920.4 19626.2 19270.7 19089.9 17976.1 16784.4
threshold=-0.9875000000000006 99.767267000000018 -3.7624999999999988 42.523274000000008 2.212499999999999 263.70710200000008 243.11060200000003 -1.1141225000000075 20.906380208333335 8.8750000000000018 79.375000000000014 292.35207400000007 23.853794374999996 -16.117320718749998
decision_type=2 2 2 2 2 2 2 2 2 2 2 2 2 2
left_child=1 -1 -3 -2 5 8 -4 9 -5 10 -8 -7 -6 -10
right_child=3 2 6 4 12 11 7 -9 13 -11 -12 -13 -14 -15
leaf_value=0.025444007709422574 0.027735477077146686 -1.0302621051676755 -0.7712816276754707 -0.2247741294521689 0.5852513868017678 -0.17019822869883969 0.64073242522066554 -0.1433492875450024 -0.6032423691203197 -1.0887447109715693 -0.60206575692921394 -1.2513517361620199 1.1626171652954527 0.34889362564738213
leaf_weight=2460 3088 487 311 248 803 368 41 991 47 144 121 45 163 1388
leaf_count=2460 3088 487 311 248 803 368 41 991 47 144 121 45 163 1388
internal_value=-0.000111345 -0.225505 -0.520047 0.166836 0.307063 0.133201 -0.364979 -0.267035 0.237345 -0.665828 -0.285529 -0.290738 0.683776 0.31731
internal_weight=10705 4555 2095 6150 3062 2096 1608 1297 1683 306 162 413 966 1435
internal_count=10705 4555 2095 6150 3062 2096 1608 1297 1683 306 162 413 966 1435
is_linear=0
shrinkage=0.05


Tree=14
num_leaves=15
num_cat=0
split_feature=71 84 71 84 69 69 84 31 24 30 63 22 24 25
split_gain=145605 107232 90097 70984 46087 30745.3 30439.3 21601.7 21553 24350.9 19375.5 17700 16637.5 23594.2
threshold=1.0000000180025095e-35 105.889583 -2.1374999999999988 42.523274000000008 11.840655182291668 -26.30091713020833 275.36804450000005 18.012500000000003 253.43744300000003 19.212500000000002 18.554911875000009 148.13106922916668 278.11863750000003 109.2624300420939
decision_type=2 2 2 2 2 2 2 2 2 2 2 2 2 2
left_child=1 -1 5 -2 8 -3 12 -7 9 -5 -10 -6 -4 -14
right_child=3 2 6 4 11 7 -8 -9 10 -11 -12 -13 13 -15
leaf_value=0.032577931359293689 0.026503016717164235 -1.3111656904722064 -0.20080842439741084 -0.2317521765931613 0.93260367598392857 -1.5678437032197652 -0.74788142244081679 -0.55455214916325402 0.079205628051011667 0.80071599569276608 0.7866018304792799 0.4197808134755045 0.39957081048479393 -0.42018713194998059
leaf_weight=3194 2545 207 1118 71 452 56 204 750 1019 283 106 272 306 122
leaf_count=3194 2545 207 1118 71 452 56 204 750 1019 283 106 272 306 122
internal_value=-0.000120231 -0.164738 -0.392762 0.206405 0.41413 -0.767809 -0.175348 -0.62681 0.253833 0.59357 0.146497 0.740786 -0.0993661 0.165467
internal_weight=10705 5957 2763 4748 2203 1013 1750 806 1479 354 1125 724 1546 428
internal_count=10705 5957 2763 4748 2203 1013 1750 806 1479 354 1125 724 1546 428
is_linear=0
shrinkage=0.05


Tree=15
num_leaves=15
num_cat=0
split_feature=71 84 71 84 71 84 24 25 81 51 47 45 24 83
split_gain=132559 110305 54451.1 39574.5 65337.5 32326.5 22647.8 38759 30812.8 33397.3 26221.4 21665.3 20570.9 23889
threshold=-0.9875000000000006 99.767267000000018 -3.7624999999999988 42.523274000000008 2.212499999999999 258.60530300000011 278.11863750000003 109.2624300420939 1.0000000180025095e-35 1.5000000000000002 75.294270833333357 81.552083333333357 281.04792900000001 234.30970600000003
decision_type=2 2 2 2 2 2 2 2 2 2 2 2 2 2
left_child=1 -1 -3 -2 5 12 8 10 9 -4 -8 -7 13 -5
right_child=3 2 6 4 -6 11 7 -9 -10 -11 -12 -13 -14 -15
leaf_value=0.022544089722008498 0.024971036225624865 -0.93386327728293228 -0.053227633031818905 -0.0087397876841920057 0.61863283633419164 0.17029847908566742 0.87215621896272855 -0.76310940771916158 -0.22648490230795468 -0.98329365998506546 -0.10271628969898505 -0.48013724911337097 0.50244196454458168 0.57071379723151527
leaf_weight=2460 3088 487 131 849 966 215 120 117 713 367 160 314 494 224
leaf_count=2460 3088 487 131 849 966 215 120 117 713 367 160 314 494 224
internal_value=-0.000121489 -0.20454 -0.471072 0.15129 0.278632 0.121713 -0.330417 -0.00264656 -0.437779 -0.739235 0.316703 -0.21596 0.235772 0.112646
internal_weight=10705 4555 2095 6150 3062 2096 1608 397 1211 498 280 529 1567 1073
internal_count=10705 4555 2095 6150 3062 2096 1608 397 1211 498 280 529 1567 1073
is_linear=0
shrinkage=0.05


Tree=16
num_leaves=15
num_cat=0
split_feature=71 84 22 84 84 69 51 58 57 36 47 84 73 41
split_gain=119659 99574.4 49378.5 36134.7 52871.3 55814.4 31557.8 27768.8 25383.5 22699.4 27232.5 19930.6 17096.6 17324.8
threshold=-0.9875000000000006 100.45845300000002 125.64656252604168 274.29007000000007 42.523274000000008 -0.12570920833333388 3.5000000000000004 -1.7172850000000037 1.1217152843747329 23.57447916666667 78.209635416666671 96.401743500000009 8.8750000000000018 80.375000000000014
decision_type=2 2 2 2 2 2 2 2 2 2 2 2 2 2
left_child=1 -1 9 4 -2 6 -6 12 11 10 -3 -7 13 -4
right_child=3 2 7 -5 5 8 -8 -9 -10 -11 -12 -13 -14 -15
leaf_value=0.02084785367429776 0.023722889741075275 -1.2804393630970567 0.60261061418624162 -0.48708262194658219 0.2331845250745031 0.79248725815092103 -0.3611178161019678 -0.1392569034891751 1.0314816763010273 -0.061531343327563576 -0.60957102630786153 0.33987503118929618 -0.97850252317373076 -0.57830639960865182
leaf_weight=2466 3088 262 41 218 593 294 357 1019 187 95 365 1413 188 119
leaf_count=2466 3088 262 41 218 593 294 357 1019 187 95 365 1413 188 119
internal_value=-0.000119009 -0.194337 -0.448245 0.143737 0.166998 0.322502 0.00970708 -0.271247 0.479306 -0.782525 -0.891495 0.418248 -0.65623 -0.273833
internal_weight=10705 4555 2089 6150 5932 2844 950 1367 1894 722 627 1707 348 160
internal_count=10705 4555 2089 6150 5932 2844 950 1367 1894 722 627 1707 348 160
is_linear=0
shrinkage=0.05


Tree=17
num_leaves=15
num_cat=0
split_feature=71 84 71 84 69 84 69 24 30 83 16 47 70 46
split_gain=108855 80591 66719.7 53173.6 37135.2 25314.7 24625.5 18983 20997 17892.4 16705.8 21799.5 16309.2 15471
threshold=1.0000000180025095e-35 105.889583 -2.1374999999999988 42.523274000000008 11.840655182291668 295.90254450000003 -26.462434338541666 253.43744300000003 19.487500000000004 256.80026200000003 266.38679650000006 73.320312500000014 8.1032710679429751 82.848958333333357
decision_type=2 2 2 2 2 2 2 2 2 2 2 2 2 2
left_child=1 -1 6 -2 7 13 -3 8 -5 -8 12 -12 -9 -4
right_child=3 2 5 4 -6 -7 9 10 -10 -11 11 -13 -14 -15
leaf_value=0.028603318010989566 0.022744647391836945 -1.207487217435947 0.062557766809032259 -0.19520856318040156 0.6514469820268709 -1.2620364527404311 -0.6289492389523802 0.23714907929008261 0.73562829780037253 0.1231938024177059 1.1093401863668741 0.084711008335626323 -0.18541787883797006 -0.24454915643202055
leaf_weight=3194 2545 172 688 77 724 49 753 444 277 88 88 125 468 1013
leaf_count=3194 2545 172 688 77 724 49 753 444 277 88 88 125 468 1013
internal_value=-0.000119837 -0.142454 -0.340134 0.17845 0.358236 -0.15304 -0.662878 0.214361 0.533179 -0.550194 0.113655 0.511238 0.0203399 -0.12037
internal_weight=10705 5957 2763 4748 2203 1750 1013 1479 354 841 1125 213 912 1701
internal_count=10705 5957 2763 4748 2203 1750 1013 1479 354 841 1125 213 912 1701
is_linear=0
shrinkage=0.05


Tree=18
num_leaves=15
num_cat=0
split_feature=71 84 35 84 84 69 51 69 65 57 47 36 36 84
split_gain=98588 81632.4 42113 31411.6 43592.8 46426 27753.7 24392 22505.9 21555.2 18306.4 17779.1 29963.2 17623.2
threshold=-0.9875000000000006 99.767267000000018 19.946354166666669 275.02512300000006 42.523274000000008 -0.12570920833333388 3.5000000000000004 -10.293456088541664 -3.8802609583333334 1.1217152843747329 81.669270833333357 18.395963541666671 21.329817708333337 96.401743500000009
decision_type=2 2 2 2 2 2 2 2 2 2 2 2 2 2
left_child=1 -1 7 4 -2 6 -6 10 -4 13 -3 -9 -13 -7
right_child=3 2 8 -5 5 9 -8 11 -10 -11 -12 12 -14 -15
leaf_value=0.018945789848647678 0.021348771511273464 -1.2417098001705553 -0.5121336659981387 -0.47359503894695082 0.21703021086290653 0.7310028695191999 -0.33880786095926951 -1.2492730707957829 -0.065628990338083504 0.94266288823709299 -0.5312868753411123 0.036062777884365099 -0.84352578941965484 0.30557907841579285
leaf_weight=2460 3088 238 431 207 596 294 359 57 815 188 150 245 159 1418
leaf_count=2460 3088 238 431 207 596 294 359 57 815 188 150 245 159 1418
internal_value=-0.000116968 -0.176408 -0.405696 0.13046 0.151576 0.292375 0.00794582 -0.67711 -0.220365 0.435258 -0.969134 -0.429763 -0.31134 0.379021
internal_weight=10705 4555 2095 6150 5943 2855 955 849 1246 1900 388 461 404 1712
internal_count=10705 4555 2095 6150 5943 2855 955 849 1246 1900 388 461 404 1712
is_linear=0
shrinkage=0.05


Tree=19
num_leaves=15
num_cat=0
split_feature=71 84 71 84 69 84 24 20 70 16 36 45 35 22
split_gain=89714.4 66537.5 54233.9 43880.6 31829.6 22343.6 21783.4 18449.5 16843.1 23524 22017.4 18673 18465.8 15175.2
threshold=1.0000000180025095e-35 105.889583 -2.0124999999999988 42.523274000000008 11.840655182291668 292.35207400000007 264.18653100000006 196.34908100000004 8.1012924249459495 266.38679650000006 24.531770833333336 78.635416666666671 18.688541666666669 148.13106922916668
decision_type=2 2 2 2 2 2 2 2 2 2 2 2 2 2
left_child=1 -1 6 -2 8 -4 -3 -8 10 -10 11 -5 -13 -6
right_child=3 2 5 4 13 -7 7 -9 9 -11 -12 12 -14 -15
leaf_value=0.026087669533413599 0.020540841825113273 -0.76712224497986603 -0.10323221461549066 -0.093006757727434525 0.77423089644964171 -1.0854520394497862 0.10629885823385937 -0.60041107523865545 -0.15536390075746076 0.60306851139757789 1.3061075964840976 -0.51789982822981295 0.52062244627669274 0.30009684643741008
leaf_weight=3194 2545 662 1669 244 452 59 165 208 507 127 54 46 501 272
leaf_count=3194 2545 662 1669 244 452 59 165 208 507 127 54 46 501 272
internal_value=-0.000125052 -0.129342 -0.308961 0.161987 0.325309 -0.137377 -0.595022 -0.288343 0.192114 -0.0027277 0.338133 0.270486 0.432502 0.596763
internal_weight=10705 5957 2763 4748 2203 1728 1035 373 1479 634 845 791 547 724
internal_count=10705 5957 2763 4748 2203 1728 1035 373 1479 634 845 791 547 724
is_linear=0
shrinkage=0.05


Tree=20
num_leaves=15
num_cat=0
split_feature=71 84 35 84 84 69 51 65 69 56 47 36 36 84
split_gain=81240.8 66526.7 32704.3 27452.8 37113.5 38856 24328.3 21752.5 20937.4 19219.3 16767.6 15303.6 25451.2 14098.2
threshold=-0.93749999999999989 103.37176100000001 19.946354166666669 274.29007000000007 42.523274000000008 -0.12570920833333388 3.5000000000000004 -3.8802609583333334 -10.293456088541664 29.05797699999999 81.669270833333357 18.395963541666671 21.329817708333337 96.401743500000009
decision_type=2 2 2 2 2 2 2 2 2 2 2 2 2 2
left_child=1 -1 8 4 -2 6 -6 -4 10 13 -3 -10 -13 -7
right_child=3 2 7 -5 5 9 -8 -9 11 -11 -12 12 -14 -15
leaf_value=0.014044360058344264 0.019209918845354175 -1.1455300326042988 -0.49476376449478404 -0.43078290117526064 0.20455516903141679 0.67131939483607839 -0.32008414388842105 -0.05274585894408769 -1.1554533413478307 0.95464940690788735 -0.46125711888440535 0.041627512204647069 -0.77271397722204438 0.29044638879915108
leaf_weight=2506 3078 234 423 218 587 292 353 811 55 144 148 249 155 1452
leaf_count=2506 3078 234 423 218 587 292 353 811 55 144 148 249 155 1452
internal_value=-0.000117237 -0.159356 -0.368679 0.119006 0.139369 0.270098 0.00740558 -0.204542 -0.608989 0.400815 -0.882316 -0.380091 -0.271942 0.354565
internal_weight=10705 4581 2075 6124 5906 2828 940 1234 841 1888 382 459 404 1744
internal_count=10705 4581 2075 6124 5906 2828 940 1234 841 1888 382 459 404 1744
is_linear=0
shrinkage=0.05


Tree=21
num_leaves=15
num_cat=0
split_feature=71 84 71 84 69 84 69 31 70 16 36 45 36 22
split_gain=73925.7 54842.2 44573.1 36204.1 27338.9 19928.5 18855.3 15133.2 15095.6 19978 19831.8 17092.8 16730.9 13361.4
threshold=1.0000000180025095e-35 107.33202100000001 -2.0124999999999988 42.523274000000008 11.840655182291668 270.38757000000004 -26.462434338541666 18.012500000000003 8.1012924249459495 266.38679650000006 24.497135416666669 78.635416666666671 20.844531250000003 148.13106922916668
decision_type=2 2 2 2 2 2 2 2 2 2 2 2 2 2
left_child=1 -1 6 -2 8 -4 -3 -8 10 -10 11 -5 -13 -6
right_child=3 2 5 4 13 -7 7 -9 9 -11 -12 12 -14 -15
leaf_value=0.022456550896306545 0.018554084734568332 -1.0180018144434897 -0.042819965930511905 -0.104826229695545 0.71346393438430289 -0.47626384103261848 -1.2488192260807212 -0.38909533510549477 -0.15314188258077099 0.54579617668641733 1.2114021175786069 -0.33689316705636241 0.50259426146002173 0.26866126994128198
leaf_weight=3220 2545 173 1386 242 452 327 54 797 507 127 56 67 480 272
leaf_count=3220 2545 173 1386 242 452 327 54 797 507 127 56 67 480 272
internal_value=-0.000123693 -0.11742 -0.281929 0.147034 0.295384 -0.125791 -0.542747 -0.445051 0.171947 -0.0124947 0.310185 0.244768 0.399341 0.546957
internal_weight=10705 5957 2737 4748 2203 1713 1024 851 1479 634 845 789 547 724
internal_count=10705 5957 2737 4748 2203 1713 1024 851 1479 634 845 789 547 724
is_linear=0
shrinkage=0.05


Tree=22
num_leaves=15
num_cat=0
split_feature=71 84 35 84 84 69 51 69 65 70 54 25 84 83
split_gain=66885.3 54731 31897.7 23803 26454.6 32965.6 20498.9 19612.3 18442.9 15434.3 18576.5 15682.5 15172 14416.4
threshold=-0.93749999999999989 86.770001500000021 19.946354166666669 282.33339050000006 42.523274000000008 -0.22629248437500016 3.5000000000000004 -10.293456088541664 -3.8802609583333334 15.02453855844171 0.87837969732492682 100.97654148591421 248.28803400000001 239.77626600000005
decision_type=2 2 2 2 2 2 2 2 2 2 2 2 2 2
left_child=1 -1 7 4 -2 6 9 -3 -4 10 -6 -11 13 -7
right_child=3 2 8 -5 5 12 -8 -9 -10 11 -12 -13 -14 -15
leaf_value=0.022258473760927409 0.017288554203068913 -0.81823702889341343 -0.42061154055877792 -0.70386133317867028 0.16234741853853771 0.32317526744208436 -0.29028690106163807 -0.34412199067939753 -0.030019684926723945 -0.87893821199735012 0.95952024109140843 0.11739418376237154 0.10461974722084773 0.66567228719287996
leaf_weight=2371 3078 394 466 88 344 1029 389 493 857 59 92 115 490 440
leaf_count=2371 3078 394 466 88 344 1029 389 493 857 59 92 115 490 440
internal_value=-0.000119782 -0.144606 -0.323556 0.107968 0.119918 0.22667 -0.00708522 -0.555405 -0.167812 0.173693 0.332369 -0.223535 0.345816 0.426144
internal_weight=10705 4581 2210 6124 6036 2958 999 887 1323 610 436 174 1959 1469
internal_count=10705 4581 2210 6124 6036 2958 999 887 1323 610 436 174 1959 1469
is_linear=0
shrinkage=0.05


Tree=23
num_leaves=15
num_cat=0
split_feature=71 84 71 84 69 84 83 65 69 47 46 24 17 22
split_gain=60740.1 45455.1 35737.1 29771.5 23274 18225.8 16960.3 13545.2 13302 15816.4 13185.8 13095.4 15962.1 11922.4
threshold=1.0000000180025095e-35 105.07400350000002 -2.0124999999999988 42.523274000000008 11.840655182291668 295.90254450000003 255.09913100000003 5.0940865416666625 -13.746666145833332 81.669270833333357 82.848958333333357 253.43744300000003 1.1692635583363182e-06 148.13106922916668
decision_type=2 2 2 2 2 2 2 2 2 2 2 2 2 2
left_child=1 -1 6 -2 11 7 8 10 9 -3 -4 12 -5 -6
right_child=3 2 5 4 13 -7 -8 -9 -10 -11 -12 -13 -14 -15
leaf_value=0.022502755600813981 0.016762655781463479 -1.0158123695803256 0.06117860584591444 0.94339407647697682 0.65717624739412772 -1.0563168740868569 0.077455928527257023 0.75885072586976965 -0.39282199513640759 -0.35292929050193489 -0.22753279354813316 0.070294961029850611 0.20342949927350129 0.23712688114207525
leaf_weight=3183 2545 252 662 102 452 49 118 45 526 142 980 1125 252 272
leaf_count=3183 2545 252 662 102 452 49 118 45 526 142 980 1125 252 272
internal_value=-0.000118995 -0.106441 -0.254352 0.133271 0.267798 -0.115462 -0.486304 -0.0875244 -0.558617 -0.778404 -0.111168 0.153912 0.418696 0.499912
internal_weight=10705 5957 2774 4748 2203 1736 1038 1687 920 394 1642 1479 354 724
internal_count=10705 5957 2774 4748 2203 1736 1038 1687 920 394 1642 1479 354 724
is_linear=0
shrinkage=0.05


Tree=24
num_leaves=15
num_cat=0
split_feature=71 84 24 25 49 30 47 84 84 36 7 69 7 47
split_gain=55008.1 45200.4 28997.5 41898.5 25138.6 24285.1 23691.9 21211.7 25609.8 29419.5 23921.8 25432 17966.1 14077.5
threshold=-0.9875000000000006 86.770001500000021 278.11863750000003 109.2624300420939 3.5000000000000004 16.862500000000004 78.904947916666671 274.29007000000007 42.523274000000008 22.658854166666671 195.38915600000004 7.8022829895833352 202.74317500000004 70.747395833333357
decision_type=2 2 2 2 2 2 2 2 2 2 2 2 2 2
left_child=1 -1 4 6 5 -3 12 8 -2 -10 13 -12 -4 -11
right_child=7 2 3 -5 -6 -7 -8 -9 9 10 11 -13 -14 -15
leaf_value=0.020046834519273343 0.015531898853114293 -1.0351398874037336 1.4304616440744962 -0.66747957909272781 -0.75322430623256098 -0.22940153731837071 -0.060733017991512817 -0.385876893685901 -0.0020041223697383737 0.74202429482779531 -0.14562979441119783 0.38514711510981076 0.3482860158269222 0.3527408158723524
leaf_weight=2361 3088 100 67 134 368 1285 150 218 959 393 398 519 90 575
leaf_count=2361 3088 100 67 134 368 1285 150 218 959 393 398 519 90 575
internal_value=-0.000113033 -0.131796 -0.295132 0.0671606 -0.38626 -0.288282 0.388944 0.0974238 0.115247 0.223474 0.338126 0.15487 0.816237 0.511389
internal_weight=10705 4555 2194 441 1753 1385 307 6150 5932 2844 1885 917 157 968
internal_count=10705 4555 2194 441 1753 1385 307 6150 5932 2844 1885 917 157 968
is_linear=0
shrinkage=0.05


Tree=25
num_leaves=15
num_cat=0
split_feature=71 84 71 84 69 84 24 8 47 31 70 20 36 37
split_gain=49945.1 37406.2 29936.9 24504.6 19457.7 16089.9 14394.8 13845.6 14968.6 12858.4 12181.9 16317.5 16267.7 14271.5
threshold=1.0000000180025095e-35 105.07400350000002 -2.0124999999999988 42.523274000000008 11.840655182291668 295.90254450000003 257.54432450000007 205.88845150000003 76.860677083333357 23.212500000000002 8.0129088345045254 266.38679650000006 24.531770833333336 75.375000000000014
decision_type=2 2 2 2 2 2 2 2 2 2 2 2 2 2
left_child=1 -1 6 -2 10 -4 -3 8 9 -8 12 -12 13 -5
right_child=3 2 5 4 -6 -7 7 -9 -10 -11 11 -13 -14 -15
leaf_value=0.020452243906864662 0.01514856292275772 -0.61292898306636245 -0.077332229593545826 -0.097646361689879002 0.45513029364425822 -0.9875784171819687 0.87320686373217349 -0.61851429965511062 -0.42649463015857719 -0.038275633726873974 -0.15831823181064125 0.45558301572674431 1.0954169169339267 0.35458572259963012
leaf_weight=3183 2545 566 1687 260 724 49 57 158 141 116 501 137 54 527
leaf_count=3183 2545 566 1687 260 724 49 57 158 141 116 501 137 54 527
internal_value=-0.000107311 -0.0965198 -0.230697 0.12085 0.242898 -0.103578 -0.442992 -0.238347 -0.0456968 0.265332 0.138769 -0.0259864 0.263638 0.205248
internal_weight=10705 5957 2774 4748 2203 1736 1038 472 314 173 1479 638 841 787
internal_count=10705 5957 2774 4748 2203 1736 1038 472 314 173 1479 638 841 787
is_linear=0
shrinkage=0.05


Tree=26
num_leaves=15
num_cat=0
split_feature=71 84 24 25 49 30 47 84 84 69 51 7 70 54
split_gain=45325.3 37148.8 25382.3 37321.1 22240.5 21007.4 20616.3 18499.7 17575.9 24394.7 16134.6 15919.6 15810.5 15618.7
threshold=-0.9875000000000006 86.770001500000021 278.11863750000003 109.2624300420939 3.5000000000000004 16.862500000000004 78.904947916666671 284.32638350000008 42.523274000000008 -1.3059802708333337 3.5000000000000004 174.11692250000002 15.02453855844171 0.87837969732492682
decision_type=2 2 2 2 2 2 2 2 2 2 2 2 2 2
left_child=1 -1 4 6 5 -3 11 8 -2 10 12 -4 13 -10
right_child=7 2 3 -5 -6 -7 -8 -9 9 -11 -12 -13 -14 -15
leaf_value=0.018022738532384008 0.013951757505859284 -0.95543364793947438 1.4522071857537542 -0.6221396944865033 -0.6981150935951691 -0.2060668406892904 -0.044635514596736196 -0.7257476545330408 0.12726119143567211 0.27541217995575906 -0.31177869293320098 0.39698961458159882 -0.28341943487456001 0.88215371714697943
leaf_weight=2361 3088 100 55 134 368 1285 150 68 289 2122 333 102 161 89
leaf_count=2361 3088 100 55 134 368 1285 150 68 289 2122 333 102 161 89
internal_value=-0.000100767 -0.119634 -0.267709 0.0712324 -0.352968 -0.260823 0.374914 0.0884364 0.0976572 0.183957 -0.038658 0.773503 0.130344 0.306859
internal_weight=10705 4555 2194 441 1753 1385 307 6150 6082 2994 872 157 539 378
internal_count=10705 4555 2194 441 1753 1385 307 6150 6082 2994 872 157 539 378
is_linear=0
shrinkage=0.05


Tree=27
num_leaves=15
num_cat=0
split_feature=71 84 71 84 69 84 69 31 70 31 47 76 58 71
split_gain=41037 30805.1 25027.3 20149 17070.9 14576.6 12690.8 11744.8 10947.2 19993.2 18081.7 14437.2 14221.3 10522.4
threshold=1.0000000180025095e-35 105.07400350000002 -2.0124999999999988 42.523274000000008 11.840655182291668 269.76935550000002 -26.462434338541666 18.012500000000003 16.669096937163683 22.987500000000004 68.669270833333357 3.5000000000000004 6.5439955000000092 3.5625000000000004
decision_type=2 2 2 2 2 2 2 2 2 2 2 2 2 2
left_child=1 -1 6 -2 13 -4 -3 -8 10 -10 -6 12 -11 -5
right_child=3 2 5 4 8 -7 7 -9 9 11 -12 -13 -14 -15
leaf_value=0.01865872428491425 0.013694117979701824 -0.79362907811742411 -0.021294877182556862 0.077188930139240344 1.2821065895605921 -0.38556095793521938 -1.019078324552168 -0.27520431127928108 1.1153630498852303 0.12360166593119125 0.27759066884949185 0.47679104090898072 -0.7991196326489719 0.51393855926278353
leaf_weight=3183 2545 173 1395 1326 85 341 56 809 66 196 95 230 52 153
leaf_count=3183 2545 173 1395 1326 85 341 56 809 66 196 95 230 52 153
internal_value=-9.89116e-05 -0.0874915 -0.209255 0.109542 0.220213 -0.0930279 -0.403363 -0.324484 0.418999 0.306173 0.756408 0.192348 -0.0723045 0.122687
internal_weight=10705 5957 2774 4748 2203 1736 1038 865 724 544 180 478 248 1479
internal_count=10705 5957 2774 4748 2203 1736 1038 865 724 544 180 478 248 1479
is_linear=0
shrinkage=0.05


Tree=28
num_leaves=15
num_cat=0
split_feature=71 84 24 25 49 47 30 84 84 36 7 69 7 51
split_gain=37316 30504.1 22342.4 33513.2 19969.5 18442.6 17529.8 16574.3 17946.4 23069 21166.5 19223.5 14475.6 12179.7
threshold=-0.9875000000000006 86.770001500000021 278.11863750000003 109.2624300420939 3.5000000000000004 78.904947916666671 16.862500000000004 274.29007000000007 42.523274000000008 22.658854166666671 197.73741500000003 7.8022829895833352 202.74317500000004 1.5000000000000002
decision_type=2 2 2 2 2 2 2 2 2 2 2 2 2 2
left_child=1 -1 4 5 6 12 -3 8 -2 -10 -11 -12 -4 -6
right_child=7 2 3 -5 13 -7 -8 -9 9 10 11 -13 -14 -15
leaf_value=0.016189442178160332 0.012526275577399291 -0.86993062360451967 1.2913717299203307 -0.58181774770220129 0.10012966165474307 -0.033860434375900701 -0.18540544380212254 -0.34696629999511663 -0.01305581753086396 0.449885356278382 -0.14827992763205231 0.31505866586561704 0.31985022322796697 -0.75952076937552104
leaf_weight=2361 3088 100 67 134 47 150 1285 218 959 975 394 516 90 321
leaf_count=2361 3088 100 67 134 47 150 1285 218 959 975 394 516 90 321
internal_value=-9.11397e-05 -0.10855 -0.24273 0.0752519 -0.322722 0.363009 -0.235422 0.0802434 0.0959991 0.186597 0.288125 0.114506 0.739998 -0.649755
internal_weight=10705 4555 2194 441 1753 307 1385 6150 5932 2844 1885 910 157 368
internal_count=10705 4555 2194 441 1753 307 1385 6150 5932 2844 1885 910 157 368
is_linear=0
shrinkage=0.05


Tree=29
num_leaves=15
num_cat=0
split_feature=84 71 84 71 84 31 84 42 65 83 73 58 24 69
split_gain=35305.3 33116.5 20690 26174.5 15999 16677.9 20566.3 15491 13710.5 12128.9 10992.3 14619.6 11530.6 10286.4
threshold=299.97504500000008 -1.0000000180025095e-35 86.770001500000021 -2.0124999999999988 42.523274000000008 21.112500000000004 252.47833200000002 86.875000000000014 4.2706661666666674 255.09913100000003 1.1250000000000002 -1.0000000180025095e-35 282.91039900000004 -13.746666145833332
decision_type=2 2 2 2 2 2 2 2 2 2 2 2 2 2
left_child=1 2 -1 9 -3 -6 7 -7 10 13 12 -12 -5 -4
right_child=-2 4 3 8 5 6 -8 -9 -10 -11 11 -13 -14 -15
leaf_value=0.016053246983444531 -1.1709304850548505 0.012186918890966909 -0.61989886661784521 -0.033037954369918424 -0.11356696265837765 0.29745712081726866 -0.0085916512475665719 0.96406282605102622 0.71279998356966601 0.098854700451897037 -0.61423999247727579 -0.09190184498986273 0.48868945510991924 -0.28806687705940942
leaf_weight=2748 63 2720 404 425 390 1453 593 92 56 123 161 777 140 560
leaf_count=2748 63 2720 404 425 390 1453 593 92 56 123 161 777 140 560
internal_value=-8.86085e-05 0.00695207 -0.0800412 -0.179808 0.0963637 0.186893 0.241728 0.337749 -0.0484268 -0.368021 -0.0772443 -0.182116 0.0968746 -0.427632
internal_weight=10705 10642 5394 2646 5248 2528 2138 1545 1559 1087 1503 938 565 964
internal_count=10705 10642 5394 2646 5248 2528 2138 1545 1559 1087 1503 938 565 964
is_linear=0
shrinkage=0.05


Tree=30
num_leaves=15
num_cat=0
split_feature=84 71 84 71 84 56 84 58 29 36 65 69 41 84
split_gain=31915.4 29892.6 18674.1 23630.6 14443 15593.8 15361.8 13714.4 13276.2 12856.4 12394.6 11615.9 11457.9 11334.5
threshold=299.97504500000008 -1.0000000180025095e-35 86.770001500000021 -2.0124999999999988 42.523274000000008 24.524234499999981 95.689753500000009 20.067717500000004 21.812500000000004 24.066145833333337 4.2706661666666674 -6.5245591822916653 72.875000000000014 252.77660250000002
decision_type=2 2 2 2 2 2 2 2 2 2 2 2 2 2
left_child=1 2 -1 -4 -3 6 9 11 -9 -6 -5 -8 -11 -13
right_child=-2 4 3 10 5 -7 7 8 -10 12 -12 13 -14 -15
leaf_value=0.015250876717670545 -1.1132987612858416 0.011577796401816755 -0.34965689605288552 -0.073390438718637055 0.21560034944047765 0.58813050478029083 -0.37447558449073276 -0.04164336253183358 -1.0500795381409782 0.32904859087590516 0.67778522380088502 0.24170196646255815 1.3010752520788074 -0.035004863414184628
leaf_weight=2748 63 2720 1087 1503 214 211 109 98 48 57 56 1188 66 537
leaf_count=2748 63 2720 1087 1503 214 211 109 98 48 57 56 1188 66 537
internal_value=-8.58138e-05 0.00660832 -0.0760422 -0.170824 0.0915565 0.177571 0.139945 0.0867148 -0.378072 0.451512 -0.0459907 0.123901 0.85691 0.155592
internal_weight=10705 10642 5394 2646 5248 2528 2317 1980 146 337 1559 1834 123 1725
internal_count=10705 10642 5394 2646 5248 2528 2317 1980 146 337 1559 1834 123 1725
is_linear=0
shrinkage=0.05


end of trees

feature_importances:
consumo_alvo_semana_anterior=112
temperatura_externa_c_diferenca_semana_atual=68
correcao_semanal_media_1440m=49
consumo_max_1440m=28
temperatura_externa_c_media_1440m=18
umidade_relativa_pct_media_1440m=13
consumo_diferenca_dia_atual=13
consumo_mean_1440m=12
origem_mes=10
correcao_semanal_std_1440m=9
correcao_semanal_media_180m=8
consumo_alvo_dia_anterior=8
consumo_lag_720m=7
temperatura_externa_c_lag_720m=7
consumo_std_1440m=6
temperatura_externa_c_lag_360m=6
consumo_diferenca_semana_atual=6
consumo_razao_semana_atual=6
umidade_relativa_pct_diferenca_semana_atual=6
consumo_lag_1440m=5
temperatura_externa_c_media_360m=4
correcao_semanal_media_60m=4
consumo_max_180m=3
umidade_relativa_pct_lag_360m=3
umidade_relativa_pct_media_180m=3
umidade_relativa_pct_media_360m=3
origem_dia_semana=3
consumo_mean_180m=2
consumo_max_360m=2
umidade_relativa_pct_lag_720m=2
origem_semana_sin=2
consumo_std_180m=1
temperatura_externa_c_lag_180m=1
umidade_relativa_pct_atual=1
origem_hora=1
alvo_dia_semana=1
alvo_semana_sin=1

parameters:
[boosting: gbdt]
[objective: regression]
[metric: l1]
[tree_learner: serial]
[device_type: cpu]
[data_sample_strategy: bagging]
[data: ]
[valid: ]
[num_iterations: 400]
[learning_rate: 0.05]
[num_leaves: 15]
[num_threads: 2]
[seed: 20260905]
[deterministic: 1]
[force_col_wise: 1]
[force_row_wise: 0]
[histogram_pool_size: -1]
[max_depth: -1]
[min_data_in_leaf: 40]
[min_sum_hessian_in_leaf: 0.001]
[bagging_fraction: 1]
[pos_bagging_fraction: 1]
[neg_bagging_fraction: 1]
[bagging_freq: 0]
[bagging_seed: 23218]
[bagging_by_query: 0]
[feature_fraction: 1]
[feature_fraction_bynode: 1]
[feature_fraction_seed: 28090]
[extra_trees: 0]
[extra_seed: 14360]
[early_stopping_round: 0]
[early_stopping_min_delta: 0]
[first_metric_only: 0]
[max_delta_step: 0]
[lambda_l1: 0]
[lambda_l2: 1]
[linear_lambda: 0]
[min_gain_to_split: 0]
[drop_rate: 0.1]
[max_drop: 50]
[skip_drop: 0.5]
[xgboost_dart_mode: 0]
[uniform_drop: 0]
[drop_seed: 16970]
[top_rate: 0.2]
[other_rate: 0.1]
[min_data_per_group: 100]
[max_cat_threshold: 32]
[cat_l2: 10]
[cat_smooth: 10]
[max_cat_to_onehot: 4]
[top_k: 20]
[monotone_constraints: ]
[monotone_constraints_method: basic]
[monotone_penalty: 0]
[feature_contri: ]
[forcedsplits_filename: ]
[refit_decay_rate: 0.9]
[cegb_tradeoff: 1]
[cegb_penalty_split: 0]
[cegb_penalty_feature_lazy: ]
[cegb_penalty_feature_coupled: ]
[path_smooth: 0]
[interaction_constraints: ]
[verbosity: -1]
[saved_feature_importance_type: 0]
[use_quantized_grad: 0]
[num_grad_quant_bins: 4]
[quant_train_renew_leaf: 0]
[stochastic_rounding: 1]
[linear_tree: 0]
[max_bin: 255]
[max_bin_by_feature: ]
[min_data_in_bin: 3]
[bin_construct_sample_cnt: 200000]
[data_random_seed: 5037]
[is_enable_sparse: 1]
[enable_bundle: 1]
[use_missing: 1]
[zero_as_missing: 0]
[feature_pre_filter: 1]
[pre_partition: 0]
[two_round: 0]
[header: 0]
[label_column: ]
[weight_column: ]
[group_column: ]
[ignore_column: ]
[categorical_feature: ]
[forcedbins_filename: ]
[precise_float_parser: 0]
[parser_config_file: ]
[objective_seed: 15411]
[num_class: 1]
[is_unbalance: 0]
[scale_pos_weight: 1]
[sigmoid: 1]
[boost_from_average: 1]
[reg_sqrt: 0]
[alpha: 0.9]
[fair_c: 1]
[poisson_max_delta_step: 0.7]
[tweedie_variance_power: 1.5]
[lambdarank_truncation_level: 30]
[lambdarank_norm: 1]
[label_gain: ]
[lambdarank_position_bias_regularization: 0]
[eval_at: ]
[multi_error_top_k: 1]
[auc_mu_weights: ]
[num_machines: 1]
[local_listen_port: 12400]
[time_out: 120]
[machine_list_filename: ]
[machines: ]
[gpu_platform_id: -1]
[gpu_device_id: -1]
[gpu_device_id_list: ]
[gpu_use_dp: 0]
[num_gpu: 1]

end of parameters

pandas_categorical:[]
