tree
version=v4
num_class=1
num_tree_per_iteration=1
label_index=0
max_feature_idx=84
objective=regression
feature_names=consumo_atual_kw consumo_lag_15m consumo_lag_30m consumo_lag_60m consumo_lag_120m consumo_lag_180m consumo_lag_360m consumo_lag_720m consumo_lag_1440m consumo_lag_10080m consumo_mean_60m consumo_min_60m consumo_max_60m consumo_std_60m consumo_mean_180m consumo_min_180m consumo_max_180m consumo_std_180m consumo_mean_360m consumo_min_360m consumo_max_360m consumo_std_360m consumo_mean_1440m consumo_min_1440m consumo_max_1440m consumo_std_1440m temperatura_externa_c_atual temperatura_externa_c_lag_15m temperatura_externa_c_lag_60m temperatura_externa_c_lag_180m temperatura_externa_c_lag_360m temperatura_externa_c_lag_720m temperatura_externa_c_lag_1440m temperatura_externa_c_media_60m temperatura_externa_c_media_180m temperatura_externa_c_media_360m temperatura_externa_c_media_1440m umidade_relativa_pct_atual umidade_relativa_pct_lag_15m umidade_relativa_pct_lag_60m umidade_relativa_pct_lag_180m umidade_relativa_pct_lag_360m umidade_relativa_pct_lag_720m umidade_relativa_pct_lag_1440m umidade_relativa_pct_media_60m umidade_relativa_pct_media_180m umidade_relativa_pct_media_360m umidade_relativa_pct_media_1440m origem_hora origem_dia_semana origem_fim_de_semana origem_mes origem_hora_sin origem_hora_cos origem_semana_sin origem_semana_cos consumo_diferenca_semana_atual consumo_razao_semana_atual consumo_diferenca_dia_atual tendencia_consumo_15m tendencia_consumo_60m tendencia_consumo_180m tendencia_consumo_360m correcao_semanal_media_60m correcao_semanal_std_60m correcao_semanal_media_180m correcao_semanal_std_180m correcao_semanal_media_360m correcao_semanal_std_360m correcao_semanal_media_1440m correcao_semanal_std_1440m temperatura_externa_c_diferenca_semana_atual temperatura_externa_c_tendencia_1h umidade_relativa_pct_diferenca_semana_atual umidade_relativa_pct_tendencia_1h alvo_hora alvo_dia_semana alvo_fim_de_semana alvo_mes alvo_hora_sin alvo_hora_cos alvo_semana_sin alvo_semana_cos consumo_alvo_dia_anterior consumo_alvo_semana_anterior
feature_infos=[22.399999999999999:324.71375799999998] [22.399999999999999:324.71375799999998] [22.399999999999999:324.71375799999998] [22.399999999999999:324.71375799999998] [22.399999999999999:324.71375799999998] [22.399999999999999:324.71375799999998] [22.399999999999999:324.71375799999998] [22.399999999999999:324.71375799999998] [22.399999999999999:324.71375799999998] [22.399999999999999:324.71375799999998] [22.399999999999999:321.24876725000001] [22.399999999999999:318.278571] [22.399999999999999:324.71375799999998] [0:82.540869055199337] [22.399999999999999:313.28577408333337] [22.399999999999999:302.53573799999998] [22.399999999999999:324.71375799999998] [0:92.970139865692389] [22.399999999999999:295.13563500000004] [22.399999999999999:249.29458700000001] [22.399999999999999:324.71375799999998] [0:116.53386463160022] [23.200000000000003:159.49963871874999] none [25.600000000000001:324.71375799999998] [1.3929144002343703:128.71471884334804] [15:33.700000000000003] [15:33.700000000000003] [15:33.700000000000003] [15:33.700000000000003] [15:33.700000000000003] [15:33.700000000000003] [15:33.700000000000003] [15:33.4375] [15:32.71875] [15.333333333333334:31.620833333333334] [16.439843749999998:27.283072916666669] [31:98] [31:98] [31:98] [31:98] [31:98] [31:98] [31:98] [32.5:95.625] [33.666666666666664:95.083333333333329] [37.041666666666664:94] [59.309895833333336:91.638020833333329] [0:23.75] [0:6] [0:1] [1:4] [-1:1] [-1:1] [-0.97492791218182362:0.97492791218182362] [-0.90096886790241903:1] [-72.635950000000008:77.445233000000002] [0.43630911779503978:2.09406877563422] [-291.363968:296.779246] [-121.30707899999999:153.05878799999999] [-124.27709300000001:153.05878799999999] [-180.63157299999997:268.16051600000003] [-299.363968:299.97924600000005] [-70.384351250000009:75.467424499999993] [0:44.359338508129341] [-67.777903583333341:70.921986416666655] [0:38.631403568061003] [-64.848194500000005:62.415354583333333] [0:37.083675449251288] [-34.945017510416669:27.905951093750001] [0:30.68446053870321] [-12:11.5] [-8:4.8000000000000007] [-49:48] [-30:40] [0:23.75] [0:6] [0:1] [1:4] [-1:1] [-1:1] [-0.97492791218182362:0.97492791218182362] [-0.90096886790241903:1] [22.399999999999999:324.71375799999998] [22.399999999999999:324.71375799999998]
tree_sizes=1441 1437 1444 1420 1432 1444 1431 1445 1427 1440 1439 1445 1438 1441 1449 1410 1427 1438 1433 1414 1443 1420 1439 1430 1431 1444 1451 1453 1440 1450 1439 1450 1443 1429 1432 1443 1430 1451 1434 1435 1452 1453 1438 1458 1437 1443 1451 1446 1444 1459 1431 1432 1422 1431 1444 1445 1452 1447

Tree=0
num_leaves=15
num_cat=0
split_feature=56 56 84 84 71 84 71 71 19 84 69 56 33 70
split_gain=788637 500533 276840 167218 125240 147333 104697 68078.8 56019.1 52901.9 96626.3 42570.2 33042.7 31048.7
threshold=-21.542102499999995 12.469554000000004 90.279017000000024 42.523274000000008 -1.0000000180025095e-35 97.281102000000018 -2.9875000000000003 4.4125000000000023 207.63607150000004 42.523274000000008 5.8223991614583346 -42.873081999999975 19.003125000000004 6.005958402809825e-07
decision_type=2 2 2 2 2 2 2 2 2 2 2 2 2 2
left_child=2 4 -1 -3 5 -2 12 -5 11 -6 13 -4 -7 -11
right_child=1 3 8 7 9 6 -8 -9 -10 10 -12 -13 -14 -15
leaf_value=-0.97257091904993265 -0.97371070924214032 -0.96958752211567334 -3.4055428180504137 -0.0069607168324063995 -0.96946620034405484 -2.9319906996270033 -1.3617782636386888 0.82157920917619864 -0.93233106575254088 0.041568821291941616 0.0095293309408079896 -2.5941514104588927 -1.9517247330919474 -0.94014516072792476
leaf_weight=297 2580 355 241 733 2318 134 1339 379 40 87 465 535 249 953
leaf_count=297 2580 355 241 733 2318 134 1339 379 40 87 465 535 249 953
internal_value=-1.02047 -0.874236 -2.27971 -0.0245513 -1.02775 -1.21279 -1.5708 0.27683 -2.75495 -0.819542 -0.588817 -2.84889 -2.29877 -0.85708
internal_weight=10705 9592 1113 1467 8125 4302 1722 1112 816 3823 1505 776 383 1040
internal_count=10705 9592 1113 1467 8125 4302 1722 1112 816 3823 1505 776 383 1040
is_linear=0
shrinkage=1


Tree=1
num_leaves=15
num_cat=0
split_feature=56 56 84 71 84 71 84 71 84 69 71 24 46 24
split_gain=712439 412368 231981 171553 150945 82490.1 82526.9 97620.2 63113.6 68379.2 62060.4 45717.6 37449.3 28471.9
threshold=-10.904794000000008 12.469554000000004 90.279017000000024 -3.2375000000000003 42.523274000000008 1.0000000180025095e-35 101.20867800000001 -2.9875000000000003 42.523274000000008 5.8223991614583346 5.1000000000000005 248.07883750000005 55.869791666666679 265.41215000000005
decision_type=2 2 2 2 2 2 2 2 2 2 2 2 2 2
left_child=2 5 -1 11 -3 6 -2 13 -7 -10 -6 -4 -5 -8
right_child=1 4 3 12 10 8 7 -9 9 -11 -12 -13 -14 -15
leaf_value=0.057534976113986759 0.044655036126268192 0.048343197222840924 -2.232420890499847 0.74843262896245843 0.99807027578493068 0.048449836712483929 -1.7385045021017895 -0.24088504601461391 0.23460035196343021 1.024437607391085 1.8340501280842869 -1.4291725132644162 -0.70451582636415344 -0.56119242468966712
leaf_weight=447 2745 355 296 48 802 2064 157 1225 813 413 310 468 484 78
leaf_count=447 2745 355 296 48 802 2064 157 1225 813 413 310 468 484 78
internal_value=-8.54686e-06 0.179902 -0.924629 -1.26317 0.946219 0.029804 -0.116909 -0.420495 0.217299 0.501289 1.23256 -1.74289 -0.572264 -1.35177
internal_weight=10705 8962 1743 1296 1467 7495 4205 1460 3290 1226 1112 764 532 235
internal_count=10705 8962 1743 1296 1467 7495 4205 1460 3290 1226 1112 764 532 235
is_linear=0
shrinkage=0.05


Tree=2
num_leaves=15
num_cat=0
split_feature=56 56 84 84 71 84 71 56 19 84 69 56 69 66
split_gain=646955 407408 228058 136257 102513 119948 84803.2 59180.3 48271.8 43693 81615.8 33177.3 31143.6 29182.1
threshold=-21.542102499999995 12.469554000000004 101.20867800000001 42.523274000000008 -1.0000000180025095e-35 97.281102000000018 -2.9875000000000003 28.185099000000026 207.63607150000004 42.523274000000008 11.26756466666667 -42.873081999999975 -1.0000000180025095e-35 1.9884283018599305
decision_type=2 2 2 2 2 2 2 2 2 2 2 2 2 2
left_child=2 4 -1 -3 5 -2 13 -5 11 -6 12 -4 -11 -7
right_child=1 3 8 7 9 6 -8 -9 -10 10 -12 -13 -14 -15
leaf_value=-0.0061748829512101302 0.042238943111649413 0.0459328279150336 -2.1701431944350569 0.84910840022348111 0.04605035268319687 -1.5413299062411152 -0.30839002825910533 1.5877093865851726 0.098673131989269733 -0.0081027660151342436 1.1673947982947319 -1.448604463475446 0.49817964264082726 -0.6573220124631598
leaf_weight=317 2580 355 241 629 2318 213 1339 483 40 683 276 515 546 170
leaf_count=317 2580 355 241 629 2318 213 1339 483 40 683 276 515 546 170
internal_value=-1.68446e-05 0.132429 -1.14055 0.899007 -0.00607304 -0.173477 -0.496511 1.17106 -1.59173 0.182302 0.391986 -1.68118 0.217042 -1.15168
internal_weight=10705 9592 1113 1467 8125 4302 1722 1112 796 3823 1505 756 1229 383
internal_count=10705 9592 1113 1467 8125 4302 1722 1112 796 3823 1505 756 1229 383
is_linear=0
shrinkage=0.05


Tree=3
num_leaves=15
num_cat=0
split_feature=56 56 84 84 71 84 71 71 45 69 84 56 33 84
split_gain=584039 367762 205965 122995 93752.5 129408 55015 53168.4 44461.2 29938.1 79112.9 28848.6 24025.2 23506.9
threshold=-21.542102499999995 12.469554000000004 98.435303500000018 42.523274000000008 -0.9875000000000006 107.3693865 3.837499999999999 -2.9875000000000003 57.427083333333336 11.840655182291668 42.523274000000008 -39.120545499999984 19.003125000000004 284.32638350000008
decision_type=2 2 2 2 2 2 2 2 2 2 2 2 2 2
left_child=2 4 -1 -3 5 -2 -5 12 -4 -6 -11 -10 -7 -9
right_child=1 3 8 6 9 7 -8 13 11 10 -12 -13 -14 -15
leaf_value=0.00874206348298452 0.027600485720113088 0.043642637686113296 0.11536283576633873 0.81231016885420237 0.082464200495550755 -1.6944142231127111 1.5278218674141706 -0.34352929898419643 -1.9692093131225858 0.043712339089860233 1.0762546753315008 -1.3322900531138038 -0.82289286601575129 -1.5177143794629311
leaf_weight=311 2198 355 40 647 3874 122 465 851 308 512 290 454 234 44
leaf_count=311 2198 355 40 647 3874 122 465 851 308 512 290 454 234 44
internal_value=-2.4434e-05 0.125817 -1.08368 0.854141 -0.00577407 -0.203502 1.11262 -0.609247 -1.50678 0.140082 0.417951 -1.59198 -1.12547 -0.402884
internal_weight=10705 9592 1113 1467 8125 3449 1112 1251 802 4676 802 762 356 895
internal_count=10705 9592 1113 1467 8125 3449 1112 1251 802 4676 802 762 356 895
is_linear=0
shrinkage=0.05


Tree=4
num_leaves=15
num_cat=0
split_feature=56 56 84 71 84 71 84 52 71 71 71 24 84 46
split_gain=529475 299157 167957 144122 111428 71221 64767.8 62342.8 58141 52658.4 38530.1 37389.2 34362.1 30524.3
threshold=-9.1773025000000015 17.861913499999996 101.20867800000001 -3.2375000000000003 42.523274000000008 0.16249999999999967 42.523274000000008 0.81241147629689026 -2.4875000000000003 2.2375000000000012 3.7125000000000008 248.07883750000005 95.909264000000022 55.869791666666679
decision_type=2 2 2 2 2 2 2 2 2 2 2 2 2 2
left_child=2 5 -1 11 -3 7 -7 -2 12 -8 -6 -4 -9 -5
right_child=1 4 3 13 10 6 9 8 -10 -11 -12 -13 -14 -15
leaf_value=0.0079292078410958967 0.021460290495742204 0.041437022115143253 -1.9502393444513872 0.66427412273155317 0.84515586933416076 0.040079102054038883 0.27928792904272443 -0.033649455649512154 -0.20750757712084666 0.95324615687311853 1.507144536489414 -1.2237455259731749 -1.3790969568226725 -0.58270374507904588
leaf_weight=518 3118 283 294 53 441 2091 971 62 785 413 449 470 202 555
leaf_count=518 3118 283 294 53 441 2091 971 62 785 413 449 470 202 555
internal_value=-4.16187e-05 0.162801 -0.759229 -1.04867 0.905913 0.0486346 0.215753 -0.0907493 -0.423979 0.480947 1.18044 -1.5055 -1.06444 -0.473091
internal_weight=10705 8815 1890 1372 1173 7642 3475 4167 1049 1384 890 764 264 608
internal_count=10705 8815 1890 1372 1173 7642 3475 4167 1049 1384 890 764 264 608
is_linear=0
shrinkage=0.05


Tree=5
num_leaves=15
num_cat=0
split_feature=56 56 84 84 71 84 71 56 84 69 19 33 56 71
split_gain=479444 299854 169902 99784.5 76205.6 82780.9 73034.5 50619.4 50325.4 53156.6 37641.2 28092.7 27786.2 25013.7
threshold=-21.542102499999995 11.821706499999992 90.279017000000024 42.523274000000008 0.4124999999999997 103.45563000000001 -2.3625000000000003 28.185099000000026 42.523274000000008 -1.0000000180025095e-35 207.63607150000004 19.003125000000004 -40.700866499999997 2.1625000000000001
decision_type=2 2 2 2 2 2 2 2 2 2 2 2 2 2
left_child=2 4 -1 -3 5 -2 11 -5 -6 -10 12 -7 -4 -11
right_child=1 3 10 7 8 6 -8 -9 9 13 -12 -13 -14 -15
leaf_value=0.042119706112066377 0.037409180715017365 0.039427549438933805 -1.8281034233486446 0.70405026572183349 0.038051970124800299 -1.5017846681970233 -0.20227298714734682 1.3792062455634317 0.065765458563825888 0.50617360104718867 0.13830607984124163 -0.66273899122757818 -1.1988423989730572 1.1578455203100138
leaf_weight=297 3068 364 284 662 1930 140 1497 483 477 370 40 354 492 247
leaf_count=297 3068 364 284 662 1930 140 1497 483 477 370 40 354 492 247
internal_value=-4.42885e-05 0.113973 -0.981882 0.760737 -0.00684931 -0.125538 -0.376521 0.989809 0.191686 0.46244 -1.35418 -0.903079 -1.4312 0.768505
internal_weight=10705 9592 1113 1509 8083 5059 1991 1145 3024 1094 816 494 776 617
internal_count=10705 9592 1113 1509 8083 5059 1991 1145 3024 1094 816 494 776 617
is_linear=0
shrinkage=0.05


Tree=6
num_leaves=15
num_cat=0
split_feature=56 56 84 71 84 71 84 52 71 71 71 24 84 84
split_gain=433616 244897 138391 120875 91241.1 57729.5 52596 52205.6 47999.4 43527 33343.5 32721.9 31136.8 24688.1
threshold=-9.1773025000000015 17.861913499999996 90.279017000000024 -3.3625000000000003 42.523274000000008 0.16249999999999967 42.523274000000008 0.81241147629689026 -2.9875000000000003 2.2375000000000012 3.7125000000000008 248.07883750000005 287.58038500000004 90.85420950000001
decision_type=2 2 2 2 2 2 2 2 2 2 2 2 2 2
left_child=2 5 -1 11 -3 7 -7 -2 13 -8 -6 -4 -5 -9
right_child=1 4 3 12 10 6 9 8 -10 -11 -12 -13 -14 -15
leaf_value=0.052369572532804387 0.021215255531169173 0.037408031397302387 -1.7901982887751526 -0.33648692022317839 0.7563381670738204 0.036173751779313749 0.25012463396230672 0.015880629149350255 -0.21507273897575382 0.86285844985170712 1.3719246966006855 -1.1045631137704517 -1.5600918458219162 -1.3240100200892542
leaf_weight=474 3118 283 287 608 441 2091 971 43 836 413 449 465 56 170
leaf_count=474 3118 283 287 608 441 2091 971 43 836 413 449 465 56 170
internal_value=-4.80769e-05 0.147318 -0.687083 -0.934474 0.819669 0.044023 0.194482 -0.0814665 -0.386403 0.433462 1.06809 -1.36826 -0.441873 -1.05471
internal_weight=10705 8815 1890 1416 1173 7642 3475 4167 1049 1384 890 752 664 213
internal_count=10705 8815 1890 1416 1173 7642 3475 4167 1049 1384 890 752 664 213
is_linear=0
shrinkage=0.05


Tree=7
num_leaves=15
num_cat=0
split_feature=56 56 84 84 84 71 84 56 71 84 69 71 71 25
split_gain=393769 247597 140470 81382.4 69790 55925.7 68417.2 42700.3 41685.3 29011.9 61536.9 31574.7 22104.6 23173.2
threshold=-23.553458499999994 11.821706499999992 115.84008950000002 42.523274000000008 272.99706500000008 -0.9875000000000006 94.927944500000009 28.185099000000026 -2.9875000000000003 42.523274000000008 -1.0000000180025095e-35 1.7125000000000006 -5.0124999999999984 95.41747064970518
decision_type=2 2 2 2 2 2 2 2 2 2 2 2 2 2
left_child=2 4 -1 -3 5 6 -2 -5 -8 -7 -11 -12 13 -4
right_child=1 3 12 7 -6 9 8 -9 -10 10 11 -13 -14 -15
leaf_value=-0.13419943332507464 0.035937770943994432 0.035640728424673217 -2.0190551194738835 0.6315165239092676 -0.67707972906649427 0.035312521462048378 -0.8959784827290902 1.2515365576879545 -0.24568126994109579 -0.015193891858099124 0.35451513361122 0.96358073625702534 -1.0573837302864417 -1.1758296837886939
leaf_weight=361 2133 364 187 662 373 2723 349 483 837 833 583 336 326 155
leaf_count=361 2133 364 187 662 373 2723 349 483 837 833 583 336 326 155
internal_value=-5.93399e-05 0.0988655 -0.929472 0.687052 -0.00988331 0.0221297 -0.133368 0.893926 -0.437636 0.137463 0.296116 0.578004 -1.35841 -1.64143
internal_weight=10705 9676 1029 1509 8167 7794 3319 1145 1186 4475 1752 919 668 342
internal_count=10705 9676 1029 1509 8167 7794 3319 1145 1186 4475 1752 919 668 342
is_linear=0
shrinkage=0.05


Tree=8
num_leaves=15
num_cat=0
split_feature=56 56 84 84 71 84 71 71 19 69 84 66 84 56
split_gain=355537 224320 127449 73141.1 68785.8 88097.7 32327.4 30918.3 27345.4 21469.2 56824.4 19550.8 19542.4 18648
threshold=-23.553458499999994 16.209390000000003 90.279017000000024 42.523274000000008 -0.9875000000000006 107.3693865 -2.8499999999999992 5.1000000000000005 205.72067600000003 11.840655182291668 42.523274000000008 2.1381821992115433 282.33339050000006 -42.873081999999975
decision_type=2 2 2 2 2 2 2 2 2 2 2 2 2 2
left_child=2 4 -1 -3 5 -2 11 -5 13 -6 -11 -7 -8 -4
right_child=1 3 8 7 9 6 12 -9 -10 10 -12 -13 -14 -15
leaf_value=0.045098518965008494 0.023659921456713046 0.033792922466993329 -1.6570225257332585 0.7338991147177365 0.074350745113685848 -1.1890928116165131 -0.26860531516816333 1.3467491364381354 -0.0064750068717532696 0.034440475853823004 0.88078376564053285 -0.48821052915648261 -1.2774244584289252 -1.1055704771964743
leaf_weight=272 2229 299 237 654 4042 216 848 304 44 530 316 188 50 476
leaf_count=272 2229 299 237 654 4042 216 848 304 44 530 316 188 50 476
internal_value=-6.9973e-05 0.0939298 -0.883212 0.716693 0.000873936 -0.167253 -0.49386 0.929575 -1.21639 0.122335 0.351235 -0.86495 -0.326134 -1.29094
internal_weight=10705 9676 1029 1257 8419 3531 1302 958 757 4888 846 404 898 713
internal_count=10705 9676 1029 1257 8419 3531 1302 958 757 4888 846 404 898 713
is_linear=0
shrinkage=0.05


Tree=9
num_leaves=15
num_cat=0
split_feature=56 56 84 84 71 84 71 84 71 71 66 84 71 25
split_gain=320963 203021 116561 67631.7 65489.6 63279.1 50958.8 40389.1 35296.2 26870.9 21271.8 20971 19959.3 20151.2
threshold=-23.553458499999994 17.861913499999996 114.77142200000002 42.523274000000008 0.16249999999999967 103.45563000000001 -2.3625000000000003 42.523274000000008 2.212499999999999 3.837499999999999 1.9884283018599305 287.58038500000004 -5.0124999999999984 95.41747064970518
decision_type=2 2 2 2 2 2 2 2 2 2 2 2 2 2
left_child=2 4 -1 -3 5 -2 10 -6 -9 -5 -7 -8 13 -4
right_child=1 3 12 9 7 6 11 8 -10 -11 -12 -13 -14 -15
leaf_value=-0.10068816420207956 0.031926795533515698 0.032084757383440583 -1.8423692323543408 0.65141113946777962 0.029340917409490082 -1.0710292524017195 -0.14152195981646951 0.21428302556741985 0.76134452635167749 1.2040190845892145 -0.43590135146622305 -1.1740993510566506 -0.94103864612068966 -1.0592429826214056
leaf_weight=352 3006 283 188 460 2095 262 1394 1011 416 430 269 50 333 156
leaf_count=352 3006 283 188 460 2095 262 1394 1011 416 430 269 50 333 156
internal_value=-7.96435e-05 0.0892328 -0.839183 0.705575 0.00413467 -0.11254 -0.332326 0.169127 0.374184 0.919453 -0.750703 -0.178064 -1.22244 -1.49133
internal_weight=10705 9676 1029 1173 8503 4981 1975 3522 1427 890 531 1444 677 344
internal_count=10705 9676 1029 1173 8503 4981 1975 3522 1427 890 531 1444 677 344
is_linear=0
shrinkage=0.05


Tree=10
num_leaves=15
num_cat=0
split_feature=56 56 84 71 84 71 52 84 69 71 46 71 24 46
split_gain=290583 166837 99317 74872.9 61954 42223.3 38152.7 36481.7 33244 32760.8 25516.3 25182.9 22800.1 20031.4
threshold=-10.904794000000008 18.240221500000022 90.279017000000024 -3.2375000000000003 42.523274000000008 0.16249999999999967 0.81241147629689026 42.523274000000008 -1.0000000180025095e-35 -2.4875000000000003 55.869791666666679 3.7125000000000008 248.07883750000005 59.750000000000007
decision_type=2 2 2 2 2 2 2 2 2 2 2 2 2 2
left_child=2 5 -1 12 -3 6 -2 -7 -9 -8 -5 13 -4 -6
right_child=1 4 3 10 11 7 9 8 -10 -11 -12 -13 -14 -15
leaf_value=0.052011795624691465 0.012370859160570496 0.030485403949910023 -1.4741451143566207 0.73338449111170312 -0.14384063408282158 0.027876947286934357 -0.81090740466754496 0.055738422491509398 0.55141000066905521 -0.17164205860414161 -0.46503788306349025 1.149499144432877 -0.90805699480161362 0.76338109048212233
leaf_weight=447 3236 281 296 48 73 2092 267 558 859 798 484 442 468 356
leaf_count=447 3236 281 296 48 73 2092 267 558 859 798 484 442 468 356
internal_value=-9.36036e-05 0.114806 -0.5906 -0.812111 0.676243 0.031916 -0.0730871 0.160603 0.356397 -0.332519 -0.355736 0.884302 -1.12902 0.60903
internal_weight=10705 8962 1743 1296 1152 7810 4301 3509 1417 1065 532 871 764 429
internal_count=10705 8962 1743 1296 1152 7810 4301 3509 1417 1065 532 871 764 429
is_linear=0
shrinkage=0.05


Tree=11
num_leaves=15
num_cat=0
split_feature=56 56 84 84 84 71 84 47 33 22 84 69 71 36
split_gain=263358 165257 97023.3 54890.6 54502.6 37847.4 47211.2 34594 32623.9 28337.3 21046.1 48262.7 22628.6 19068.7
threshold=-23.553458499999994 11.517540500000004 115.84008950000002 42.523274000000008 272.99706500000008 -0.9875000000000006 93.166234000000017 71.019531250000014 19.065625000000004 144.3220852135417 42.523274000000008 -1.0000000180025095e-35 1.2624999999999995 24.593229166666671
decision_type=2 2 2 2 2 2 2 2 2 2 2 2 2 2
left_child=2 4 -1 -3 5 6 -2 9 -8 -5 -7 -12 -13 -9
right_child=1 3 -4 7 -6 10 8 13 -10 -11 11 12 -14 -15
leaf_value=-0.099271206582448757 0.032971670331042667 0.028894330501236798 -1.1166583242649366 1.395078126816732 -0.59834018556032598 0.027697020381228211 -0.87065537506714463 0.59995364428919162 -0.22580140970805021 0.53323049391342314 -0.025255473016547444 0.29501006026408411 0.80316388660991511 -0.28116199514445139
leaf_weight=361 2125 372 668 270 373 2715 247 671 944 150 831 542 369 67
leaf_count=361 2125 372 668 270 373 2715 247 671 944 150 831 542 369 67
internal_value=-9.1712e-05 0.08081 -0.760175 0.557421 -0.00876552 0.0195995 -0.108293 0.727035 -0.360155 1.08927 0.114754 0.250343 0.501492 0.519689
internal_weight=10705 9676 1029 1530 8146 7773 3316 1158 1191 420 4457 1742 911 738
internal_count=10705 9676 1029 1530 8146 7773 3316 1158 1191 420 4457 1742 911 738
is_linear=0
shrinkage=0.05


Tree=12
num_leaves=15
num_cat=0
split_feature=56 56 84 71 84 71 84 52 71 69 84 71 24 36
split_gain=238176 134880 79925 71112.9 50982.8 32882.6 32465.8 32052.9 29760.4 26113.5 25769.3 21748.9 20938.6 19910.9
threshold=-9.1773025000000015 18.240221500000022 90.279017000000024 -3.6499999999999999 42.523274000000008 0.4124999999999997 42.523274000000008 0.81241147629689026 -2.4875000000000003 11.840655182291668 287.58038500000004 3.7125000000000008 248.07883750000005 24.573697916666671
decision_type=2 2 2 2 2 2 2 2 2 2 2 2 2 2
left_child=2 5 -1 12 -3 7 -7 -2 -9 -8 13 -6 -4 -5
right_child=1 4 3 10 11 6 9 8 -10 -11 -12 -13 -14 -15
leaf_value=0.05265619687343899 0.022197173627185939 0.027526944452989189 -1.3966625416617253 -0.32589472308925665 0.54634280398081947 0.025134441254275598 0.2261535200058237 -0.75135832716833884 -0.14355012875628656 0.76368236514608479 -1.315879636810672 1.0484668877337373 -0.83291221405613369 0.7330529858047764
leaf_weight=474 3261 281 272 599 429 1988 1018 264 842 290 61 442 437 47
leaf_count=474 3261 281 272 599 429 1988 1018 264 842 290 61 442 437 47
internal_value=-8.47981e-05 0.109133 -0.509269 -0.697275 0.613322 0.0332671 0.152464 -0.0567114 -0.28918 0.345823 -0.341716 0.802062 -1.05085 -0.247837
internal_weight=10705 8815 1890 1416 1152 7663 3296 4367 1106 1308 707 871 709 646
internal_count=10705 8815 1890 1416 1152 7663 3296 4367 1106 1308 707 871 709 646
is_linear=0
shrinkage=0.05


Tree=13
num_leaves=15
num_cat=0
split_feature=56 56 84 84 84 71 84 33 12 73 37 71 25 84
split_gain=216099 135933 80531.9 46721.4 46022.8 38315.9 41584.6 27863.5 24193.4 20225 20043.3 16007.3 16417.4 14776.1
threshold=-23.553458499999994 18.240221500000022 115.84008950000002 275.36804450000005 42.523274000000008 -0.9875000000000006 87.697902500000012 19.065625000000004 274.50906300000003 -7.6249999999999991 53.375000000000007 -4.9874999999999998 95.41747064970518 42.523274000000008
decision_type=2 2 2 2 2 2 2 2 2 2 2 2 2 2
left_child=2 3 -1 5 -3 6 -2 -8 13 -6 -10 12 -4 -7
right_child=1 4 11 -5 9 8 7 -9 10 -11 -12 -13 -14 -15
leaf_value=-0.086493171973781702 0.033702653911650268 0.026155479358020407 -1.5497342052269103 -0.60339466197080305 1.0001852423475206 0.0253334723131536 -0.79160555536538713 -0.20984431793482164 1.6330999224082285 0.51607005004349693 0.31795626915071484 -0.73699755866002914 -0.87099907544987476 0.20531392864295783
leaf_weight=361 2102 281 196 304 441 2805 258 1009 45 430 80 299 173 1921
leaf_count=361 2102 281 196 304 441 2805 258 1009 45 430 80 299 173 1921
internal_value=-8.67272e-05 0.0731976 -0.688603 0.00427553 0.582727 0.0268196 -0.102698 -0.32884 0.116772 0.762051 0.800612 -1.01338 -1.23473 0.098519
internal_weight=10705 9676 1029 8524 1152 8220 3369 1267 4851 871 125 668 369 4726
internal_count=10705 9676 1029 8524 1152 8220 3369 1267 4851 871 125 668 369 4726
is_linear=0
shrinkage=0.05


Tree=14
num_leaves=15
num_cat=0
split_feature=56 56 84 71 84 71 84 52 69 69 46 71 46 24
split_gain=195374 109762 66623.8 59498.5 41545.3 27720.7 27516.5 27295.6 27155.2 23800.1 20282.8 18425.8 18162.1 17408.5
threshold=-9.1773025000000015 18.240221500000022 90.279017000000024 -3.3625000000000003 42.523274000000008 0.4124999999999997 42.523274000000008 0.81241147629689026 -20.992930640624994 -1.0000000180025095e-35 55.869791666666679 3.7125000000000008 59.750000000000007 248.07883750000005
decision_type=2 2 2 2 2 2 2 2 2 2 2 2 2 2
left_child=2 5 -1 13 -3 7 -7 -2 -9 -8 -5 12 -6 -4
right_child=1 4 3 10 11 6 9 8 -10 -11 -12 -13 -14 -15
leaf_value=0.051777279270322697 0.020595836284694451 0.024852341778100806 -1.244665314239036 0.64274801159346551 -0.22717902519412944 0.022612314507582488 0.046555049924510802 -0.99425134954245198 -0.18222534325837147 0.48545992279941008 -0.36895111876431841 0.95080068496730752 0.63575637796502404 -0.74522828566781829
leaf_weight=474 3261 281 287 53 73 1988 500 114 992 808 611 442 356 465
leaf_count=474 3261 281 287 53 73 1988 500 114 992 808 611 442 356 465
internal_value=-8.74869e-05 0.0988315 -0.461256 -0.632907 0.553657 0.030393 0.139835 -0.0522219 -0.266747 0.317847 -0.287353 0.724035 0.48873 -0.937238
internal_weight=10705 8815 1890 1416 1152 7663 3296 4367 1106 1308 664 871 429 752
internal_count=10705 8815 1890 1416 1152 7663 3296 4367 1106 1308 664 871 429 752
is_linear=0
shrinkage=0.05


Tree=15
num_leaves=15
num_cat=0
split_feature=71 84 56 71 84 39 24 43 25 73 84 84 83 31
split_gain=178536 159506 78298 53819.7 37818.6 24767.9 20279 18287.9 23537.9 17706.1 16897.5 15243.3 12593 11290.3
threshold=-1.1874999999999998 107.3693865 18.240221500000022 -3.6499999999999999 63.145266500000005 51.625000000000007 248.07883750000005 47.625000000000007 105.44105271275394 -7.6249999999999991 287.58038500000004 276.10256350000003 243.71421300000003 20.212500000000002
decision_type=2 2 2 2 2 2 2 2 2 2 2 2 2 2
left_child=1 -1 7 6 -4 -5 -3 8 -2 13 12 -9 -7 -6
right_child=2 3 4 5 9 10 -8 11 -10 -11 -12 -13 -14 -15
leaf_value=0.015802783014464427 0.13216354184851206 -1.247503563500941 0.036806485962135392 0.7440184737852914 0.37672861833125354 -0.52723682069420519 -0.72446666653907188 0.075537525151395057 1.4094787449672306 0.46669689286586852 -1.2256923089897822 -0.4321637952406156 -0.12346240814456109 1.0447704200900858
leaf_weight=2120 96 319 292 46 79 509 458 5425 57 429 62 151 312 350
leaf_count=2120 96 319 292 46 79 509 458 5425 57 429 62 151 312 350
internal_value=-8.72296e-05 -0.273843 0.15219 -0.633577 0.528511 -0.376112 -0.940529 0.0765702 0.614089 0.695614 -0.435241 0.0617138 -0.37413 0.922913
internal_weight=10705 3826 6879 1706 1150 929 777 5729 153 858 883 5576 821 429
internal_count=10705 3826 6879 1706 1150 929 777 5729 153 858 883 5576 821 429
is_linear=0
shrinkage=0.05


Tree=16
num_leaves=15
num_cat=0
split_feature=71 84 71 56 84 84 24 43 25 73 45 83 84 80
split_gain=161713 134830 66538.3 64618.9 36201.1 23563 18310.4 16297.5 21780 15554.7 15091.2 13230.1 10708.9 14128.6
threshold=-0.9875000000000006 107.3693865 -3.6499999999999999 19.878724000000009 63.145266500000005 287.58038500000004 248.07883750000005 47.125000000000007 105.44105271275394 -7.8749999999999991 53.552083333333336 246.65161950000001 278.81235800000007 -0.2269546835593246
decision_type=2 2 2 2 2 2 2 2 2 2 2 2 2 2
left_child=1 -1 6 7 -5 10 -3 8 -2 -6 -4 -12 13 -9
right_child=3 2 5 4 9 -7 -8 12 -10 -11 11 -13 -14 -15
leaf_value=0.016454053901668795 0.13002039970057766 -1.1853232954628765 0.44308568005626264 0.035435855451826495 0.91549906997864405 -1.1814623608357377 -0.68832225327244068 0.1839272161153177 1.4508731704059186 0.46724021096822699 -0.43238517148406425 -0.07475366049421521 -0.47811760713072388 0.012427126264806257
leaf_weight=2540 81 319 73 282 398 71 458 2147 50 384 674 420 84 2724
leaf_count=2540 81 319 73 282 398 71 458 2147 50 384 674 420 84 2724
internal_value=-8.27671e-05 -0.225865 -0.531176 0.167153 0.521315 -0.303154 -0.893629 0.0929734 0.641335 0.69626 -0.248753 -0.29528 0.0783494 0.0880418
internal_weight=10705 4555 2015 6150 1064 1238 777 5086 131 782 1167 1094 4955 4871
internal_count=10705 4555 2015 6150 1064 1238 777 5086 131 782 1167 1094 4955 4871
is_linear=0
shrinkage=0.05


Tree=17
num_leaves=15
num_cat=0
split_feature=56 56 84 84 84 69 56 84 71 83 19 43 37 21
split_gain=146936 93180.4 56755.1 34377.7 33003.3 25116.2 23691.6 22751 30193.2 21355.4 18921.7 15164.6 14605.7 15549.8
threshold=-24.699054999999998 8.0181919999999725 90.279017000000024 272.99706500000008 42.523274000000008 -0.28348833333333345 29.441422500000005 81.513918500000003 -2.0999999999999992 140.38246050000001 205.72067600000003 47.625000000000007 43.625000000000007 59.224387739361326
decision_type=2 2 2 2 2 2 2 2 2 2 2 2 2 2
left_child=2 3 -1 5 -3 7 12 -2 -9 -7 -4 -11 -6 -14
right_child=1 4 10 -5 6 9 -8 8 -10 11 -12 -13 13 -15
leaf_value=0.049623018446530685 0.027673501438806505 0.019237729327546228 -0.87275522126111249 -0.48019050523042683 1.205313140032243 0.033223388722588426 0.82140659989724907 -0.61604186683560769 -0.10552382150812584 0.9941784075083766 0.20435075990178367 0.24658587481074493 0.14992991354858992 0.6113467404015468
leaf_weight=262 1925 440 682 374 48 3199 434 380 1210 73 43 838 514 283
leaf_count=262 1925 440 682 374 48 3199 434 380 1210 73 43 838 514 283
internal_value=-8.04292e-05 0.0589761 -0.581022 -0.012813 0.392844 0.0101714 0.521257 -0.0879414 -0.227845 0.0940816 -0.808678 0.307516 0.366308 0.314331
internal_weight=10705 9718 987 7999 1719 7625 1279 3515 1590 4110 725 911 845 797
internal_count=10705 9718 987 7999 1719 7625 1279 3515 1590 4110 725 911 845 797
is_linear=0
shrinkage=0.05


Tree=18
num_leaves=15
num_cat=0
split_feature=71 84 71 84 71 24 84 69 73 57 67 84 66 44
split_gain=134360 83551.1 99910.8 77361.3 35567.7 22746.9 22679.7 15872.9 14223.3 18748.2 12049 11553.1 11141.5 10949.4
threshold=0.90000000000000047 101.20867800000001 -2.8499999999999992 42.523274000000008 2.212499999999999 248.07883750000005 282.33339050000006 11.840655182291668 18.625000000000004 0.98041328011523976 0.052796583333333487 256.70084200000008 1.4117587496538684 84.156250000000014
decision_type=2 2 2 2 2 2 2 2 2 2 2 2 2 2
left_child=1 -1 5 -2 13 -3 8 -6 9 -4 -7 -9 -11 -5
right_child=3 2 6 4 7 10 -8 11 -10 12 -12 -13 -14 -15
leaf_value=0.02417270368014433 0.014385314590011572 -1.0012728834878086 -0.15412775490827224 0.1290279670613183 0.46563472961483543 -0.59496564567463484 -0.78735789103167397 0.92156190125525128 -0.8672709709947759 0.8548639134086411 0.17563891490655287 0.088693163020813717 0.11947826712867925 0.62099659299684895
leaf_weight=3671 2037 426 1277 703 604 596 118 462 54 57 55 46 465 134
leaf_count=3671 2037 426 1277 703 604 596 118 462 54 57 55 46 465 134
internal_value=-6.572e-05 -0.136496 -0.329949 0.229884 0.45499 -0.716978 -0.118211 0.640216 -0.0751975 -0.0509535 -0.529691 0.846467 0.20126 0.208437
internal_weight=10705 6719 3048 3986 1949 1077 1971 1112 1853 1799 651 508 522 837
internal_count=10705 6719 3048 3986 1949 1077 1971 1112 1853 1799 651 508 522 837
is_linear=0
shrinkage=0.05


Tree=19
num_leaves=15
num_cat=0
split_feature=71 84 71 16 37 84 69 84 24 45 22 65 70 9
split_gain=121972 101932 51166.9 49231.8 29078.3 20972.3 18146.7 37321.7 15808.2 14608.5 14277.8 11236.3 11007 12193.1
threshold=-0.9875000000000006 107.3693865 -3.9875000000000003 275.10399300000006 53.125000000000007 295.90254450000003 11.840655182291668 42.523274000000008 248.07883750000005 53.552083333333336 133.23735208854171 1.4186220000000034 20.762038324507092 263.38003000000009
decision_type=2 2 2 2 2 2 2 2 2 2 2 2 2 2
left_child=1 -1 8 6 -5 9 -2 -8 -3 -4 -9 -12 13 -6
right_child=3 2 5 4 12 -7 7 10 -10 -11 11 -13 -14 -15
leaf_value=0.014544232900004098 0.046018348731800753 -1.0822888366117771 0.4395962846906562 1.0297199633183345 0.37184003867066134 -1.2881510019302369 0.017179295190383755 1.4325642310248483 -0.60272769050109531 -0.27628761435211513 0.77135687979734002 0.28698855507718302 0.86711397951916802 -0.27281481338432062
leaf_weight=2540 4250 293 75 211 312 48 670 44 429 1170 212 278 78 95
leaf_count=2540 4250 293 75 211 312 48 670 44 429 1170 212 278 78 95
internal_value=-6.23893e-05 -0.196148 -0.461611 0.145177 0.540887 -0.272985 0.0945895 0.26586 -0.79857 -0.232844 0.57726 0.497696 0.326539 0.221068
internal_weight=10705 4555 2015 6150 696 1293 5454 1204 722 1245 534 490 485 407
internal_count=10705 4555 2015 6150 696 1293 5454 1204 722 1245 534 490 485 407
is_linear=0
shrinkage=0.05


Tree=20
num_leaves=15
num_cat=0
split_feature=71 84 71 84 71 84 24 69 24 10 15 46 43 44
split_gain=111071 68691.2 81825.9 65254.5 30152.2 19581.6 19100.4 14125.2 13559.7 16562.8 17220.9 11757.5 9887.8 9884.87
threshold=0.90000000000000047 101.20867800000001 -2.8499999999999992 42.523274000000008 2.212499999999999 282.33339050000006 248.07883750000005 -3.1892625312499994 278.64649100000008 279.38317225000009 208.76132850000002 89.864583333333357 51.375000000000007 84.156250000000014
decision_type=2 2 2 2 2 2 2 2 2 2 2 2 2 2
left_child=1 -1 6 -2 13 8 -3 -6 -4 10 -10 -8 -9 -5
right_child=3 2 5 4 7 -7 11 12 9 -11 -12 -13 -14 -15
leaf_value=0.021586839054431664 0.011104020790891107 -0.91025096190617849 -0.15203063024239993 0.11332848566393793 -0.025104411318898203 -0.72964760757544467 -0.41879688334816995 0.98507924464052121 0.040084120536780753 -0.80312092644827704 0.70135288297352816 -1.2511170439746069 0.56715452595182048 0.58073594603273604
leaf_weight=3671 2037 426 1336 703 87 118 606 172 338 41 138 45 853 134
leaf_count=3671 2037 426 1336 703 87 118 606 172 338 41 138 45 853 134
internal_value=-5.10762e-05 -0.124095 -0.299503 0.209022 0.415765 -0.107884 -0.649757 0.586307 -0.0679177 0.149316 0.232865 -0.478161 0.638176 0.188762
internal_weight=10705 6719 3048 3986 1949 1971 1077 1112 1853 517 476 651 1025 837
internal_count=10705 6719 3048 3986 1949 1971 1077 1112 1853 517 476 651 1025 837
is_linear=0
shrinkage=0.05


Tree=21
num_leaves=15
num_cat=0
split_feature=71 84 71 16 37 84 56 62 24 36 22 70 43 69
split_gain=100584 84054 42547.1 41471.1 24797.2 18238.6 15263.8 14896.3 12923.8 12641.8 11705.6 16671 17351.3 11331.7
threshold=-0.9875000000000006 107.3693865 -3.9875000000000003 275.10399300000006 51.375000000000007 295.90254450000003 18.240221500000022 67.124539500000012 248.07883750000005 24.714192708333339 149.2937468697917 18.044551323038437 66.875000000000014 -6.0566992656249985
decision_type=2 2 2 2 2 2 2 2 2 2 2 2 2 2
left_child=1 -1 8 6 -5 9 13 -8 -3 -4 11 -6 -13 -2
right_child=3 2 5 4 10 -7 7 -9 -10 -11 -12 12 -14 -15
leaf_value=0.013205031201011394 -0.16751529126696754 -0.9830007275655156 -0.25101686124179567 1.0008686771988868 0.18696629081917282 -1.1938423018066251 0.020174170154651616 0.50828493483746662 -0.54935071140007918 0.40297954603793884 -0.33410301172846291 1.202676644191164 0.087549805388509955 0.081137897893441502
leaf_weight=2540 512 293 1167 179 302 48 261 389 429 78 60 102 53 4292
leaf_count=2540 512 293 1167 179 302 48 261 389 429 78 60 102 53 4292
internal_value=-5.44519e-05 -0.178121 -0.419183 0.131838 0.495022 -0.24718 0.0854091 0.312622 -0.72645 -0.209753 0.318289 0.404485 0.824381 0.0546076
internal_weight=10705 4555 2015 6150 696 1293 5454 650 722 1245 517 457 155 4804
internal_count=10705 4555 2015 6150 696 1293 5454 650 722 1245 517 457 155 4804
is_linear=0
shrinkage=0.05


Tree=22
num_leaves=15
num_cat=0
split_feature=71 84 71 84 71 84 24 24 10 47 69 46 67 32
split_gain=91621.4 56479.5 68671.1 56353.7 24999.2 17663.2 16010 12672.1 13944.2 13881.5 12306.9 11142.6 10355.6 9038.36
threshold=0.95000000000000118 94.927944500000009 -2.9875000000000003 42.523274000000008 2.212499999999999 282.33339050000006 248.07883750000005 278.64649100000008 279.38317225000009 78.710937500000014 -3.1892625312499994 89.760416666666671 -8.6533153541666632 28.987500000000004
decision_type=2 2 2 2 2 2 2 2 2 2 2 2 2 2
left_child=1 -1 6 -2 -5 7 -3 -4 9 13 -6 12 -8 -9
right_child=3 2 5 4 10 -7 11 8 -10 -11 -12 -13 -14 -15
leaf_value=0.024607650609745766 0.0066057400347176339 -0.8207482232758988 -0.1399322076699645 0.17433306948556082 -0.032273261460729619 -0.67588097845061479 -0.52921094292833004 0.23966873356539536 -0.72311764857623473 -0.32480963658272605 0.5867488817408496 -1.172468099695571 -0.10268017621792591 0.88712442964315419
leaf_weight=3563 2027 437 1413 821 87 123 383 352 42 96 1025 46 227 63
leaf_count=3563 2027 437 1413 821 87 123 383 352 42 96 1025 46 227 63
internal_value=-5.1612e-05 -0.112128 -0.265195 0.190826 0.383902 -0.0970789 -0.586126 -0.0605418 0.142199 0.214595 0.538333 -0.428819 -0.370913 0.339853
internal_weight=10705 6745 3182 3960 1933 2089 1093 1966 553 511 1112 656 610 415
internal_count=10705 6745 3182 3960 1933 2089 1093 1966 553 511 1112 656 610 415
is_linear=0
shrinkage=0.05


Tree=23
num_leaves=15
num_cat=0
split_feature=71 84 56 24 84 43 25 67 84 62 22 47 30 71
split_gain=83130 78637.9 38603.7 23052.7 21562.1 16964.4 15233.2 14220.4 13438.4 11409.5 9775.96 10968.1 10897.7 9189.69
threshold=-1.8874999999999991 113.77359350000002 24.857463000000006 248.07883750000005 63.145266500000005 47.125000000000007 105.44105271275394 -6.1704868958333323 275.36804450000005 238.52281950000003 149.2937468697917 71.019531250000014 22.912500000000005 -4.7624999999999984
decision_type=2 2 2 2 2 2 2 2 2 2 2 2 2 2
left_child=1 -1 5 13 -4 6 -2 -5 9 -7 11 12 -6 -3
right_child=2 3 4 7 10 8 -8 -9 -10 -11 -12 -13 -14 -15
leaf_value=0.0061518910461720588 0.10519814427104701 -1.0611165740870856 0.015273211693497208 -0.52835144384819743 1.462001745931564 0.037868640337613058 0.98707657244470381 -0.14288998005205186 -0.35671933370065834 0.42839137116263726 -0.15951841220606205 0.435342412008904 0.67893397142661038 -0.59299674813789649
leaf_weight=1796 108 186 245 535 61 6063 89 434 209 192 42 319 173 253
leaf_count=1796 108 186 245 535 61 6063 89 434 209 192 42 319 173 253
internal_value=-6.11836e-05 -0.213213 0.0910015 -0.492834 0.410209 0.0506916 0.506583 -0.356035 0.0367214 0.0499225 0.572532 0.628318 0.88842 -0.793295
internal_weight=10705 3204 7501 1408 840 6661 197 969 6464 6255 595 553 234 439
internal_count=10705 3204 7501 1408 840 6661 197 969 6464 6255 595 553 234 439
is_linear=0
shrinkage=0.05


Tree=24
num_leaves=15
num_cat=0
split_feature=71 84 84 71 71 84 24 39 31 73 0 67 9 49
split_gain=76549.7 47952.4 46971.2 56298.1 21095.1 15971.9 15332.6 15063 11295.1 13142.4 11205.7 11138.1 10335.3 10301.8
threshold=0.95000000000000118 42.523274000000008 94.927944500000009 -3.1499999999999999 2.212499999999999 287.58038500000004 278.64649100000008 51.875000000000007 20.212500000000002 -23.874999999999996 279.15103700000003 0.052796583333333487 250.49878250000003 3.5000000000000004
decision_type=2 2 2 2 2 2 2 2 2 2 2 2 2 2
left_child=2 -2 -1 11 -3 6 13 -8 -6 -10 -9 -4 -11 -5
right_child=1 4 3 5 8 -7 7 10 9 12 -12 -13 -14 -15
leaf_value=0.022199773946527432 0.0044874502286219439 0.16001381440781548 -0.60875709238998243 -0.11439308831424862 0.14681937154286948 -0.7914513283113882 0.91799063310027129 0.12774623616902575 1.1583550267441329 0.58845082797622039 -0.67324255272590872 0.16270044058561328 0.1291504113139301 -0.50885279867401789
leaf_weight=3563 2027 821 885 1395 194 81 55 483 85 683 47 49 150 187
leaf_count=3563 2027 821 885 1395 194 81 55 483 85 683 47 49 150 187
internal_value=-5.19849e-05 0.174421 -0.102496 -0.242086 0.352524 -0.106418 -0.0804594 0.13809 0.494385 0.567596 0.055581 -0.568154 0.505998 -0.161312
internal_weight=10705 3960 6745 3182 1933 2248 2167 585 1112 918 530 934 833 1582
internal_count=10705 3960 6745 3182 1933 2248 2167 585 1112 918 530 934 833 1582
is_linear=0
shrinkage=0.05


Tree=25
num_leaves=15
num_cat=0
split_feature=71 84 16 71 32 84 69 84 84 69 24 22 73 27
split_gain=69407.5 58048.4 30777 30060.6 19602.5 16093.6 11672.4 21065.3 20333.4 13149.3 11598.5 11001 10822.1 13112.9
threshold=-0.9875000000000006 113.77359350000002 275.10399300000006 -5.0124999999999984 27.987500000000004 299.97504500000008 -6.0566992656249985 42.523274000000008 265.09664550000008 11.840655182291668 248.07883750000005 132.31922835937505 10.875000000000002 25.737500000000004
decision_type=2 2 2 2 2 2 2 2 2 2 2 2 2 2
left_child=1 -1 6 -3 -4 10 -2 -8 9 -9 -5 -11 -12 -14
right_child=2 3 4 5 -6 -7 7 8 -10 11 12 -13 13 -15
leaf_value=0.0056586246414778319 -0.15728091785995879 -0.73043214179184246 0.20710470472149095 -0.48246760504865432 0.75001832785327804 -1.0999591728051505 0.0050521280469436654 0.18824112878042937 -0.20534440407430476 1.2749964557042937 -0.030329460471757164 0.41762777175675714 -0.20396995029856113 -0.90048756668733998
leaf_weight=2617 513 418 421 327 275 53 2861 1314 253 40 735 473 320 85
leaf_count=2617 513 418 421 327 275 53 2861 1314 253 40 735 473 320 85
internal_value=-4.60171e-05 -0.147964 0.109516 -0.355305 0.422386 -0.251733 0.0695191 0.0930937 0.214133 0.272302 -0.22036 0.48683 -0.144819 -0.352011
internal_weight=10705 4555 6150 1938 696 1520 5454 4941 2080 1827 1467 513 1140 405
internal_count=10705 4555 6150 1938 696 1520 5454 4941 2080 1827 1467 513 1140 405
is_linear=0
shrinkage=0.05


Tree=26
num_leaves=15
num_cat=0
split_feature=71 84 56 84 84 43 9 69 84 71 68 83 68 19
split_gain=63565.4 44417.4 40409.8 26223.1 14893.3 12183 12643.8 10938.7 16340.7 17460.1 10574.9 9802.43 9567.95 9173.87
threshold=1.2624999999999995 42.523274000000008 -25.228240999999993 118.59047850000002 273.90393550000005 51.125000000000007 250.49878250000003 0.50978088020833356 84.599854500000006 -2.0999999999999992 8.4913752881702234 252.41682850000004 11.330594383519923 205.15531050000001
decision_type=2 2 2 2 2 2 2 2 2 2 2 2 2 2
left_child=2 -2 3 -1 7 -3 -7 8 -4 10 -10 -11 -8 -5
right_child=1 5 4 13 -6 6 12 -9 9 11 -12 -13 -14 -15
leaf_value=-0.049649605263244745 0.0037384755095090012 0.7217585132112383 0.018962227213209823 -0.64622052100344307 -0.34657690978844413 0.39609026471551312 -0.1417098735103553 0.079216880926394354 -0.54942242334756053 -0.16404588109599319 0.13366270909892089 0.1684061787922963 0.49979078569567376 0.053875287221028259
leaf_weight=367 1679 215 2438 547 363 1086 219 1980 385 942 66 289 78 51
leaf_count=367 1679 215 2438 547 363 1086 219 1980 385 942 66 289 78 51
internal_value=-4.82066e-05 0.183355 -0.0809738 -0.382607 -0.0358842 0.371956 0.317094 -0.0173417 -0.063754 -0.183588 -0.449384 -0.0859233 0.0278768 -0.586523
internal_weight=10705 3277 7428 965 6463 1598 1383 6100 4120 1682 451 1231 297 598
internal_count=10705 3277 7428 965 6463 1598 1383 6100 4120 1682 451 1231 297 598
is_linear=0
shrinkage=0.05


Tree=27
num_leaves=15
num_cat=0
split_feature=71 84 56 84 84 69 84 71 15 31 73 9 68 22
split_gain=57415.1 43499.8 37753.2 23670.3 14312.5 10847.2 14505.3 16277.3 10422.6 10342.8 12953.9 9611.18 9548.89 9016.72
threshold=1.7624999999999995 42.523274000000008 -25.228240999999993 118.59047850000002 273.90393550000005 0.50978088020833356 84.599854500000006 -2.0999999999999992 188.66062800000003 20.212500000000002 -23.874999999999996 249.86881300000002 8.4913752881702234 146.49548196354169
decision_type=2 2 2 2 2 2 2 2 2 2 2 2 2 2
left_child=2 -2 3 -1 5 6 -4 12 -7 -3 -11 -12 -8 -13
right_child=1 9 4 -5 -6 8 7 -9 -10 10 11 13 -14 -15
leaf_value=-0.047173871975088412 0.0037424645065786142 0.089992042593657978 0.019048284080536881 -0.55724638876488097 -0.32938435549619904 0.031936258684866971 -0.522022468932552 -0.078992588954440446 0.33436564848732719 1.0435820690421171 0.48067725979637776 0.26454939889195178 0.12707931736289566 -0.53987621654604767
leaf_weight=367 1520 239 2501 598 375 1844 385 1313 336 85 851 183 66 42
leaf_count=367 1520 239 2501 598 375 1844 385 1313 336 85 851 183 66 42
internal_value=-4.49662e-05 0.188989 -0.0709632 -0.36351 -0.0295219 -0.0120261 -0.0583975 -0.168149 0.0786812 0.389968 0.45159 0.403899 -0.426961 0.112666
internal_weight=10705 2920 7785 965 6820 6445 4265 1764 2180 1400 1161 1076 451 225
internal_count=10705 2920 7785 965 6820 6445 4265 1764 2180 1400 1161 1076 451 225
is_linear=0
shrinkage=0.05


Tree=28
num_leaves=15
num_cat=0
split_feature=71 84 16 71 37 36 84 19 24 20 80 71 84 9
split_gain=52033.2 44029.5 24762.1 24071.5 17515.3 14017.7 13086.6 10231.1 10826.1 9883.68 9635.67 22927 10766.9 9166.35
threshold=-0.9875000000000006 87.697902500000012 275.10399300000006 -5.0124999999999984 51.375000000000007 24.714192708333339 287.58038500000004 119.22580600000002 285.75061850000003 248.11922550000006 -0.19509032201612839 2.0124999999999997 42.523274000000008 255.81438450000005
decision_type=2 2 2 2 2 2 2 2 2 2 2 2 2 2
left_child=1 -1 10 9 -4 6 -5 8 -6 -3 11 -2 -13 -9
right_child=2 3 4 5 7 -7 -8 13 -10 -11 -12 12 -14 -15
leaf_value=0.021025773315281118 0.032293286977067438 -0.81700701410936105 0.80049589398834442 -0.20360628149545021 0.22507429987890648 0.39623543598648647 -0.81482249254020322 0.25008058347392148 1.1424055394259367 -0.34352047070246283 -0.003772521327330261 -0.0039899000670921836 0.45631241137966322 -0.28833808307661801
leaf_weight=2372 1807 258 179 1546 79 91 92 274 54 196 2885 161 601 110
leaf_count=2372 1807 258 179 1546 79 91 92 274 54 196 2885 161 601 110
internal_value=-4.12219e-05 -0.128114 0.0948214 -0.290102 0.375458 -0.2048 -0.238412 0.227036 0.603271 -0.613799 0.0589464 0.129354 0.359179 0.0954977
internal_weight=10705 4555 6150 2183 696 1729 1638 517 133 454 5454 2569 762 384
internal_count=10705 4555 6150 2183 696 1729 1638 517 133 454 5454 2569 762 384
is_linear=0
shrinkage=0.05


Tree=29
num_leaves=15
num_cat=0
split_feature=71 84 56 84 84 25 43 9 68 69 84 83 70 58
split_gain=47161.1 33097.2 29932.9 19928.9 12869.2 11131.9 10098.2 10331.7 8577.14 7681.84 13835.1 13888 10455.3 8802.99
threshold=1.2624999999999995 42.523274000000008 -26.942587500000005 90.279017000000024 287.58038500000004 103.88651708931739 51.125000000000007 250.49878250000003 11.330594383519923 0.38118202083333314 84.599854500000006 247.36838000000003 7.707720604428558 4.1287624999999801
decision_type=2 2 2 2 2 2 2 2 2 2 2 2 2 2
left_child=2 -2 3 -1 9 -5 -3 -8 -9 10 -4 12 -12 -13
right_child=1 6 4 5 -6 -7 7 8 -10 -11 11 13 -14 -15
leaf_value=0.044392708486873614 0.0028924326847551301 0.63914990316110631 0.016466967637852117 -0.56267525840227461 -0.65869766972315169 0.046929322833987486 0.34222633902038335 -0.15107259821273725 0.4562965759559523 0.05408261256412096 -0.11183005167622694 -0.085571428901561497 -0.39469724360655883 0.33694573744184025
leaf_weight=246 1679 215 2440 571 80 86 1086 219 78 2097 649 428 659 172
leaf_count=246 1679 215 2440 571 80 86 1086 219 78 2097 649 428 659 172
internal_value=-3.51962e-05 0.15794 -0.0697407 -0.339383 -0.0323784 -0.482929 0.320743 0.270818 0.00943442 -0.0245031 -0.062408 -0.163231 -0.254538 0.0359093
internal_weight=10705 3277 7428 903 6525 657 1598 1383 297 6445 4348 1908 1308 600
internal_count=10705 3277 7428 903 6525 657 1598 1383 297 6445 4348 1908 1308 600
is_linear=0
shrinkage=0.05


Tree=30
num_leaves=15
num_cat=0
split_feature=71 84 16 71 37 84 70 45 69 69 84 84 69 22
split_gain=42945.2 36163.1 21004.9 20350.1 16685.1 11972.5 10115.2 9874.14 8941.29 8618.69 13880.4 15071.6 9992.23 9460.88
threshold=-0.9875000000000006 107.3693865 277.29195150000004 -4.7624999999999984 55.375000000000007 299.97504500000008 20.762038324507092 53.552083333333336 -18.227123838541665 -6.3806897187500011 42.523274000000008 264.30510900000007 11.840655182291668 132.31922835937505
decision_type=2 2 2 2 2 2 2 2 2 2 2 2 2 2
left_child=1 -1 9 8 -4 7 -6 -5 -3 -2 -11 12 -12 -14
right_child=2 3 4 5 6 -7 -8 -9 -10 10 11 -13 13 -15
leaf_value=0.0091094521774673261 -0.1550637696868632 -0.82817667376229664 0.6953669628743322 0.39536069674151286 0.037362962956481345 -0.95907964588453387 0.69438713639974603 -0.18668057610285252 -0.38927670528936714 0.0021245801963954811 0.14921472922847201 -0.17507084895179964 1.1376837337889323 0.34335700603781127
leaf_weight=2540 447 182 233 76 315 47 71 1382 328 2904 1388 277 40 475
leaf_count=2540 447 182 233 76 315 47 71 1382 328 2904 1388 277 40 475
internal_value=-3.35539e-05 -0.116386 0.0861477 -0.274504 0.362127 -0.181788 0.159697 -0.156091 -0.547218 0.0552017 0.0737157 0.169038 0.219192 0.407138
internal_weight=10705 4555 6150 2015 619 1505 386 1458 510 5531 5084 2180 1903 515
internal_count=10705 4555 6150 2015 619 1505 386 1458 510 5531 5084 2180 1903 515
is_linear=0
shrinkage=0.05


Tree=31
num_leaves=15
num_cat=0
split_feature=71 84 56 84 84 25 31 71 69 84 83 45 71 15
split_gain=39151.1 30034.9 25437.8 16524.4 11570 9670.42 8584.59 10768 8079.62 10748.8 13089 9987.84 9188.02 8163.36
threshold=1.8125000000000002 42.523274000000008 -26.942587500000005 90.279017000000024 275.36804450000005 103.88651708931739 20.212500000000002 6.0125000000000002 0.50978088020833356 84.599854500000006 252.41682850000004 87.968750000000014 -2.0999999999999992 188.66062800000003
decision_type=2 2 2 2 2 2 2 2 2 2 2 2 2 2
left_child=2 -2 3 -1 8 -5 -3 -8 9 -4 12 -12 -11 -10
right_child=1 6 4 5 -6 -7 7 -9 13 10 11 -13 -14 -15
leaf_value=0.041761665184970813 0.0026322885823901743 0.051233442990444446 0.016514622840875178 -0.51273375377742825 -0.31591449846037944 0.055326694987671482 0.3158899335734881 0.74196446996647869 0.024813134015225283 -0.40984708514774132 0.20370092568655976 -0.5385800723273021 -0.1317852022853514 0.28731439499798317
leaf_weight=246 1511 238 2514 571 326 86 974 175 1869 419 353 51 1021 351
leaf_count=246 1511 238 2514 571 326 86 974 175 1869 419 353 51 1021 351
internal_value=-2.8277e-05 0.156883 -0.0582871 -0.307694 -0.0256265 -0.438405 0.324801 0.381373 -0.0111942 -0.0507415 -0.142394 0.108899 -0.212922 0.0664274
internal_weight=10705 2898 7807 903 6904 657 1387 1149 6578 4358 1844 404 1440 2220
internal_count=10705 2898 7807 903 6904 657 1387 1149 6578 4358 1844 404 1440 2220
is_linear=0
shrinkage=0.05


Tree=32
num_leaves=15
num_cat=0
split_feature=71 84 56 84 84 47 68 9 43 73 21 44 9 73
split_gain=35343.3 27113.6 22960.4 15108.7 10515.9 8009.37 8731.84 8240.76 8799.03 7889.45 7697.76 7059.98 13158.7 14473.7
threshold=1.8125000000000002 42.523274000000008 -26.942587500000005 120.02537850000002 273.90393550000005 63.057291666666679 17.579381849243159 101.45770350000002 47.125000000000007 15.125000000000002 96.94079758253001 54.343750000000007 268.69404500000007 4.6250000000000009
decision_type=2 2 2 2 2 2 2 2 2 2 2 2 2 2
left_child=2 -2 3 -1 10 -3 7 -7 -9 -5 11 -4 -13 -14
right_child=1 5 4 9 -6 6 -8 8 -10 -11 -12 12 13 -15
leaf_value=-0.039777986989628977 0.0025007611741164021 0.76834271700864432 0.22186120943795676 -0.2600948619027183 -0.27897772729207154 0.44249687434029694 0.83356024382719363 0.58998652199904134 0.10127352891407436 -0.64206646340189122 0.33875398209498775 -0.014632360713382007 0.097807768973238451 -0.70569841791843546
leaf_weight=358 1511 88 292 264 382 373 66 104 756 281 154 5841 91 144
leaf_count=358 1511 88 292 264 382 373 66 104 756 281 154 5841 91 144
internal_value=-2.76469e-05 0.149058 -0.055381 -0.292332 -0.0243514 0.308601 0.276888 0.24644 0.16099 -0.457853 -0.00939721 -0.0178686 -0.0294241 -0.395457
internal_weight=10705 2898 7807 903 6904 1387 1299 1233 860 545 6522 6368 6076 235
internal_count=10705 2898 7807 903 6904 1387 1299 1233 860 545 6522 6368 6076 235
is_linear=0
shrinkage=0.05


Tree=33
num_leaves=15
num_cat=0
split_feature=71 84 24 16 37 84 46 70 36 80 19 58 84 24
split_gain=32307.7 27984.1 16937.2 16777.3 14151.7 11426.5 11774 9321.06 12395 10335.6 8729.15 8605.52 8603.96 8595.17
threshold=-0.9875000000000006 87.697902500000012 248.07883750000005 277.29195150000004 53.375000000000007 299.97504500000008 90.677083333333357 7.8207851708806606 24.714192708333339 -0.68322629814330815 119.22580600000002 13.142788999999974 223.25640650000005 285.75061850000003
decision_type=2 2 2 2 2 2 2 2 2 2 2 2 2 2
left_child=1 -1 -3 -2 11 6 7 -4 9 -9 13 -5 -11 -6
right_child=3 2 5 4 10 -7 -8 8 -10 12 -12 -13 -14 -15
leaf_value=0.017960725548196426 0.047073506301802494 -0.4647212863043737 0.11123859338162832 1.1491362770398459 0.14411711194101842 -0.89159142936766145 -0.82266757051492567 -0.025767606549570568 0.37276851633796471 -0.23839148947375671 0.035405965375113056 0.42837561580462985 -0.6643007847170036 1.0264530822342517
leaf_weight=2372 5531 568 397 65 61 49 57 405 95 451 326 117 161 50
leaf_count=2372 5531 568 397 65 61 49 57 405 95 451 326 117 161 50
internal_value=-1.94675e-05 -0.100938 -0.230079 0.07473 0.321377 -0.147319 -0.123476 -0.0965381 -0.170751 -0.221838 0.166352 0.690663 -0.351337 0.547182
internal_weight=10705 4555 2183 6150 619 1615 1566 1509 1112 1017 437 182 612 111
internal_count=10705 4555 2183 6150 619 1615 1566 1509 1112 1017 437 182 612 111
is_linear=0
shrinkage=0.05


Tree=34
num_leaves=15
num_cat=0
split_feature=71 84 84 73 84 35 16 49 43 56 31 73 9 22
split_gain=29833.2 23666.6 20333 14789 19830 8692.82 8079.1 9934.78 8377.7 7473 7243.05 9076.96 8059.95 8489.41
threshold=1.8125000000000002 42.523274000000008 292.35207400000007 17.625000000000004 117.64233550000002 16.320833333333336 271.76304800000008 3.5000000000000004 51.875000000000007 -42.873081999999975 20.212500000000002 -23.874999999999996 249.86881300000002 146.49548196354169
decision_type=2 2 2 2 2 2 2 2 2 2 2 2 2 2
left_child=2 -2 3 5 -5 -1 -7 8 -8 -6 -3 -12 -13 -14
right_child=1 10 -4 4 9 6 7 -9 -10 -11 11 12 13 -15
leaf_value=-0.54447737825768339 3.1527126221498719e-05 0.034785537455215364 -0.73866534885370516 0.0038819263697535337 -0.86949397740156764 -0.025651678972630727 0.47431988459775004 0.8839718209660572 -0.015739021874380425 -0.36163180035564846 0.83303603613099397 0.36826775757958263 0.17940315046239624 -0.60216707303080452
leaf_weight=76 1511 238 105 447 91 6233 117 45 334 359 85 842 180 42
leaf_count=76 1511 238 105 447 91 6233 117 45 334 359 85 842 180 42
internal_value=-1.74433e-05 0.136954 -0.0508732 -0.041402 -0.232118 -0.0162324 -0.0101861 0.183823 0.112162 -0.466033 0.286011 0.337974 0.297679 0.0295013
internal_weight=10705 2898 7807 7702 897 6805 6729 496 451 450 1387 1149 1064 222
internal_count=10705 2898 7807 7702 897 6805 6729 496 451 450 1387 1149 1064 222
is_linear=0
shrinkage=0.05


Tree=35
num_leaves=15
num_cat=0
split_feature=71 84 84 56 84 73 16 47 68 9 43 54 56 69
split_gain=26931 21363.7 18369.7 13576.8 8560.93 8754.17 9521.51 6725.63 7643.84 7450.28 7387.47 6346.92 8517.79 6302.06
threshold=1.8125000000000002 42.523274000000008 292.35207400000007 -33.52329799999999 94.927944500000009 14.875000000000002 206.42637250000004 63.057291666666679 17.579381849243159 101.45770350000002 51.125000000000007 0.87837969732492682 29.441422500000005 0.38118202083333314
decision_type=2 2 2 2 2 2 2 2 2 2 2 2 2 2
left_child=2 -2 3 4 -1 -6 -7 -3 9 -9 -11 12 -12 -5
right_child=1 7 -4 13 5 6 -8 8 -10 10 11 -13 -14 -15
leaf_value=0.041295166144114055 2.9951737049188485e-05 0.69296209025249056 -0.70208050903846642 -0.052896353266868729 -0.14204793110844635 -1.1329601536194482 -0.39993072875915875 0.40061131792614879 0.76343162444545265 0.42831814508227739 -0.13277367668299767 0.39424780788436786 0.28878504170871833 0.047335985816714013
leaf_weight=166 1511 88 105 4750 209 59 178 373 66 169 405 117 169 2340
leaf_count=166 1511 88 105 4750 209 59 178 373 66 169 405 117 169 2340
internal_value=-1.83461e-05 0.130121 -0.0483372 -0.0393348 -0.265088 -0.37896 -0.586408 0.27174 0.242693 0.214223 0.133011 0.0602725 -0.00836984 -0.0198134
internal_weight=10705 2898 7807 7702 612 446 237 1387 1299 1233 860 691 574 7090
internal_count=10705 2898 7807 7702 612 446 237 1387 1299 1233 860 691 574 7090
is_linear=0
shrinkage=0.05


Tree=36
num_leaves=15
num_cat=0
split_feature=71 84 16 37 39 61 70 73 9 31 36 84 83 84
split_gain=24732.4 26183.2 12914.6 14210.2 11853.5 10036.6 8735.38 10937.8 8824.68 7429.73 10108.6 7260.43 8133.37 7248.16
threshold=-1.6125000000000005 120.02537850000002 275.10399300000006 54.875000000000007 53.875000000000007 40.771564000000005 20.762038324507092 6.8750000000000009 264.87820500000004 21.812500000000004 26.602734375000008 269.97698550000001 243.71421300000003 253.72788800000004
decision_type=2 2 2 2 2 2 2 2 2 2 2 2 2 2
left_child=1 -1 11 9 -3 -6 7 -5 -9 -4 -11 12 -2 -14
right_child=2 4 3 6 5 -7 -8 8 -10 10 -12 -13 13 -15
leaf_value=0.0047286846682824367 0.014736701593560154 0.55245359524020132 0.12542226669723042 0.12842929033177528 -0.42064223209632767 -0.14719615481839823 0.59055413443006965 0.013070065691703703 -1.0304621178202513 0.97481734216213223 0.14766050563366326 -0.21434479842172963 0.27581173200398301 0.011667009085270295
leaf_weight=2017 5159 41 72 357 770 597 75 40 40 124 53 291 625 444
leaf_count=2017 5159 41 72 357 770 597 75 40 40 124 53 291 625 444
internal_value=-1.51201e-05 -0.110798 0.0521125 0.246888 -0.276178 -0.301417 0.0958026 0.00973656 -0.514976 0.555927 0.729359 0.0293409 0.0407596 0.166215
internal_weight=10705 3425 7280 761 1408 1367 512 437 80 249 177 6519 6228 1069
internal_count=10705 3425 7280 761 1408 1367 512 437 80 249 177 6519 6228 1069
is_linear=0
shrinkage=0.05


Tree=37
num_leaves=15
num_cat=0
split_feature=71 84 24 84 69 68 73 27 84 46 43 17 57 66
split_gain=22468.8 18894.9 17205.5 12228.3 16719.8 11713.4 11485.2 12512.1 10110.5 9903.45 9361.57 10507.5 8840.58 8781.89
threshold=-0.1125000000000007 97.281102000000018 248.07883750000005 42.523274000000008 -1.0000000180025095e-35 12.231051919379359 10.875000000000002 26.062500000000004 274.29007000000007 89.609375000000014 47.625000000000007 20.676265537135873 0.98853162326765498 2.2925958795977501
decision_type=2 2 2 2 2 2 2 2 2 2 2 2 2 2
left_child=1 -1 -3 -2 5 -5 12 9 10 -8 11 -6 -4 -14
right_child=3 2 6 4 8 -7 7 -9 -10 -11 -12 -13 13 -15
leaf_value=0.015406840797306665 -0.0023982359730541311 -0.4065149329568456 -0.062633459098905206 -0.076666662027938898 -0.022075423494327902 0.78975366964572824 -0.11870043781909033 -0.8646945110195644 -0.35046126699783436 -0.7911558290974039 0.22364205047335634 0.91574638456974222 0.78169719439286456 0.049394643709196578
leaf_weight=2872 2686 597 1055 803 42 40 541 76 70 60 1586 102 64 111
leaf_count=2872 2686 597 1055 803 42 40 541 76 70 60 1586 102 64 111
internal_value=-9.5693e-06 -0.0721235 -0.172484 0.0727403 0.149073 -0.0346684 -0.099044 -0.264274 0.235097 -0.187037 0.258979 0.643949 -0.00795972 0.320128
internal_weight=10705 5376 2504 5329 2643 843 1907 677 1800 601 1730 144 1230 175
internal_count=10705 5376 2504 5329 2643 843 1907 677 1800 601 1730 144 1230 175
is_linear=0
shrinkage=0.05


Tree=38
num_leaves=15
num_cat=0
split_feature=71 84 84 73 84 16 31 47 39 35 68 47 9 43
split_gain=20513 16632.2 15604.9 10967.9 14776.1 7137.59 8455.47 11900.6 6760 6490.09 6012.44 6353.02 7062.56 6026.01
threshold=1.8125000000000002 42.523274000000008 292.35207400000007 17.625000000000004 136.73197800000003 271.76304800000008 21.962500000000002 75.115885416666671 47.875000000000007 16.320833333333336 17.440646893457735 63.057291666666679 103.67787000000001 51.125000000000007
decision_type=2 2 2 2 2 2 2 2 2 2 2 2 2 2
left_child=2 -2 3 5 -5 9 -7 8 -8 -1 11 -3 -13 -14
right_child=1 10 -4 4 -6 6 7 -9 -10 -11 -12 12 13 -15
leaf_value=-0.48281018993297187 -0.0012139776737611525 0.63460835986548947 -0.64471939715012061 -0.029060633747492921 -0.44152801701616823 -0.028958543870136029 0.66054637317474074 0.99380788991848634 -0.014627791839795044 -0.020934538256350159 0.6746002271473408 0.36416370487897254 0.37090794964967411 0.038157601014194242
leaf_weight=76 1511 83 105 530 367 257 51 59 129 6233 74 378 169 683
leaf_count=76 1511 83 105 530 367 257 51 59 129 6233 74 378 169 683
internal_value=-8.71584e-06 0.11357 -0.0421788 -0.0338818 -0.198122 -0.0122066 0.170229 0.383647 0.179264 -0.0265741 0.238526 0.213455 0.184543 0.104518
internal_weight=10705 2898 7807 7702 897 6805 496 239 180 6309 1387 1313 1230 852
internal_count=10705 2898 7807 7702 897 6805 496 239 180 6309 1387 1313 1230 852
is_linear=0
shrinkage=0.05


Tree=39
num_leaves=15
num_cat=0
split_feature=67 84 12 73 43 69 26 56 22 73 9 69 58 47
split_gain=19027.2 16956.2 15355.7 11853.5 11199.7 8709.2 7775.61 7439.46 7321.3 8620.72 7953.07 6830.68 7124.82 6867.57
threshold=-5.2843796458333339 121.14076500000002 256.21186050000006 11.875000000000002 47.625000000000007 -20.992930640624994 26.175000000000001 -44.093216500000004 145.09375083333336 20.875000000000004 235.11553400000003 -4.5217758802083328 -8.8124470000000041 72.123697916666686
decision_type=2 2 2 2 2 2 2 2 2 2 2 2 2 2
left_child=1 -1 5 11 -4 -2 7 -5 9 -6 -10 13 -13 -3
right_child=2 3 4 6 8 -7 -8 -9 10 -11 -12 12 -14 -15
leaf_value=-0.0025322629861671861 -0.3529250249062188 0.51981077446178958 0.59368482670117806 -0.75245687850884035 0.24287071504919988 0.015912465158071775 -1.0935196865172614 -0.27389221254038326 0.31826678064651787 -0.41450365317879989 -0.28206746133274579 -0.93302239239925433 -0.2033075991119532 -0.07837362089708319
leaf_weight=1414 163 54 153 104 873 6640 41 370 79 52 177 41 169 375
leaf_count=1414 163 54 153 104 873 6640 41 370 79 52 177 41 169 375
internal_value=1.40134e-06 -0.11863 0.037451 -0.26076 0.192495 0.00702454 -0.43905 -0.380257 0.140062 0.205508 -0.0962905 -0.116606 -0.349522 -0.00204393
internal_weight=10705 2568 8137 1154 1334 6803 515 474 1181 925 256 639 210 429
internal_count=10705 2568 8137 1154 1334 6803 515 474 1181 925 256 639 210 429
is_linear=0
shrinkage=0.05


Tree=40
num_leaves=15
num_cat=0
split_feature=24 84 70 43 8 61 17 25 71 36 45 32 80 24
split_gain=17731.2 17102.6 20377.7 11795.4 10908.7 9534.06 8162.75 8161.54 10415.5 8576.72 7705.08 7195.21 6642.34 11410
threshold=274.65417650000006 88.988196500000015 14.54420179578752 47.625000000000007 299.02505250000007 74.012692500000014 20.676265537135873 103.21753417306967 -1.9875000000000005 20.748177083333335 47.072916666666679 20.212500000000002 -0.3520614488341256 275.84149600000006
decision_type=2 2 2 2 2 2 2 2 2 2 2 2 2 2
left_child=1 -1 7 6 10 -4 -2 8 -3 -10 -5 -11 13 -12
right_child=3 2 5 4 -6 -7 -8 -9 9 11 12 -13 -14 -15
leaf_value=0.018461371279962006 -0.00058269001645584631 -0.1790165044590831 -0.4326944340378942 0.56692428125327898 -0.66514508637785918 -0.015925510548825923 0.64302583974666705 -0.24346181436773115 -0.14432805118160677 -0.098678011491869555 0.91857894296024711 0.25829179906410477 0.0063004593315471027 0.12477374183641586
leaf_weight=4285 72 549 664 78 49 173 155 446 288 184 46 599 1861 1256
leaf_count=4285 72 549 664 78 49 173 155 446 288 184 46 599 1861 1256
internal_value=-1.12601e-05 -0.0450223 -0.138702 0.0919683 0.0678441 -0.346674 0.439778 -0.0543191 -0.00212846 0.0886276 0.0791278 0.174387 0.0669233 0.153503
internal_weight=10705 7188 2903 3517 3290 837 227 2066 1620 1071 3241 783 3163 1302
internal_count=10705 7188 2903 3517 3290 837 227 2066 1620 1071 3241 783 3163 1302
is_linear=0
shrinkage=0.05


Tree=41
num_leaves=15
num_cat=0
split_feature=69 84 71 84 84 35 60 43 24 8 69 17 49 58
split_gain=16193.2 11929.6 14941.8 11844.2 16069.9 10791.6 9991.45 9195.92 7570.95 11573.8 7951.43 7277.31 7085.74 6792.02
threshold=-0.28348833333333345 81.513918500000003 -4.3124999999999991 272.30710600000003 42.523274000000008 28.627083333333335 4.3304770000000028 47.625000000000007 303.53637200000009 248.16158650000003 11.840655182291668 20.676265537135873 4.5000000000000009 -45.545920499999994
decision_type=2 2 2 2 2 2 2 2 2 2 2 2 2 2
left_child=1 -1 13 4 -2 6 12 11 10 -10 -9 -6 -4 -3
right_child=3 2 5 -5 7 -7 -8 8 9 -11 -12 -13 -14 -15
leaf_value=0.018672013833317215 -0.0012175081368906897 -0.93179448405090648 -0.15611864700578587 -0.29690138335878913 -0.018214813911396524 0.72611633561006406 0.029978512328166729 0.11645886733102864 0.11728833817687266 -0.61740984395853715 0.34917695135691651 0.72369099105558088 -0.63346758215200338 -0.31315412282710897
leaf_weight=2217 3248 48 1072 227 45 40 918 1436 166 78 493 123 83 511
leaf_count=2217 3248 48 1072 227 45 40 918 1436 166 78 493 123 83 511
internal_value=-7.16358e-06 -0.0670724 -0.138196 0.0563705 0.0707694 -0.0772969 -0.0931419 0.170605 0.142896 -0.119136 0.176085 0.526034 -0.19094 -0.367844
internal_weight=10705 4889 2672 5816 5589 2113 2073 2341 2173 244 1929 168 1155 559
internal_count=10705 4889 2672 5816 5589 2113 2073 2341 2173 244 1929 168 1155 559
is_linear=0
shrinkage=0.05


Tree=42
num_leaves=15
num_cat=0
split_feature=24 84 70 39 31 58 67 8 22 68 80 24 70 30
split_gain=14920.7 14418.5 17116.6 9997.5 10890.4 9696.18 10460.7 9579.37 8795.4 8603.03 6149.35 9806.35 9913.81 7281.65
threshold=274.65417650000006 88.988196500000015 8.1032710679429751 50.125000000000007 21.787500000000005 1.1413169999999939 -6.4619043958333302 299.02505250000007 135.67468471354169 19.187326543270657 -0.2269546835593246 275.10399300000006 19.426429174060541 22.012500000000003
decision_type=2 2 2 2 2 2 2 2 2 2 2 2 2 2
left_child=1 -1 -3 4 8 9 -7 10 -2 -4 11 -5 -13 -14
right_child=3 2 5 7 -6 6 -8 -9 -10 -11 -12 12 13 -15
leaf_value=0.016988708443111362 0.3976770629721264 0.017014972392020614 -0.28720526919499711 0.88749303244227584 0.542796166561337 -0.20457362291027806 0.2549760019958186 -0.66723244541221194 -0.50548086774402434 -1.0100401213002761 0.0032061915024511078 0.06056651681680808 0.72387529248898885 0.1638378533328535
leaf_weight=4285 51 1203 1079 42 224 401 178 44 55 42 1703 1163 105 130
leaf_count=4285 51 1203 1079 42 224 401 178 44 55 42 1703 1163 105 130
internal_value=-1.09476e-05 -0.0413008 -0.127316 0.0843645 0.345926 -0.229401 -0.0630998 0.057181 -0.0712871 -0.315163 0.0675313 0.14355 0.120581 0.416074
internal_weight=10705 7188 2903 3517 330 1700 579 3187 106 1121 3143 1440 1398 235
internal_count=10705 7188 2903 3517 330 1700 579 3187 106 1121 3143 1440 1398 235
is_linear=0
shrinkage=0.05


Tree=43
num_leaves=15
num_cat=0
split_feature=84 24 37 84 69 80 84 16 84 9 61 25 71 36
split_gain=14570.5 13187.8 10351.8 9604.57 15657.1 8703.03 12428.8 9380.31 10445.6 7848.43 7654.48 7034.01 8286.19 7603.83
threshold=282.33339050000006 274.65417650000006 51.625000000000007 88.988196500000015 -14.462286713541664 -0.3520614488341256 206.44458100000003 282.20391600000005 105.11351250000001 269.85915400000005 74.012692500000014 103.31378196793989 -1.9875000000000005 20.748177083333335
decision_type=2 2 2 2 2 2 2 2 2 2 2 2 2 2
left_child=1 3 9 -1 10 7 -7 8 -4 -3 -5 12 -6 -14
right_child=-2 2 5 4 11 6 -8 -9 -10 -11 -12 -13 13 -15
leaf_value=0.016139471167782908 -0.39193642809726142 0.21481760311811293 0.5323926383616232 -0.42132013352265596 -0.14437880565354039 0.022622638762060134 -0.53958744649560408 0.74467407314276157 0.071303693145282163 0.76679681314200898 0.022601842928708087 -0.22027158845333791 -0.13447847845530589 0.16331758162121029
leaf_weight=4285 231 307 140 473 602 1794 103 65 957 81 122 434 289 822
leaf_count=4285 231 307 140 473 602 1794 103 65 957 81 122 434 289 822
internal_value=-8.56089e-06 0.00867185 0.0887635 -0.0306231 -0.103679 0.0578481 -0.00817147 0.165542 0.13058 0.331725 -0.330412 -0.0407202 0.00487234 0.0858018
internal_weight=10705 10474 3447 7027 2742 3059 1897 1162 1097 388 595 2147 1713 1111
internal_count=10705 10474 3447 7027 2742 3059 1897 1162 1097 388 595 2147 1713 1111
is_linear=0
shrinkage=0.05


Tree=44
num_leaves=15
num_cat=0
split_feature=84 24 37 56 62 80 84 24 16 9 70 25 46 5
split_gain=13156.1 11908.6 9350.62 8704.18 7926.85 7861.3 11227.9 8559.91 9401.73 7094.94 6539.73 6889.89 6829.86 6184.34
threshold=282.33339050000006 274.65417650000006 51.625000000000007 -37.211869499999978 59.056351499999998 -0.3520614488341256 206.44458100000003 275.84149600000006 282.20391600000005 269.85915400000005 19.426429174060541 108.17830711197404 73.869791666666671 220.10703350000003
decision_type=2 2 2 2 2 2 2 2 2 2 2 2 2 2
left_child=1 3 9 4 -1 7 -7 -4 10 13 11 -9 -12 -3
right_child=-2 2 5 -5 -6 6 -8 8 -10 -11 12 -13 -14 -15
leaf_value=-0.10711196292191745 -0.37242407305166125 -0.12768161657851995 0.8113570263609291 -0.014749322544872094 -0.57423546649804413 0.021492137300657382 -0.51286748186595599 0.12992202455697893 0.70800451001886167 0.72892453767722698 0.058152393885361767 -0.17384508485060421 0.67144303492137369 0.35495985345036352
leaf_weight=309 231 96 47 6590 128 1794 103 599 65 81 91 270 90 211
leaf_count=309 231 96 47 6590 128 1794 103 599 65 81 91 270 90 211
internal_value=-4.85082e-06 0.00824348 0.0843516 -0.029097 -0.244934 0.0549693 -0.00777652 0.157322 0.129051 0.315265 0.0925714 0.0354497 0.365117 0.204112
internal_weight=10705 10474 3447 7027 437 3059 1897 1162 1115 388 1050 869 181 307
internal_count=10705 10474 3447 7027 437 3059 1897 1162 1115 388 1050 869 181 307
is_linear=0
shrinkage=0.05


Tree=45
num_leaves=15
num_cat=0
split_feature=84 24 84 69 43 25 61 8 71 17 69 53 62 22
split_gain=12297.3 11109.8 10025.2 13848 8314 7892.01 7674.46 7360.89 7163.43 6042.74 5885.62 9240.22 5704.24 5541.82
threshold=303.76010700000006 274.65417650000006 88.988196500000015 -14.462286713541664 47.625000000000007 103.21753417306967 74.012692500000014 299.02505250000007 -2.0999999999999992 20.676265537135873 -10.466263937499997 0.06540312923014284 230.22416750000002 23.700781744791673
decision_type=2 2 2 2 2 2 2 2 2 2 2 2 2 2
left_child=1 2 -1 6 9 8 -4 10 13 -3 11 -6 -10 -5
right_child=-2 4 3 5 7 -7 -8 -9 12 -11 -12 -13 -14 -15
leaf_value=0.016222030361077815 -0.84384975641272786 -0.0093173024691131021 -0.40220688899151152 -0.65938573728005101 0.90287578360965615 -0.22287447980681896 0.0346030837467571 -0.55858435612171886 0.029086073890183223 0.54488407495521729 0.053328061704564389 -0.074158774024766436 0.35223395791450507 -0.096993918853821054
leaf_weight=4285 42 72 494 47 51 496 126 47 1051 154 3130 45 156 509
leaf_count=4285 42 72 494 47 51 496 126 47 1051 154 3130 45 156 509
internal_value=2.8706e-06 0.0034055 -0.032262 -0.104404 0.0764209 -0.0468968 -0.313523 0.0561076 0.00271081 0.369061 0.0652335 0.448848 0.0711087 -0.145633
internal_weight=10705 10663 7164 2879 3499 2259 620 3273 1763 226 3226 96 1207 556
internal_count=10705 10663 7164 2879 3499 2259 620 3273 1763 226 3226 96 1207 556
is_linear=0
shrinkage=0.05


Tree=46
num_leaves=15
num_cat=0
split_feature=84 69 84 84 24 69 61 26 84 72 49 83 24 51
split_gain=11206 10270.5 8641.11 10736.7 7325.3 12726.2 9887.41 7316.5 8341.94 10741.8 9550.16 6053.51 5752.1 4901.16
threshold=295.90254450000003 -0.28348833333333345 42.523274000000008 247.80599350000003 306.70542500000005 11.840655182291668 1.2396679999999665 30.162500000000005 81.513918500000003 0.98750000000000082 4.5000000000000009 221.37333150000003 284.15934500000009 3.5000000000000004
decision_type=2 2 2 2 2 2 2 2 2 2 2 2 2 2
left_child=1 7 -3 4 5 -4 -6 8 -1 10 13 -7 -11 -10
right_child=-2 2 3 -5 6 11 -8 -9 9 12 -12 -13 -14 -15
leaf_value=0.01595416320573935 -0.57181642311460834 -0.0045453845357260837 0.12491741594214761 -0.041918601767676006 0.24468833584721913 0.26721847830924494 -0.45689849118946707 0.59262993538921538 -0.084206472839527605 0.0079621092745716261 -0.56634853990102296 0.61810410764149359 0.54034168083559386 -0.26148043697715428
leaf_weight=2217 84 3248 1104 739 101 270 98 43 1118 655 146 229 54 599
leaf_count=2217 84 3248 1104 739 101 270 98 43 1118 655 146 229 54 599
internal_value=-1.63575e-06 0.00457417 0.0494907 0.118536 0.184326 0.219834 -0.101374 -0.0492374 -0.0551232 -0.116373 -0.179382 0.42916 0.049214 -0.146167
internal_weight=10705 10621 5789 2541 1802 1603 199 4832 4789 2572 1863 499 709 1717
internal_count=10705 10621 5789 2541 1802 1603 199 4832 4789 2572 1863 499 709 1717
is_linear=0
shrinkage=0.05


Tree=47
num_leaves=15
num_cat=0
split_feature=84 69 84 21 84 49 46 34 24 69 60 26 4 49
split_gain=10423.6 9827.03 10550.6 6705.76 8649.35 9343.59 7867.32 7124.56 6611.86 11056.6 8561.95 7630.22 6976.29 6742.07
threshold=275.36804450000005 -0.28348833333333345 42.523274000000008 30.723215672785624 104.01997900000002 4.5000000000000009 53.255208333333336 28.335416666666671 306.70542500000005 11.840655182291668 3.5983055000000097 27.112500000000004 276.75266050000005 1.5000000000000002
decision_type=2 2 2 2 2 2 2 2 2 2 2 2 2 2
left_child=1 3 -3 4 -1 6 -6 -8 9 -4 -10 13 -13 -11
right_child=-2 2 8 -5 5 -7 7 -9 10 11 -12 12 -14 -15
leaf_value=0.0014919717729059206 -0.23774546632897195 -0.0043181852430971826 0.091992400711696704 0.020714859648365305 0.38683254502036357 -0.6055191782387821 -0.14757499440348162 -0.74703199995251801 0.11813616677449493 -0.25711048926625935 -0.4670009732283652 0.83411773558950331 0.22008505429975786 0.30669212586675226
leaf_weight=1133 441 3248 1538 2147 65 120 1098 51 166 62 99 121 76 340
leaf_count=1133 441 3248 1538 2147 65 120 1098 51 166 62 99 121 76 340
internal_value=4.29044e-07 0.0102375 0.0544449 -0.043896 -0.100112 -0.186343 -0.144444 -0.174809 0.133873 0.163082 -0.101396 0.345155 0.59954 0.219315
internal_weight=10705 10264 5650 4614 2467 1334 1214 1149 2402 2137 265 599 197 402
internal_count=10705 10264 5650 4614 2467 1334 1214 1149 2402 2137 265 599 197 402
is_linear=0
shrinkage=0.05


Tree=48
num_leaves=15
num_cat=0
split_feature=84 24 84 69 37 25 8 18 61 36 53 62 31 22
split_gain=10056.3 8652.94 7921.45 11049.6 7017.98 6979.53 6608.72 6551.38 6339.65 6251.98 5146.81 5143.51 5134.34 5720.28
threshold=303.76010700000006 274.65417650000006 88.988196500000015 -14.462286713541664 51.625000000000007 103.21753417306967 299.02505250000007 204.74431087500002 74.012692500000014 18.666666666666668 -0.9733555533461492 225.41628950000003 21.862500000000004 135.42694607812504
decision_type=2 2 2 2 2 2 2 2 2 2 2 2 2 2
left_child=1 2 -1 8 7 9 10 -3 -4 -5 -6 -11 13 -9
right_child=-2 4 3 5 6 -7 -8 12 -10 11 -12 -13 -14 -15
leaf_value=0.014695146137342364 -0.76310175775095479 -0.10079438668338861 -0.35993274328759828 -0.5573365285992623 0.2930111084042526 -0.20665316027874911 -0.55939540969000923 0.44383145809173591 0.037037485673671634 -0.014911949582529156 0.033617883068740521 0.22843544517588965 0.51640845325610563 -0.32460703627860293
leaf_weight=4285 42 93 494 47 204 496 44 49 126 1462 2855 254 208 46
leaf_count=4285 42 93 494 47 204 496 44 49 126 1462 2855 254 208 46
internal_value=-1.86342e-06 0.00307515 -0.0284024 -0.0925302 0.0675134 -0.041161 0.0421737 0.265465 -0.279328 0.00548906 0.0510065 0.0212201 0.377843 0.07224
internal_weight=10705 10663 7164 2879 3499 2259 3103 396 620 1763 3059 1716 303 95
internal_count=10705 10663 7164 2879 3499 2259 3103 396 620 1763 3059 1716 303 95
is_linear=0
shrinkage=0.05


Tree=49
num_leaves=15
num_cat=0
split_feature=84 69 84 84 26 21 84 70 49 24 69 8 70 12
split_gain=9152.62 7674.79 7247.71 8383.7 6350.98 6241.06 9433.55 7013.77 6721.61 5909.65 9990.58 8688.43 7157.94 5320.45
threshold=287.58038500000004 -0.28348833333333345 42.523274000000008 250.15128400000003 30.162500000000005 34.373690366337506 94.234161000000014 7.707720604428558 4.5000000000000009 306.70542500000005 11.840655182291668 182.61902600000002 21.231464633960698 274.50906300000003
decision_type=2 2 2 2 2 2 2 2 2 2 2 2 2 2
left_child=1 4 -3 9 5 6 -1 -8 13 10 -4 -11 -13 -9
right_child=-2 2 3 -5 -6 -7 7 8 -10 11 -12 12 -14 -15
leaf_value=0.014085259454944876 -0.39047948055699266 -0.0050759287722389849 0.11132163507439066 -0.043610220271316752 0.55666608932343398 0.017368336075613743 -0.00038847966276000454 -0.17028970101101626 -0.57461508343468848 0.25300488620414402 0.37739994543953803 -0.77821002032222419 0.041790255665779118 -0.70019057929515849
leaf_weight=1097 147 3248 1139 670 43 2105 410 952 133 95 511 57 49 49
leaf_count=1097 147 3248 1139 670 43 2105 410 952 133 95 511 57 49 49
internal_value=-7.93373e-06 0.0054651 0.0443021 0.107896 -0.0413188 -0.0468528 -0.0980273 -0.17764 -0.241669 0.162731 0.193904 -0.0928624 -0.402305 -0.196902
internal_weight=10705 10558 5769 2521 4789 4746 2641 1544 1134 1851 1650 201 106 1001
internal_count=10705 10558 5769 2521 4789 4746 2641 1544 1134 1851 1650 201 106 1001
is_linear=0
shrinkage=0.05


Tree=50
num_leaves=15
num_cat=0
split_feature=84 30 84 57 43 25 9 56 24 7 34 68 59 73
split_gain=8625.98 7791.3 8526.34 8084.68 5749.45 7882.3 7678.19 5236.9 4965.31 4597.62 5500.7 4316.14 4290 3185.17
threshold=303.76010700000006 19.812500000000004 104.01997900000002 1.036317375121695 47.625000000000007 105.36956620720093 272.25950450000005 29.782057499999997 301.16496950000004 72.044323500000019 27.953125000000004 5.2042284235409335 1.1310335000000153 -6.6249999999999991
decision_type=2 2 2 2 2 2 2 2 2 2 2 2 2 2
left_child=1 2 -1 12 5 -3 7 -6 11 10 -9 -8 -4 -7
right_child=-2 4 3 -5 6 13 8 9 -10 -11 -12 -13 -14 -15
leaf_value=0.030523523016641452 -0.70676406005094217 -0.035226673048044388 -0.28735235665653097 0.36459633596823554 0.014629279140397978 0.60350492675671319 -0.37091817626305934 0.572551929410547 -0.67543716234516127 -0.011092584163661878 0.14064133516267727 0.0039933499589096758 -0.069037646730843741 0.14578085320776907
leaf_weight=849 42 152 681 63 7510 118 121 114 48 198 208 207 337 57
leaf_count=849 42 152 681 63 7510 118 121 114 48 198 208 207 337 57
internal_value=-1.35672e-05 0.00283623 -0.0880528 -0.181123 0.0229306 0.228301 0.0149153 0.0252659 -0.205618 0.178561 0.294853 -0.135019 -0.21522 0.456093
internal_weight=10705 10663 1930 1081 8733 327 8406 8030 376 520 322 328 1018 175
internal_count=10705 10663 1930 1081 8733 327 8406 8030 376 520 322 328 1018 175
is_linear=0
shrinkage=0.05


Tree=51
num_leaves=15
num_cat=0
split_feature=73 84 16 47 47 37 84 59 21 8 24 15 26 84
split_gain=8015.7 8926.49 7117.47 10498.3 6600.14 6589.11 6101.96 6371.35 5815.69 5605.04 10843.2 5052.3 7152.04 4434.35
threshold=11.625000000000002 126.80466650000001 277.29195150000004 75.018229166666671 64.023437500000014 58.125000000000007 272.30710600000003 0.38859100000000529 84.213011359852899 250.77304450000003 287.39276800000005 224.90130100000002 26.175000000000001 166.32296600000004
decision_type=2 2 2 2 2 2 2 2 2 2 2 2 2 2
left_child=2 -2 6 4 -4 -5 7 -1 11 -6 -11 12 13 -3
right_child=1 8 3 5 9 -7 -8 -9 -10 10 -12 -13 -14 -15
leaf_value=-0.0048665596327045757 0.0020862070016788568 -0.61966513693102721 0.42508296719256872 0.83851626521990275 0.090786374541553305 0.24119337810122451 -0.18911490367677827 0.11324526453935335 0.05424354779065256 0.041424804339185356 -0.91719767146922182 0.019108276904743413 -0.83450284155382626 -0.20860762162533561
leaf_weight=6546 969 80 93 78 258 114 380 1382 148 79 46 106 68 358
leaf_count=6546 969 80 93 78 258 114 380 1382 148 79 46 106 68 358
internal_value=-1.41948e-05 -0.0985626 0.0189775 0.17587 0.0496377 0.486943 0.00634301 0.0157342 -0.226724 -0.0423975 -0.315828 -0.294648 -0.360283 -0.284927
internal_weight=10705 1729 8976 668 476 192 8308 7928 760 383 125 612 506 438
internal_count=10705 1729 8976 668 476 192 8308 7928 760 383 125 612 506 438
is_linear=0
shrinkage=0.05


Tree=52
num_leaves=15
num_cat=0
split_feature=84 31 12 24 83 84 84 20 24 59 31 22 70 12
split_gain=7535.51 6860.28 8038.06 12788.4 8389.49 6955.14 4897.25 4772.34 5887.97 5106.1 3660.2 3606.6 6148.57 3163.16
threshold=303.76010700000006 20.937500000000004 272.35636400000004 306.70542500000005 134.71279850000002 94.234161000000014 272.30710600000003 247.91118100000003 263.86678650000005 1.236005500000019 21.212500000000002 148.5701428385417 16.669096937163683 279.13438900000006
decision_type=2 2 2 2 2 2 2 2 2 2 2 2 2 2
left_child=1 5 -3 6 -5 -1 10 9 -9 -7 -4 12 -12 -10
right_child=-2 2 3 4 -6 7 -8 8 13 -11 11 -13 -14 -15
leaf_value=0.018199792590049217 -0.66058696009391971 0.014359870106385397 0.048101220821340884 0.1304319684901698 -0.86049362626813708 -0.28715158424928711 -0.099282087821226855 0.13050776294573327 -0.10347923600177461 -0.016697226379883991 0.37520987967974651 0.050207679704675136 0.91448302200862353 -0.52088107338547707
leaf_weight=1594 42 6775 74 43 41 613 64 310 505 244 230 52 69 49
leaf_count=1594 42 6775 74 43 41 613 64 310 505 244 230 52 69 49
internal_value=-1.79138e-05 0.00264567 0.0295827 0.209235 -0.357667 -0.0570536 0.307148 -0.126724 -0.0437187 -0.210259 0.368441 0.435649 0.502291 -0.141269
internal_weight=10705 10663 7348 573 84 3315 489 1721 864 857 425 351 299 554
internal_count=10705 10663 7348 573 84 3315 489 1721 864 857 425 351 299 554
is_linear=0
shrinkage=0.05


Tree=53
num_leaves=15
num_cat=0
split_feature=67 84 12 73 61 30 20 45 58 83 57 24 68 69
split_gain=6952.21 7442.84 6734.12 6208.96 6958.54 5844.3 8971.8 4474.28 3900.06 4294.55 3795.88 4635.98 4589.8 4448.48
threshold=-5.2843796458333339 136.73197800000003 256.21186050000006 -3.3749999999999996 40.771564000000005 22.012500000000003 283.37567350000006 43.854166666666679 -10.038873500000006 175.80416250000005 1.1496873668611751 290.18302650000004 9.5543956524205473 11.26756466666667
decision_type=2 2 2 2 2 2 2 2 2 2 2 2 2 2
left_child=1 -1 -2 -3 -5 6 -4 -7 -6 -10 11 -9 13 -13
right_child=2 3 5 4 8 7 -8 10 9 -11 -12 12 -14 -15
leaf_value=-0.0013131324351346547 0.0024671978360640873 0.021486296842659326 0.174595116968319 -0.40425946937012736 -0.32897728466168052 0.42726336273624271 0.84721202504545179 0.018629134257900574 -0.23913280466589534 0.17687398530304052 0.23206572890265892 -0.91607256744589138 0.033904843263584998 -0.20914698004722598
leaf_weight=1525 6803 291 622 371 124 60 53 335 102 155 117 41 57 49
leaf_count=1525 6803 291 622 371 124 60 53 335 102 155 117 41 57 49
internal_value=-2.10673e-05 -0.0717302 0.022616 -0.174589 -0.250392 0.12529 0.228583 0.0193035 -0.0998966 0.0114793 -0.0222046 -0.0842785 -0.317337 -0.537719
internal_weight=10705 2568 8137 1043 752 1334 675 659 381 257 599 482 147 90
internal_count=10705 2568 8137 1043 752 1334 675 659 381 257 599 482 147 90
is_linear=0
shrinkage=0.05


Tree=54
num_leaves=15
num_cat=0
split_feature=84 83 16 69 84 46 36 47 22 84 73 31 12 47
split_gain=6717.2 7046.56 11028.1 6009.37 7563.84 8535.1 5815.08 5581.79 7879.93 5151.72 8174.89 7750.35 7060.61 4826.96
threshold=275.36804450000005 252.41682850000004 282.20391600000005 -0.28348833333333345 81.513918500000003 52.114583333333336 24.348177083333336 75.976562500000014 135.9634828697917 42.523274000000008 4.6250000000000009 20.637500000000003 283.57970200000005 72.287760416666671
decision_type=2 2 2 2 2 2 2 2 2 2 2 2 2 2
left_child=1 3 6 4 -1 -6 7 8 13 -5 11 -11 -12 -3
right_child=-2 2 -4 9 5 -7 -8 -9 -10 10 12 -13 -14 -15
leaf_value=0.011154082524229288 -0.19087365192041958 1.0140523155927659 0.86720790339911236 -0.0059425683253941999 0.40643264353275299 -0.14490826364361409 -0.06668701389496276 0.059677052239010875 0.13278964024994078 -0.052219439999754327 -0.025547113163992635 0.23878778609865359 -0.71698920563572932 0.37617203515447395
leaf_weight=2215 441 49 46 3204 72 1861 416 543 217 305 306 911 41 78
leaf_count=2215 441 49 46 3204 72 1861 416 543 217 305 306 911 41 78
internal_value=-2.07818e-05 0.00819714 0.114654 -0.00792276 -0.0519239 -0.124172 0.0874419 0.159721 0.31701 0.0303676 0.104756 0.165814 -0.10907 0.628283
internal_weight=10705 10264 1349 8915 4148 1933 1303 887 344 4767 1563 1216 347 127
internal_count=10705 10264 1349 8915 4148 1933 1303 887 344 4767 1563 1216 347 127
is_linear=0
shrinkage=0.05


Tree=55
num_leaves=15
num_cat=0
split_feature=84 30 84 65 59 43 25 9 15 24 80 36 69 39
split_gain=6349.69 5757.48 6509.67 6550.96 4444.7 4322.27 5798.41 5324.2 3971.59 3948.89 3929.6 5335.53 9358.4 5823.07
threshold=303.76010700000006 19.812500000000004 104.01997900000002 9.1956446249999964 1.1310335000000153 47.125000000000007 105.36956620720093 272.25950450000005 270.45239350000003 307.27302800000007 -0.47114434510950048 24.277343750000004 12.437129489583334 74.875000000000014
decision_type=2 2 2 2 2 2 2 2 2 2 2 2 2 2
left_child=1 2 -1 4 -4 6 -3 8 10 -9 11 12 -7 -14
right_child=-2 5 3 -5 -6 7 -8 9 -10 -11 -12 -13 13 -15
leaf_value=0.027910735076813794 -0.60638174175523052 -0.033394441897315642 -0.26148611239519648 0.35582048369539998 -0.041726961472264741 0.089076712626342355 0.40411899326346729 -0.11326403606421592 0.46151007226869178 -0.63329620252295238 -0.0044500999681063346 -0.031551326015738887 1.0274361513009886 0.29898932499980385
leaf_weight=849 42 139 673 58 350 1496 165 341 50 40 5545 830 40 87
leaf_count=849 42 139 673 58 350 1496 165 341 50 40 5545 830 40 87
internal_value=-1.08546e-05 0.00243419 -0.0756967 -0.157019 -0.186414 0.0197079 0.204618 0.0130154 0.0216699 -0.169376 0.0188629 0.0715422 0.124251 0.534656
internal_weight=10705 10663 1930 1081 1023 8733 304 8429 8048 381 7998 2453 1623 127
internal_count=10705 10663 1930 1081 1023 8733 304 8429 8048 381 7998 2453 1623 127
is_linear=0
shrinkage=0.05


Tree=56
num_leaves=15
num_cat=0
split_feature=84 83 16 36 47 69 84 35 68 61 84 31 22 22
split_gain=5748.71 6157.94 9086.22 5709.2 5761.63 5186.86 6155.91 7662.17 4925.42 5894.54 4771.05 6371.2 6217.12 4972.85
threshold=273.90393550000005 254.15196650000004 282.20391600000005 24.277343750000004 69.381510416666671 -0.28348833333333345 81.513918500000003 28.627083333333335 19.744376756240243 81.684145500000014 42.523274000000008 27.112500000000004 144.3220852135417 141.88930447395833
decision_type=2 2 2 2 2 2 2 2 2 2 2 2 2 2
left_child=1 5 3 4 -3 6 -1 8 9 -8 -7 12 13 -12
right_child=-2 2 -4 -5 -6 10 7 -9 -10 -11 11 -13 -14 -15
leaf_value=0.010294454936689729 -0.16467733674701121 0.6828917418113527 0.83605422264053719 -0.059700443299118222 0.13222318173105815 -0.0057412004754797633 -0.1476185809700877 0.56550562221829492 -0.50483573039130469 0.095253625004583564 0.073616375413291843 0.35204894465098185 -0.17440245446358993 0.42196281988892648
leaf_weight=2217 504 50 41 423 712 3206 1552 40 81 297 1020 216 233 113
leaf_count=2217 504 50 41 423 712 3206 1552 40 81 297 1020 216 233 113
internal_value=-5.92519e-06 0.00814533 0.113206 0.0875123 0.169204 -0.00621717 -0.0468586 -0.11115 -0.12546 -0.108576 0.0293252 0.100348 0.0603189 0.1087
internal_weight=10705 10201 1226 1185 762 8975 4187 1970 1930 1849 4788 1582 1366 1133
internal_count=10705 10201 1226 1185 762 8975 4187 1970 1930 1849 4788 1582 1366 1133
is_linear=0
shrinkage=0.05


Tree=57
num_leaves=15
num_cat=0
split_feature=84 30 84 65 59 37 16 47 46 80 84 51 67 7
split_gain=5585.83 4940.45 5627.19 5710.07 3966.21 3923.74 5037.62 5640.58 4700.69 4670.31 10854.7 5389.17 4460.1 3968.42
threshold=303.76010700000006 19.812500000000004 104.01997900000002 9.1956446249999964 0.88537149999999099 53.875000000000007 277.29195150000004 74.571614583333357 53.848958333333343 -0.47114434510950048 202.77659800000004 2.5000000000000004 -10.546859041666659 97.954301000000015
decision_type=2 2 2 2 2 2 2 2 2 2 2 2 2 2
left_child=1 2 -1 4 -4 6 12 8 -8 13 -11 -12 -3 -7
right_child=-2 5 3 -5 -6 9 7 -9 -10 10 11 -13 -14 -15
leaf_value=0.026251002907533856 -0.56872536899565274 0.54053901489390888 -0.25063860463597404 0.33310275819089452 -0.048047880710069442 0.1260077611866223 0.45689188429142957 0.85541527842193155 -0.11018987813992287 -0.0028308222336392271 -0.57237197245199856 -0.077941305641404765 0.010015701877119223 -0.0016730782689594527
leaf_weight=849 42 42 631 58 392 1289 80 42 66 5334 126 98 504 1152
leaf_count=849 42 42 631 58 392 1289 80 42 66 5334 126 98 504 1152
internal_value=4.23877e-06 0.0022975 -0.0700777 -0.145687 -0.173131 0.0182987 0.128856 0.351367 0.201534 0.00813889 -0.0171811 -0.357366 0.0517388 0.0657743
internal_weight=10705 10663 1930 1081 1023 8733 734 188 146 7999 5558 224 546 2441
internal_count=10705 10663 1930 1081 1023 8733 734 188 146 7999 5558 224 546 2441
is_linear=0
shrinkage=0.05


end of trees

feature_importances:
consumo_alvo_semana_anterior=193
temperatura_externa_c_diferenca_semana_atual=101
consumo_diferenca_semana_atual=56
correcao_semanal_media_1440m=48
consumo_max_1440m=43
umidade_relativa_pct_diferenca_semana_atual=21
umidade_relativa_pct_lag_1440m=19
consumo_lag_10080m=17
consumo_max_180m=16
consumo_mean_1440m=16
consumo_std_1440m=15
umidade_relativa_pct_media_360m=14
umidade_relativa_pct_media_1440m=14
correcao_semanal_std_1440m=14
temperatura_externa_c_lag_720m=13
umidade_relativa_pct_atual=13
temperatura_externa_c_media_1440m=12
correcao_semanal_std_360m=12
consumo_alvo_dia_anterior=12
alvo_hora_cos=9
consumo_min_360m=8
tendencia_consumo_180m=8
correcao_semanal_media_360m=8
consumo_lag_1440m=7
consumo_max_60m=7
umidade_relativa_pct_media_180m=7
origem_dia_semana=7
temperatura_externa_c_lag_360m=6
umidade_relativa_pct_lag_60m=6
consumo_diferenca_dia_atual=6
consumo_min_180m=5
consumo_std_360m=5
temperatura_externa_c_atual=5
temperatura_externa_c_media_60m=5
origem_hora_sin=5
tendencia_consumo_15m=5
tendencia_consumo_360m=5
correcao_semanal_std_180m=5
consumo_std_180m=4
temperatura_externa_c_media_360m=4
consumo_razao_semana_atual=4
consumo_max_360m=3
temperatura_externa_c_lag_1440m=3
umidade_relativa_pct_media_60m=3
correcao_semanal_media_180m=3
consumo_lag_720m=2
consumo_mean_60m=2
temperatura_externa_c_lag_15m=2
temperatura_externa_c_media_180m=2
origem_mes=2
origem_hora_cos=2
tendencia_consumo_60m=2
consumo_atual_kw=1
consumo_lag_120m=1
consumo_lag_180m=1
consumo_mean_360m=1
origem_semana_sin=1
temperatura_externa_c_tendencia_1h=1

parameters:
[boosting: gbdt]
[objective: regression]
[metric: l1]
[tree_learner: serial]
[device_type: cpu]
[data_sample_strategy: bagging]
[data: ]
[valid: ]
[num_iterations: 400]
[learning_rate: 0.05]
[num_leaves: 15]
[num_threads: 2]
[seed: 20260905]
[deterministic: 1]
[force_col_wise: 1]
[force_row_wise: 0]
[histogram_pool_size: -1]
[max_depth: -1]
[min_data_in_leaf: 40]
[min_sum_hessian_in_leaf: 0.001]
[bagging_fraction: 1]
[pos_bagging_fraction: 1]
[neg_bagging_fraction: 1]
[bagging_freq: 0]
[bagging_seed: 23218]
[bagging_by_query: 0]
[feature_fraction: 1]
[feature_fraction_bynode: 1]
[feature_fraction_seed: 28090]
[extra_trees: 0]
[extra_seed: 14360]
[early_stopping_round: 0]
[early_stopping_min_delta: 0]
[first_metric_only: 0]
[max_delta_step: 0]
[lambda_l1: 0]
[lambda_l2: 1]
[linear_lambda: 0]
[min_gain_to_split: 0]
[drop_rate: 0.1]
[max_drop: 50]
[skip_drop: 0.5]
[xgboost_dart_mode: 0]
[uniform_drop: 0]
[drop_seed: 16970]
[top_rate: 0.2]
[other_rate: 0.1]
[min_data_per_group: 100]
[max_cat_threshold: 32]
[cat_l2: 10]
[cat_smooth: 10]
[max_cat_to_onehot: 4]
[top_k: 20]
[monotone_constraints: ]
[monotone_constraints_method: basic]
[monotone_penalty: 0]
[feature_contri: ]
[forcedsplits_filename: ]
[refit_decay_rate: 0.9]
[cegb_tradeoff: 1]
[cegb_penalty_split: 0]
[cegb_penalty_feature_lazy: ]
[cegb_penalty_feature_coupled: ]
[path_smooth: 0]
[interaction_constraints: ]
[verbosity: -1]
[saved_feature_importance_type: 0]
[use_quantized_grad: 0]
[num_grad_quant_bins: 4]
[quant_train_renew_leaf: 0]
[stochastic_rounding: 1]
[linear_tree: 0]
[max_bin: 255]
[max_bin_by_feature: ]
[min_data_in_bin: 3]
[bin_construct_sample_cnt: 200000]
[data_random_seed: 5037]
[is_enable_sparse: 1]
[enable_bundle: 1]
[use_missing: 1]
[zero_as_missing: 0]
[feature_pre_filter: 1]
[pre_partition: 0]
[two_round: 0]
[header: 0]
[label_column: ]
[weight_column: ]
[group_column: ]
[ignore_column: ]
[categorical_feature: ]
[forcedbins_filename: ]
[precise_float_parser: 0]
[parser_config_file: ]
[objective_seed: 15411]
[num_class: 1]
[is_unbalance: 0]
[scale_pos_weight: 1]
[sigmoid: 1]
[boost_from_average: 1]
[reg_sqrt: 0]
[alpha: 0.9]
[fair_c: 1]
[poisson_max_delta_step: 0.7]
[tweedie_variance_power: 1.5]
[lambdarank_truncation_level: 30]
[lambdarank_norm: 1]
[label_gain: ]
[lambdarank_position_bias_regularization: 0]
[eval_at: ]
[multi_error_top_k: 1]
[auc_mu_weights: ]
[num_machines: 1]
[local_listen_port: 12400]
[time_out: 120]
[machine_list_filename: ]
[machines: ]
[gpu_platform_id: -1]
[gpu_device_id: -1]
[gpu_device_id_list: ]
[gpu_use_dp: 0]
[num_gpu: 1]

end of parameters

pandas_categorical:[]
