tree
version=v4
num_class=1
num_tree_per_iteration=1
label_index=0
max_feature_idx=84
objective=regression
feature_names=consumo_atual_kw consumo_lag_15m consumo_lag_30m consumo_lag_60m consumo_lag_120m consumo_lag_180m consumo_lag_360m consumo_lag_720m consumo_lag_1440m consumo_lag_10080m consumo_mean_60m consumo_min_60m consumo_max_60m consumo_std_60m consumo_mean_180m consumo_min_180m consumo_max_180m consumo_std_180m consumo_mean_360m consumo_min_360m consumo_max_360m consumo_std_360m consumo_mean_1440m consumo_min_1440m consumo_max_1440m consumo_std_1440m temperatura_externa_c_atual temperatura_externa_c_lag_15m temperatura_externa_c_lag_60m temperatura_externa_c_lag_180m temperatura_externa_c_lag_360m temperatura_externa_c_lag_720m temperatura_externa_c_lag_1440m temperatura_externa_c_media_60m temperatura_externa_c_media_180m temperatura_externa_c_media_360m temperatura_externa_c_media_1440m umidade_relativa_pct_atual umidade_relativa_pct_lag_15m umidade_relativa_pct_lag_60m umidade_relativa_pct_lag_180m umidade_relativa_pct_lag_360m umidade_relativa_pct_lag_720m umidade_relativa_pct_lag_1440m umidade_relativa_pct_media_60m umidade_relativa_pct_media_180m umidade_relativa_pct_media_360m umidade_relativa_pct_media_1440m origem_hora origem_dia_semana origem_fim_de_semana origem_mes origem_hora_sin origem_hora_cos origem_semana_sin origem_semana_cos consumo_diferenca_semana_atual consumo_razao_semana_atual consumo_diferenca_dia_atual tendencia_consumo_15m tendencia_consumo_60m tendencia_consumo_180m tendencia_consumo_360m correcao_semanal_media_60m correcao_semanal_std_60m correcao_semanal_media_180m correcao_semanal_std_180m correcao_semanal_media_360m correcao_semanal_std_360m correcao_semanal_media_1440m correcao_semanal_std_1440m temperatura_externa_c_diferenca_semana_atual temperatura_externa_c_tendencia_1h umidade_relativa_pct_diferenca_semana_atual umidade_relativa_pct_tendencia_1h alvo_hora alvo_dia_semana alvo_fim_de_semana alvo_mes alvo_hora_sin alvo_hora_cos alvo_semana_sin alvo_semana_cos consumo_alvo_dia_anterior consumo_alvo_semana_anterior
feature_infos=[22.399999999999999:324.71375799999998] [22.399999999999999:324.71375799999998] [22.399999999999999:324.71375799999998] [22.399999999999999:324.71375799999998] [22.399999999999999:324.71375799999998] [22.399999999999999:324.71375799999998] [22.399999999999999:324.71375799999998] [22.399999999999999:324.71375799999998] [22.399999999999999:324.71375799999998] [22.399999999999999:324.71375799999998] [22.399999999999999:321.24876725000001] [22.399999999999999:318.278571] [22.399999999999999:324.71375799999998] [0:82.540869055199337] [22.399999999999999:313.28577408333337] [22.399999999999999:302.53573799999998] [22.399999999999999:324.71375799999998] [0:92.970139865692389] [22.399999999999999:295.13563500000004] [22.399999999999999:249.29458700000001] [22.399999999999999:324.71375799999998] [0:116.53386463160022] [23.200000000000003:159.49963871874999] none [25.600000000000001:324.71375799999998] [1.3929144002343703:128.71471884334804] [15:33.700000000000003] [15:33.700000000000003] [15:33.700000000000003] [15:33.700000000000003] [15:33.700000000000003] [15:33.700000000000003] [15:33.700000000000003] [15:33.4375] [15:32.71875] [15.333333333333334:31.620833333333334] [16.439843749999998:27.283072916666669] [31:98] [31:98] [31:98] [31:98] [31:98] [31:98] [31:98] [32.5:95.625] [33.666666666666664:95.083333333333329] [37.041666666666664:94] [59.309895833333336:91.638020833333329] [0:23.75] [0:6] [0:1] [1:4] [-1:1] [-1:1] [-0.97492791218182362:0.97492791218182362] [-0.90096886790241903:1] [-72.635950000000008:77.445233000000002] [0.43630911779503978:2.09406877563422] [-291.363968:296.779246] [-121.30707899999999:153.05878799999999] [-124.27709300000001:153.05878799999999] [-180.63157299999997:268.16051600000003] [-299.363968:299.97924600000005] [-70.384351250000009:75.467424499999993] [0:44.359338508129341] [-67.777903583333341:70.921986416666655] [0:38.631403568061003] [-64.848194500000005:62.415354583333333] [0:37.083675449251288] [-34.945017510416669:27.905951093750001] [0:30.68446053870321] [-12:11.5] [-8:4.8000000000000007] [-49:48] [-30:40] [0:23.75] [0:6] [0:1] [1:4] [-1:1] [-1:1] [-0.97492791218182362:0.97492791218182362] [-0.90096886790241903:1] [22.399999999999999:324.71375799999998] [22.399999999999999:324.71375799999998]
tree_sizes=1432 1437 1436 1439 1431 1440 1440 1439 1450 1451 1446 1443 1442 1452 1439 1428 1446 1435 1437 1436 1436 1453 1452 1442 1446 1438 1438 1429 1442 1428 1437 1433 1444 1419 1435 1433 1438 1437 1440 1423 1451 1440 1448 1454 1437 1444 1436 1440 1445 1454 1441 1449 1418 1430 1455

Tree=0
num_leaves=15
num_cat=0
split_feature=56 56 84 84 56 56 56 71 52 84 71 71 84 25
split_gain=1.12875e+06 698301 195592 126534 89128.4 79277.6 69909.8 42021.3 63902.5 51240.3 46119.1 36130.2 26645.9 21559.3
threshold=-20.301123499999999 12.469554000000004 97.110596500000014 42.523274000000008 29.441422500000005 -6.9021500000000122 -44.093216500000004 1.0000000180025095e-35 0.95642797789208711 42.523274000000008 2.2375000000000012 -2.6374999999999988 100.16068500000002 96.652063400669192
decision_type=2 2 2 2 2 2 2 2 2 2 2 2 2 2
left_child=2 5 -1 -3 -5 -2 13 8 -7 -9 -11 12 -10 -4
right_child=1 3 6 4 -6 7 -8 9 11 10 -12 -13 -14 -15
leaf_value=-1.0089094996205805 -1.4402677001255397 -0.95785116883549914 -3.7095908781936808 0.012639985875119608 0.87214776474163602 -0.98391221466577039 -2.4868487309136262 -0.95763649634882131 -1.2038486529923662 -0.72877868895942965 0.029613891797875658 -1.329421764648868 -2.731785423670642 -2.6686470355668206
leaf_weight=192 945 211 200 742 514 3366 709 2184 41 775 270 386 95 75
leaf_count=192 945 211 200 742 514 3366 709 2184 41 775 270 386 95 75
internal_value=-1.00801 -0.827598 -2.46882 0.175408 0.365597 -1.01023 -2.75339 -0.95308 -1.0638 -0.819792 -0.532026 -1.57798 -2.27595 -3.43274
internal_weight=10705 9529 1176 1467 1256 8062 984 7117 3888 3229 1045 522 136 275
internal_count=10705 9529 1176 1467 1256 8062 984 7117 3888 3229 1045 522 136 275
is_linear=0
shrinkage=1


Tree=1
num_leaves=15
num_cat=0
split_feature=56 56 84 84 56 56 56 71 52 84 69 71 71 84
split_gain=1.01993e+06 634879 173466 114117 87991.7 75886.6 60016.4 36494.4 57818.4 43666.3 45616.6 32465.8 28052.3 24069.8
threshold=-21.157216999999999 11.821706499999992 90.677195000000012 42.523274000000008 24.857463000000006 -6.9021500000000122 -42.873081999999975 1.0000000180025095e-35 0.95642797789208711 42.523274000000008 5.8223991614583346 -2.6374999999999988 6.0125000000000002 100.16068500000002
decision_type=2 2 2 2 2 2 2 2 2 2 2 2 2 2
left_child=2 5 -1 -3 -5 -2 -4 8 -7 -9 -11 13 -6 -10
right_child=1 3 6 4 12 7 -8 9 11 10 -12 -13 -14 -15
leaf_value=0.050152185559272769 -0.41868688078405836 0.047678599034974338 -2.2755873035172285 0.83322414065330141 1.4254758451524392 0.022042901260955705 -1.4117122213675906 0.047859859638804694 -0.18627593574069798 0.21704190179777672 0.93784050022330234 -0.30736210880341469 2.098604083349628 -1.6384805677458645
leaf_weight=171 987 217 294 588 457 3359 669 2179 41 697 320 384 247 95
leaf_count=171 987 217 294 588 457 3359 669 2179 41 697 320 384 247 95
internal_value=-1.94888e-05 0.168022 -1.4172 1.10893 1.287 -0.00820713 -1.67754 0.049108 -0.053966 0.174187 0.44454 -0.544054 1.66429 -1.20524
internal_weight=10705 9571 1134 1509 1292 8062 963 7075 3879 3196 1017 520 704 136
internal_count=10705 9571 1134 1509 1292 8062 963 7075 3879 3196 1017 520 704 136
is_linear=0
shrinkage=0.05


Tree=2
num_leaves=15
num_cat=0
split_feature=56 56 84 84 56 56 71 84 27 52 71 71 84 71
split_gain=921973 556645 168578 103151 79072.2 74457.6 55148.2 84101.1 51546.9 27897.5 28716.8 25338.9 24462.6 23516.1
threshold=-16.838949999999993 12.469554000000004 90.677195000000012 42.523274000000008 -33.52329799999999 24.857463000000006 -1.0000000180025095e-35 90.677195000000012 19.012500000000003 0.95642797789208711 2.1000000000000001 6.0125000000000002 287.58038500000004 -2.8499999999999992
decision_type=2 2 2 2 2 2 2 2 2 2 2 2 2 2
left_child=2 6 -1 -3 -4 -5 7 -2 13 -8 -11 -7 -10 -9
right_child=1 3 4 5 -6 11 9 8 12 10 -12 -13 -14 -15
leaf_value=0.05310297831196651 0.051873060557029671 0.045293965738899308 -1.9040810713006093 0.80311796098179566 -1.0561550107685564 1.3543576927749872 0.091425735474331304 -1.7604893400934007 -0.25961013315181619 0.25721568743427176 1.0919478540269423 1.9940969211920614 -1.4874870902016051 -0.67747681791455872
leaf_weight=213 2614 211 556 552 554 457 3295 89 1238 379 141 247 41 118
leaf_count=213 2614 211 556 552 554 457 3295 89 1238 379 141 247 41 118
internal_value=-2.11188e-05 0.174267 -1.23518 1.0685 -1.48221 1.24022 0.00841216 -0.118885 -0.419096 0.145214 0.485218 1.58132 -0.300103 -1.14935
internal_weight=10705 9382 1323 1467 1110 1256 7915 4100 1486 3815 520 704 1279 207
internal_count=10705 9382 1323 1467 1110 1256 7915 4100 1486 3815 520 704 1279 207
is_linear=0
shrinkage=0.05


Tree=3
num_leaves=15
num_cat=0
split_feature=56 56 84 84 56 56 56 71 52 84 69 71 84 25
split_gain=834329 519592 142741 93139.9 71562.1 65053.1 47002.1 29996.4 48297.2 40181.5 41316.2 27238.6 27132.1 19728.2
threshold=-21.542102499999995 11.821706499999992 98.278938500000024 42.523274000000008 29.782057499999997 -6.9021500000000122 -44.093216500000004 0.20000000000000109 0.95642797789208711 42.523274000000008 5.8223991614583346 -2.4249999999999985 90.677195000000012 96.652063400669192
decision_type=2 2 2 2 2 2 2 2 2 2 2 2 2 2
left_child=2 5 -1 -3 -5 -2 13 8 -7 -9 -11 12 -10 -4
right_child=1 3 6 4 -6 7 -8 9 11 10 -12 -13 -14 -15
leaf_value=-0.010178892953055246 -0.38425261290223367 0.042996881861205496 -2.3592262192152034 0.86603648938636923 1.6328290942167951 0.022453021292999805 -1.3108306758904034 0.039831773374546083 0.014191214243570963 0.20648873774285917 0.90882820540588671 -0.25609206947088242 -1.4471995356835818 -1.3724601248377248
leaf_weight=181 1008 217 200 794 498 3443 657 2130 44 666 305 374 113 75
leaf_count=181 1008 217 200 794 498 3443 657 2130 44 666 305 374 113 75
internal_value=-2.66166e-05 0.150381 -1.29523 1.00176 1.16263 -0.00866507 -1.54452 0.0448929 -0.0460499 0.161416 0.427808 -0.48943 -1.04014 -2.09606
internal_weight=10705 9592 1113 1509 1292 8083 932 7075 3974 3101 971 531 157 275
internal_count=10705 9592 1113 1509 1292 8083 932 7075 3974 3101 971 531 157 275
is_linear=0
shrinkage=0.05


Tree=4
num_leaves=15
num_cat=0
split_feature=56 56 84 84 71 84 56 71 71 84 71 29 71 69
split_gain=753426 459918 141777 83556.1 59675.2 74115.8 58013 44046.6 42813.4 36382.2 48328.1 24480.6 21230.6 20025.4
threshold=-17.784266499999983 17.480852500000001 90.677195000000012 42.523274000000008 -1.0000000180025095e-35 94.718793500000018 -33.52329799999999 -2.9875000000000003 5.1000000000000005 42.523274000000008 2.2375000000000012 19.487500000000004 -5.0124999999999984 1.979532625
decision_type=2 2 2 2 2 2 2 2 2 2 2 2 2 2
left_child=2 4 -1 -3 5 -2 12 11 -5 -6 13 -7 -4 -11
right_child=1 3 6 8 9 7 -8 -9 -10 10 -12 -13 -14 -15
leaf_value=0.0538597182007063 0.047687106448756206 0.040852355659008029 -1.9674864830641914 1.0029076946743842 0.038976590958584412 -1.7051084687438192 -0.984187612042004 -0.26187300418435439 1.6861236160558262 0.047046812894470685 0.85380344758651272 -0.66002060835584642 -1.31332505744128 0.47426401617245528
leaf_weight=209 2648 169 347 670 2500 78 516 1229 355 795 360 202 209 418
leaf_count=209 2648 169 347 670 2500 78 516 1229 355 795 360 202 209 418
internal_value=-4.11975e-05 0.154648 -1.13728 1.07126 0.0215528 -0.111705 -1.36935 -0.391253 1.24095 0.157553 0.345863 -0.956184 -1.72439 0.194535
internal_weight=10705 9424 1281 1194 8230 4157 1072 1509 1025 4073 1573 280 556 1213
internal_count=10705 9424 1281 1194 8230 4157 1072 1509 1025 4073 1573 280 556 1213
is_linear=0
shrinkage=0.05


Tree=5
num_leaves=15
num_cat=0
split_feature=56 56 84 84 71 84 71 56 71 84 71 33 21 69
split_gain=681874 425065 117071 78791.3 63224.4 79870.3 45406.1 38557.7 36534.5 33540.1 43063 23845.1 19846.5 19480.3
threshold=-21.542102499999995 18.240221500000022 101.84539350000001 42.523274000000008 -0.099999999999999631 94.718793500000018 -2.3625000000000003 -44.093216500000004 5.1000000000000005 42.523274000000008 2.212499999999999 19.065625000000004 21.618480301953209 -1.0000000180025095e-35
decision_type=2 2 2 2 2 2 2 2 2 2 2 2 2 2
left_child=2 4 -1 -3 5 -2 11 -4 -5 -6 13 -7 -12 -11
right_child=1 3 7 8 9 6 -8 -9 -10 10 12 -13 -14 -15
leaf_value=-0.033209357438264073 0.045756984461581794 0.038821752667427066 -1.9006661798535049 0.97708866759851765 0.03709539691267192 -1.5208308696746826 -0.22777382798467541 -1.1883073557173967 1.6171628863125957 -0.012261269880267366 1.274233044921488 -0.63079808369810397 0.51867324353613486 0.38064723139839773
leaf_weight=188 2676 169 275 631 2512 94 1137 650 352 622 137 381 242 639
leaf_count=188 2676 169 275 631 2512 94 1137 650 352 622 137 381 242 639
internal_value=-5.14954e-05 0.135922 -1.17096 1.03641 0.0129036 -0.121744 -0.399659 -1.40191 1.2077 0.151957 0.327762 -0.809756 0.794426 0.186985
internal_weight=10705 9592 1113 1152 8440 4288 1612 925 983 4152 1640 475 379 1261
internal_count=10705 9592 1113 1152 8440 4288 1612 925 983 4152 1640 475 379 1261
is_linear=0
shrinkage=0.05


Tree=6
num_leaves=15
num_cat=0
split_feature=56 56 84 84 56 56 71 24 71 71 52 52 84 71
split_gain=615543 385237 105989 70432.1 57057.5 49129.9 36880.4 26920.2 21618.1 21561.6 38073.1 28787.6 20208.6 25401.9
threshold=-21.542102499999995 11.517540500000004 90.677195000000012 42.523274000000008 24.857463000000006 -7.0630304999999955 -5.0124999999999984 255.23943600000004 8.0125000000000011 0.20000000000000109 0.95642797789208711 0.95642797789208711 94.718793500000018 -2.1874999999999996
decision_type=2 2 2 2 2 2 2 2 2 2 2 2 2 2
left_child=2 5 -1 -3 -5 -2 7 -4 -6 10 -7 -11 -12 -14
right_child=1 3 6 4 8 9 -8 -9 -10 11 12 -13 13 -15
leaf_value=0.044494295402391422 -0.33921752938348426 0.036880840871069166 -2.0407020238240561 0.63755316621134339 1.2065406665886482 0.021042320354289917 -1.0214094935835059 -1.246362607613138 2.1407969380768255 0.076100303973337821 0.024672675462896955 0.52328959841643863 -1.2264481705015269 -0.34299420612503073
leaf_weight=168 987 224 224 602 634 3456 503 218 70 2672 166 415 122 244
leaf_count=168 987 224 224 602 634 3456 503 218 70 2672 166 415 122 244
internal_value=-5.18365e-05 0.129139 -1.11255 0.856233 0.996629 -0.00893779 -1.31808 -1.65262 1.30234 0.0371794 -0.0396147 0.136368 -0.432958 -0.640018
internal_weight=10705 9592 1113 1530 1306 8062 945 442 704 7075 3988 3087 532 366
internal_count=10705 9592 1113 1530 1306 8062 945 442 704 7075 3988 3087 532 366
is_linear=0
shrinkage=0.05


Tree=7
num_leaves=15
num_cat=0
split_feature=56 56 84 84 71 71 84 71 84 71 71 56 29 21
split_gain=556421 337957 104546 64413.9 54110.8 44101.4 50038.1 38495.8 35923.1 31489.1 30664.8 28768.2 23676 17564.9
threshold=-16.838949999999993 18.240221500000022 90.677195000000012 42.523274000000008 -3.3625000000000003 1.0000000180025095e-35 97.110596500000014 -2.3625000000000003 42.523274000000008 6.0125000000000002 2.2375000000000012 -42.873081999999975 19.487500000000004 21.618480301953209
decision_type=2 2 2 2 2 2 2 2 2 2 2 2 2 2
left_child=2 5 -1 -3 11 6 -2 12 -7 -5 -10 -4 -8 -12
right_child=1 3 4 9 -6 8 7 -9 10 -11 13 -13 -14 -15
leaf_value=0.054869700842928665 0.043371775847204912 0.03505889072137721 -1.7854670104160104 0.92158108512451364 -0.59185885683848305 0.029436441985722463 -1.4426854657090229 -0.16837774974674546 0.20984328828596976 1.5702112866978704 1.1890930761488667 -1.1483657718083011 -0.51626609401920676 0.4767833176439551
leaf_weight=213 2976 169 278 727 311 2219 91 1275 1008 256 137 521 285 239
leaf_count=213 2976 169 278 727 311 2219 91 1275 1008 256 137 521 285 239
internal_value=-5.6278e-05 0.135341 -0.9596 0.937047 -1.15414 0.0230218 -0.0791079 -0.299776 0.154163 1.09193 0.353975 -1.37199 -0.743711 0.738787
internal_weight=10705 9382 1323 1152 1110 8230 4627 1651 3603 983 1384 799 376 376
internal_count=10705 9382 1323 1152 1110 8230 4627 1651 3603 983 1384 799 376 376
is_linear=0
shrinkage=0.05


Tree=8
num_leaves=15
num_cat=0
split_feature=56 56 84 84 56 84 56 71 84 26 84 69 57 69
split_gain=503191 315998 86746.6 57751.1 48315.1 45425.9 28753.8 26934.7 43589 37892.3 18379.1 38864.2 17448.6 17118.8
threshold=-21.542102499999995 11.517540500000004 101.84539350000001 42.523274000000008 29.782057499999997 273.33104300000008 -44.093216500000004 -0.31249999999999994 94.718793500000018 19.012500000000003 42.523274000000008 11.840655182291668 0.96249717787821376 -5.9078175052083326
decision_type=2 2 2 2 2 2 2 2 2 2 2 2 2 2
left_child=2 5 -1 -3 -5 7 -4 8 -2 -10 -9 13 -11 -12
right_child=1 3 6 4 -6 -7 -8 10 9 12 11 -13 -14 -15
leaf_value=-0.02655469854042013 0.041424068007743148 0.033334496696790061 -1.6353893548682117 0.66224391809509253 1.2899391977575596 -0.58926181067300287 -1.0202851666924408 0.029863630624032234 -0.95646246276909919 -0.3618791748289788 -0.20271502440511707 0.92669888958484337 0.048616871654123629 0.25442718278908755
leaf_weight=188 2533 224 275 808 498 322 650 2586 195 658 265 186 426 891
leaf_count=188 2533 224 275 808 498 322 650 2586 195 658 265 186 426 891
internal_value=-5.8708e-05 0.116748 -1.00592 0.775268 0.902399 -0.00830607 -1.20472 0.0159359 -0.0787351 -0.316551 0.107808 0.25787 -0.200663 0.149548
internal_weight=10705 9592 1113 1530 1306 8062 925 7740 3812 1279 3928 1342 1084 1156
internal_count=10705 9592 1113 1530 1306 8062 925 7740 3812 1279 3928 1342 1084 1156
is_linear=0
shrinkage=0.05


Tree=9
num_leaves=15
num_cat=0
split_feature=56 56 84 84 56 84 71 71 84 57 84 69 24 71
split_gain=454237 285242 78637.3 52128.8 43690.8 41009.7 29295.4 24668.9 33802.8 38634.8 25990.5 27238.1 22254.8 20673.4
threshold=-21.542102499999995 11.517540500000004 90.677195000000012 42.523274000000008 24.857463000000006 273.33104300000008 -5.0124999999999984 0.20000000000000109 94.718793500000018 0.96138678911232112 42.523274000000008 -1.0000000180025095e-35 255.23943600000004 -2.9875000000000003
decision_type=2 2 2 2 2 2 2 2 2 2 2 2 2 2
left_child=2 5 -1 -3 -5 7 12 8 -2 13 -9 -12 -4 -10
right_child=1 3 6 4 -6 -7 -8 10 9 -11 11 -13 -14 -15
leaf_value=0.040875372660935987 0.040520796299105773 0.0316751796801885 -1.7831563542683921 0.54318726587836719 1.1248495663501694 -0.55988993552101107 -0.86858195517552161 0.026219531912032603 -0.85247094579872407 0.059253995117054759 0.059157740910080941 0.58832963166417784 -1.0622324371098044 -0.31139969751868096
leaf_weight=168 3030 224 224 602 704 322 503 2126 232 638 462 513 218 739
leaf_count=168 3030 224 224 602 704 322 503 2126 232 638 462 513 218 739
internal_value=-6.2804e-05 0.110917 -0.955742 0.736569 0.857353 -0.00789578 -1.13277 0.0151377 -0.0578404 -0.24298 0.124294 0.337901 -1.43079 -0.441421
internal_weight=10705 9592 1113 1530 1306 8062 945 7740 4639 1609 3101 975 442 971
internal_count=10705 9592 1113 1530 1306 8062 945 7740 4639 1609 3101 975 442 971
is_linear=0
shrinkage=0.05


Tree=10
num_leaves=15
num_cat=0
split_feature=56 56 84 84 84 56 71 71 25 71 84 26 52 71
split_gain=410086 258150 70996.7 47804.7 40426.5 31359.9 26462.6 26364.8 20217.2 19947.5 40168.6 29187.1 15966.5 17971.1
threshold=-21.542102499999995 18.240221500000022 90.677195000000012 42.523274000000008 273.33104300000008 5.4663134999999849 -5.0124999999999984 6.0125000000000002 95.41747064970518 -0.099999999999999631 90.677195000000012 19.012500000000003 0.95642797789208711 1.9500000000000013
decision_type=2 2 2 2 2 2 2 2 2 2 2 2 2 2
left_child=2 4 -1 -3 5 9 8 -5 -4 10 -2 -12 -11 -14
right_child=1 3 6 7 -6 -7 -8 -9 -10 12 11 -13 13 -15
leaf_value=0.03884369720368696 0.038010218203145985 0.030084894194322476 -1.6863495006189719 0.78487621381479711 -0.52379646692793724 0.34084777431531332 -0.8252390164771074 1.3778840894828974 -0.9987919127752245 0.043513444013513591 -0.83271211974582704 -0.19633841909871941 0.11828276982668079 0.7288550121321653
leaf_weight=168 2619 169 230 727 340 745 503 256 212 2886 214 1120 325 191
leaf_count=168 2619 169 230 727 340 745 503 256 212 2886 214 1120 325 191
internal_value=-7.332e-05 0.105375 -0.90812 0.80713 0.00950596 0.0319534 -1.07633 0.940555 -1.35957 0.000622887 -0.0757566 -0.298973 0.0893693 0.345262
internal_weight=10705 9592 1113 1152 8440 8100 945 983 442 7355 3953 1334 3402 516
internal_count=10705 9592 1113 1152 8440 8100 945 983 442 7355 3953 1334 3402 516
is_linear=0
shrinkage=0.05


Tree=11
num_leaves=15
num_cat=0
split_feature=56 56 84 84 71 71 84 71 26 56 84 84 71 31
split_gain=371153 227774 71499.6 43153.8 36210.4 31493.2 44207.7 24290 22296.8 19733.1 17324.6 16866.3 32914.4 16042.2
threshold=-17.784266499999983 18.240221500000022 90.677195000000012 42.523274000000008 -3.2375000000000003 -0.63749999999999918 107.21996850000001 5.1000000000000005 19.012500000000003 -42.873081999999975 287.58038500000004 42.523274000000008 2.212499999999999 20.262500000000003
decision_type=2 2 2 2 2 2 2 2 2 2 2 2 2 2
left_child=2 5 -1 -3 9 6 -2 -5 -8 -4 -10 -7 -13 -9
right_child=1 3 4 7 -6 11 8 13 10 -11 -12 12 -14 -15
leaf_value=0.047571815337453575 0.027061517559570893 0.028589497296249169 -1.4692053887343492 0.70595042482696335 -0.44585117227182941 0.023902210991755532 -0.89926971418052171 0.59927179148284404 -0.21742898212455644 -0.94495698069444645 -1.2674377999654631 0.11310087082608643 0.63368946675015136 1.4119042913484223
leaf_weight=209 2444 169 280 631 259 2764 157 81 974 533 40 1514 379 271
leaf_count=209 2444 169 280 631 259 2764 157 81 974 533 40 1514 379 271
internal_value=-7.69484e-05 0.108495 -0.798272 0.766868 -0.963071 0.0167245 -0.0939926 0.893637 -0.346453 -1.12709 -0.260057 0.102671 0.217608 1.22713
internal_weight=10705 9424 1281 1152 1072 8272 3615 983 1171 813 1014 4657 1893 352
internal_count=10705 9424 1281 1152 1072 8272 3615 983 1171 813 1014 4657 1893 352
is_linear=0
shrinkage=0.05


Tree=12
num_leaves=15
num_cat=0
split_feature=56 56 84 84 56 84 6 71 84 69 63 37 71 63
split_gain=335200 214265 59758.1 39707.2 35231.1 34198.5 23212.5 21039.9 46479.5 19761 15906.3 13230.8 12837.9 11353.9
threshold=-23.553458499999994 11.086414999999997 115.77268350000001 42.523274000000008 29.782057499999997 275.02512300000006 266.28101800000007 -1.9249999999999987 77.844594000000015 0.13332710937499942 -44.525680875000006 56.875000000000007 8.3125000000000018 -1.0000000180025095e-35
decision_type=2 2 2 2 2 2 2 2 2 2 2 2 2 2
left_child=2 5 -1 -3 11 7 10 8 -2 13 -4 -5 -6 -10
right_child=1 3 6 4 12 -7 -8 -9 9 -11 -12 -13 -14 -15
leaf_value=-0.14263670006075541 0.032435680910334989 0.023077867418785633 -1.4870023844448943 0.87873605985481018 0.96879021900118356 -0.54198878051859323 0.095979782637386102 0.057362944044850039 -0.45110791950301005 -0.050002912865527022 -0.97428064320106089 0.41563968418778874 1.7564878760791218 -0.96097892287691122
leaf_weight=228 1419 230 218 207 438 292 41 5760 280 192 542 616 60 182
leaf_count=228 1419 230 218 207 438 292 41 5760 280 192 542 616 60 182
internal_value=-8.08221e-05 0.091191 -0.857593 0.629512 0.735001 -0.0116351 -1.06067 0.00820214 -0.128357 -0.47675 -1.12311 0.533042 1.06702 -0.653608
internal_weight=10705 9676 1029 1551 1321 8125 801 7833 2073 654 760 823 498 462
internal_count=10705 9676 1029 1551 1321 8125 801 7833 2073 654 760 823 498 462
is_linear=0
shrinkage=0.05


Tree=13
num_leaves=15
num_cat=0
split_feature=56 56 84 84 71 84 56 71 24 69 84 71 84 71
split_gain=303628 185853 58697.6 37627.4 34634.7 27793.9 27284.1 18626.4 16659.6 13468.4 22400.8 20137.4 19382.1 36210.8
threshold=-16.838949999999993 19.878724000000009 84.395964500000005 42.523274000000008 -3.2375000000000003 275.36804450000005 5.4663134999999849 8.0125000000000011 254.93829400000001 5.8223991614583346 42.523274000000008 0.20000000000000109 94.718793500000018 -2.1374999999999988
decision_type=2 2 2 2 2 2 2 2 2 2 2 2 2 2
left_child=2 5 -1 -3 8 6 9 -5 -4 12 -11 -12 -2 -14
right_child=1 3 4 7 -6 -7 -8 -9 -10 10 11 -13 13 -15
leaf_value=0.053326900030525641 0.030649617370856686 0.026017613798738966 -1.2639472432806111 0.77962863836124796 -0.38164560707864065 -0.48867565658803169 0.30788408314313842 1.6297173916454046 -0.80743665097931216 0.01871136655040646 0.083126509252865355 0.75994021779695609 -0.64716902906937457 -0.060620741966684669
leaf_weight=212 3878 165 380 833 289 259 830 70 442 1182 211 229 323 1402
leaf_count=212 3878 165 380 833 289 259 830 70 442 1182 211 229 323 1402
internal_value=-7.85514e-05 0.0999399 -0.708895 0.720523 -0.854259 0.0201439 0.0365631 0.847257 -1.01975 0.00535577 0.13219 0.436302 -0.0313783 -0.170761
internal_weight=10705 9382 1323 1068 1111 8314 8055 903 822 7225 1622 440 5603 1725
internal_count=10705 9382 1323 1068 1111 8314 8055 903 822 7225 1622 440 5603 1725
is_linear=0
shrinkage=0.05


Tree=14
num_leaves=15
num_cat=0
split_feature=56 56 84 84 84 56 6 71 84 66 63 37 71 0
split_gain=274260 175130 49615.8 32416.9 29245.4 29168.1 20430.3 18862.4 39890.6 16454.4 13609.2 11783.2 10392.8 9548.29
threshold=-23.553458499999994 11.517540500000004 115.77268350000001 42.523274000000008 282.33339050000006 29.782057499999997 266.28101800000007 -1.6874999999999998 107.21996850000001 4.6251717552184865e-07 -44.525680875000006 56.875000000000007 8.3125000000000018 276.00668850000005
decision_type=2 2 2 2 2 2 2 2 2 2 2 2 2 2
left_child=2 4 -1 -3 7 11 10 8 -2 -10 -4 -5 -7 -9
right_child=1 3 6 5 -6 12 -8 13 9 -11 -12 -13 -14 -15
leaf_value=-0.12429402618949591 0.017858466433287219 0.017295301457246146 -1.3557803579049024 0.8101640283625301 -0.78781778923854118 0.88098749058121717 0.12360912713976134 0.04414103281834187 -0.88126014595544788 -0.30115410293369621 -0.88179433628999071 0.36981924625344514 1.5899532325932237 0.65367744553547646
leaf_weight=228 1644 224 218 204 118 438 41 5613 157 550 542 604 60 64
leaf_count=228 1644 224 218 204 118 438 41 5613 157 550 542 604 60 64
internal_value=-7.44409e-05 0.0824848 -0.77573 0.573126 -0.00972767 0.668374 -0.960771 0.00180582 -0.117261 -0.431038 -1.01936 0.481859 0.96942 0.0511266
internal_weight=10705 9676 1029 1530 8146 1306 801 8028 2351 707 760 808 498 5677
internal_count=10705 9676 1029 1530 8146 1306 801 8028 2351 707 760 808 498 5677
is_linear=0
shrinkage=0.05


Tree=15
num_leaves=15
num_cat=0
split_feature=56 56 84 71 84 56 71 56 40 31 84 69 84 21
split_gain=248856 146732 53520.6 45811.8 30837.3 19823.5 15678 15070.4 14024.4 13460.1 13112.5 11483 23727.5 17019
threshold=-12.096634000000021 19.878724000000009 90.677195000000012 -3.2375000000000003 42.523274000000008 5.3097015000000036 4.512500000000002 -39.120545499999984 50.375000000000007 20.512500000000003 275.36804450000005 5.8223991614583346 42.523274000000008 51.22581588936513
decision_type=2 2 2 2 2 2 2 2 2 2 2 2 2 2
left_child=2 5 -1 7 -3 10 -6 -4 -5 -8 11 -2 -13 -14
right_child=1 4 3 8 6 -7 9 -9 -10 -11 -12 12 13 -15
leaf_value=0.081783925973520744 -0.022924169152682958 0.023865014494183552 -1.1748379248569099 0.5709714993834496 0.58195775476740852 0.25233157221807984 0.49658546564307549 -0.74282191055665026 -0.39431992375728075 1.1752772049353284 -0.414285160198405 0.015397201791658242 0.63218999759458105 -0.12034050705231199
leaf_weight=266 5339 165 342 40 509 882 100 517 473 294 184 1179 317 98
leaf_count=266 5339 165 342 40 509 882 100 517 473 294 184 1179 317 98
internal_value=-6.98991e-05 0.102411 -0.567061 -0.692825 0.652593 0.0288803 0.767323 -0.91599 -0.318089 1.00471 0.00115673 0.0122406 0.129963 0.454622
internal_weight=10705 9067 1638 1372 1068 7999 903 859 513 394 7117 6933 1594 415
internal_count=10705 9067 1638 1372 1068 7999 903 859 513 394 7117 6933 1594 415
is_linear=0
shrinkage=0.05


Tree=16
num_leaves=15
num_cat=0
split_feature=56 56 84 84 71 84 56 71 24 84 71 71 29 32
split_gain=225006 137266 43851.1 27845.8 27418.4 22856.3 19643.7 14735.4 14024.9 12809.3 31731.1 19499.9 16331.4 11709.7
threshold=-16.493317500000007 19.878724000000009 84.395964500000005 63.145266500000005 -3.4875000000000003 287.58038500000004 5.4663134999999849 4.512500000000002 248.42321500000003 103.93628150000002 -2.1374999999999988 2.1000000000000001 19.212500000000002 29.737500000000004
decision_type=2 2 2 2 2 2 2 2 2 2 2 2 2 2
left_child=2 5 -1 -3 8 6 9 -5 -4 -2 12 13 -11 -12
right_child=1 3 4 7 -6 -7 -8 -9 -10 10 11 -13 -14 -15
leaf_value=0.051314456850983382 0.039444056870098831 0.046924559043699438 -1.1428683895092069 0.55319063909507049 -0.34891659619330873 -1.0371641010630366 0.25149493917844623 0.96579455750920173 -0.71129520726152407 -1.1057798976426596 -0.087467149994534948 0.59162773880350394 -0.33483809929004771 0.66861020238050883
leaf_weight=214 5317 177 325 503 336 50 854 388 469 90 1521 122 287 52
leaf_count=214 5317 177 325 503 336 50 854 388 469 90 1521 122 287 52
internal_value=-6.19172e-05 0.0868162 -0.604785 0.62007 -0.728973 0.0180755 0.0246014 0.733747 -0.889162 -0.00165281 -0.10708 -0.0146925 -0.521321 -0.062064
internal_weight=10705 9361 1344 1068 1130 8293 8243 891 794 7389 2072 1695 377 1573
internal_count=10705 9361 1344 1068 1130 8293 8243 891 794 7389 2072 1695 377 1573
is_linear=0
shrinkage=0.05


Tree=17
num_leaves=15
num_cat=0
split_feature=56 56 71 84 84 84 71 84 17 43 52 71 56 36
split_gain=203690 116551 44079.1 35111.1 25238.9 15578.4 15301.7 26669.2 16761.7 15277.7 14996.1 14255.6 13650.2 13288.9
threshold=-9.7066035000000124 19.878724000000009 -3.4875000000000003 101.84539350000001 42.523274000000008 287.58038500000004 0.95000000000000118 42.523274000000008 1.9866838054813594e-05 51.125000000000007 0.95642797789208711 8.0125000000000011 -42.873081999999975 24.632291666666671
decision_type=2 2 2 2 2 2 2 2 2 2 2 2 2 2
left_child=2 6 3 -1 -3 13 10 -8 -9 -10 -2 -6 -5 -4
right_child=1 4 5 12 11 -7 7 8 9 -11 -12 -13 -14 -15
leaf_value=0.027376977790679255 0.012228797268224484 0.020346857876662752 -0.2329006180632246 -1.1196247004336066 0.63387960227702167 -1.1472981426604958 0.010228247454911391 0.69525345426772833 0.84631354684053461 0.14046443843808423 -0.24840551097869978 1.3768609876364051 -0.6863328793405683 0.46934675108389678
leaf_weight=139 4261 165 758 276 833 42 1860 237 85 713 633 70 560 73
leaf_count=139 4261 165 758 276 833 42 1860 237 85 713 633 70 560 73
internal_value=-6.62935e-05 0.099571 -0.477398 -0.708336 0.58914 -0.218963 0.0323761 0.123474 0.326781 0.216614 -0.021526 0.692934 -0.830548 -0.170721
internal_weight=10705 8857 1848 975 1068 873 7789 2895 1035 798 4894 903 836 831
internal_count=10705 8857 1848 975 1068 873 7789 2895 1035 798 4894 903 836 831
is_linear=0
shrinkage=0.05


Tree=18
num_leaves=15
num_cat=0
split_feature=56 56 84 84 84 56 6 71 84 24 37 19 71 32
split_gain=184714 119154 35716.9 24500 23029.7 20735.7 16015.8 15353.9 33534.8 13570.7 9827.66 9432.73 8960.78 8848.21
threshold=-25.228240999999993 11.086414999999997 115.77268350000001 287.58038500000004 42.523274000000008 29.782057499999997 265.79764400000005 -2.1374999999999988 71.13744800000002 248.07883750000005 55.625000000000007 177.17610800000003 -7.9874999999999998 29.737500000000004
decision_type=2 2 2 2 2 2 2 2 2 2 2 2 2 2
left_child=2 3 -1 7 -3 10 12 8 -2 -10 -6 -12 -4 -9
right_child=1 4 6 -5 5 -7 -8 13 9 -11 11 -13 -14 -15
leaf_value=-0.093770340162782226 0.028433485506577694 0.0052767071437526056 -1.2560964815944207 -1.0009237439882372 0.70741930187372637 0.80208949658250761 0.14741140863880881 0.022883462509944566 -0.96796957019603613 -0.32752761581643991 0.42269911887249756 0.0010722155878810505 -0.79045032528957659 0.3895569801418739
leaf_weight=217 1116 230 130 61 190 498 40 6226 98 519 444 189 579 168
leaf_count=217 1116 230 130 61 190 498 40 6226 98 519 444 189 579 168
internal_value=-5.92533e-05 0.0653772 -0.65916 -0.0107596 0.467064 0.547401 -0.822621 -0.0032053 -0.135169 -0.430653 0.392502 0.297011 -0.877479 0.0325771
internal_weight=10705 9739 966 8188 1551 1321 749 8127 1733 617 823 633 709 6394
internal_count=10705 9739 966 8188 1551 1321 749 8127 1733 617 823 633 709 6394
is_linear=0
shrinkage=0.05


Tree=19
num_leaves=15
num_cat=0
split_feature=56 56 84 56 84 56 84 71 73 69 84 21 84 71
split_gain=167598 95679.7 36636.2 37105.5 21207.8 14783.4 14136 11690.5 10901.7 10118.2 25233 12871.9 11142.2 23377.8
threshold=-9.7066035000000124 21.260576500000031 92.342089000000016 -29.421546499999994 63.145266500000005 5.3097015000000036 285.86399050000006 8.0125000000000011 24.125000000000004 10.814061364583337 42.523274000000008 29.899514706482154 103.93628150000002 -2.2375000000000003
decision_type=2 2 2 2 2 2 2 2 2 2 2 2 2 2
left_child=2 5 -1 8 -3 9 -5 -6 -4 12 -11 -12 -2 -14
right_child=1 4 3 6 7 -7 -8 -9 -10 10 11 -13 13 -15
leaf_value=0.089123598256132072 0.023246837955766427 0.036460392185922202 -0.70101562757484492 -0.26642326126258997 0.5942658401368438 0.21686073224131369 -1.2077393458712669 1.2697146148748801 -1.203798584488855 0.01072616891532336 0.84494186399212801 -0.11453403810660044 -0.61599496773097584 -0.054144807228495087
leaf_weight=284 4517 168 550 836 767 945 41 70 137 632 165 44 214 1335
leaf_count=284 4517 168 550 836 767 945 41 70 137 632 165 44 214 1335
internal_value=-6.52096e-05 0.0903146 -0.433048 -0.527863 0.549411 0.031491 -0.311755 0.652203 -0.802883 0.00610145 0.168523 0.643363 -0.0164409 -0.132114
internal_weight=10705 8857 1848 1564 1005 7852 877 837 687 6907 841 209 6066 1549
internal_count=10705 8857 1848 1564 1005 7852 877 837 687 6907 841 209 6066 1549
is_linear=0
shrinkage=0.05


Tree=20
num_leaves=15
num_cat=0
split_feature=56 56 71 84 84 56 35 84 24 71 69 84 21 84
split_gain=151319 86383.4 33817.5 26629.8 19146.6 13349.1 12236.8 11594.7 11441.8 10579.2 9304.08 23088.5 11498.7 9931.08
threshold=-9.7066035000000124 21.260576500000031 -3.4875000000000003 94.718793500000018 63.145266500000005 5.4663134999999849 27.946875000000006 287.58038500000004 248.07883750000005 8.0125000000000011 10.814061364583337 42.523274000000008 29.899514706482154 103.93628150000002
decision_type=2 2 2 2 2 2 2 2 2 2 2 2 2 2
left_child=2 5 3 -1 -3 10 7 -4 -5 -6 13 -12 -13 -2
right_child=1 4 6 8 9 -7 -8 -9 -10 -11 11 12 -14 -15
leaf_value=0.037836746268850918 0.022047450035604654 0.034648160125024217 -0.18368751425452612 -0.95387458733473884 0.56459123618748597 0.20832562658273163 0.64826392577961089 -1.0369454929516431 -0.57120616545838021 1.2071230557183146 0.010190708402067565 0.80438108342270298 -0.094195937235718188 -0.12417771723345739
leaf_weight=135 4524 168 791 321 767 924 41 41 519 70 632 166 45 1561
leaf_count=135 4524 168 791 321 767 924 41 41 519 70 632 166 45 1561
internal_value=-6.69858e-05 0.0858114 -0.411484 -0.613759 0.522035 0.0299185 -0.185132 -0.226929 -0.718401 0.619704 0.00609734 0.16167 0.613201 -0.0154783
internal_weight=10705 8857 1848 975 1005 7852 873 832 840 837 6928 843 211 6085
internal_count=10705 8857 1848 975 1005 7852 873 832 840 837 6928 843 211 6085
is_linear=0
shrinkage=0.05


Tree=21
num_leaves=15
num_cat=0
split_feature=56 56 84 84 84 56 6 69 84 71 0 43 37 56
split_gain=137269 88069.3 27357.8 20048.7 17788.1 16245.7 13530.4 12622.5 14508.6 17632.7 13781.1 9831.28 9001.82 8732.71
threshold=-25.228240999999993 11.086414999999997 115.77268350000001 282.33339050000006 42.523274000000008 36.116862000000005 265.79764400000005 -0.66454532812499967 77.844594000000015 -2.0999999999999992 272.77334950000005 58.625000000000007 56.875000000000007 -7.6857129999999634
decision_type=2 2 2 2 2 2 2 2 2 2 2 2 2 2
left_child=2 3 -1 7 -3 12 -4 8 -2 13 -9 -7 -6 -10
right_child=1 4 6 -5 5 11 -8 10 9 -11 -12 -13 -14 -15
leaf_value=-0.07346470385721518 0.022733254128908951 -0.0041207583306671737 -0.76173545477308435 -0.64527890131060717 0.61050978906097875 1.1747447025064719 0.17938212541545309 0.045629902379996708 -0.31573477487940521 -0.086773956674154898 0.79038656618860037 0.57435103753620453 0.28173518181294305 -0.83197694932252686
leaf_weight=217 1931 230 709 121 293 109 40 4449 276 1232 62 191 728 117
leaf_count=217 1931 230 709 121 293 109 40 4449 276 1232 62 191 728 117
internal_value=-6.09588e-05 0.0563491 -0.568245 -0.00910735 0.401688 0.472294 -0.711303 0.00051363 -0.0699194 -0.179966 0.0560389 0.795672 0.37659 -0.471147
internal_weight=10705 9739 966 8188 1551 1321 749 8067 3556 1625 4511 300 1021 393
internal_count=10705 9739 966 8188 1551 1321 749 8067 3556 1625 4511 300 1021 393
is_linear=0
shrinkage=0.05


Tree=22
num_leaves=15
num_cat=0
split_feature=56 56 84 71 84 71 84 17 43 52 46 69 65 84
split_gain=124133 72859 29366.1 23510.5 15699.4 13127.8 21196.1 14283.1 11902.6 10596.8 10469.1 10361.9 9798.08 9619.89
threshold=-12.096634000000021 21.260576500000031 90.677195000000012 -3.2375000000000003 63.145266500000005 0.95000000000000118 42.523274000000008 1.9866838054813594e-05 45.125000000000007 0.95642797789208711 53.848958333333343 -21.913974317708334 -40.962374958333321 275.02512300000006
decision_type=2 2 2 2 2 2 2 2 2 2 2 2 2 2
left_child=2 5 -1 12 -3 9 -7 -8 -9 13 -5 -11 -4 -2
right_child=1 4 3 10 -6 6 7 8 -10 11 -12 -13 -14 -15
leaf_value=0.080056605588519181 0.016486642435231232 0.032200521398225483 -0.94229253283048653 0.51350888664072214 0.5619828620556574 0.0033928961720421308 0.62320476651442158 0.91861088881985509 0.13779412699887747 -0.85460490604926798 -0.29374865191798827 -0.15304355010904114 -0.55279449996829499 -0.34351315523051307
leaf_weight=266 4269 168 220 43 837 1867 237 51 809 57 470 579 639 193
leaf_count=266 4269 168 220 43 837 1867 237 51 809 57 470 579 639 193
internal_value=-5.34254e-05 0.0723257 -0.400501 -0.493661 0.473542 0.0222579 0.105916 0.28024 0.185112 -0.0263926 -0.225216 -0.217162 -0.653529 0.000841678
internal_weight=10705 9067 1638 1372 1005 8062 2964 1097 860 5098 513 636 859 4462
internal_count=10705 9067 1638 1372 1005 8062 2964 1097 860 5098 513 636 859 4462
is_linear=0
shrinkage=0.05


Tree=23
num_leaves=15
num_cat=0
split_feature=56 56 84 84 84 71 31 6 69 84 71 0 22 70
split_gain=112731 72654.2 22730.3 17510.9 16829.8 15277.1 11946.5 11735.1 10040.5 13363.1 14778.4 12164.3 8438.26 9937.74
threshold=-25.228240999999993 8.0181919999999725 115.77268350000001 287.58038500000004 42.523274000000008 4.4125000000000023 20.512500000000003 265.79764400000005 -0.66454532812499967 77.844594000000015 -2.0999999999999992 272.77334950000005 151.25327538020835 19.136531480599313
decision_type=2 2 2 2 2 2 2 2 2 2 2 2 2 2
left_child=2 3 -1 8 -3 12 -7 -4 9 -2 -11 -10 13 -6
right_child=1 4 7 -5 5 6 -8 -9 11 10 -12 -13 -14 -15
leaf_value=-0.0639718653685456 0.021396779332074109 -0.014081471501747623 -0.69232538356301443 -0.86314911536872396 0.26369780391113651 0.23004588330866863 0.81398412887838634 0.18380502636839705 0.035910412255638166 -0.4332372259722071 -0.08639923880319432 0.82029150366783155 -0.30492496072418163 0.68962551881140932
leaf_weight=217 1924 273 709 59 780 121 326 40 4344 408 1236 49 53 166
leaf_count=217 1924 273 709 59 780 121 326 40 4344 408 1236 49 53 166
internal_value=-5.19348e-05 0.0510683 -0.514954 -0.0121711 0.345947 0.413882 0.656782 -0.645353 -0.00575682 -0.068053 -0.172687 0.0448442 0.304649 0.339087
internal_weight=10705 9739 966 8020 1719 1446 447 749 7961 3568 1644 4393 999 946
internal_count=10705 9739 966 8020 1719 1446 447 749 7961 3568 1644 4393 999 946
is_linear=0
shrinkage=0.05


Tree=24
num_leaves=15
num_cat=0
split_feature=56 56 7 84 84 56 19 71 84 66 24 83 37 43
split_gain=101754 65590.5 20615 15831.6 15193.5 13980.2 9834.65 9533.87 18060 14198.2 9777.9 9543.39 8798.74 8622.28
threshold=-25.228240999999993 8.0181919999999725 102.24297950000002 287.58038500000004 42.523274000000008 36.116862000000005 205.72067600000003 -0.63749999999999918 90.677195000000012 6.922389260541761e-07 258.25111550000003 279.09288850000002 56.875000000000007 58.625000000000007
decision_type=2 2 2 2 2 2 2 2 2 2 2 2 2 2
left_child=2 3 6 7 -3 12 -1 8 -2 10 -10 -9 -6 -7
right_child=1 4 -4 -5 5 13 -8 11 9 -11 -12 -13 -14 -15
leaf_value=-0.63711866117335414 0.021896813430085586 -0.013379967287114828 0.0070499132306589551 -0.82071094856287052 0.53854091269747606 1.0515212993188339 0.16374368322331734 0.038951796859978127 -0.80848385006189349 -0.12621673208107706 -0.20670855848372249 0.7555416610012663 0.22762794368341344 0.49013709181454035
leaf_weight=754 2386 273 172 59 314 109 40 4094 144 1163 128 46 832 191
leaf_count=754 2386 273 172 59 314 109 40 4094 144 1163 128 46 832 191
internal_value=-4.65328e-05 0.0485209 -0.489236 -0.0115657 0.328699 0.393247 -0.596618 -0.00546673 -0.0624134 -0.202515 -0.52709 0.0470944 0.313212 0.696922
internal_weight=10705 9739 966 8020 1719 1446 794 7961 3821 1435 272 4140 1146 300
internal_count=10705 9739 966 8020 1719 1446 794 7961 3821 1435 272 4140 1146 300
is_linear=0
shrinkage=0.05


Tree=25
num_leaves=15
num_cat=0
split_feature=56 56 84 71 84 84 43 36 69 24 71 84 17 71
split_gain=92527.9 53398.3 22558.6 22865.7 12245.9 11902.2 10588.8 10532 10444.1 9409 7890.77 15832.7 15391.8 7497.72
threshold=-9.1773025000000015 22.745079500000006 96.410808000000017 -5.0124999999999984 63.145266500000005 292.35207400000007 46.625000000000007 24.632291666666671 4.9879032552083347 248.42321500000003 1.4000000000000006 42.523274000000008 1.9866838054813594e-05 8.3125000000000018
decision_type=2 2 2 2 2 2 2 2 2 2 2 2 2 2
left_child=2 6 -1 9 -3 7 8 -5 -2 -4 -8 -12 -13 -6
right_child=1 4 3 5 13 -7 10 -9 -10 -11 11 12 -14 -15
leaf_value=0.073883289157813808 -0.025740122194401922 0.030703723990555966 -0.95487222665299987 -0.26896088748639468 0.45895627981699572 -0.95985161975278699 -0.014992610693073531 0.39851751328697282 0.79762617375102196 -0.49823690018379729 -0.0004287206764379612 0.69220563334226615 0.15843090102523277 1.0276530213654043
leaf_weight=308 69 164 191 985 715 58 5492 62 86 286 1456 174 596 63
leaf_count=308 69 164 191 985 715 58 5492 62 86 286 1456 174 596 63
internal_value=-4.1019e-05 0.0680332 -0.317409 -0.393588 0.423593 -0.268282 0.0254422 -0.229092 0.43328 -0.682698 0.0171966 0.0965849 0.279791 0.506268
internal_weight=10705 8815 1890 1582 942 1105 7873 1047 155 477 7718 2226 770 778
internal_count=10705 8815 1890 1582 942 1105 7873 1047 155 477 7718 2226 770 778
is_linear=0
shrinkage=0.05


Tree=26
num_leaves=15
num_cat=0
split_feature=56 56 84 84 84 71 31 6 69 84 71 0 22 70
split_gain=83686.8 54112.3 17622.3 13675.6 12632.7 11696.4 10314 9581.97 8111.63 10390.3 11710.3 10310.1 7827.64 8413.31
threshold=-25.228240999999993 8.0181919999999725 115.77268350000001 282.33339050000006 42.523274000000008 4.4125000000000023 21.112500000000004 265.79764400000005 -0.66454532812499967 77.844594000000015 -2.9875000000000003 272.77334950000005 151.25327538020835 19.136531480599313
decision_type=2 2 2 2 2 2 2 2 2 2 2 2 2 2
left_child=2 3 -1 8 -3 12 -7 -4 9 -2 -11 -10 13 -6
right_child=1 4 7 -5 5 6 -8 -9 11 10 -12 -13 -14 -15
leaf_value=-0.046634384401894491 0.01940812685340643 -0.013421799948976043 -0.6009421511018046 -0.54032537596145025 0.2256363338546824 0.23485895445171212 0.74284032614049267 0.19028614573180677 0.034708249608099533 -0.45526749558296853 -0.09245559760901495 0.75685813367366794 -0.32502812478967291 0.6174407414155092
leaf_weight=217 1924 273 709 119 780 153 294 40 4325 266 1337 49 53 166
leaf_count=217 1924 273 709 119 780 153 294 40 4325 266 1337 49 53 166
internal_value=-3.4695e-05 0.0440105 -0.443675 -0.010566 0.298495 0.357353 0.56988 -0.55849 -0.00251969 -0.058929 -0.152906 0.0429693 0.261783 0.294968
internal_weight=10705 9739 966 8020 1719 1446 447 749 7901 3527 1603 4374 999 946
internal_count=10705 9739 966 8020 1719 1446 447 749 7901 3527 1603 4374 999 946
is_linear=0
shrinkage=0.05


Tree=27
num_leaves=15
num_cat=0
split_feature=56 56 84 7 57 43 84 19 84 71 68 24 68 38
split_gain=75537 48889.1 16497 15962 11895.9 10206.6 9993.5 8229.25 7651.05 18614.6 9966.3 9251.64 7041.87 7731.46
threshold=-25.228240999999993 22.745079500000006 273.33104300000008 101.405207 1.0012026175821147 46.625000000000007 63.145266500000005 205.72067600000003 103.93628150000002 -2.1374999999999988 3.4103826137313131 283.21306650000002 19.478162333491184 54.125000000000007
decision_type=2 2 2 2 2 2 2 2 2 2 2 2 2 2
left_child=3 2 4 7 8 -6 -3 -1 -2 10 -10 -11 13 -8
right_child=1 6 -4 -5 5 -7 12 -9 9 11 -12 -13 -14 -15
leaf_value=-0.55344236712107342 0.025077769967784654 0.029028441373145943 -0.31622917302713505 0.013605747187253218 0.84003114227978681 0.1309115564831522 0.67244353157901537 0.17862093682151015 -0.72273966303893511 -0.065123142497475126 -0.21381980343587911 0.26332095115792603 0.93562593812673878 0.30515934547856749
leaf_weight=753 5307 164 381 173 52 1220 201 40 139 1122 312 264 70 507
leaf_count=753 5307 164 381 173 52 1220 201 40 139 1122 312 264 70 507
internal_value=-2.94675e-05 0.0418161 0.0051393 -0.421515 0.0197238 0.160538 0.383959 -0.516338 -0.00536733 -0.0932875 -0.371923 -0.00241762 0.458644 0.410232
internal_weight=10705 9739 8797 966 8416 1272 942 793 7144 1837 451 1386 778 708
internal_count=10705 9739 8797 966 8416 1272 942 793 7144 1837 451 1386 778 708
is_linear=0
shrinkage=0.05


Tree=28
num_leaves=15
num_cat=0
split_feature=56 56 73 84 84 36 56 84 43 69 71 52 52 69
split_gain=68292 39836 18047 14951 10175.9 10151.6 9748.6 9029.72 8822.12 8491.28 6678.61 12275.6 7713.14 7885.28
threshold=-9.7066035000000124 22.745079500000006 15.125000000000002 295.90254450000003 84.395964500000005 24.632291666666671 -44.093216500000004 42.523274000000008 46.625000000000007 4.9879032552083347 0.95000000000000118 0.95642797789208711 0.95642797789208711 1.0000000180025095e-35
decision_type=2 2 2 2 2 2 2 2 2 2 2 2 2 2
left_child=2 8 3 5 -4 -1 -6 -3 9 -2 12 -12 -10 -14
right_child=1 7 4 -5 6 -7 -8 -9 10 -11 11 -13 13 -15
leaf_value=-0.16738289990094624 -0.014604206952369875 0.013200852894163751 0.061156274725657871 -1.0105348026454448 -0.92330861045764046 0.41299701251124071 -0.44177415759907923 0.43295464836856756 0.0019303428842873983 0.72207330550955628 0.036651093659412215 0.36077403018992726 -0.30317817200102831 0.078038675736087526
leaf_weight=1088 71 153 73 49 142 80 416 789 4188 86 2609 328 437 196
leaf_count=1088 71 153 73 49 142 80 416 789 4188 86 2609 328 437 196
internal_value=-2.08832e-05 0.0576719 -0.27641 -0.163673 -0.49324 -0.127312 -0.565748 0.364864 0.0210701 0.390942 0.0135355 0.0729592 -0.0226736 -0.185203
internal_weight=10705 8857 1848 1217 631 1168 558 942 7915 157 7758 2937 4821 633
internal_count=10705 8857 1848 1217 631 1168 558 942 7915 157 7758 2937 4821 633
is_linear=0
shrinkage=0.05


Tree=29
num_leaves=15
num_cat=0
split_feature=56 56 84 84 38 68 30 9 71 84 12 6 32 10
split_gain=62279.1 41146.2 14401.8 11969 10049.8 10234.8 7320.81 7434.05 6937.42 15072 10583.6 6905.05 5533.29 9292
threshold=-26.942587500000005 8.0181919999999725 115.77268350000001 287.58038500000004 54.125000000000007 17.440646893457735 23.162500000000005 257.43111050000005 -2.1374999999999988 107.21996850000001 90.430653000000021 264.92105900000007 29.737500000000004 257.02631625000004
decision_type=2 2 2 2 2 2 2 2 2 2 2 2 2 2
left_child=2 3 -1 8 -3 6 -6 -8 9 -2 -11 -4 -10 -14
right_child=1 4 11 -5 5 -7 7 -9 12 10 -12 -13 13 -15
leaf_value=-0.029620537896087207 0.011055414436772038 0.50013026674912464 -0.54433829341332174 -0.70269541474840336 0.27242369314651438 0.65849762106532461 0.082882001713478079 -0.56554666645824914 0.011914093905040737 -0.7170385975918423 -0.19106527385632421 0.12937328536517737 -0.019496629370943361 0.752883610852501
leaf_weight=206 1183 344 657 61 660 110 558 47 6084 119 478 40 91 67
leaf_count=206 1183 344 657 61 660 110 558 47 6084 119 478 40 91 67
internal_value=-2.33002e-05 0.0365962 -0.397126 -0.010656 0.25866 0.197929 0.157391 0.0316581 -0.0053067 -0.09235 -0.296931 -0.505545 0.0195258 0.310707
internal_weight=10705 9802 903 8083 1719 1375 1265 605 8022 1780 597 697 6242 158
internal_count=10705 9802 903 8083 1719 1375 1265 605 8022 1780 597 697 6242 158
is_linear=0
shrinkage=0.05


Tree=30
num_leaves=15
num_cat=0
split_feature=56 56 84 71 46 84 84 43 24 69 84 62 57 71
split_gain=56350.6 32990.3 15741.5 15819.5 8632.57 7931.48 7794.71 7492.65 7305.44 7064.08 6225.71 6809.04 6877.58 6119.03
threshold=-9.1773025000000015 22.745079500000006 92.342089000000016 -5.0124999999999984 51.520833333333336 63.145266500000005 292.35207400000007 46.625000000000007 248.42321500000003 4.9879032552083347 273.33104300000008 180.36760650000002 1.0261352911148482 8.3125000000000018
decision_type=2 2 2 2 2 2 2 2 2 2 2 2 2 2
left_child=2 7 -1 8 -5 -3 -6 9 -4 -2 11 -9 -13 -7
right_child=1 5 3 4 6 13 -8 10 -10 -11 -12 12 -14 -15
leaf_value=0.091673029614933621 -0.01490091916772404 0.016436004775830289 -0.7895925194026252 0.46538761928677563 -0.20216713154965507 0.3565117916245763 -0.79406099146453002 0.0054938514155716866 -0.38786689074132402 0.66233546391300768 -0.27308239376232513 0.053637803740797102 0.40065016561258804 0.86944232295500123
leaf_weight=289 69 164 191 45 1021 715 58 6913 286 86 185 398 222 63
leaf_count=289 69 164 191 45 1021 715 58 6913 286 86 185 398 222 63
internal_value=-2.37728e-05 0.0531008 -0.247695 -0.308974 -0.206273 0.332575 -0.234689 0.0196238 -0.550041 0.362693 0.0126879 0.0197413 0.178336 0.39911
internal_weight=10705 8815 1890 1601 1124 942 1079 7873 477 155 7718 7533 620 778
internal_count=10705 8815 1890 1601 1124 942 1079 7873 477 155 7718 7533 620 778
is_linear=0
shrinkage=0.05


Tree=31
num_leaves=15
num_cat=0
split_feature=56 56 84 84 38 68 6 69 84 21 84 71 24 9
split_gain=51277.8 33708.3 11934 9953.98 9251.88 9132.47 7467.03 6355.68 14417.9 11975.7 8470.25 12062.2 9100.03 6267.2
threshold=-26.942587500000005 6.5445720000000032 94.718793500000018 287.58038500000004 54.125000000000007 17.440646893457735 265.79764400000005 8.9726725364583348 42.523274000000008 51.22581588936513 97.110596500000014 -2.1374999999999988 248.07883750000005 269.54124250000001
decision_type=2 2 2 2 2 2 2 2 2 2 2 2 2 2
left_child=2 3 -1 7 -3 13 -4 10 -9 -10 -2 12 -12 -6
right_child=1 4 6 -5 5 -7 -8 8 9 -11 11 -13 -14 -15
leaf_value=0.053248120672037817 0.016222346929003564 0.45209259497612386 -0.4776534832213879 -0.64770646420170053 0.15629010607962929 0.60658179706818349 0.21182218099988642 -0.0040431039350477174 0.5765018837030278 -0.160886228819416 -0.7344288280816994 -0.036009033935117236 -0.20820068937089098 -0.3935817048367527
leaf_weight=146 4390 362 716 60 1320 110 41 835 228 72 98 1781 493 53
leaf_count=146 4390 362 716 60 1320 110 41 835 228 72 98 1781 493 53
internal_value=-2.04365e-05 0.0332077 -0.360347 -0.011449 0.225702 0.170173 -0.44008 -0.00653345 0.1029 0.399582 -0.0249143 -0.101023 -0.296553 0.134793
internal_weight=10705 9802 903 7957 1845 1483 757 7897 1135 300 6762 2372 591 1373
internal_count=10705 9802 903 7957 1845 1483 757 7897 1135 300 6762 2372 591 1373
is_linear=0
shrinkage=0.05


Tree=32
num_leaves=15
num_cat=0
split_feature=56 56 84 7 71 84 17 43 52 69 84 47 22 47
split_gain=46280.6 30683 12322.8 10886.9 8540.93 13868 10090 10187.9 7827.9 7540.08 7051.74 5981.05 9288.88 6181.04
threshold=-26.942587500000005 22.745079500000006 275.36804450000005 101.405207 0.20000000000000109 42.523274000000008 1.9866838054813594e-05 45.125000000000007 0.95642797789208711 -1.0000000180025095e-35 42.523274000000008 71.339843750000014 144.3220852135417 76.490885416666671
decision_type=2 2 2 2 2 2 2 2 2 2 2 2 2 2
left_child=3 2 4 -1 8 -6 9 -8 -2 -7 -3 12 -12 -13
right_child=1 10 -4 -5 5 6 7 -9 -10 -11 11 13 -14 -15
leaf_value=-0.42402773518417336 -0.0064145666255214541 -0.0079512110784311189 -0.30342931982705651 0.026085030052415803 -0.0072467671950172969 -0.054990394975318282 0.73157623032537789 0.086744976960173747 -0.20593774761661676 0.56903313851240378 0.67482668439566407 0.057483273747808497 0.13975423456179367 0.44716626839875118
leaf_weight=739 4364 153 316 164 2184 60 64 1073 553 246 258 230 119 182
leaf_count=739 4364 153 316 164 2184 60 64 1073 553 246 258 230 119 182
internal_value=-2.21691e-05 0.0315454 0.00268626 -0.342341 0.0140421 0.0722379 0.192461 0.123653 -0.0288916 0.446895 0.302689 0.362862 0.506748 0.230291
internal_weight=10705 9802 8860 903 8544 3627 1443 1137 4917 306 942 789 377 412
internal_count=10705 9802 8860 903 8544 3627 1443 1137 4917 306 942 789 377 412
is_linear=0
shrinkage=0.05


Tree=33
num_leaves=15
num_cat=0
split_feature=56 56 84 73 84 63 28 36 84 43 19 30 36 71
split_gain=42238.6 24663.3 13508.4 14376.1 8065.57 8024.82 6768.33 6685.59 6396.2 6183.41 6266.44 5529.02 5400.52 5383.22
threshold=-9.1773025000000015 22.745079500000006 303.76010700000006 10.875000000000002 97.110596500000014 -46.667487624999985 26.012500000000003 24.632291666666671 63.145266500000005 46.625000000000007 195.31161050000003 16.862500000000004 25.315104166666668 8.3125000000000018
decision_type=2 2 2 2 2 2 2 2 2 2 2 2 2 2
left_child=2 9 3 7 -5 -6 -7 11 -3 10 -2 -1 -9 -10
right_child=1 8 -4 4 5 6 -8 12 13 -11 -12 -13 -14 -15
leaf_value=-0.67111737030308427 0.031114730607008652 0.0037949672832407739 -1.1016218719028292 0.057691541734066876 -0.7705957312016718 -0.28302569163342317 -0.92810250331055044 0.76361004681814293 0.3074810219480521 0.01073483319490458 0.66660986094646268 -0.076698488800012302 -0.037364776008004363 0.78824015810387216
leaf_weight=40 83 164 41 109 123 584 43 41 715 7718 72 867 42 63
leaf_count=40 83 164 41 109 123 584 43 41 715 7718 72 867 42 63
internal_value=-1.30149e-05 0.045981 -0.214441 -0.194184 -0.343738 -0.402078 -0.328673 -0.064203 0.287625 0.0170356 0.328693 -0.103623 0.362678 0.347373
internal_weight=10705 8815 1890 1849 859 750 627 990 942 7873 155 907 83 778
internal_count=10705 8815 1890 1849 859 750 627 990 942 7873 155 907 83 778
is_linear=0
shrinkage=0.05


Tree=34
num_leaves=15
num_cat=0
split_feature=56 56 84 73 46 53 84 84 36 36 47 69 84 21
split_gain=38230.4 23181.7 11264.3 9659.12 7856.79 8674.6 7706.57 6964.18 6714.57 6585.45 5543.27 5266.87 13360.7 11379.1
threshold=-13.184454500000028 6.5445720000000032 90.677195000000012 15.125000000000002 48.302083333333336 -0.68322629814330815 299.97504500000008 272.25950450000005 24.632291666666671 21.403906250000002 69.820312500000014 8.9726725364583348 42.523274000000008 51.22581588936513
decision_type=2 2 2 2 2 2 2 2 2 2 2 2 2 2
left_child=2 11 -1 6 -3 7 8 10 -4 -5 -6 -2 -13 -14
right_child=1 4 3 9 5 -7 -8 -9 -10 -11 -12 12 13 -15
leaf_value=0.072948651734826175 -0.019103145623457812 0.65058036860037638 -0.17973039118582279 -0.63107727234032052 0.57617047720740144 0.071064663541870882 -0.82363077749244207 -0.21224478047991557 0.4505227442582449 -0.26704744029938865 0.25811095511834187 -0.0035388517669561782 0.56597106821025933 -0.16750238611495921
leaf_weight=257 6190 90 707 266 182 949 43 62 44 237 562 827 220 69
leaf_count=257 6190 90 707 266 182 949 43 62 44 237 562 827 220 69
internal_value=-1.8152e-05 0.0389265 -0.229228 -0.289114 0.197236 0.173631 -0.180145 0.294156 -0.142255 -0.460426 0.336585 -0.0010734 0.0988579 0.390877
internal_weight=10705 9151 1554 1297 1845 1755 794 806 751 503 744 7306 1116 289
internal_count=10705 9151 1554 1297 1845 1755 794 806 751 503 744 7306 1116 289
is_linear=0
shrinkage=0.05


Tree=35
num_leaves=15
num_cat=0
split_feature=71 84 56 24 46 84 39 84 12 13 34 84 73 68
split_gain=35240.8 32418.3 17996.4 14006.1 7684.47 8497.34 7415.05 6466.41 8330.65 6067.83 5959.6 5608.23 5396.32 4951.74
threshold=-1.9249999999999987 107.21996850000001 23.742188499999987 248.07883750000005 89.864583333333357 284.32638350000008 56.375000000000007 273.33104300000008 261.37932550000005 0.96394009082188192 25.521875000000005 63.145266500000005 -23.874999999999996 20.362992467523483
decision_type=2 2 2 2 2 2 2 2 2 2 2 2 2 2
left_child=1 -1 7 9 5 6 -5 8 -2 -3 -8 -4 -10 -13
right_child=2 3 11 4 -6 -7 10 -9 12 -11 -12 13 -14 -15
leaf_value=0.010587945223824512 0.01993139560720994 -0.7879345721359664 -0.0018595165250904905 0.5215845240723519 -0.76761257086463019 -0.63243304201928174 -0.10874534951365021 -0.22004416465417542 0.75883471289785898 -0.40271197523513474 -0.50648131606996893 0.2866678695747823 0.16708514962298243 0.75537668812659486
leaf_weight=1689 5665 161 158 41 57 91 745 247 40 291 107 681 671 61
leaf_count=1689 5665 161 158 41 57 91 745 247 40 291 107 681 671 61
internal_value=-1.56496e-05 -0.139481 0.0589844 -0.309143 -0.207891 -0.174722 -0.127424 0.030458 0.0401952 -0.541363 -0.159231 0.268641 0.201395 0.326165
internal_weight=10705 3182 7523 1493 1041 984 893 6623 6376 452 852 900 711 742
internal_count=10705 3182 7523 1493 1041 984 893 6623 6376 452 852 900 711 742
is_linear=0
shrinkage=0.05


Tree=36
num_leaves=15
num_cat=0
split_feature=71 84 16 24 38 68 84 80 71 84 9 39 46 59
split_gain=31875.3 29016.5 16048.7 14462.5 9948.05 8366.87 8245.23 7576.41 11885.4 8404.62 8137.79 7547.69 6677.96 6305.9
threshold=-0.9875000000000006 107.21996850000001 277.29195150000004 248.07883750000005 53.375000000000007 14.655034392033714 284.32638350000008 -0.2269546835593246 1.8125000000000002 42.523274000000008 95.543330000000012 54.125000000000007 89.864583333333357 1.0279840000000109
decision_type=2 2 2 2 2 2 2 2 2 2 2 2 2 2
left_child=1 -1 7 13 -4 -6 11 8 -2 -10 -11 -5 -13 -3
right_child=2 3 4 6 5 -7 -8 -9 9 10 -12 12 -14 -15
leaf_value=0.013760309043051226 0.021669322610776552 -0.57998298295955786 0.6204326940132654 0.31636229469074628 0.068465839904509704 0.60375611011780084 -0.5684292333337061 -0.004837602898453839 -0.035323273347069827 0.52895303194742593 0.19572070850021378 -0.13275844608818829 -0.63149270906414789 -0.18892757800583726
leaf_weight=2508 1449 367 186 88 341 92 115 3090 209 294 489 1262 70 145
leaf_count=2508 1449 367 186 88 341 92 115 3090 209 294 489 1262 70 145
internal_value=-1.91065e-05 -0.10026 0.0742285 -0.239897 0.315461 0.183329 -0.16295 0.0471789 0.113 0.24625 0.321358 -0.129735 -0.159422 -0.469819
internal_weight=10705 4555 6150 2047 619 433 1535 5531 2441 992 783 1420 1332 512
internal_count=10705 4555 6150 2047 619 433 1535 5531 2441 992 783 1420 1332 512
is_linear=0
shrinkage=0.05


Tree=37
num_leaves=15
num_cat=0
split_feature=71 84 16 24 44 68 39 34 46 11 61 71 84 9
split_gain=28982.1 26839.1 15083.3 10834.6 9169.09 8283.89 6325.5 7345.9 5794.92 5574.31 5356.73 5256.06 15064.8 11213.7
threshold=-1.9249999999999987 119.08224000000001 275.10399300000006 248.07883750000005 52.656250000000007 14.655034392033714 53.375000000000007 25.647916666666667 89.864583333333357 278.70920300000006 75.208746000000005 1.8125000000000002 42.523274000000008 95.543330000000012
decision_type=2 2 2 2 2 2 2 2 2 2 2 2 2 2
left_child=1 -1 11 10 -4 9 -5 8 -8 -6 -3 -2 -13 -14
right_child=2 3 4 6 5 -7 7 -9 -10 -11 -12 12 13 -15
leaf_value=0.0014240068312045744 -0.0030716743444741956 -0.60687357878741177 0.54615756779837843 0.4099761491141668 0.15373700003780913 0.56259933358546599 -0.13151113930255201 -0.56964974666672541 -0.67313712362973199 -0.27983151951864843 -0.19640322463723636 -0.0092578697343409632 0.50259503503850966 0.12758820554010589
leaf_weight=1792 4361 314 208 40 365 102 744 132 52 92 108 1483 294 618
leaf_count=1792 4361 314 208 40 365 102 744 132 52 92 108 1483 294 618
internal_value=-1.70894e-05 -0.126493 0.053488 -0.291287 0.263461 0.157484 -0.198768 -0.22542 -0.167694 0.0660336 -0.502537 0.0296145 0.0891085 0.248897
internal_weight=10705 3182 7523 1390 767 559 968 928 796 457 422 6756 2395 912
internal_count=10705 3182 7523 1390 767 559 968 928 796 457 422 6756 2395 912
is_linear=0
shrinkage=0.05


Tree=38
num_leaves=15
num_cat=0
split_feature=71 84 16 24 31 22 70 12 84 73 80 71 84 21
split_gain=26209.3 24186.5 13239.7 12968.4 8457.65 12155.8 10297.5 9220.15 7869.64 7078.22 6334.6 9642.12 6950.19 7173.53
threshold=-0.9875000000000006 97.110596500000014 277.29195150000004 248.07883750000005 21.212500000000002 149.84886889062503 20.117847106825341 280.08090150000004 299.97504500000008 10.875000000000002 -0.2269546835593246 1.8125000000000002 42.523274000000008 1.2382070770162167e-05
decision_type=2 2 2 2 2 2 2 2 2 2 2 2 2 2
left_child=1 -1 10 -3 6 -6 7 -4 9 -5 11 -2 -13 -14
right_child=2 3 4 8 5 -7 -8 -9 -10 -11 -12 12 13 -15
leaf_value=0.01783802004947416 0.020663786416584305 -0.42369147035186477 0.12275470683136874 -0.02635301124765942 0.55988789207840006 -0.12070030939866261 0.69805100893844729 -0.64450400558610754 -0.72911427045410337 -0.2419750301001555 -0.0048223462433235461 -0.03310483038558492 0.64929094139267418 0.22683248715041704
leaf_weight=2409 1449 544 112 875 321 82 45 59 54 673 3090 209 118 665
leaf_count=2409 1449 544 112 875 321 82 45 59 54 673 3090 209 118 665
internal_value=-1.70083e-05 -0.0909131 0.067309 -0.212943 0.286415 0.42145 0.033693 -0.14418 -0.141159 -0.120191 0.0427405 0.102927 0.222945 0.291245
internal_weight=10705 4555 6150 2146 619 403 216 171 1602 1548 5531 2441 992 783
internal_count=10705 4555 6150 2146 619 403 216 171 1602 1548 5531 2441 992 783
is_linear=0
shrinkage=0.05


Tree=39
num_leaves=15
num_cat=0
split_feature=71 84 16 12 84 44 70 9 12 73 39 84 34 69
split_gain=23747.3 22117.9 12409.5 9590.62 8717.61 8135.95 7548.57 8509.89 8160.29 7284.93 5965.26 5944.89 5685.92 5059.91
threshold=-1.9249999999999987 119.08224000000001 275.10399300000006 95.430012500000018 303.76010700000006 52.656250000000007 21.231464633960698 267.44138750000008 282.20391600000005 24.125000000000004 56.375000000000007 194.50597500000003 25.647916666666667 16.64850241666667
decision_type=2 2 2 2 2 2 2 2 2 2 2 2 2 2
left_child=1 -1 -2 11 9 13 7 -7 -9 10 -5 -3 -12 -4
right_child=2 3 5 4 -6 6 -8 8 -10 -11 12 -13 -14 -15
leaf_value=0.0016209724896815458 0.026762435023667593 -0.79836168727133339 0.34961975843302517 0.47259157939655028 -0.91448900472550165 0.18833702544264574 0.66418644605112864 0.22506045524192897 -0.62933483908192211 -0.43696219971118211 -0.10147541153511833 -0.27373965464532379 -0.52361673642410322 0.90403063302410058
leaf_weight=1792 6756 122 151 40 41 383 60 45 71 221 779 99 88 57
leaf_count=1792 6756 122 151 40 41 383 60 45 71 221 779 99 88 57
internal_value=-1.58261e-05 -0.114501 0.0484167 -0.2641 -0.206659 0.238872 0.139067 0.0747242 -0.298798 -0.180144 -0.117155 -0.565642 -0.144876 0.505148
internal_weight=10705 3182 7523 1390 1169 767 559 499 116 1128 907 221 867 208
internal_count=10705 3182 7523 1390 1169 767 559 499 116 1128 907 221 867 208
is_linear=0
shrinkage=0.05


Tree=40
num_leaves=15
num_cat=0
split_feature=71 84 24 84 71 21 43 84 46 61 9 62 13 39
split_gain=21749.1 20190.2 11543.6 11003.2 14007 7169.92 7928.47 6712.31 6490.81 6196.19 5657.42 6257.67 5210.86 4940.31
threshold=-0.9875000000000006 90.677195000000012 248.07883750000005 42.523274000000008 1.8125000000000002 1.2382070770162167e-05 51.375000000000007 284.32638350000008 89.864583333333357 -4.7764524999999969 250.49878250000003 62.438288000000007 0.98343728311885747 54.125000000000007
decision_type=2 2 2 2 2 2 2 2 2 2 2 2 2 2
left_child=1 -1 12 -2 -5 -6 9 8 13 -7 -8 -12 -3 -4
right_child=3 2 7 4 5 6 10 -9 -10 -11 11 -13 -14 -15
leaf_value=0.018260149544355144 -0.0049009153894054346 -0.59548465238893455 0.28687398077794507 0.028851500857861409 0.61577233498086459 0.020272215677980793 0.21197933983730849 -0.4923380428347095 -0.55439295315661952 0.62618056090418683 -0.45078922573426 0.11017624299632958 -0.27367306602300906 -0.097729592343367755
leaf_weight=2370 3106 198 88 1629 118 56 843 115 73 171 72 155 352 1359
leaf_count=2370 3106 198 88 1629 118 56 843 115 73 171 72 155 352 1359
internal_value=-1.89847e-05 -0.0828205 -0.192418 0.0613114 0.128852 0.243874 0.209591 -0.125621 -0.097571 0.47745 0.152372 -0.0689479 -0.390396 -0.0741578
internal_weight=10705 4555 2185 6150 3044 1415 1297 1635 1520 227 1070 227 550 1447
internal_count=10705 4555 2185 6150 3044 1415 1297 1635 1520 227 1070 227 550 1447
is_linear=0
shrinkage=0.05


Tree=41
num_leaves=15
num_cat=0
split_feature=56 56 53 84 46 30 26 68 24 31 0 84 69 47
split_gain=19777.1 13878.5 5966.03 5948.98 5038.8 7264.71 8136.28 5314.85 4975.73 4478.23 4282.11 4866.78 8497.08 5517.14
threshold=-29.421546499999994 6.5445720000000032 -0.70710678118654757 287.58038500000004 48.302083333333336 22.487500000000004 29.475000000000005 17.440646893457735 296.65950400000003 22.012500000000003 274.69827350000008 103.93628150000002 -26.30091713020833 77.040364583333357
decision_type=2 2 2 2 2 2 2 2 2 2 2 2 2 2
left_child=2 3 -1 10 -3 6 8 -7 -6 -4 11 -2 -13 -14
right_child=1 4 9 -5 5 7 -8 -9 -10 -11 -12 12 13 -15
leaf_value=-0.42390756246777372 0.017888421916770279 0.5061824586692748 -0.18330820664349531 -0.47110357130135316 0.2290969950912258 0.0017421327419609432 0.72125298685476746 0.43421833797708742 -0.22217635994448381 0.32295059033979978 0.36868804658542537 -0.76367239841195045 0.020057496711740397 -0.13131131248894731
leaf_weight=278 5449 90 494 68 616 918 78 76 67 47 75 42 1222 1185
leaf_count=278 5449 90 494 68 616 918 78 76 67 47 75 42 1222 1185
internal_value=-2.06086e-05 0.0195495 -0.235983 -0.00883322 0.143186 0.124294 0.240451 0.0352119 0.184568 -0.138812 -0.00483203 -0.00842523 -0.0669562 -0.0544871
internal_weight=10705 9886 819 8041 1845 1755 761 994 683 541 7973 7898 2449 2407
internal_count=10705 9886 819 8041 1845 1755 761 994 683 541 7973 7898 2449 2407
is_linear=0
shrinkage=0.05


Tree=42
num_leaves=15
num_cat=0
split_feature=71 84 84 69 24 35 70 2 9 43 11 62 40 84
split_gain=18136.7 16928 9655.53 12154.7 8765.63 6821.6 6352.72 7692.17 6066.35 6415.6 5919.78 5477.33 5332 5263.5
threshold=-0.88749999999999918 107.21996850000001 42.523274000000008 -1.0000000180025095e-35 248.07883750000005 28.378645833333334 7.8989148047799835 273.13289700000007 72.888648000000003 47.625000000000007 271.93466300000006 45.767466000000006 53.125000000000007 282.33339050000006
decision_type=2 2 2 2 2 2 2 2 2 2 2 2 2 2
left_child=1 -1 -2 5 -3 11 -6 12 -5 10 -10 -4 -8 -14
right_child=2 4 3 8 6 -7 7 -9 9 -11 -12 -13 13 -15
leaf_value=0.011345070828561945 -0.0059023383758539556 -0.35953667136604084 -0.19289871852887672 0.37628646489534834 0.047251092997626594 0.5420264393091202 0.40359395764222961 -0.84658260565428511 0.23508856459348293 0.11771176751130839 0.88468150950546542 0.046698472259672497 -0.14082263957773236 -0.51258408758121565
leaf_weight=2562 3054 515 386 369 410 51 40 41 107 1435 52 621 957 105
leaf_count=2562 3054 515 386 369 410 51 40 41 107 1435 52 621 957 105
internal_value=-1.75858e-05 -0.0745572 0.056795 0.120158 -0.180934 -0.0164495 -0.121513 -0.182038 0.193757 0.151293 0.451736 -0.0452434 -0.156568 -0.178026
internal_weight=10705 4630 6075 3021 2068 1058 1553 1143 1963 1594 159 1007 1102 1062
internal_count=10705 4630 6075 3021 2068 1058 1553 1143 1963 1594 159 1007 1102 1062
is_linear=0
shrinkage=0.05


Tree=43
num_leaves=15
num_cat=0
split_feature=69 84 71 84 71 35 84 21 45 16 62 65 31 34
split_gain=16455.6 10671.5 12731 10420.7 12682.4 8088.16 6650.54 6211.17 5998.42 5854.75 5518.98 5844.23 5338.68 5243.63
threshold=-0.66454532812499967 77.844594000000015 -3.3625000000000003 42.523274000000008 1.8125000000000002 28.490625000000001 271.84868150000005 1.2382070770162167e-05 54.104166666666679 95.430012500000018 59.056351499999998 6.6767573749999984 21.962500000000002 25.99270833333334
decision_type=2 2 2 2 2 2 2 2 2 2 2 2 2 2
left_child=1 -1 9 -2 6 10 8 -6 12 -3 -4 -12 -5 -11
right_child=3 2 5 4 7 -7 -8 -9 -10 13 11 -13 -14 -15
leaf_value=0.014161091966775355 -0.0034162229333643173 -0.60548776109344693 -0.17914552847808107 0.042151888261767148 0.60802443544973039 0.58662790529271391 -0.24566555624944769 0.21301678982584679 0.038572619517494716 -0.20613626063558277 -0.027235484183486043 0.5332488626849895 0.77305804176764059 -0.78302047082356052
leaf_weight=2095 3361 129 757 46 109 46 190 1089 1145 681 914 48 54 41
leaf_count=2095 3361 129 757 46 109 46 190 1089 1145 681 914 48 54 41
internal_value=-1.38748e-05 -0.0699312 -0.137255 0.0549403 0.129405 -0.0605957 0.0290957 0.249434 0.0711907 -0.295992 -0.0782463 0.00125517 0.440587 -0.239933
internal_weight=10705 4711 2616 5994 2633 1765 1435 1198 1245 851 1719 962 100 722
internal_count=10705 4711 2616 5994 2633 1765 1435 1198 1245 851 1719 962 100 722
is_linear=0
shrinkage=0.05


Tree=44
num_leaves=15
num_cat=0
split_feature=71 84 5 12 84 73 84 39 34 69 84 84 40 24
split_gain=14972.6 14384.2 8903.57 7444.89 6967.72 6216.12 4992.58 4625.83 5001.02 4586.6 8386.14 9663.75 6557.2 4916.5
threshold=-1.9249999999999987 119.08224000000001 272.51331800000008 95.430012500000018 303.76010700000006 24.125000000000004 195.34234950000004 56.375000000000007 25.647916666666667 11.973163848958334 42.523274000000008 103.15914250000002 56.875000000000007 318.25669550000003
decision_type=2 2 2 2 2 2 2 2 2 2 2 2 2 2
left_child=1 -1 9 6 5 7 -3 -5 -9 -2 -11 -12 -13 -14
right_child=2 3 -4 4 -6 -7 -8 8 -10 10 11 12 13 -15
leaf_value=0.0027292479219707746 0.0060394926726244731 -0.68641433441638955 0.25964575330976458 0.44005308800899406 -0.79366121483700613 -0.37448798449928161 -0.20543645623387122 -0.062934587025814934 -0.45871396461564506 -0.0097191935515298852 0.62011970220439472 0.59385563937180186 0.13325902165445147 -0.36345015998030533
leaf_weight=1792 5797 124 428 40 41 221 97 779 88 688 133 67 353 57
leaf_count=1792 5797 124 428 40 41 221 97 779 88 688 133 67 353 57
internal_value=-9.63762e-06 -0.0909153 0.0384477 -0.211558 -0.160976 -0.137297 -0.477183 -0.0791546 -0.103588 0.0250694 0.109989 0.244798 0.139071 0.063488
internal_weight=10705 3182 7523 1390 1169 1128 221 907 867 7095 1298 610 477 410
internal_count=10705 3182 7523 1390 1169 1128 221 907 867 7095 1298 610 477 410
is_linear=0
shrinkage=0.05


Tree=45
num_leaves=15
num_cat=0
split_feature=69 84 71 84 84 43 35 84 24 62 65 16 31 27
split_gain=13848 9038.19 10506.4 8844.23 10847.6 8177.5 7170.8 7104.61 5764.88 5011.63 5189.74 4881.77 4643.97 4570.46
threshold=-0.66454532812499967 77.844594000000015 -3.3625000000000003 42.523274000000008 272.25950450000005 48.125000000000007 28.490625000000001 95.756806000000012 322.54412650000006 59.056351499999998 6.6767573749999984 95.430012500000018 21.612500000000004 28.725000000000005
decision_type=2 2 2 2 2 2 2 2 2 2 2 2 2 2
left_child=1 -1 11 -2 5 12 9 -7 -9 13 -11 -3 -5 -4
right_child=3 2 6 4 -6 7 -8 8 -10 10 -12 -13 -14 -15
leaf_value=0.013237538410675445 -0.0033623262888398454 -0.5529251497883636 -0.13965928090306928 -0.0093710071975138132 -0.22322747913657082 0.31289650978803157 0.55294472492755731 0.098317120280982495 -0.36443720153399878 -0.024180645938031375 0.50398813632069805 -0.21912465769212106 0.59848299951863493 -0.6831092955135718
leaf_weight=2095 3361 129 717 40 212 401 46 1766 69 914 48 722 145 40
leaf_count=2095 3361 129 717 40 212 401 46 1766 69 914 48 722 145 40
internal_value=-1.33546e-05 -0.0641523 -0.126111 0.0503991 0.119 0.149048 -0.056469 0.122486 0.0807275 -0.0730888 0.00266888 -0.270314 0.467711 -0.169239
internal_weight=10705 4711 2616 5994 2633 2421 1765 2236 1835 1719 962 851 185 757
internal_count=10705 4711 2616 5994 2633 2421 1765 2236 1835 1719 962 851 185 757
is_linear=0
shrinkage=0.05


Tree=46
num_leaves=15
num_cat=0
split_feature=69 84 16 73 19 38 26 84 13 69 6 84 19 70
split_gain=12500 8764.74 8363.87 7746.94 7730.04 6616.53 6407.85 4760.38 7435.75 5798.26 4405.02 4392.6 4369.6 4203.96
threshold=-0.66454532812499967 303.76010700000006 277.29195150000004 24.125000000000004 222.66369200000003 58.375000000000007 29.887500000000003 77.844594000000015 0.65541427462456159 -17.644610546874997 278.52577300000002 119.92813650000001 216.92619700000003 18.67354882458238
decision_type=2 2 2 2 2 2 2 2 2 2 2 2 2 2
left_child=1 3 -2 6 5 12 7 -1 9 -9 -6 -5 -4 -7
right_child=2 -3 4 11 10 13 -8 8 -10 -11 -12 -13 -14 -15
leaf_value=0.011749123201695848 0.028882424092022886 -0.78886347892807762 0.39119733837667292 0.0070054561863927278 -0.54699888944625863 -0.0046830104522128727 0.51956636765423947 -0.57117782485366397 -0.041842082472745006 -0.17031742340808173 0.16200013304519101 -0.41875004503996149 0.93922939313218956 0.43550341789746255
leaf_weight=2022 5433 40 178 84 44 173 50 112 1731 456 42 216 46 78
leaf_count=2022 5433 40 178 84 44 173 50 112 1731 456 42 216 46 78
internal_value=-1.33385e-05 -0.0609505 0.0478826 -0.0545496 0.231511 0.310416 -0.0376446 -0.0442111 -0.0934125 -0.250225 -0.202861 -0.299911 0.507414 0.133293
internal_weight=10705 4711 5994 4671 561 475 4371 4321 2299 568 86 300 224 251
internal_count=10705 4711 5994 4671 561 475 4371 4321 2299 568 86 300 224 251
is_linear=0
shrinkage=0.05


Tree=47
num_leaves=15
num_cat=0
split_feature=71 84 84 69 24 21 19 11 25 32 70 2 46 62
split_gain=11630.5 11153.9 6766.29 8328.19 6717.23 6568.91 7085.92 6051.54 5622.82 6189.73 5060.36 7090.11 4776.93 5597.1
threshold=-0.88749999999999918 107.21996850000001 42.523274000000008 11.973163848958334 248.07883750000005 52.087827275155483 222.66369200000003 272.40022400000004 11.810826513719613 20.212500000000002 7.8989148047799835 273.13289700000007 48.302083333333336 175.48538500000004
decision_type=2 2 2 2 2 2 2 2 2 2 2 2 2 2
left_child=1 -1 -2 8 -3 6 7 -5 9 -4 -6 -12 -10 -14
right_child=2 4 3 5 10 -7 -8 -9 12 -11 11 -13 13 -15
leaf_value=0.010025432331774055 -0.0070023237163434953 -0.30238896386297204 0.055678495121937177 0.33054772734650756 0.056548470665684872 0.01626952649678761 -0.18932661555450539 0.8735859528941623 0.40551651773682562 0.88023677363636965 -0.12364620392966795 -0.78594679850197979 -0.038091952520804176 0.13724931489211267
leaf_weight=2562 3054 515 50 426 410 230 57 58 82 41 1102 41 1405 672
leaf_count=2562 3054 515 50 426 410 230 57 58 82 41 1102 41 1405 672
internal_value=-1.28935e-05 -0.0597037 0.0454822 0.0985247 -0.146053 0.240237 0.335248 0.39729 0.0498796 0.432712 -0.0940477 -0.14807 0.0335506 0.0186773
internal_weight=10705 4630 6075 3021 2068 771 541 484 2250 91 1553 1143 2159 2077
internal_count=10705 4630 6075 3021 2068 771 541 484 2250 91 1553 1143 2159 2077
is_linear=0
shrinkage=0.05


Tree=48
num_leaves=15
num_cat=0
split_feature=67 16 84 35 84 73 84 59 32 69 8 84 22 5
split_gain=10715 9782.21 7561.13 7592.05 5684.21 5479.62 5013.17 5035.84 4219.79 3842.19 3725.41 3391.85 3349.22 5730.1
threshold=-3.7711683541666656 254.35575500000002 90.677195000000012 28.201041666666672 303.76010700000006 24.125000000000004 272.25950450000005 -1.3250294999999992 30.012500000000003 -20.992930640624994 266.15429100000006 107.99714000000002 145.39469607812504 270.46035150000006
decision_type=2 2 2 2 2 2 2 2 2 2 2 2 2 2
left_child=2 9 -1 4 5 10 7 -3 12 11 -4 -2 -9 -14
right_child=1 6 3 -5 -6 -7 -8 8 -10 -11 -12 -13 13 -15
leaf_value=0.021021408859099186 -0.003839484312468105 0.017682532729906039 -0.079825929549918254 0.45102340538914387 -0.73746880832172579 -0.38562951014970737 -0.13092089154967859 0.23864424930846373 0.52049285774930909 0.0080009478722664895 -0.2937685092014295 -0.4860692164897919 -0.14033724714107321 0.50199094323648352
leaf_weight=1109 71 403 1261 51 41 212 154 762 108 6022 242 74 151 44
leaf_count=1109 71 403 1261 51 41 212 154 762 108 6022 242 74 151 44
internal_value=-6.08733e-06 0.0306016 -0.0817456 -0.144793 -0.162344 -0.148173 0.13982 0.168292 0.225214 0.00185766 -0.114446 -0.251587 0.191382 0.00642006
internal_weight=10705 7789 2916 1807 1756 1715 1622 1468 1065 6167 1503 145 957 195
internal_count=10705 7789 2916 1807 1756 1715 1622 1468 1065 6167 1503 145 957 195
is_linear=0
shrinkage=0.05


Tree=49
num_leaves=15
num_cat=0
split_feature=71 84 84 73 84 21 43 11 16 79 84 26 84 20
split_gain=9882.34 9457.64 7669.41 6071.43 6617.46 5620.25 5036.49 4603.33 4076.2 3569.59 3490.56 4616.03 3419.25 3645.07
threshold=1.4000000000000006 42.523274000000008 292.35207400000007 17.625000000000004 103.93628150000002 1.2382070770162167e-05 51.375000000000007 270.19121550000006 271.64561100000009 -0.95642797789208689 90.677195000000012 19.012500000000003 202.67825250000001 278.56941200000006
decision_type=2 2 2 2 2 2 2 2 2 2 2 2 2 2
left_child=2 -2 3 8 -5 -3 7 -7 10 12 -1 -12 13 -8
right_child=1 5 -4 4 -6 6 9 -9 -10 -11 11 -13 -14 -15
leaf_value=0.011680392337084192 -0.01182853508263771 0.46741115466746336 -0.45373273737869174 0.016753155687219686 -0.26075172394859802 0.18686036484568946 -0.233987767330538 0.65673385319801481 0.13470012516272203 0.12780373661037861 -0.22107837012910753 -0.035260207820754584 -0.48118984310523327 0.24636589450761678
leaf_weight=3607 1616 135 105 362 527 161 77 77 460 1019 399 2036 45 79
leaf_count=3607 1616 135 105 362 527 161 77 77 460 1019 399 2036 45 79
internal_value=-8.11352e-06 0.0734022 -0.0314403 -0.0253805 -0.14786 0.159817 0.131035 0.34099 -0.00861399 0.0898307 -0.0195455 -0.0657867 -0.102359 0.00928806
internal_weight=10705 3209 7496 7391 889 1593 1458 238 6502 1220 6042 2435 201 156
internal_count=10705 3209 7496 7391 889 1593 1458 238 6502 1220 6042 2435 201 156
is_linear=0
shrinkage=0.05


Tree=50
num_leaves=15
num_cat=0
split_feature=69 84 84 84 43 84 73 26 24 5 31 20 45 47
split_gain=9038.64 6582.99 6403.81 8487.09 5923.1 5945.13 5652.69 5332.77 5004.01 4391.17 3959.62 3549.89 4517.92 3629.4
threshold=-0.66454532812499967 303.76010700000006 42.523274000000008 272.25950450000005 48.125000000000007 95.756806000000012 24.125000000000004 29.887500000000003 322.54412650000006 121.21397400000002 21.612500000000004 277.29195150000004 54.520833333333336 73.320312500000014
decision_type=2 2 2 2 2 2 2 2 2 2 2 2 2 2
left_child=1 6 -2 4 10 9 7 -1 11 -6 -4 -7 13 -13
right_child=2 -3 3 -5 5 8 -8 -9 -10 -11 -12 12 -14 -15
leaf_value=-0.037828362361569029 -0.0050248861782136263 -0.68266624546632537 -0.042838402428641557 -0.20360334581436434 0.43771732468068025 0.043952265179628636 -0.25586693524027188 0.4764817070161157 -0.34984212017485072 0.10634933418917412 0.51764038605232765 0.26677388607391289 0.084530237114723822 0.81918991898948501
leaf_weight=4321 3361 40 40 212 206 1384 300 50 69 195 145 97 242 43
leaf_count=4321 3361 40 40 212 206 1384 300 50 69 195 145 97 242 43
internal_value=-7.00517e-06 -0.0518249 0.0407212 0.0990955 0.125675 0.103069 -0.0462777 -0.0318375 0.0648769 0.277244 0.396877 0.0812693 0.216003 0.441051
internal_weight=10705 4711 5994 2633 2421 2236 4671 4371 1835 401 185 1766 382 140
internal_count=10705 4711 5994 2633 2421 2236 4671 4371 1835 401 185 1766 382 140
is_linear=0
shrinkage=0.05


Tree=51
num_leaves=15
num_cat=0
split_feature=24 84 70 45 71 61 45 9 59 84 84 70 25 69
split_gain=8381.6 7386.67 9494.08 5969.56 4995.88 4842.51 3976.14 3609.55 5880.49 4439.36 6413.42 4102.04 4400 4208.19
threshold=274.65417650000006 90.677195000000012 15.105780810542793 47.072916666666679 1.4000000000000006 63.815465500000009 74.062500000000014 267.44138750000008 -2.9004189999999848 42.523274000000008 75.408333500000012 19.136531480599313 108.0147368726637 8.9726725364583348
decision_type=2 2 2 2 2 2 2 2 2 2 2 2 2 2
left_child=1 -1 4 -2 -3 -4 -6 9 -9 -5 -11 12 13 -12
right_child=3 2 5 7 6 -7 -8 8 -10 10 11 -13 -14 -15
leaf_value=0.010054367504406634 0.37082053452286107 -0.076233568870685567 -0.31681814094882088 -0.0033110733744652235 -0.035717712393677645 -0.043367431362647785 0.27109187373495108 -0.66566921510256649 -0.027901354765804659 0.67745144748687747 0.05658540774964186 0.25495289327709808 -0.082514176179872875 0.2943219381859416
leaf_weight=4345 150 1623 573 1289 212 226 209 40 306 49 707 349 375 252
leaf_count=4345 150 1623 573 1289 212 226 209 40 306 49 707 349 375 252
internal_value=-1.16735e-06 -0.0309478 -0.0935935 0.063238 -0.0364215 -0.239623 0.116875 0.0494291 -0.103338 0.0669541 0.119219 0.102574 0.0625473 0.119298
internal_weight=10705 7188 2843 3517 2044 799 421 3367 346 3021 1732 1683 1334 959
internal_count=10705 7188 2843 3517 2044 799 421 3367 346 3021 1732 1683 1334 959
is_linear=0
shrinkage=0.05


Tree=52
num_leaves=15
num_cat=0
split_feature=73 5 84 84 30 24 45 29 12 56 25 7 36 39
split_gain=7681 6768.19 6042.21 5283.42 3770.06 3639.25 3626.6 5197.09 5930.51 5186.55 4302.54 3901.64 3589 3338.57
threshold=17.625000000000004 272.51331800000008 126.53211150000001 295.90254450000003 22.162500000000005 274.65417650000006 47.072916666666679 28.012500000000003 270.44717350000002 31.666346500000021 105.54290539137678 104.33074950000001 24.066145833333337 53.375000000000007
decision_type=2 2 2 2 2 2 2 2 2 2 2 2 2 2
left_child=1 3 -2 5 -3 -1 10 9 -9 -8 -7 12 -11 -6
right_child=2 4 -4 -5 13 6 7 8 -10 11 -12 -13 -14 -15
leaf_value=-0.014320907360395646 -0.0010474452859920416 0.60389925425543511 -0.25734591960498937 -0.46017328983203315 0.37393706636661195 -0.00068009320808493578 0.043514852776537244 -0.041299902379166253 -0.63846131847663368 0.20131342315040196 0.67007936823601821 0.019327528431903628 0.76543397985398776 0.060607062457948439
leaf_weight=6384 431 50 492 60 117 45 2363 171 54 55 50 68 59 306
leaf_count=6384 431 50 492 60 117 45 2363 171 54 55 50 68 59 306
internal_value=2.08432e-06 0.0130171 -0.137797 0.00363228 0.19732 0.0066905 0.0534983 0.043011 -0.18681 0.0633945 0.355654 0.319853 0.497388 0.14795
internal_weight=10705 9782 923 9309 473 9249 2865 2770 225 2545 95 182 114 423
internal_count=10705 9782 923 9309 473 9249 2865 2770 225 2545 95 182 114 423
is_linear=0
shrinkage=0.05


Tree=53
num_leaves=15
num_cat=0
split_feature=31 46 84 16 9 12 73 16 22 38 8 70 25 43
split_gain=7119.51 7514.95 6088.04 5436.52 5351.86 4380.31 4158.21 4101.87 7652.3 6184.71 4229.34 4197.97 3946.29 3069.99
threshold=20.937500000000004 49.994791666666671 95.756806000000012 95.430012500000018 285.86399050000006 280.98731900000001 24.125000000000004 277.29195150000004 150.95053180208336 56.875000000000007 270.02924000000007 18.67354882458238 105.16358070881857 82.875000000000014
decision_type=2 2 2 2 2 2 2 2 2 2 2 2 2 2
left_child=2 12 -1 13 7 6 -5 -3 9 10 -9 -11 -2 -4
right_child=1 4 3 5 -6 -7 -8 8 -10 11 -12 -13 -14 -15
leaf_value=0.018650624834761924 -0.10563732587005488 0.013959907191875559 -0.55543880975908699 -0.045751819858424012 -0.36193130052351691 -0.55273460730606194 -0.30698416980093018 0.32101310857593324 -0.42314276775839377 -0.014908252247687191 0.94110735200700302 0.4056108932055178 0.44945489535434779 -0.18889170932450466
leaf_weight=1399 40 6638 98 1472 90 48 169 85 48 202 41 83 153 139
leaf_count=1399 40 6638 98 1472 90 48 169 85 48 202 41 83 153 139
internal_value=8.16714e-06 0.0273775 -0.0607294 -0.118369 0.0190858 -0.0867833 -0.0728257 0.0239679 0.168358 0.238298 0.528611 0.108549 0.334458 -0.342157
internal_weight=10705 7380 3325 1926 7187 1689 1641 7097 459 411 126 285 193 237
internal_count=10705 7380 3325 1926 7187 1689 1641 7097 459 411 126 285 193 237
is_linear=0
shrinkage=0.05


Tree=54
num_leaves=15
num_cat=0
split_feature=69 84 84 84 84 24 11 19 35 84 62 51 69 41
split_gain=6539.22 5343.77 5013.35 7061.12 4817.54 4954.63 5334.44 4607.16 4563.48 4851.68 8075.05 7033.76 5898.64 5013.71
threshold=-0.66454532812499967 303.76010700000006 42.523274000000008 272.25950450000005 95.756806000000012 322.54412650000006 272.40022400000004 222.66369200000003 28.627083333333335 77.844594000000015 73.62131500000001 3.5000000000000004 -18.227123838541665 82.875000000000014
decision_type=2 2 2 2 2 2 2 2 2 2 2 2 2 2
left_child=1 8 -2 4 -4 6 -6 -8 9 -1 12 13 -11 -12
right_child=2 -3 3 -5 5 -7 7 -9 -10 10 11 -13 -14 -15
leaf_value=0.01224140100533491 -0.0058275950321219593 -0.61243647598638773 0.26633894123993229 -0.18979617481823888 0.064379834620820628 -0.33484554085880519 0.44955903324631175 -0.12277825680043963 0.42675399448937523 -0.38170116058926085 0.29000281749768952 -0.1708903675104621 -0.12081779091537884 0.011015510204200954
leaf_weight=2083 3361 40 411 212 1730 69 167 44 51 267 230 366 1142 532
leaf_count=2083 3361 40 411 212 1730 69 167 44 51 267 230 366 1142 532
internal_value=5.86444e-06 -0.044069 0.0346482 0.0862977 0.110543 0.0785695 0.0934307 0.330193 -0.0390717 -0.0443052 -0.0907193 0.00898596 -0.17049 0.095494
internal_weight=10705 4711 5994 2633 2421 2010 1941 211 4671 4620 2537 1128 1409 762
internal_count=10705 4711 5994 2633 2421 2010 1941 211 4671 4620 2537 1128 1409 762
is_linear=0
shrinkage=0.05


end of trees

feature_importances:
consumo_alvo_semana_anterior=203
consumo_diferenca_semana_atual=110
temperatura_externa_c_diferenca_semana_atual=102
correcao_semanal_media_1440m=37
consumo_max_1440m=25
umidade_relativa_pct_lag_1440m=16
umidade_relativa_pct_diferenca_semana_atual=14
consumo_std_360m=12
origem_hora_sin=12
consumo_max_180m=11
temperatura_externa_c_lag_720m=10
umidade_relativa_pct_media_360m=10
correcao_semanal_std_1440m=10
consumo_lag_360m=9
consumo_lag_10080m=9
consumo_max_60m=8
consumo_min_360m=8
temperatura_externa_c_media_1440m=8
correcao_semanal_std_360m=8
consumo_std_1440m=7
temperatura_externa_c_atual=7
umidade_relativa_pct_lag_60m=7
tendencia_consumo_360m=7
consumo_mean_1440m=6
temperatura_externa_c_media_360m=6
umidade_relativa_pct_lag_15m=6
consumo_atual_kw=5
consumo_min_60m=5
temperatura_externa_c_lag_1440m=5
temperatura_externa_c_media_180m=5
umidade_relativa_pct_atual=5
umidade_relativa_pct_media_180m=5
umidade_relativa_pct_media_1440m=5
consumo_lag_180m=4
consumo_lag_720m=4
consumo_std_180m=4
temperatura_externa_c_lag_180m=4
temperatura_externa_c_lag_360m=4
consumo_razao_semana_atual=4
correcao_semanal_media_60m=4
consumo_std_60m=3
umidade_relativa_pct_lag_180m=3
tendencia_consumo_15m=3
tendencia_consumo_180m=3
correcao_semanal_media_180m=3
consumo_lag_30m=2
consumo_lag_1440m=2
consumo_max_360m=2
temperatura_externa_c_lag_15m=2
umidade_relativa_pct_media_60m=2
origem_hora_cos=2
correcao_semanal_std_180m=2
alvo_hora_cos=2
consumo_mean_60m=1
temperatura_externa_c_lag_60m=1
temperatura_externa_c_media_60m=1
umidade_relativa_pct_lag_360m=1
origem_mes=1
correcao_semanal_media_360m=1
alvo_hora_sin=1
consumo_alvo_dia_anterior=1

parameters:
[boosting: gbdt]
[objective: regression]
[metric: l1]
[tree_learner: serial]
[device_type: cpu]
[data_sample_strategy: bagging]
[data: ]
[valid: ]
[num_iterations: 400]
[learning_rate: 0.05]
[num_leaves: 15]
[num_threads: 2]
[seed: 20260905]
[deterministic: 1]
[force_col_wise: 1]
[force_row_wise: 0]
[histogram_pool_size: -1]
[max_depth: -1]
[min_data_in_leaf: 40]
[min_sum_hessian_in_leaf: 0.001]
[bagging_fraction: 1]
[pos_bagging_fraction: 1]
[neg_bagging_fraction: 1]
[bagging_freq: 0]
[bagging_seed: 23218]
[bagging_by_query: 0]
[feature_fraction: 1]
[feature_fraction_bynode: 1]
[feature_fraction_seed: 28090]
[extra_trees: 0]
[extra_seed: 14360]
[early_stopping_round: 0]
[early_stopping_min_delta: 0]
[first_metric_only: 0]
[max_delta_step: 0]
[lambda_l1: 0]
[lambda_l2: 1]
[linear_lambda: 0]
[min_gain_to_split: 0]
[drop_rate: 0.1]
[max_drop: 50]
[skip_drop: 0.5]
[xgboost_dart_mode: 0]
[uniform_drop: 0]
[drop_seed: 16970]
[top_rate: 0.2]
[other_rate: 0.1]
[min_data_per_group: 100]
[max_cat_threshold: 32]
[cat_l2: 10]
[cat_smooth: 10]
[max_cat_to_onehot: 4]
[top_k: 20]
[monotone_constraints: ]
[monotone_constraints_method: basic]
[monotone_penalty: 0]
[feature_contri: ]
[forcedsplits_filename: ]
[refit_decay_rate: 0.9]
[cegb_tradeoff: 1]
[cegb_penalty_split: 0]
[cegb_penalty_feature_lazy: ]
[cegb_penalty_feature_coupled: ]
[path_smooth: 0]
[interaction_constraints: ]
[verbosity: -1]
[saved_feature_importance_type: 0]
[use_quantized_grad: 0]
[num_grad_quant_bins: 4]
[quant_train_renew_leaf: 0]
[stochastic_rounding: 1]
[linear_tree: 0]
[max_bin: 255]
[max_bin_by_feature: ]
[min_data_in_bin: 3]
[bin_construct_sample_cnt: 200000]
[data_random_seed: 5037]
[is_enable_sparse: 1]
[enable_bundle: 1]
[use_missing: 1]
[zero_as_missing: 0]
[feature_pre_filter: 1]
[pre_partition: 0]
[two_round: 0]
[header: 0]
[label_column: ]
[weight_column: ]
[group_column: ]
[ignore_column: ]
[categorical_feature: ]
[forcedbins_filename: ]
[precise_float_parser: 0]
[parser_config_file: ]
[objective_seed: 15411]
[num_class: 1]
[is_unbalance: 0]
[scale_pos_weight: 1]
[sigmoid: 1]
[boost_from_average: 1]
[reg_sqrt: 0]
[alpha: 0.9]
[fair_c: 1]
[poisson_max_delta_step: 0.7]
[tweedie_variance_power: 1.5]
[lambdarank_truncation_level: 30]
[lambdarank_norm: 1]
[label_gain: ]
[lambdarank_position_bias_regularization: 0]
[eval_at: ]
[multi_error_top_k: 1]
[auc_mu_weights: ]
[num_machines: 1]
[local_listen_port: 12400]
[time_out: 120]
[machine_list_filename: ]
[machines: ]
[gpu_platform_id: -1]
[gpu_device_id: -1]
[gpu_device_id_list: ]
[gpu_use_dp: 0]
[num_gpu: 1]

end of parameters

pandas_categorical:[]
