tree
version=v4
num_class=1
num_tree_per_iteration=1
label_index=0
max_feature_idx=84
objective=regression
feature_names=consumo_atual_kw consumo_lag_15m consumo_lag_30m consumo_lag_60m consumo_lag_120m consumo_lag_180m consumo_lag_360m consumo_lag_720m consumo_lag_1440m consumo_lag_10080m consumo_mean_60m consumo_min_60m consumo_max_60m consumo_std_60m consumo_mean_180m consumo_min_180m consumo_max_180m consumo_std_180m consumo_mean_360m consumo_min_360m consumo_max_360m consumo_std_360m consumo_mean_1440m consumo_min_1440m consumo_max_1440m consumo_std_1440m temperatura_externa_c_atual temperatura_externa_c_lag_15m temperatura_externa_c_lag_60m temperatura_externa_c_lag_180m temperatura_externa_c_lag_360m temperatura_externa_c_lag_720m temperatura_externa_c_lag_1440m temperatura_externa_c_media_60m temperatura_externa_c_media_180m temperatura_externa_c_media_360m temperatura_externa_c_media_1440m umidade_relativa_pct_atual umidade_relativa_pct_lag_15m umidade_relativa_pct_lag_60m umidade_relativa_pct_lag_180m umidade_relativa_pct_lag_360m umidade_relativa_pct_lag_720m umidade_relativa_pct_lag_1440m umidade_relativa_pct_media_60m umidade_relativa_pct_media_180m umidade_relativa_pct_media_360m umidade_relativa_pct_media_1440m origem_hora origem_dia_semana origem_fim_de_semana origem_mes origem_hora_sin origem_hora_cos origem_semana_sin origem_semana_cos consumo_diferenca_semana_atual consumo_razao_semana_atual consumo_diferenca_dia_atual tendencia_consumo_15m tendencia_consumo_60m tendencia_consumo_180m tendencia_consumo_360m correcao_semanal_media_60m correcao_semanal_std_60m correcao_semanal_media_180m correcao_semanal_std_180m correcao_semanal_media_360m correcao_semanal_std_360m correcao_semanal_media_1440m correcao_semanal_std_1440m temperatura_externa_c_diferenca_semana_atual temperatura_externa_c_tendencia_1h umidade_relativa_pct_diferenca_semana_atual umidade_relativa_pct_tendencia_1h alvo_hora alvo_dia_semana alvo_fim_de_semana alvo_mes alvo_hora_sin alvo_hora_cos alvo_semana_sin alvo_semana_cos consumo_alvo_dia_anterior consumo_alvo_semana_anterior
feature_infos=[22.399999999999999:324.71375799999998] [22.399999999999999:324.71375799999998] [22.399999999999999:324.71375799999998] [22.399999999999999:324.71375799999998] [22.399999999999999:324.71375799999998] [22.399999999999999:324.71375799999998] [22.399999999999999:324.71375799999998] [22.399999999999999:324.71375799999998] [22.399999999999999:324.71375799999998] [22.399999999999999:324.71375799999998] [22.399999999999999:321.24876725000001] [22.399999999999999:318.278571] [22.399999999999999:324.71375799999998] [0:82.540869055199337] [22.399999999999999:313.28577408333337] [22.399999999999999:302.53573799999998] [22.399999999999999:324.71375799999998] [0:92.970139865692389] [22.399999999999999:295.13563500000004] [22.399999999999999:249.29458700000001] [22.399999999999999:324.71375799999998] [0:116.53386463160022] [23.200000000000003:159.49963871874999] none [25.600000000000001:324.71375799999998] [1.3929144002343703:128.71471884334804] [15:33.700000000000003] [15:33.700000000000003] [15:33.700000000000003] [15:33.700000000000003] [15:33.700000000000003] [15:33.700000000000003] [15:33.700000000000003] [15:33.4375] [15:32.71875] [15.333333333333334:31.620833333333334] [16.439843749999998:27.283072916666669] [31:98] [31:98] [31:98] [31:98] [31:98] [31:98] [31:98] [32.5:95.625] [33.666666666666664:95.083333333333329] [37.041666666666664:94] [59.309895833333336:91.638020833333329] [0:23.75] [0:6] [0:1] [1:4] [-1:1] [-1:1] [-0.97492791218182362:0.97492791218182362] [-0.90096886790241903:1] [-72.635950000000008:77.445233000000002] [0.43630911779503978:2.09406877563422] [-291.363968:296.779246] [-121.30707899999999:153.05878799999999] [-124.27709300000001:153.05878799999999] [-180.63157299999997:268.16051600000003] [-299.363968:299.97924600000005] [-70.384351250000009:75.467424499999993] [0:44.359338508129341] [-67.777903583333341:70.921986416666655] [0:38.631403568061003] [-64.848194500000005:62.415354583333333] [0:37.083675449251288] [-34.945017510416669:27.905951093750001] [0:30.68446053870321] [-12:11.5] [-8:4.8000000000000007] [-49:48] [-30:40] [0:23.75] [0:6] [0:1] [1:4] [-1:1] [-1:1] [-0.97492791218182362:0.97492791218182362] [-0.90096886790241903:1] [22.399999999999999:324.71375799999998] [22.399999999999999:324.71375799999998]
tree_sizes=1445 1445 1428 1442 1441 1441 1437 1447 1439 1447 1438 1432 1444 1428 1454 1439 1447 1431 1449 1434 1437 1445 1452 1437 1442 1441 1436 1456 1450 1433 1445 1435 1448 1429 1452 1428 1457 1440 1430 1437 1422 1438 1439 1432 1448 1427 1441 1449 1449 1437 1450 1427 1435 1441 1433 1462 1437 1446 1451

Tree=0
num_leaves=15
num_cat=0
split_feature=56 56 84 84 56 56 56 71 52 84 71 84 71 56
split_gain=1.20436e+06 733356 185701 114891 95906.9 92023.2 69371.2 35343.4 55552.3 46467.3 39817.2 27792.8 35772.9 21426.2
threshold=-17.784266499999983 12.469554000000004 90.665598000000017 42.523274000000008 29.782057499999997 -39.120545499999984 -6.9021500000000122 1.0000000180025095e-35 0.97335555334614943 42.523274000000008 2.2375000000000012 95.118972000000014 -2.1374999999999988 -26.942587500000005
decision_type=2 2 2 2 2 2 2 2 2 2 2 2 2 2
left_child=2 6 -1 -3 -5 -4 -2 8 -8 -9 -11 -10 -13 -7
right_child=1 3 5 4 -6 13 7 9 11 10 -12 12 -14 -15
leaf_value=-0.95938214843469116 -1.4287867933635341 -0.95547192387370306 -3.3258589648192021 0.030183585699810722 0.91580824874739952 -2.6000922343016848 -0.98325528693523279 -0.95522143565803241 -1.0164524333897056 -0.73082771959896675 -0.014274463261778614 -2.6324374410097691 -1.4592781741203305 -2.044908585692621
leaf_weight=181 840 183 374 773 511 404 3456 2210 144 759 260 99 189 322
leaf_count=181 840 183 374 773 511 404 3456 2210 144 759 260 99 189 322
internal_value=-1.00547 -0.809895 -2.44332 0.216935 0.383861 -2.68731 -0.999337 -0.948598 -1.05014 -0.826359 -0.547205 -1.58402 -1.86679 -2.35562
internal_weight=10705 9424 1281 1467 1284 1100 7957 7117 3888 3229 1019 432 288 726
internal_count=10705 9424 1281 1467 1284 1100 7957 7117 3888 3229 1019 432 288 726
is_linear=0
shrinkage=1


Tree=1
num_leaves=15
num_cat=0
split_feature=56 56 84 84 56 56 56 71 52 84 69 71 84 71
split_gain=1.08755e+06 666560 167089 104122 94399.2 76837.1 67404.5 28964.1 51691.2 43157 36123.3 28637.2 25075.6 32368.3
threshold=-18.735693999999999 11.821706499999992 97.078354000000004 42.523274000000008 24.857463000000006 -42.873081999999975 -5.1962375000000014 0.07500000000000108 0.97335555334614943 42.523274000000008 5.8223991614583346 6.0125000000000002 95.118972000000014 -2.2375000000000003
decision_type=2 2 2 2 2 2 2 2 2 2 2 2 2 2
left_child=2 6 -1 -3 -5 -4 -2 8 -8 -9 -11 -6 -10 -14
right_child=1 3 5 4 11 -7 7 9 12 10 -12 -13 13 -15
leaf_value=-0.0063219267594557945 -0.36921585260869466 0.047529138436442929 -2.3124766850313603 0.83566703873318005 1.4501408443408534 -1.3620946238148435 0.030382446673154963 0.047739311698357448 -0.01043489758310647 0.24261573286086968 0.91114866934085303 2.1226404380421395 -1.5579299868521641 -0.43754977668814093
leaf_weight=185 1071 189 301 598 470 753 3320 2194 144 645 294 252 97 192
leaf_count=185 1071 189 301 598 470 753 3320 2194 144 645 294 252 97 192
internal_value=-1.43758e-05 0.182361 -1.39239 1.14546 1.3025 -1.63544 -0.000405904 0.0570015 -0.0366908 0.169211 0.452679 1.68747 -0.549856 -0.81767
internal_weight=10705 9466 1239 1509 1320 1054 7957 6886 3753 3133 939 722 433 289
internal_count=10705 9466 1239 1509 1320 1054 7957 6886 3753 3133 939 722 433 289
is_linear=0
shrinkage=0.05


Tree=2
num_leaves=15
num_cat=0
split_feature=56 56 84 84 56 56 56 71 52 84 69 71 71 84
split_gain=983040 611434 141088 93994 85232.8 73877.1 60421.2 27684.8 44752.6 37485.1 35661 26458.7 22546.6 19484.2
threshold=-21.157216999999999 11.821706499999992 90.665598000000017 42.523274000000008 24.857463000000006 -6.9021500000000122 -44.093216500000004 0.20000000000000109 0.97335555334614943 42.523274000000008 5.8223991614583346 8.0125000000000011 -2.8499999999999992 284.32638350000008
decision_type=2 2 2 2 2 2 2 2 2 2 2 2 2 2
left_child=2 5 -1 -3 -5 13 -4 8 -7 -9 -11 -6 -10 -2
right_child=1 3 6 4 11 7 -8 9 12 10 -12 -13 -14 -15
leaf_value=0.047961142399167059 -0.36347486334645479 0.045165188155676189 -2.2279668967209942 0.79395344327040673 1.4987584161920691 0.020606422891902024 -1.3557313342762332 0.045353071613338299 -1.1611757160390466 0.21942144953370188 0.88705359470299716 2.5281989269786411 -0.31509113274405431 -1.419155564726047
leaf_weight=148 942 189 282 598 651 3532 704 2156 102 658 287 71 340 45
leaf_count=148 942 189 282 598 651 3532 704 2156 102 658 287 71 340 45
internal_value=-1.53739e-05 0.16496 -1.39133 1.08833 1.23755 -0.00798535 -1.6072 0.0485659 -0.0388037 0.160508 0.422907 1.60335 -0.512522 -0.412994
internal_weight=10705 9571 1134 1509 1320 8062 986 7075 3974 3101 945 722 442 987
internal_count=10705 9571 1134 1509 1320 8062 986 7075 3974 3101 945 722 442 987
is_linear=0
shrinkage=0.05


Tree=3
num_leaves=15
num_cat=0
split_feature=56 56 84 84 56 71 84 71 27 84 71 71 57 21
split_gain=888551 539037 136634 85403.1 78221.2 57657.4 72821.3 46160.7 45794.5 35111.2 46122.6 21466.7 20525.6 19672.8
threshold=-16.838949999999993 17.480852500000001 90.665598000000017 42.523274000000008 -33.52329799999999 -0.099999999999999631 90.665598000000017 5.1000000000000005 19.012500000000003 42.523274000000008 2.2375000000000012 -5.0124999999999984 0.97783958409521732 21.618480301953209
decision_type=2 2 2 2 2 2 2 2 2 2 2 2 2 2
left_child=2 5 -1 -3 11 6 -2 -5 -8 -7 -11 -4 -10 -12
right_child=1 3 4 7 -6 9 8 -9 12 10 13 -13 -14 -15
leaf_value=0.04748729413114889 0.050444786611368156 0.042851287007331852 -2.0737843663084745 1.0771609291150666 -0.99975212077038345 0.043828948241793862 -1.1323868712012792 1.7795574433241901 -0.41657880395892088 0.19829248973296654 1.3569467352282618 -1.4209785198496883 0.019307303066595258 0.56994997754369103
leaf_weight=185 2630 149 356 682 569 2538 181 363 887 1212 123 213 388 229
leaf_count=185 2630 149 356 682 569 2538 181 363 887 1212 123 213 388 229
internal_value=-1.81404e-05 0.171082 -1.21258 1.16309 -1.41729 0.0263005 -0.106627 1.32262 -0.390189 0.158703 0.34497 -1.83233 -0.284022 0.848017
internal_weight=10705 9382 1323 1194 1138 8188 4086 1045 1456 4102 1564 569 1275 352
internal_count=10705 9382 1323 1194 1138 8188 4086 1045 1456 4102 1564 569 1275 352
is_linear=0
shrinkage=0.05


Tree=4
num_leaves=15
num_cat=0
split_feature=56 56 84 84 56 56 56 71 52 84 69 84 71 25
split_gain=803948 502638 115871 77010.2 71717.5 62275.5 46768.6 22704.9 37435.7 30618.4 30753.3 20174.5 27565.7 18448.6
threshold=-21.542102499999995 11.821706499999992 98.266625500000018 42.523274000000008 29.782057499999997 -6.9021500000000122 -44.093216500000004 0.20000000000000109 0.97335555334614943 42.523274000000008 5.8223991614583346 97.552900500000007 -2.1374999999999988 96.652063400669192
decision_type=2 2 2 2 2 2 2 2 2 2 2 2 2 2
left_child=2 5 -1 -3 -5 -2 13 8 -7 -9 -11 -10 -13 -4
right_child=1 3 6 4 -6 7 -8 9 11 10 -12 12 -14 -15
leaf_value=-0.0077035760613763417 -0.37628875609609136 0.040765049300695723 -2.2696074660849455 0.82539630383529039 1.5840327784244437 0.018809513365660058 -1.247646341492703 0.040896037921454548 -0.0065198126723689425 0.19317662400251456 0.81313617428143825 -1.4027932238333005 -0.36576972707256755 -1.323952511978614
leaf_weight=156 1008 189 206 809 511 3532 675 2156 154 658 287 96 192 76
leaf_count=156 1008 189 206 809 511 3532 675 2156 154 658 287 96 192 76
internal_value=-2.12383e-05 0.147623 -1.27143 0.984994 1.12006 -0.00880716 -1.4772 0.043595 -0.0355273 0.144971 0.382121 -0.468792 -0.715102 -2.02033
internal_weight=10705 9592 1113 1509 1320 8083 957 7075 3974 3101 945 442 288 282
internal_count=10705 9592 1113 1509 1320 8083 957 7075 3974 3101 945 442 288 282
is_linear=0
shrinkage=0.05


Tree=5
num_leaves=15
num_cat=0
split_feature=56 56 84 84 56 56 71 56 84 25 71 52 52 71
split_gain=725805 454739 104620 72990.9 63776.7 42477 38869.4 36568.8 20228.7 16636.4 15685.8 41080.8 22987.8 20800.7
threshold=-21.542102499999995 18.240221500000022 97.078354000000004 42.523274000000008 -4.5722814999999875 -44.093216500000004 6.0125000000000002 5.4663134999999849 287.58038500000004 96.652063400669192 -1.0000000180025095e-35 0.97335555334614943 0.97335555334614943 1.9500000000000013
decision_type=2 2 2 2 2 2 2 2 2 2 2 2 2 2
left_child=2 4 -1 -3 8 9 -5 10 -2 -4 11 -6 -12 -14
right_child=1 3 5 6 7 -7 -8 -9 -10 -11 12 -13 13 -15
leaf_value=0.0017023246326754171 -0.27797914356823528 0.038698343296845759 -2.1566753032702759 1.037606458357895 0.016334492358024883 -1.1839440961431569 1.7513391437990067 0.39429281197959959 -1.4081876714055133 -1.2586145996273339 0.05643178783273492 -0.55270111314827497 0.17678991711039224 0.89634586587364284
leaf_weight=154 1220 149 206 742 2781 677 261 777 40 76 2838 357 266 161
leaf_count=154 1220 149 206 742 2781 677 261 777 40 76 2838 357 266 161
internal_value=-3.64488e-05 0.140249 -1.20807 1.07164 0.0130089 -1.40215 1.22489 0.0705969 -0.314947 -1.91995 0.0312611 -0.0485583 0.107967 0.449558
internal_weight=10705 9592 1113 1152 8440 959 1003 7180 1260 282 6403 3138 3265 427
internal_count=10705 9592 1113 1152 8440 959 1003 7180 1260 282 6403 3138 3265 427
is_linear=0
shrinkage=0.05


Tree=6
num_leaves=15
num_cat=0
split_feature=56 56 84 84 56 71 84 33 71 84 71 71 71 84
split_gain=656901 399002 103197 65889 59537.2 44607.7 58191 38352.8 35107.3 28897 36631.1 17787.8 17598.5 17581.8
threshold=-16.838949999999993 18.240221500000022 90.665598000000017 42.523274000000008 -33.52329799999999 -0.099999999999999631 90.665598000000017 19.065625000000004 6.0125000000000002 42.523274000000008 2.212499999999999 -2.7999999999999985 -5.0124999999999984 275.02512300000006
decision_type=2 2 2 2 2 2 2 2 2 2 2 2 2 2
left_child=2 5 -1 -3 12 6 -2 11 -5 -7 -11 -8 -4 -9
right_child=1 3 4 8 -6 9 7 13 -10 10 -12 -13 -14 -15
leaf_value=0.052394754271353455 0.048276921639524059 0.036776323994000756 -1.8007703016577314 0.98579597289136256 -0.8563292791576762 0.035581759993146847 -1.6062097543245788 -0.17752952000276592 1.6641064192275055 0.17533518296545789 0.74160168603543308 -0.59185174213579061 -1.211265611537149 -0.73092154608526139
leaf_weight=185 2630 149 356 742 569 2538 76 1114 261 1234 371 103 213 164
leaf_count=185 2630 149 356 742 569 2538 76 1114 261 1234 371 103 213 164
internal_value=-4.61535e-05 0.14707 -1.04263 1.01818 -1.22054 0.0250268 -0.0921628 -0.345527 1.16379 0.140627 0.306609 -1.02906 -1.58261 -0.24906
internal_weight=10705 9382 1323 1152 1138 8230 4087 1457 1003 4143 1605 179 569 1278
internal_count=10705 9382 1323 1152 1138 8230 4087 1457 1003 4143 1605 179 569 1278
is_linear=0
shrinkage=0.05


Tree=7
num_leaves=15
num_cat=0
split_feature=56 56 84 84 56 56 56 71 84 69 52 71 84 21
split_gain=593578 372849 85711.1 58806.2 56643.6 46794.9 34732.8 16414.1 30929.4 27778.3 22340.2 19805.9 21675.1 16343.1
threshold=-21.542102499999995 11.517540500000004 101.78414750000002 42.523274000000008 29.782057499999997 -7.0630304999999955 -44.093216500000004 0.95000000000000118 42.523274000000008 -1.0000000180025095e-35 0.97335555334614943 -2.1374999999999988 88.700674000000006 28.009576633005256
decision_type=2 2 2 2 2 2 2 2 2 2 2 2 2 2
left_child=2 5 -1 -3 -5 -2 -4 10 -9 -10 -7 12 -12 -11
right_child=1 3 6 4 -6 7 -8 8 9 13 11 -13 -14 -15
leaf_value=-0.029166990244315447 -0.33136807520987138 0.030842862460686238 -1.7408738968650361 0.7025686059368379 1.3742420746129937 0.01911028979099496 -1.0741139046113883 0.032863492055530144 0.076546539621252074 0.95530896580321834 0.064616224717120738 -0.13107794866238426 -1.2205596026286338 0.2374889780148989
leaf_weight=162 987 195 282 824 511 4048 669 1841 304 246 48 368 102 118
leaf_count=162 987 195 282 824 511 4048 669 1841 304 246 48 368 102 118
internal_value=-5.89536e-05 0.126806 -1.09253 0.842114 0.960502 -0.00903256 -1.27345 0.0359754 0.138687 0.429849 -0.0204821 -0.329324 -0.811599 0.723897
internal_weight=10705 9592 1113 1530 1335 8062 951 7075 2509 668 4566 518 150 364
internal_count=10705 9592 1113 1530 1335 8062 951 7075 2509 668 4566 518 150 364
is_linear=0
shrinkage=0.05


Tree=8
num_leaves=15
num_cat=0
split_feature=56 56 84 84 56 71 84 71 71 84 71 29 21 31
split_gain=536406 329020 86381.8 53983.8 44499.8 38495.5 52106.8 33181.5 30321.2 23734 30537.6 19811.8 15993.8 15698.7
threshold=-17.784266499999983 18.240221500000022 90.665598000000017 42.523274000000008 -33.52329799999999 -0.099999999999999631 94.693315000000013 -2.9875000000000003 5.1000000000000005 42.523274000000008 2.2375000000000012 19.487500000000004 21.618480301953209 20.262500000000003
decision_type=2 2 2 2 2 2 2 2 2 2 2 2 2 2
left_child=2 5 -1 -3 -4 6 -2 11 -5 -7 -11 -8 -12 -10
right_child=1 3 4 8 -6 9 7 -9 13 10 12 -13 -14 -15
leaf_value=0.052338040906649376 0.044186166242575119 0.033417906463146206 -1.4337273010951386 0.84537394224023965 -0.79427902656913696 0.032498813545248466 -1.5611910965131677 -0.21391492271508952 0.79905866743570364 0.15901006831580025 1.1411902477544162 -0.57311746183930357 0.4408017229409964 1.6022039961964429
leaf_weight=181 2657 149 569 643 531 2538 68 1200 82 1240 123 201 245 278
leaf_count=181 2657 149 569 643 531 2538 68 1200 82 1240 123 201 245 278
internal_value=-6.0835e-05 0.130462 -0.959638 0.921744 -1.12605 0.0201661 -0.0879469 -0.326805 1.05354 0.127753 0.277984 -0.827748 0.677357 1.42199
internal_weight=10705 9424 1281 1152 1100 8272 4126 1469 1003 4146 1608 269 368 360
internal_count=10705 9424 1281 1152 1100 8272 4126 1469 1003 4146 1608 269 368 360
is_linear=0
shrinkage=0.05


Tree=9
num_leaves=15
num_cat=0
split_feature=56 56 84 84 56 84 56 71 84 26 71 57 84 69
split_gain=484967 306041 70405.3 48275.3 47742.2 39405.5 30824.8 21878.9 37882.8 33943.5 19427 16134.7 15470.5 29694.2
threshold=-21.542102499999995 11.517540500000004 90.665598000000017 42.523274000000008 24.857463000000006 273.33104300000008 -42.873081999999975 -0.099999999999999631 90.665598000000017 19.012500000000003 8.0125000000000011 0.96443387193850072 42.523274000000008 11.840655182291668
decision_type=2 2 2 2 2 2 2 2 2 2 2 2 2 2
left_child=2 5 -1 -3 -5 7 -4 8 -2 -10 -6 -11 -9 -14
right_child=1 3 6 4 10 -7 -8 12 9 11 -12 -13 13 -15
leaf_value=0.039760344138700672 0.043985594961288059 0.027630168693710346 -1.5628411873286925 0.54404735346097222 1.0567007545541767 -0.54867095366223817 -0.94900777668965441 0.031120470098013598 -0.884862102030052 -0.32793186022395032 1.9337689816951753 0.048925736510007693 0.14869649343522554 0.86392700913522025
leaf_weight=145 2659 195 301 613 651 323 667 2501 197 709 71 473 1032 168
leaf_count=145 2659 195 301 613 651 323 667 2501 197 709 71 473 1032 168
internal_value=-5.51132e-05 0.114617 -0.987532 0.762679 0.869944 -0.00845103 -1.1413 0.0141639 -0.0663139 -0.278872 1.14551 -0.177211 0.101964 0.249465
internal_weight=10705 9592 1113 1530 1335 8062 968 7739 4038 1379 722 1182 3701 1200
internal_count=10705 9592 1113 1530 1335 8062 968 7739 4038 1379 722 1182 3701 1200
is_linear=0
shrinkage=0.05


Tree=10
num_leaves=15
num_cat=0
split_feature=56 56 84 71 84 56 84 71 71 56 35 71 31 25
split_gain=438162 264497 69896.2 53327.6 44091.3 29959.8 27154.6 47407.9 26083.1 23373.5 20350.2 19453.5 13422.2 10565.8
threshold=-15.46837950000001 18.240221500000022 90.665598000000017 -3.3625000000000003 42.523274000000008 5.4663134999999849 107.20503200000002 -1.8499999999999994 6.0125000000000002 -42.873081999999975 19.429687500000004 2.2624999999999997 20.262500000000003 96.652063400669192
decision_type=2 2 2 2 2 2 2 2 2 2 2 2 2 2
left_child=2 5 -1 9 -3 6 -2 10 -6 13 -8 -9 -10 -4
right_child=1 4 3 -5 8 -7 7 11 12 -11 -12 -13 -14 -15
leaf_value=0.058917981905814931 0.05040973596858539 0.030385851303736368 -1.7371798608904687 -0.47402639059549467 0.79906398887441454 0.31917523757691058 -1.2569342205609735 -0.072667712211320207 0.67996679392823012 -0.99264079163389263 -0.43629431286290371 0.69401587532325237 1.5711895519379275 -1.0093865753036657
leaf_weight=194 5424 149 213 384 742 777 94 1383 56 544 381 87 205 72
leaf_count=194 5424 149 213 384 742 777 94 1383 56 544 381 87 205 72
internal_value=-5.01832e-05 0.124412 -0.822047 -0.962876 0.833205 0.0240848 -0.00706907 -0.167303 0.952318 -1.18847 -0.600994 -0.0268516 1.38329 -1.55749
internal_weight=10705 9298 1407 1213 1152 8146 7369 1945 1003 829 475 1470 261 285
internal_count=10705 9298 1407 1213 1152 8146 7369 1945 1003 829 475 1470 261 285
is_linear=0
shrinkage=0.05


Tree=11
num_leaves=15
num_cat=0
split_feature=56 56 84 84 56 84 71 24 71 84 33 71 37 84
split_gain=396729 250144 57548.5 40732.2 40606.2 33932.2 25572.6 19724.2 18019.2 44942.8 22048.5 12801 12287.2 11488.5
threshold=-21.542102499999995 11.086414999999997 101.78414750000002 42.523274000000008 29.782057499999997 273.33104300000008 -5.0124999999999984 255.23943600000004 -1.6874999999999998 87.445244000000017 19.065625000000004 8.3125000000000018 56.875000000000007 287.58038500000004
decision_type=2 2 2 2 2 2 2 2 2 2 2 2 2 2
left_child=2 5 -1 -3 12 8 7 -4 9 -2 -11 -6 -5 -7
right_child=1 3 6 4 11 13 -8 -9 -10 10 -12 -13 -14 -15
leaf_value=-0.021880326388072385 0.035694472147412504 0.02063519067844459 -1.6394358836371326 0.89871539832532132 1.0384227428824833 -0.37491542594472971 -0.79068412189951631 -0.97026476638524661 0.060909404789195647 -1.0461330694572408 -0.31317183417746519 1.819909466466596 0.45625760530318554 -1.1771691211947688
leaf_weight=162 1571 201 231 211 450 270 497 223 5509 128 510 61 628 53
leaf_count=162 1571 201 231 211 450 270 497 223 5509 128 510 61 628 53
internal_value=-5.59708e-05 0.103661 -0.893192 0.684823 0.783625 -0.00850891 -1.04144 -1.3136 0.0125328 -0.108086 -0.461631 1.13508 0.568469 -0.509782
internal_weight=10705 9592 1113 1551 1350 8041 951 454 7718 2209 638 511 839 323
internal_count=10705 9592 1113 1551 1350 8041 951 454 7718 2209 638 511 839 323
is_linear=0
shrinkage=0.05


Tree=12
num_leaves=15
num_cat=0
split_feature=56 56 84 71 84 56 56 71 84 40 69 84 21 84
split_gain=359888 211673 62768.7 59995.2 38345.6 26812.7 20560 18843.5 16151.7 11584.1 11022.8 22750.8 18393.9 15102.1
threshold=-12.096634000000021 19.878724000000009 90.665598000000017 -3.2375000000000003 42.523274000000008 5.4663134999999849 -41.252138999999978 8.0125000000000011 273.33104300000008 50.375000000000007 5.8223991614583346 42.523274000000008 28.009576633005256 94.693315000000013
decision_type=2 2 2 2 2 2 2 2 2 2 2 2 2 2
left_child=2 5 -1 6 -3 8 -4 -6 10 -5 13 -12 -13 -2
right_child=1 4 3 9 7 -7 -8 -9 -10 -11 11 12 -14 -15
leaf_value=0.081674120061356451 0.033547408469751787 0.027846685113155679 -1.3846607827954582 0.42512334101810689 0.83551207370488345 0.29827033919660406 -0.87592526569645457 1.6850841522216797 -0.41871475563469263 -0.45207840621869932 0.024370148828747069 0.74264908588154521 0.039329932380107145 -0.15536987878802178
leaf_weight=231 3875 145 316 40 852 861 563 71 219 488 1202 234 154 1454
leaf_count=231 3875 145 316 40 852 861 563 71 219 488 1202 234 154 1454
internal_value=-6.25257e-05 0.123178 -0.681908 -0.807241 0.783988 0.0348618 -1.06018 0.902617 0.00305159 -0.384946 0.0164599 0.131952 0.464315 -0.0180175
internal_weight=10705 9067 1638 1407 1068 7999 879 923 7138 528 6919 1590 388 5329
internal_count=10705 9067 1638 1407 1068 7999 879 923 7138 528 6919 1590 388 5329
is_linear=0
shrinkage=0.05


Tree=13
num_leaves=15
num_cat=0
split_feature=56 56 84 71 84 56 65 71 84 71 29 71 31 40
split_gain=324870 191097 56662 54166.9 34617.5 24237.9 18887.3 17721.5 14644 34070.8 19972.3 17551.3 11568.1 10468.9
threshold=-12.096634000000021 19.878724000000009 90.665598000000017 -3.2375000000000003 42.523274000000008 5.3097015000000036 -40.962374958333321 5.1000000000000005 107.20503200000002 -2.1374999999999988 19.212500000000002 2.2375000000000012 20.262500000000003 50.375000000000007
decision_type=2 2 2 2 2 2 2 2 2 2 2 2 2 2
left_child=2 5 -1 6 -3 8 -4 -6 -2 10 -10 -11 -9 -5
right_child=1 4 3 13 7 -7 -8 12 9 11 -12 -13 -14 -15
leaf_value=0.077608014604654815 0.043485246107918415 0.02646388695256351 -1.4009634905506951 0.40438560978793431 0.680959621744474 0.28020393743431821 -0.86749038780208088 0.59305062985714574 -1.4162154526937576 -0.072762162131139341 -0.39932158333815149 0.62976456282954474 1.2866765441352963 -0.42952071063311925
leaf_weight=231 5363 145 228 40 565 882 651 80 62 1385 213 94 278 488
leaf_count=231 5363 145 228 40 565 882 651 80 62 1385 213 94 278 488
internal_value=-5.51633e-05 0.117036 -0.64788 -0.76696 0.744908 0.0331222 -1.0073 0.857622 0.00246667 -0.122904 -0.632885 -0.0277167 1.13376 -0.365701
internal_weight=10705 9067 1638 1407 1068 7999 879 923 7117 1754 275 1479 358 528
internal_count=10705 9067 1638 1407 1068 7999 879 923 7117 1754 275 1479 358 528
is_linear=0
shrinkage=0.05


Tree=14
num_leaves=15
num_cat=0
split_feature=56 56 84 84 56 84 6 63 71 84 26 52 71 57
split_gain=294682 185078 43036.7 31021.1 31331.3 26818.4 19673.6 18732.7 15247.9 24727.6 24567.7 13954.1 13305.5 12165.1
threshold=-21.542102499999995 11.086414999999997 115.75476600000002 42.523274000000008 29.782057499999997 276.10256350000003 267.30681650000002 -44.525680875000006 -0.099999999999999631 90.665598000000017 19.012500000000003 0.97335555334614943 1.9500000000000013 0.98853162326765498
decision_type=2 2 2 2 2 2 2 2 2 2 2 2 2 2
left_child=2 5 -1 -3 -5 8 7 -4 9 -2 -11 -10 -13 -12
right_child=1 3 6 4 -6 -7 -8 -9 11 10 13 12 -14 -15
leaf_value=-0.146132203054535 0.032724706804496809 0.0096408186093120303 -1.367642403344751 0.48648826920150201 0.98414849587679787 -0.51690378319621089 0.15526005189593248 -0.83208067137628994 0.047422509562579859 -0.74222135815129742 -0.21948832187397085 0.13393193974539086 0.70816012992535116 0.17610716771888588
leaf_weight=222 2658 201 226 839 511 249 40 625 3277 197 989 269 161 241
leaf_count=222 2658 201 226 839 511 249 40 625 3277 197 989 269 161 241
internal_value=-5.50398e-05 0.0893328 -0.769802 0.589228 0.675451 -0.00715142 -0.924856 -0.975748 0.00920239 -0.0574205 -0.225235 0.0826145 0.350078 -0.141897
internal_weight=10705 9592 1113 1551 1350 8041 891 851 7792 4085 1427 3707 430 1230
internal_count=10705 9592 1113 1551 1350 8041 891 851 7792 4085 1427 3707 430 1230
is_linear=0
shrinkage=0.05


Tree=15
num_leaves=15
num_cat=0
split_feature=56 56 84 84 84 56 6 84 71 71 56 9 69 37
split_gain=266824 169293 39838.4 29733.6 28348.5 24697.7 20439.7 18339 36164.7 16025.5 15243.6 14964.4 11702.4 9684.61
threshold=-23.553458499999994 19.878724000000009 92.337511500000019 275.36804450000005 42.523274000000008 2.7643829999999814 267.61538350000006 103.92004200000001 -2.1374999999999988 8.0125000000000011 -47.259767999999987 83.963386000000014 10.814061364583337 47.125000000000007
decision_type=2 2 2 2 2 2 2 2 2 2 2 2 2 2
left_child=2 3 -1 5 -3 7 10 -2 11 -6 -4 -9 -10 -7
right_child=1 4 6 -5 9 13 -8 8 12 -11 -12 -13 -14 -15
leaf_value=0.035275853841620332 0.039264378124085952 0.024671016133403126 -1.3000933618343495 -0.48390346378815496 0.7150636036010134 0.89828964623537932 0.14949568937654081 -1.0722208982098449 -0.058469641999553838 1.4976802107360629 -0.81261252566260722 -0.37812379767455484 0.54294909507382749 0.21586082924782427
leaf_weight=135 5391 145 221 296 852 54 45 102 1359 71 628 325 85 996
leaf_count=135 5391 145 221 296 852 54 45 102 1359 71 628 325 85 996
internal_value=-5.73805e-05 0.0813749 -0.765126 0.00767582 0.674822 0.0252376 -0.885896 -0.00754766 -0.142378 0.776821 -0.940887 -0.546045 -0.0227163 0.251778
internal_weight=10705 9676 1029 8608 1068 8312 894 7262 1871 923 849 427 1444 1050
internal_count=10705 9676 1029 8608 1068 8312 894 7262 1871 923 849 427 1444 1050
is_linear=0
shrinkage=0.05


Tree=16
num_leaves=15
num_cat=0
split_feature=56 56 84 71 84 56 24 71 84 36 84 71 29 84
split_gain=241138 143071 43524.5 37292.1 26302 20710.9 14543.4 13505.2 13246.4 9417.92 17570.5 25665.2 10855.8 9841.64
threshold=-13.184454500000028 21.260576500000031 90.665598000000017 -3.3625000000000003 63.145266500000005 5.4663134999999849 248.42321500000003 8.3125000000000018 273.33104300000008 22.654296875000004 90.665598000000017 -2.1374999999999988 19.212500000000002 42.523274000000008
decision_type=2 2 2 2 2 2 2 2 2 2 2 2 2 2
left_child=2 5 -1 6 -3 8 -4 -6 9 10 -2 12 -12 -11
right_child=1 4 3 -5 7 -7 -8 -9 -10 13 11 -13 -14 -15
leaf_value=0.068815785792138845 0.025685402090300753 0.044423860891553382 -1.1417901850311007 -0.33660371768024661 0.70838100903547874 0.25103289745707769 -0.71331862707415394 1.464503618020278 -0.36392732845226783 0.018642217210963763 -1.1918326637683772 -0.095449784966143203 -0.43403321237318099 0.20465736039701651
leaf_weight=224 2332 148 337 490 793 924 503 64 241 2711 77 773 125 963
leaf_count=224 2332 148 337 490 793 924 503 64 241 2711 77 773 125 963
internal_value=-5.44508e-05 0.0977539 -0.575708 -0.68423 0.660305 0.0282775 -0.886371 0.766489 -0.000253115 0.0123521 -0.0488528 -0.226977 -0.727345 0.0674415
internal_weight=10705 9151 1554 1330 1005 8146 840 857 7222 6981 3307 975 202 3674
internal_count=10705 9151 1554 1330 1005 8146 840 857 7222 6981 3307 975 202 3674
is_linear=0
shrinkage=0.05


Tree=17
num_leaves=15
num_cat=0
split_feature=56 56 84 84 56 84 6 56 71 37 43 43 19 21
split_gain=218536 139044 32870.3 23782.6 25145.7 22910.7 16919.7 14906.8 12017.3 10185.3 9897.87 9465.99 10112.6 7782.78
threshold=-23.553458499999994 11.086414999999997 115.75476600000002 42.523274000000008 36.116862000000005 287.58038500000004 267.01345100000009 -8.0378734999999875 -7.9874999999999998 56.875000000000007 58.625000000000007 46.625000000000007 195.31161050000003 33.206046809268052
decision_type=2 2 2 2 2 2 2 2 2 2 2 2 2 2
left_child=2 5 -1 -3 9 7 8 -2 -4 -5 -6 12 -9 -11
right_child=1 3 6 4 10 -7 -8 11 -10 13 -12 -13 -14 -15
leaf_value=-0.11817923361472418 -0.18941002230311688 -0.00014850680928419133 -1.3125292972056535 0.71147904708956522 1.3605082717564729 -1.0080987994608126 0.16782863096493048 0.067566266935318711 -0.79083129946615949 0.15344533501174085 0.7615856343677434 0.015305882790236636 1.0378516395358328 0.4888586433092732
leaf_weight=201 938 201 136 297 110 56 40 63 652 277 201 7022 46 465
leaf_count=201 938 201 136 297 110 56 40 63 652 277 201 7022 46 465
internal_value=-5.86903e-05 0.0736377 -0.692447 0.50729 0.582786 -0.00919532 -0.831542 -0.00213873 -0.88242 0.46393 0.977105 0.0225177 0.482757 0.364019
internal_weight=10705 9676 1029 1551 1350 8125 828 8069 788 1039 311 7131 109 742
internal_count=10705 9676 1029 1551 1350 8125 828 8069 788 1039 311 7131 109 742
is_linear=0
shrinkage=0.05


Tree=18
num_leaves=15
num_cat=0
split_feature=56 56 84 84 84 71 84 84 57 6 69 66 71 43
split_gain=197293 125775 29945.2 23701.8 21087.5 19123.7 23577.9 17037.7 21766.3 16419.9 16047.4 14789.6 13227.2 12642.1
threshold=-23.553458499999994 19.878724000000009 92.337511500000019 275.36804450000005 42.523274000000008 0.16249999999999967 42.523274000000008 95.118972000000014 0.95729310521808564 267.61538350000006 -1.0000000180025095e-35 4.6251717552184865e-07 4.512500000000002 45.875000000000007
decision_type=2 2 2 2 2 2 2 2 2 2 2 2 2 2
left_child=2 3 -1 5 -3 7 -7 -2 -9 -4 -8 -12 -6 -13
right_child=1 4 9 -5 12 6 10 8 -10 -11 11 13 -14 -15
leaf_value=0.035975055440383798 0.026952324588364718 0.020752014178935796 -0.81192431220483474 -0.43244621726975901 0.5003792050823942 0.0096448726685622425 0.070970093550775867 -0.32563828688871282 0.036264510448781553 0.16480043847923695 0.77774473331483884 1.1343822226291749 0.88395189308891708 0.22175257324336353
leaf_weight=135 3071 145 849 296 518 2208 559 968 727 45 212 40 405 527
leaf_count=135 3071 145 849 296 518 2208 559 968 727 45 212 40 405 527
internal_value=-4.94727e-05 0.0699734 -0.657925 0.00644924 0.581488 0.022129 0.110038 -0.0432862 -0.170485 -0.762631 0.275577 0.422121 0.66946 0.288019
internal_weight=10705 9676 1029 8608 1068 8312 3546 4766 1695 894 1338 779 923 567
internal_count=10705 9676 1029 8608 1068 8312 3546 4766 1695 894 1338 779 923 567
is_linear=0
shrinkage=0.05


Tree=19
num_leaves=15
num_cat=0
split_feature=56 56 84 84 84 56 6 71 84 9 63 43 37 24
split_gain=178080 114346 27254.7 19803.9 19612.9 21253.6 13935 12795.1 30631.8 13119.7 11300.4 8786.92 8725.37 7939.74
threshold=-23.553458499999994 11.086414999999997 115.75476600000002 287.58038500000004 42.523274000000008 36.116862000000005 267.01345100000009 -2.1374999999999988 71.13744800000002 83.963386000000014 -44.525680875000006 58.625000000000007 56.875000000000007 258.25111550000003
decision_type=2 2 2 2 2 2 2 2 2 2 2 2 2 2
left_child=2 3 -1 7 -3 12 10 8 -2 13 -4 -7 -6 -10
right_child=1 4 6 -5 5 11 -8 -9 9 -11 -12 -13 -14 -15
leaf_value=-0.10217165779506808 0.026098740941948362 -0.0010624622944558021 -1.0980232594428083 -0.93733519911766061 0.64813394127851165 1.2517151946621436 0.15517620836816184 0.030284162582187808 -1.167366074643484 -0.29459619398950815 -0.6754564050148526 0.688071105595088 0.32660189630591574 -0.33114062284838169
leaf_weight=201 1124 201 226 56 297 110 40 6384 81 435 562 201 742 45
leaf_count=201 1124 201 226 56 297 110 40 6384 81 435 562 201 742 45
internal_value=-3.61949e-05 0.0664898 -0.625058 -0.00862701 0.459746 0.528305 -0.751714 -0.00206629 -0.124578 -0.425979 -0.797887 0.890804 0.419047 -0.873673
internal_weight=10705 9676 1029 8125 1551 1350 828 8069 1685 561 788 311 1039 126
internal_count=10705 9676 1029 8125 1551 1350 828 8069 1685 561 788 311 1039 126
is_linear=0
shrinkage=0.05


Tree=20
num_leaves=15
num_cat=0
split_feature=56 56 84 71 84 56 65 71 9 84 71 35 69 40
split_gain=161734 97079.8 31138 29933.4 18944.1 15334.3 11567.4 9437.99 9115.48 8453.06 21407 14191.3 11694.9 7808.63
threshold=-12.096634000000021 22.745079500000006 90.665598000000017 -3.2375000000000003 63.145266500000005 5.3097015000000036 -40.962374958333321 8.3125000000000018 279.94015300000007 107.20503200000002 -1.8499999999999994 19.201041666666669 11.840655182291668 50.375000000000007
decision_type=2 2 2 2 2 2 2 2 2 2 2 2 2 2
left_child=2 5 -1 6 -3 9 -4 -6 -8 -2 11 -11 -12 -5
right_child=1 4 3 13 7 -7 8 -9 -10 10 12 -13 -14 -15
leaf_value=0.080588746584694962 0.032140672203145731 0.036792313021748034 -1.0317009812436477 0.41710560467185048 0.60589141852526274 0.2092560614108471 -0.53671751776193677 1.2402368344481176 -1.0732725787798854 -1.0200110745392268 -0.04246055036356209 -0.26794239763433164 0.51409324550428825 -0.30238685069990429
leaf_weight=231 5363 145 228 40 733 1008 558 64 93 78 1264 311 101 488
leaf_count=231 5363 145 228 40 733 1008 558 64 93 78 1264 311 101 488
internal_value=-4.13015e-05 0.082576 -0.457133 -0.545411 0.56279 0.0268383 -0.724059 0.65832 -0.614897 0.000976198 -0.0942758 -0.420972 -0.000933444 -0.247194
internal_weight=10705 9067 1638 1407 942 8125 879 797 651 7117 1754 389 1365 528
internal_count=10705 9067 1638 1407 942 8125 879 797 651 7117 1754 389 1365 528
is_linear=0
shrinkage=0.05


Tree=21
num_leaves=15
num_cat=0
split_feature=56 56 84 71 84 71 84 17 24 84 69 43 84 36
split_gain=146082 88469.3 28081.1 24811.6 17103 15178.7 22975.7 16618.2 11621.9 9705.17 17758.3 9638.05 9434.7 10546.3
threshold=-13.184454500000028 22.745079500000006 90.665598000000017 -5.0124999999999984 63.145266500000005 0.95000000000000118 42.523274000000008 1.9866838054813594e-05 248.42321500000003 94.693315000000013 -17.425804723958326 51.375000000000007 292.35207400000007 24.632291666666671
decision_type=2 2 2 2 2 2 2 2 2 2 2 2 2 2
left_child=2 5 -1 8 -3 9 -7 -8 -4 -2 -11 -9 13 -5
right_child=1 4 3 12 -6 6 7 11 -10 10 -12 -13 -14 -15
leaf_value=0.069549245357513431 0.022122534408645544 0.034965297661415519 -1.1162811565880826 -0.36936681768294194 0.62552006789771986 0.0053407663006625854 0.69287839119799399 0.61336572265527289 -0.61436888739364603 -0.83110854937916712 -0.086787666445263492 0.13623069142922759 -1.0307940361546535 0.45575632211275219
leaf_weight=224 3351 145 197 752 797 1885 208 121 291 83 1753 808 50 40
leaf_count=224 3351 145 197 752 797 1885 208 121 291 83 1753 808 50 40
internal_value=-4.45535e-05 0.076083 -0.448096 -0.535265 0.534751 0.0233912 0.112446 0.289853 -0.818854 -0.028505 -0.12087 0.198969 -0.370128 -0.327172
internal_weight=10705 9151 1554 1330 942 8209 3022 1137 488 5187 1836 929 842 792
internal_count=10705 9151 1554 1330 942 8209 3022 1137 488 5187 1836 929 842 792
is_linear=0
shrinkage=0.05


Tree=22
num_leaves=15
num_cat=0
split_feature=56 56 84 84 84 56 6 69 84 71 0 71 56 43
split_gain=132780 86109.3 21764.8 18042.9 15069.3 16784.1 10576.1 10505.8 12818.6 14863.1 10651.2 8206.55 7933.2 7714.01
threshold=-25.228240999999993 11.086414999999997 115.75476600000002 282.33339050000006 42.523274000000008 36.116862000000005 266.28101800000007 -1.3374577031249997 77.844594000000015 -2.9875000000000003 273.10237050000006 -7.9874999999999998 -7.6857129999999634 58.625000000000007
decision_type=2 2 2 2 2 2 2 2 2 2 2 2 2 2
left_child=2 3 -1 7 -3 -6 11 8 -2 12 -9 -4 -10 -7
right_child=1 4 6 -5 5 13 -8 10 9 -11 -12 -13 -14 -15
leaf_value=-0.080282357026590034 0.020113414705203211 -0.0069838503776763639 -1.0742667686194183 -0.61532806240191518 0.35993164077060874 1.1166762762375781 0.10264513758676393 0.038531349136538322 -0.33602006712827426 -0.10747208793519335 0.6688631429610884 -0.63869683299229174 -0.95174532184998195 0.58974579817956629
leaf_weight=191 1836 201 135 120 1039 110 41 4675 165 1248 67 599 77 201
leaf_count=191 1836 201 135 120 1039 110 41 4675 165 1248 67 599 77 201
internal_value=-4.8831e-05 0.0554311 -0.558864 -0.00929285 0.396906 0.457001 -0.676556 -0.000203802 -0.0683197 -0.177229 0.0475765 -0.720161 -0.535043 0.779102
internal_weight=10705 9739 966 8188 1551 1350 775 8068 3326 1490 4742 734 242 311
internal_count=10705 9739 966 8188 1551 1350 775 8068 3326 1490 4742 734 242 311
is_linear=0
shrinkage=0.05


Tree=23
num_leaves=15
num_cat=0
split_feature=56 56 84 84 56 84 84 71 9 43 6 24 71 71
split_gain=119871 78363.5 19648.5 19071 15450.4 14082.5 10321 20387.2 10418.2 9771.38 9550.82 8719.88 7988.42 7418.9
threshold=-25.228240999999993 22.745079500000006 115.75476600000002 275.36804450000005 2.7643829999999814 63.145266500000005 103.92004200000001 -2.1374999999999988 83.963386000000014 46.625000000000007 266.28101800000007 283.21306650000002 8.3125000000000018 -7.9874999999999998
decision_type=2 2 2 2 2 2 2 2 2 2 2 2 2 2
left_child=2 3 -1 4 6 -3 -2 8 -8 -6 13 -9 -7 -4
right_child=1 5 10 -5 9 12 7 11 -10 -11 -12 -13 -14 -15
leaf_value=-0.07628914506155221 0.028661066729173131 0.032319247498087691 -1.0209483853267398 -0.38026774417829712 0.89542652660227839 0.52006245826241593 -0.83826701888651811 -0.073132578703028278 -0.26717027774871621 0.15907173798279156 0.097635069205647421 0.23905257515767861 1.1030337401078298 -0.60681521980712816
leaf_weight=191 5398 145 135 307 46 733 102 1179 364 1126 41 275 64 599
leaf_count=191 5398 145 135 307 46 733 102 1179 364 1126 41 275 64 599
internal_value=-5.06599e-05 0.0526635 -0.531008 0.0062288 0.0202477 0.485834 -0.0067544 -0.106287 -0.393702 0.188712 -0.642832 -0.0139642 0.568199 -0.68427
internal_weight=10705 9739 966 8797 8490 942 7318 1920 466 1172 775 1454 797 734
internal_count=10705 9739 966 8797 8490 942 7318 1920 466 1172 775 1454 797 734
is_linear=0
shrinkage=0.05


Tree=24
num_leaves=15
num_cat=0
split_feature=56 56 71 84 84 71 84 17 24 43 68 84 52 84
split_gain=108762 65327.3 22040.7 17320.7 12714 11669.7 19399.7 15707.2 8863.89 8653.54 7531.55 7496.82 7406.34 7457.62
threshold=-12.096634000000021 22.745079500000006 -3.4875000000000003 107.20503200000002 63.145266500000005 0.95000000000000118 42.523274000000008 1.9866838054813594e-05 248.42321500000003 45.125000000000007 19.478162333491184 284.32638350000008 0.97335555334614943 272.25950450000005
decision_type=2 2 2 2 2 2 2 2 2 2 2 2 2 2
left_child=2 5 3 -1 -3 12 -7 -8 -5 -9 -6 -4 13 -2
right_child=1 4 11 8 10 6 7 9 -10 -11 -12 -13 -14 -15
leaf_value=-0.0029997117210317542 0.011283934194116446 0.030714353551603346 -0.11548208861571292 -0.82118787259417059 0.49016255808377784 0.00150723632223596 0.6547950330604777 0.76079861870256527 -0.48214823502416393 0.13462545200925449 1.0270551093637128 -0.8053905396234422 -0.20313542581455846 -0.27224765205375701
leaf_weight=134 4343 145 643 322 725 1885 208 58 498 869 72 41 518 244
leaf_count=134 4343 145 643 322 725 1885 208 58 498 869 72 41 518 244
internal_value=-4.90028e-05 0.067701 -0.374886 -0.530095 0.46163 0.0219783 0.0998696 0.263084 -0.616121 0.174581 0.539891 -0.157952 -0.024111 -0.00385424
internal_weight=10705 9067 1638 954 942 8125 3020 1135 820 927 797 684 5105 4587
internal_count=10705 9067 1638 954 942 8125 3020 1135 820 927 797 684 5105 4587
is_linear=0
shrinkage=0.05


Tree=25
num_leaves=15
num_cat=0
split_feature=56 56 84 71 84 71 84 17 24 84 36 71 84 11
split_gain=98196.7 58979.2 20450.2 19391.6 11478.4 10755.8 20733.1 13343.2 8762.07 8517.18 8357.81 7107.44 6985.71 6695.67
threshold=-12.096634000000021 22.745079500000006 90.665598000000017 -5.0124999999999984 63.145266500000005 1.4500000000000013 42.523274000000008 1.9866838054813594e-05 248.42321500000003 292.35207400000007 24.632291666666671 8.3125000000000018 272.25950450000005 271.93466300000006
decision_type=2 2 2 2 2 2 2 2 2 2 2 2 2 2
left_child=2 5 -1 8 -3 12 -7 -8 -4 10 -5 -6 -2 -9
right_child=1 4 3 9 11 6 7 13 -10 -11 -12 -13 -14 -15
leaf_value=0.0795114208783569 -0.0030312742476546451 0.029189155301819109 -0.94021395649572814 -0.28945156743438066 0.46764507774512315 0.00092658945773421556 0.73483720162472166 0.16560057724976854 -0.50510263682912038 -0.90188237207907229 0.41143681698375278 1.0171655570543729 -0.26299081332019336 0.71219927149434248
leaf_weight=231 5571 145 197 821 733 1472 153 598 292 53 44 64 270 61
leaf_count=231 5571 145 197 821 733 1472 153 598 292 53 44 64 270 61
internal_value=-4.46456e-05 0.0643305 -0.356209 -0.427751 0.438631 0.0208861 0.112858 0.315518 -0.681954 -0.291748 -0.253366 0.512992 -0.0150909 0.217199
internal_weight=10705 9067 1638 1407 942 8125 2284 812 489 918 865 797 5841 659
internal_count=10705 9067 1638 1407 942 8125 2284 812 489 918 865 797 5841 659
is_linear=0
shrinkage=0.05


Tree=26
num_leaves=15
num_cat=0
split_feature=56 56 7 84 84 71 31 84 71 32 9 30 22 70
split_gain=89313.6 58653.5 15032.9 13939.4 12570.5 13190.9 9650.58 7846.13 17528.9 11324.7 10646.5 6999.48 6930.44 7855.67
threshold=-25.228240999999993 7.760851500000002 101.405207 287.58038500000004 42.523274000000008 4.4125000000000023 21.112500000000004 103.92004200000001 -2.1374999999999988 29.737500000000004 83.963386000000014 24.762500000000003 151.25327538020835 19.743422688588435
decision_type=2 2 2 2 2 2 2 2 2 2 2 2 2 2
left_child=2 3 11 7 -3 12 -7 -2 10 -10 -9 -1 13 -6
right_child=1 4 -4 -5 5 6 -8 8 9 -11 -12 -13 -14 -15
leaf_value=-0.6080550844372129 0.026929053389842805 -0.025017429698930411 -0.03579416476596875 -0.78409980638273835 0.23402118803563871 0.26331279370755811 0.74918650539683518 -0.78811364267563944 -0.034907661644483161 0.55898914942517874 -0.22309144439782022 -0.16608845888947449 -0.26910618683002119 0.62799362117052082
leaf_weight=689 5505 243 173 57 831 156 304 102 1806 83 446 104 57 149
leaf_count=689 5505 243 173 57 831 156 304 102 1806 83 446 104 57 149
internal_value=-3.90703e-05 0.0454628 -0.458351 -0.0117784 0.308463 0.362576 0.585341 -0.00613739 -0.0808124 -0.00853072 -0.329504 -0.550374 0.263291 0.2945
internal_weight=10705 9739 966 7999 1740 1497 460 7942 2437 1889 548 793 1037 980
internal_count=10705 9739 966 7999 1740 1497 460 7942 2437 1889 548 793 1037 980
is_linear=0
shrinkage=0.05


Tree=27
num_leaves=15
num_cat=0
split_feature=56 56 71 84 84 71 84 17 43 52 24 69 84 71
split_gain=80675.8 47932.8 17955.9 12499.3 9356.68 8600.17 12933.9 12865.9 9689.25 8630.89 7823.4 7741.69 7048.36 6836.93
threshold=-10.904794000000008 22.745079500000006 -3.725000000000001 107.20503200000002 63.145266500000005 0.20000000000000109 42.523274000000008 2.3981020041341209e-05 45.125000000000007 0.97335555334614943 255.23943600000004 -1.0000000180025095e-35 284.32638350000008 -7.4249999999999998
decision_type=2 2 2 2 2 2 2 2 2 2 2 2 2 2
left_child=2 5 3 -1 -3 9 -7 11 -9 -2 13 -8 -4 -5
right_child=1 4 12 10 -6 6 7 8 -10 -11 -12 -13 -14 -15
leaf_value=0.0073776624430485858 -0.0030070322477804617 0.028024659275192106 -0.1043654861030406 -1.0251250620615684 0.46484293760521744 0.00045170756885874936 -0.013453710625569028 0.75604288154526766 0.087781201815396753 -0.23588374690793909 -0.39355940942991191 0.63039287114641196 -0.70596912107788601 -0.55282909748058362
leaf_weight=122 3906 145 777 117 797 2201 59 56 1134 442 439 222 51 237
leaf_count=122 3906 145 777 117 797 2201 59 56 1134 442 439 222 51 237
internal_value=-3.933e-05 0.0605023 -0.311183 -0.463752 0.397705 0.020851 0.0771825 0.191913 0.119837 -0.0267291 -0.536151 0.49564 -0.142228 -0.711375
internal_weight=10705 8962 1743 915 942 8020 3672 1471 1190 4348 793 281 828 354
internal_count=10705 8962 1743 915 942 8020 3672 1471 1190 4348 793 281 828 354
is_linear=0
shrinkage=0.05


Tree=28
num_leaves=15
num_cat=0
split_feature=56 56 84 84 71 6 31 69 84 66 0 69 52 71
split_gain=73138.8 48514.1 12714.8 12174.4 10607.1 9725.73 7557.47 6935.48 9809.92 11799.8 8073.41 7235.55 6704.55 13924
threshold=-25.228240999999993 7.760851500000002 94.693315000000013 287.58038500000004 6.5250000000000012 267.99189600000005 20.637500000000003 -1.3374577031249997 77.844594000000015 6.922389260541761e-07 274.69827350000008 -14.462286713541664 0.97335555334614943 -0.38749999999999923
decision_type=2 2 2 2 2 2 2 2 2 2 2 2 2 2
left_child=2 3 -1 7 -3 -4 -6 8 -2 11 12 -10 -9 -14
right_child=1 4 5 -5 6 -7 -8 10 9 -11 -12 -13 13 -15
leaf_value=0.044934503881985909 0.017203214297155444 0.22887715927996105 -0.52447903297839804 -0.73269682064138619 0.063271635064953244 0.26899173263369541 0.72162947534024724 0.0067484248467733826 -0.85741680544099685 -0.092234587804492188 0.69322317294452507 -0.28084342775779753 -0.30763427149504424 0.34681398015821674
leaf_weight=130 1832 1485 796 57 56 40 199 4083 80 1255 45 171 103 373
leaf_count=130 1832 1485 796 57 56 40 199 4083 80 1255 45 171 103 373
internal_value=-4.231e-05 0.0411336 -0.414783 -0.0109253 0.280324 -0.486238 0.577861 -0.00565349 -0.0605178 -0.155012 0.0341288 -0.467285 0.0274726 0.204852
internal_weight=10705 9739 966 7999 1740 836 255 7942 3338 1506 4604 251 4559 476
internal_count=10705 9739 966 7999 1740 836 255 7942 3338 1506 4604 251 4559 476
is_linear=0
shrinkage=0.05


Tree=29
num_leaves=15
num_cat=0
split_feature=56 56 71 84 84 71 84 17 16 9 84 36 68 43
split_gain=66573.8 39234.6 16542.8 11181.4 8457.62 7138.53 15670.9 11241.1 7019.82 6994.32 6942.89 6427.45 6348.29 6050.9
threshold=-9.7066035000000124 22.745079500000006 -3.4875000000000003 92.337511500000019 63.145266500000005 1.4500000000000013 42.523274000000008 1.9866838054813594e-05 95.430012500000018 280.98983350000009 284.32638350000008 24.632291666666671 20.362992467523483 44.125000000000007
decision_type=2 2 2 2 2 2 2 2 2 2 2 2 2 2
left_child=2 5 3 -1 -3 -2 -7 -8 -5 -10 11 -4 -6 -9
right_child=1 4 10 8 12 6 7 13 9 -11 -12 -13 -14 -15
leaf_value=0.048270177738419899 -0.0095743400575461005 0.010430489190892407 -0.12221691344240482 -0.94780822971912293 0.38325748180748809 -0.0016838465017460676 0.65707186952281704 0.75509219717147746 -0.36662772842360791 -0.77644752871394163 -0.67504043328360874 0.37239227367358074 0.90541247390210633 0.14075174104826924
leaf_weight=115 5639 145 751 72 734 1472 153 42 664 124 51 71 63 609
leaf_count=115 5639 145 751 72 734 1472 153 42 664 124 51 71 63 609
internal_value=-4.208e-05 0.0569204 -0.272932 -0.4144 0.361785 0.0205959 0.0953168 0.272691 -0.476252 -0.432019 -0.114642 -0.0790946 0.425615 0.181484
internal_weight=10705 8857 1848 975 942 7915 2276 804 860 788 873 822 797 651
internal_count=10705 8857 1848 975 942 7915 2276 804 860 788 873 822 797 651
is_linear=0
shrinkage=0.05


Tree=30
num_leaves=15
num_cat=0
split_feature=56 56 84 73 43 6 84 36 84 65 71 84 28 84
split_gain=60153.6 35364.3 15572.4 15507.2 7916.88 8263.07 7497.08 7288.08 6630.22 8336.68 5752.16 10348.8 11285.4 6041.18
threshold=-9.1773025000000015 24.524234499999981 292.35207400000007 14.875000000000002 46.625000000000007 194.80305600000003 63.145266500000005 24.632291666666671 84.261643500000005 -42.83184108333333 -0.88749999999999918 71.13744800000002 19.612500000000004 42.523274000000008
decision_type=2 2 2 2 2 2 2 2 2 2 2 2 2 2
left_child=2 4 3 7 5 -2 -3 -1 -5 -10 11 -6 -13 -12
right_child=1 6 -4 8 10 -7 -8 -9 9 -11 13 12 -14 -15
leaf_value=-0.15078470363885321 0.0709970589496733 0.0077239776975833452 -0.90972385080210094 0.052423601868477734 0.014315366616621264 0.79858561920171445 0.42118143903852068 0.34086172322248237 -0.87198589140718641 -0.38415827586598666 0.0012187147604111716 -0.56316412089980161 -0.096618946785744994 0.11372291428138809
leaf_weight=1097 96 129 86 65 2129 65 731 80 109 453 2903 167 570 2025
leaf_count=1097 96 129 86 65 2129 65 731 80 109 453 2903 167 570 2025
internal_value=-3.82327e-05 0.0548497 -0.25593 -0.224276 0.0219012 0.36786 0.359244 -0.117107 -0.424946 -0.480153 0.0147085 -0.0416077 -0.202955 0.0474623
internal_weight=10705 8815 1890 1804 7955 161 860 1177 627 562 7794 2866 737 4928
internal_count=10705 8815 1890 1804 7955 161 860 1177 627 562 7794 2866 737 4928
is_linear=0
shrinkage=0.05


Tree=31
num_leaves=15
num_cat=0
split_feature=56 56 84 7 38 68 84 71 12 32 80 25 9 83
split_gain=54861.9 36903.4 10673.8 10346.4 9148.19 9256.08 6253.24 12390.4 9029.25 8630.8 5049.86 7047.47 5827.41 5020.27
threshold=-26.942587500000005 7.760851500000002 287.58038500000004 101.405207 54.125000000000007 17.440646893457735 103.92004200000001 -2.1374999999999988 90.430653000000021 29.737500000000004 -0.83146961230254512 109.2624300420939 269.54124250000001 198.76829000000004
decision_type=2 2 2 2 2 2 2 2 2 2 2 2 2 2
left_child=3 2 6 -1 -3 10 13 8 -8 -9 11 -6 -12 -2
right_child=1 4 -4 -5 5 -7 7 9 -10 -11 12 -13 -14 -15
leaf_value=-0.45238045320518916 0.016452336020580136 0.47339854224852823 -0.66964592185543215 -0.013350686602520222 0.38649277083229189 0.62409480464139211 -0.69419595017456093 -0.031994764836677368 -0.18050739390665549 0.48641792192744715 0.10824127202149425 -0.14394690479067238 -0.48892974403015405 0.32629005690487523
leaf_weight=739 5378 345 60 164 343 110 103 1815 490 83 824 76 42 133
leaf_count=739 5378 345 60 164 343 110 103 1815 490 83 824 76 42 133
internal_value=-4.1717e-05 0.034328 -0.0107525 -0.372748 0.243087 0.18583 -0.00572897 -0.0714562 -0.27075 -0.00908025 0.147857 0.290166 0.0787486 0.0239877
internal_weight=10705 9802 8062 903 1740 1395 8002 2491 593 1898 1285 419 866 5511
internal_count=10705 9802 8062 903 1740 1395 8002 2491 593 1898 1285 419 866 5511
is_linear=0
shrinkage=0.05


Tree=32
num_leaves=15
num_cat=0
split_feature=56 56 84 84 84 56 84 38 84 71 12 32 43 6
split_gain=49519.8 33370.3 9627.69 9601.57 8750.41 9895.69 6576.11 6509.87 6392.16 10297.3 8223.65 6849.72 6110.33 5875.55
threshold=-26.942587500000005 6.5445720000000032 115.75476600000002 287.58038500000004 42.523274000000008 36.116862000000005 273.77944250000002 51.125000000000007 103.92004200000001 -2.1374999999999988 90.430653000000021 29.737500000000004 62.375000000000007 265.79764400000005
decision_type=2 2 2 2 2 2 2 2 2 2 2 2 2 2
left_child=2 3 -1 8 -3 6 7 -6 -2 10 -10 -11 -7 -4
right_child=1 4 13 -5 5 12 -8 -9 9 11 -12 -13 -14 -15
leaf_value=-0.027858007248941358 0.022813002315863046 -0.048841727140733579 -0.47030164474034397 -0.63671251339990587 0.49093984092267384 0.77283428014968258 -0.4181838376492989 0.17647520694532545 -0.65981989886898262 -0.036756433200843867 -0.16951126844698222 0.43363409570337813 0.32324080286221318 0.14991990341464195
leaf_weight=181 5488 253 682 60 195 135 40 1046 103 1737 489 80 176 40
leaf_count=181 5488 253 682 60 195 135 40 1046 103 1737 489 80 176 40
internal_value=-4.08154e-05 0.0326127 -0.354137 -0.0118194 0.224139 0.267525 0.20581 0.226243 -0.00699159 -0.0748714 -0.255787 -0.0158187 0.520253 -0.435781
internal_weight=10705 9802 903 7957 1845 1592 1281 1241 7897 2409 592 1817 311 722
internal_count=10705 9802 903 7957 1845 1592 1281 1241 7897 2409 592 1817 311 722
is_linear=0
shrinkage=0.05


Tree=33
num_leaves=15
num_cat=0
split_feature=56 56 84 73 84 65 43 6 84 36 68 36 84 62
split_gain=45025.4 26765.3 13006.2 13283.7 6827.02 7215.05 6437.56 7132.81 5929.54 5664.86 4959.03 4801.7 4756.6 5336.19
threshold=-9.1773025000000015 24.524234499999981 303.76010700000006 10.875000000000002 97.078354000000004 -43.870111416666667 46.625000000000007 194.80305600000003 63.145266500000005 17.496875000000006 20.362992467523483 24.652864583333336 273.33104300000008 183.62638350000003
decision_type=2 2 2 2 2 2 2 2 2 2 2 2 2 2
left_child=2 6 3 9 -5 -6 7 -2 -3 -1 -10 -11 13 -8
right_child=1 8 -4 4 5 -7 12 -9 10 11 -12 -13 -14 -15
leaf_value=-0.57408592082836019 0.055060073307033663 -0.00030102649990182656 -1.0816010275032633 0.056734480834320977 -0.78473430035762426 -0.33308557133508948 0.0057348474352269816 0.73091945774627465 0.3264003422134939 -0.082068252907826558 0.7895963948220015 0.3207398332379483 -0.24468796455555342 0.15833283916169119
leaf_weight=53 96 129 42 94 102 664 6996 65 668 855 63 80 175 623
leaf_count=53 96 129 42 94 102 664 6996 65 668 855 63 80 175 623
internal_value=-3.92332e-05 0.0474478 -0.221428 -0.201304 -0.344878 -0.394171 0.0187837 0.33075 0.312261 -0.0761083 0.367344 -0.0472975 0.0122978 0.0182318
internal_weight=10705 8815 1890 1848 860 766 7955 161 860 988 731 935 7794 7619
internal_count=10705 8815 1890 1848 860 766 7955 161 860 988 731 935 7794 7619
is_linear=0
shrinkage=0.05


Tree=34
num_leaves=15
num_cat=0
split_feature=56 56 84 84 44 68 84 69 71 9 53 47 56 83
split_gain=40668.1 28071.5 9068.7 8255.66 7684.47 8377.73 6179.29 9080.71 7948.39 6155.16 5877.66 5544.68 5266.4 4688.77
threshold=-28.725449499999993 6.5445720000000032 292.35207400000007 95.118972000000014 53.031250000000007 17.440646893457735 103.92004200000001 -25.488731953125001 2.2624999999999997 270.73891950000007 -0.70710678118654757 76.986979166666671 -48.08940849999999 198.76829000000004
decision_type=2 2 2 2 2 2 2 2 2 2 2 2 2 2
left_child=3 2 6 -1 -3 9 13 -8 11 -6 12 -9 -5 -2
right_child=1 4 -4 10 5 -7 7 8 -10 -11 -12 -13 -14 -15
leaf_value=0.051661248157421749 0.014242169071707819 0.42754385968944686 -0.7362235608489015 -0.95440617245687565 0.14173556661858797 0.56606336405565005 -0.76962146901566053 -0.0021656085922797576 0.37616791413351897 -0.48028294313244707 -0.28554966297500639 -0.15610001622308828 -0.44742917550340444 0.31814406617902796
leaf_weight=119 5366 318 42 70 1372 115 45 1171 99 40 450 1168 201 129
leaf_count=119 5366 318 42 70 1372 115 45 1171 99 40 450 1168 201 129
internal_value=-4.03398e-05 0.0284102 -0.0120516 -0.333802 0.204204 0.157444 -0.00814743 -0.0735929 -0.0604355 0.123787 -0.397405 -0.079068 -0.58141 0.0214331
internal_weight=10705 9865 8020 840 1845 1527 7978 2483 2438 1412 721 2339 271 5495
internal_count=10705 9865 8020 840 1845 1527 7978 2483 2438 1412 721 2339 271 5495
is_linear=0
shrinkage=0.05


Tree=35
num_leaves=15
num_cat=0
split_feature=56 56 84 73 84 63 43 6 84 35 28 71 36 71
split_gain=36931.7 22225.2 11141.7 11389 5659.56 6109.88 5602.18 6428.09 5246.5 4864.96 4722.69 4604.57 4328.39 4154.74
threshold=-9.1773025000000015 24.524234499999981 303.76010700000006 10.875000000000002 81.478686500000009 -46.667487624999985 46.625000000000007 194.80305600000003 63.145266500000005 28.129687500000006 26.012500000000003 8.3125000000000018 17.496875000000006 1.4500000000000013
decision_type=2 2 2 2 2 2 2 2 2 2 2 2 2 2
left_child=2 6 3 9 -5 -6 7 -2 -3 12 -7 -10 -1 -8
right_child=1 8 -4 4 5 10 13 -9 11 -11 -12 -13 -14 -15
leaf_value=-0.5248881373140547 0.046213267376819224 -0.0096665931091858802 -0.99666687236275786 0.05971759691179454 -0.67210894756950434 -0.25777880698163064 -0.012678833620166592 0.68774176140626275 0.29634355150977382 0.44207262058224944 -0.80221695179163022 0.73932871561784008 -0.063716734433181238 0.067563015409630903
leaf_weight=53 96 129 42 90 129 599 5515 65 667 44 42 64 891 2279
leaf_count=53 96 129 42 90 129 599 5515 65 667 44 42 64 891 2279
internal_value=-4.73655e-05 0.0429603 -0.200553 -0.18193 -0.314869 -0.358673 0.0168402 0.307862 0.284271 -0.0660122 -0.294646 0.336085 -0.0901368 0.0107899
internal_weight=10705 8815 1890 1848 860 770 7955 161 860 988 641 731 944 7794
internal_count=10705 8815 1890 1848 860 770 7955 161 860 988 641 731 944 7794
is_linear=0
shrinkage=0.05


Tree=36
num_leaves=15
num_cat=0
split_feature=56 56 84 53 84 56 25 84 53 47 69 84 66 69
split_gain=33520.7 23353.1 8065.37 6995.4 6882.46 6976.77 6021.42 5776.1 6140.15 5592.72 5134.84 6237.19 7914.44 6314.31
threshold=-28.725449499999993 7.760851500000002 282.33339050000006 -0.70710678118654757 42.523274000000008 36.832735000000021 112.23718932777929 273.77944250000002 -0.63405362205439475 71.716145833333357 -0.66454532812499967 77.844594000000015 6.922389260541761e-07 -14.462286713541664
decision_type=2 2 2 2 2 2 2 2 2 2 2 2 2 2
left_child=3 2 10 -1 -3 7 9 8 -6 -7 11 -2 13 -13
right_child=1 4 -4 -5 5 6 -8 -9 -10 -11 -12 12 -14 -15
leaf_value=-0.50524709269037138 0.013074836656489395 -0.054662738883959464 -0.40674817630695914 -0.19961979484642894 0.29861220474549882 0.81043686849375574 0.045114933254121817 -0.40559373857771486 0.06658902588373225 0.30487254140632492 0.032838136270580423 -0.73605137032767143 -0.070596988115509574 -0.20701489175391916
leaf_weight=283 1951 243 125 557 663 119 70 40 501 104 4380 80 1399 190
leaf_count=283 1951 243 125 557 663 119 70 40 501 104 4380 80 1399 190
internal_value=-4.9671e-05 0.0257801 -0.00982773 -0.303065 0.191962 0.232005 0.450569 0.178487 0.198889 0.577072 -0.00357578 -0.0476315 -0.11856 -0.365904
internal_weight=10705 9865 8125 840 1740 1497 293 1204 1164 223 8000 3620 1669 270
internal_count=10705 9865 8125 840 1740 1497 293 1204 1164 223 8000 3620 1669 270
is_linear=0
shrinkage=0.05


Tree=37
num_leaves=15
num_cat=0
split_feature=71 84 56 24 84 39 46 34 84 12 73 13 48 22
split_gain=30866.5 26907.5 15967.3 12052.5 6375.64 7156.59 6340.71 5835.82 5095.85 7173.37 4867.67 4845.19 4508.04 4703.01
threshold=-1.9249999999999987 87.445244000000017 24.857463000000006 248.07883750000005 292.35207400000007 56.375000000000007 89.864583333333357 25.585416666666671 273.33104300000008 261.37932550000005 -23.874999999999996 0.98343728311885747 15.125000000000002 141.77693957812502
decision_type=2 2 2 2 2 2 2 2 2 2 2 2 2 2
left_child=1 -1 8 11 5 -5 7 -7 9 -2 -11 -3 -12 -14
right_child=2 3 -4 4 -6 6 -8 -9 -10 10 12 -13 13 -15
leaf_value=0.016120391845212086 0.018871895448194474 -0.70165466216082384 0.2604960423457911 0.48596246547642208 -0.65421007017002397 -0.1043801756897873 -0.68851518815961388 -0.48721193999579526 -0.19593994750502744 0.70166493221077808 0.23155432780198756 -0.36615337326568609 -0.21928392505120922 0.31403646434346838
leaf_weight=1577 5710 167 840 41 67 846 57 112 241 42 499 315 132 59
leaf_count=1577 5710 167 840 41 67 846 57 112 241 42 499 315 132 59
internal_value=-5.19232e-05 -0.130575 0.0551652 -0.274631 -0.184586 -0.154199 -0.180511 -0.149598 0.0293217 0.037778 0.185029 -0.483608 0.152612 -0.0537634
internal_weight=10705 3182 7523 1605 1123 1056 1015 958 6683 6442 732 482 690 191
internal_count=10705 3182 7523 1605 1123 1056 1015 958 6683 6442 732 482 690 191
is_linear=0
shrinkage=0.05


Tree=38
num_leaves=15
num_cat=0
split_feature=71 84 56 24 84 46 39 34 84 12 59 20 43 37
split_gain=27871.8 24304 14427.7 10620.1 5795.31 6486.15 5596.39 4680.65 4570.74 7275.6 4561.66 5226.46 4540.89 4497.85
threshold=-1.9249999999999987 75.408333500000012 24.524234499999981 248.07883750000005 284.32638350000008 89.864583333333357 56.375000000000007 25.585416666666671 270.20708650000006 261.37932550000005 -1.3250294999999992 278.56941200000006 64.875000000000014 59.625000000000007
decision_type=2 2 2 2 2 2 2 2 2 2 2 2 2 2
left_child=1 -1 8 -3 5 6 -5 -8 9 -2 -11 -12 -4 -13
right_child=2 3 12 4 -6 -7 7 -9 -10 10 11 13 -14 -15
leaf_value=0.016299031871943256 0.018849152587586182 -0.45478113952734661 0.38126453443628078 0.46201157664380421 -0.54733348120741243 -0.65468296295609973 -0.096293554272861626 -0.45848668272793297 -0.14836887626549497 -0.066538587645800035 0.17879217761034649 0.81346000651626482 0.1477673987892183 0.14796258700745446
leaf_weight=1566 5650 488 357 40 95 57 837 99 349 134 421 68 503 41
leaf_count=1566 5650 488 357 40 95 57 837 99 349 134 421 68 503 41
internal_value=-5.58123e-05 -0.124085 0.0524144 -0.260052 -0.175479 -0.140785 -0.110133 -0.135051 0.0275207 0.0372648 0.1937 0.259498 0.245026 0.566756
internal_weight=10705 3182 7523 1616 1128 1033 976 936 6663 6314 664 530 860 109
internal_count=10705 3182 7523 1616 1128 1033 976 936 6663 6314 664 530 860 109
is_linear=0
shrinkage=0.05


Tree=39
num_leaves=15
num_cat=0
split_feature=71 84 16 12 84 44 68 73 66 39 21 84 34 56
split_gain=25165.4 22041.1 13123.5 8591.67 7593.85 7477.19 7473.68 6954.93 5541.43 5377.58 4951.55 4885.87 4769.7 4663.97
threshold=-1.9249999999999987 119.05708300000002 275.10399300000006 95.430012500000018 303.76010700000006 52.656250000000007 14.655034392033714 24.125000000000004 4.4043499829445176 56.375000000000007 27.777286015138433 189.71873300000001 25.862500000000008 6.5445720000000032
decision_type=2 2 2 2 2 2 2 2 2 2 2 2 2 2
left_child=1 -1 13 11 7 -4 8 9 -7 -5 -10 -3 -11 -2
right_child=2 3 5 4 -6 6 -8 -9 10 12 -12 -13 -14 -15
leaf_value=-0.0011701263119409115 0.0081026950917215939 -0.7870063319934153 0.50096160968560643 0.42314403518324806 -0.86810657035472782 0.29269589288996722 0.53473429072250445 -0.44024825434883436 -0.29843364355978202 -0.12072794473528509 0.11536668345126455 -0.28833238773129799 -0.53524654925261672 0.11634328068168381
leaf_weight=1781 5544 112 208 41 42 166 102 224 129 817 162 90 75 1212
leaf_count=1781 5544 112 208 41 42 166 102 224 129 817 162 90 75 1212
internal_value=-5.42362e-05 -0.117908 0.0498034 -0.266203 -0.215039 0.24566 0.14994 -0.190603 0.0630756 -0.130259 -0.0684644 -0.56734 -0.156141 0.027535
internal_weight=10705 3182 7523 1401 1199 767 559 1157 457 933 291 202 892 6756
internal_count=10705 3182 7523 1401 1199 767 559 1157 457 933 291 202 892 6756
is_linear=0
shrinkage=0.05


Tree=40
num_leaves=15
num_cat=0
split_feature=71 84 56 16 84 73 84 24 84 19 33 43 83 31
split_gain=22735 19470.1 12681.3 7646.4 6511.95 5139.29 5350.93 4756.05 4095.86 3993.31 6809.5 3842.5 5810.99 3477.11
threshold=-2.2375000000000003 71.13744800000002 24.524234499999981 95.430012500000018 290.2148160000001 24.125000000000004 299.97504500000008 258.25111550000003 63.145266500000005 226.49191750000003 30.943750000000005 47.125000000000007 278.39930150000004 22.112500000000004
decision_type=2 2 2 2 2 2 2 2 2 2 2 2 2 2
left_child=1 -1 4 7 11 6 13 -3 -4 10 -10 12 -2 -5
right_child=2 3 8 5 -6 -7 -8 -9 9 -11 -12 -13 -14 -15
leaf_value=0.016978721435487173 0.10263438072238416 -0.65535364397801465 -0.036773480057286527 -0.16101948995853166 -0.58668774481524122 -0.41759858817644258 -0.69929400505714634 -0.084388599637895828 0.25463648742757489 -0.17931042741587822 0.86787867497424698 0.017219457838857286 0.7698474754829232 0.16208781690827462
leaf_weight=1225 162 167 129 809 43 230 42 47 637 46 48 6988 40 92
leaf_count=1225 162 167 129 809 43 230 42 47 637 46 48 6988 40 92
internal_value=-5.78196e-05 -0.12829 0.0413395 -0.256511 0.0197437 -0.206036 -0.154048 -0.530931 0.222736 0.26852 0.298811 0.0234515 0.237897 -0.127884
internal_weight=10705 2612 8093 1387 7233 1173 943 214 860 731 685 7190 202 901
internal_count=10705 2612 8093 1387 7233 1173 943 214 860 731 685 7190 202 901
is_linear=0
shrinkage=0.05


Tree=41
num_leaves=15
num_cat=0
split_feature=71 84 84 71 9 24 84 39 43 11 46 68 21 59
split_gain=20894.6 17984.8 12163.7 13900.3 10853.1 10745.1 5784.82 5578.51 5290.65 6832.55 5084.71 4921.07 5131.52 4916.14
threshold=-0.9875000000000006 90.665598000000017 42.523274000000008 1.8125000000000002 72.888648000000003 248.07883750000005 292.35207400000007 54.125000000000007 51.375000000000007 270.19121550000006 49.260416666666679 17.440646893457735 28.153891865554868 1.0279840000000109
decision_type=2 2 2 2 2 2 2 2 2 2 2 2 2 2
left_child=1 -1 -2 -4 -5 13 7 -7 9 -6 -10 12 -12 -3
right_child=2 5 3 4 8 6 -8 -9 10 -11 11 -13 -14 -15
leaf_value=0.01447901672147082 -0.0094689511792682701 -0.4660328930957941 0.03082383421079625 0.60705552163909493 0.21230872824687408 0.27909761195111538 -0.5298707393429628 -0.12235482082448855 0.51670443117618559 0.7984412908652111 -0.094771516592314933 0.48549653454683722 0.1629094514813812 -0.12545192565207613
leaf_weight=2363 3110 402 1617 180 147 91 81 1473 83 75 292 79 567 145
leaf_count=2363 3110 402 1617 180 147 91 81 1473 83 75 292 79 567 145
internal_value=-5.78669e-05 -0.0812165 0.0600557 0.131161 0.245076 -0.184337 -0.120367 -0.0988332 0.192211 0.413019 0.143843 0.110335 0.0753076 -0.376145
internal_weight=10705 4555 6150 3040 1423 2192 1645 1564 1243 222 1021 938 859 547
internal_count=10705 4555 6150 3040 1423 2192 1645 1564 1243 222 1021 938 859 547
is_linear=0
shrinkage=0.05


Tree=42
num_leaves=15
num_cat=0
split_feature=71 84 84 69 9 24 20 16 35 34 0 84 39 83
split_gain=18866.5 16338 10985.1 12798.6 8710.99 8627.86 6065.03 6473.29 6027.67 5459.46 5231.83 5027.02 5148.91 4688.3
threshold=-0.9875000000000006 107.20503200000002 42.523274000000008 -1.0000000180025095e-35 72.888648000000003 248.07883750000005 277.29195150000004 307.83665100000002 28.378645833333334 22.632291666666671 286.83628450000003 292.35207400000007 54.125000000000007 252.73851850000003
decision_type=2 2 2 2 2 2 2 2 2 2 2 2 2 2
left_child=1 -1 -2 8 9 -3 -6 10 13 -5 -8 12 -7 -4
right_child=2 5 3 4 6 11 7 -9 -10 -11 -12 -13 -14 -15
leaf_value=0.0086199479315450765 -0.0089956557489709495 -0.35980051323983808 -0.11081572278773202 0.34815380356139625 0.086909041205877169 0.26329009170019696 0.27267001800663487 -0.2559450706809151 0.50555769909384118 0.92372036041045691 0.71359183811923366 -0.50370029339157962 -0.12523110315548081 0.12368752448373894
leaf_weight=2502 3110 510 718 282 1115 90 394 48 52 48 81 81 1372 302
leaf_count=2502 3110 510 718 282 1115 90 394 48 52 48 81 81 1372 302
internal_value=-4.67571e-05 -0.0771661 0.057075 0.124648 0.200334 -0.181667 0.15294 0.293278 -0.0143566 0.43441 0.3492 -0.122595 -0.10115 -0.0413312
internal_weight=10705 4555 6150 3040 1968 2053 1638 523 1072 330 475 1543 1462 1020
internal_count=10705 4555 6150 3040 1968 2053 1638 523 1072 330 475 1543 1462 1020
is_linear=0
shrinkage=0.05


Tree=43
num_leaves=15
num_cat=0
split_feature=71 84 5 16 84 56 53 39 9 36 25 47 30 45
split_gain=17165 15006.7 11041.1 6280.47 6268.47 5629.21 6125.56 4707.79 4195.44 3529.1 3496.63 3574.18 3813.46 3123.55
threshold=-2.9875000000000003 81.478686500000009 273.75479450000006 95.430012500000018 275.02512300000006 5.7347630000000089 -0.63405362205439475 54.625000000000007 271.84868150000005 19.822135416666672 111.55933439951879 69.820312500000014 22.162500000000005 46.093750000000007
decision_type=2 2 2 2 2 2 2 2 2 2 2 2 2 2
left_child=1 -1 4 -3 5 -2 10 -4 9 -5 11 12 -7 -8
right_child=2 3 7 8 -6 6 13 -9 -10 -11 -12 -13 -14 -15
leaf_value=0.014196861051382939 0.0064608846827286133 -0.52296808781525639 0.53324069062289892 -0.31795383444844694 -0.21862619124659888 0.73484211654374099 0.42696742831274526 0.16643737018754229 -0.37003094159308397 -0.069752640203128005 -0.1923130817346129 0.17493405562433367 0.25264465749721254 -0.011358856009959553
leaf_weight=1034 6267 175 132 195 266 65 42 260 261 535 50 569 113 741
leaf_count=1034 6267 175 132 195 266 65 42 260 261 535 50 569 113 741
internal_value=-3.56309e-05 -0.12449 0.0321681 -0.247384 0.0196279 0.0277311 0.112041 0.290995 -0.19824 -0.136397 0.209531 0.236649 0.43185 0.0126675
internal_weight=10705 2200 8505 1166 8113 7847 1580 392 991 730 797 747 178 783
internal_count=10705 2200 8505 1166 8113 7847 1580 392 991 730 797 747 178 783
is_linear=0
shrinkage=0.05


Tree=44
num_leaves=15
num_cat=0
split_feature=71 84 84 69 9 73 19 68 20 22 31 45 12 84
split_gain=15670.7 13586 9358.71 11062 8206.47 7403.62 6309.98 5465.59 5076.03 5845.32 5217.12 5431.41 4966.37 4891.67
threshold=-0.9875000000000006 107.20503200000002 42.523274000000008 -1.0000000180025095e-35 72.888648000000003 24.625000000000004 206.34750400000004 12.406462770015608 277.29195150000004 151.25327538020835 21.212500000000002 54.104166666666679 279.13438900000006 295.90254450000003
decision_type=2 2 2 2 2 2 2 2 2 2 2 2 2 2
left_child=1 -1 -2 7 -5 6 13 12 -6 10 -10 -12 -4 -3
right_child=2 5 3 4 8 -7 -8 -9 9 -11 11 -13 -14 -15
leaf_value=0.0079124426959286016 -0.0089552797978289331 -0.13661686402652182 -0.015739588607782223 0.41194457365171788 0.07836483724517114 -0.41618189237607545 0.22739426974961857 0.48025126372868165 0.067473905597826553 -0.23244648833038672 0.72516411995845986 0.28949520078467 -0.53166749817984449 -0.57303571985728707
leaf_weight=2502 3110 1615 972 330 1115 257 115 52 141 52 106 224 48 66
leaf_count=2502 3110 1615 972 330 1115 257 115 52 141 52 106 224 48 66
internal_value=-3.10159e-05 -0.0703158 0.0520284 0.114399 0.184764 -0.16561 -0.129543 -0.0148304 0.138771 0.267158 0.322691 0.431205 -0.0405155 -0.154082
internal_weight=10705 4555 6150 3040 1968 2053 1796 1072 1638 523 471 330 1020 1681
internal_count=10705 4555 6150 3040 1968 2053 1796 1072 1638 523 471 330 1020 1681
is_linear=0
shrinkage=0.05


Tree=45
num_leaves=15
num_cat=0
split_feature=71 84 16 12 31 70 12 24 84 84 39 84 73 34
split_gain=14260.9 12803.7 7796.87 6513.15 5558.49 8055.3 8521.47 8008.44 5584.65 5407.3 5119.49 4182.8 4088.7 4311.15
threshold=-1.9249999999999987 119.05708300000002 275.10399300000006 95.430012500000018 21.112500000000004 19.902022626051153 280.08090150000004 317.16974600000003 272.25950450000005 303.76010700000006 55.625000000000007 194.45927300000002 24.125000000000004 25.521875000000005
decision_type=2 2 2 2 2 2 2 2 2 2 2 2 2 2
left_child=1 -1 -2 11 5 6 -4 8 -6 10 -5 -3 13 -12
right_child=2 3 4 9 7 -7 -8 -9 -10 -11 12 -13 -14 -15
leaf_value=0.00022716347016310518 0.020340273004108508 -0.64911485892094556 0.068793307983521693 0.4125924543636601 0.42845276411010053 0.60295484674473609 -0.61666519343852999 -0.30339846911967971 -0.10886367442352432 -0.70820133339527047 -0.06984232241362906 -0.18263460572172957 -0.3483602754354076 -0.41831759704649452
leaf_weight=1781 6756 121 176 40 379 47 60 50 55 42 796 81 222 99
leaf_count=1781 6756 121 176 40 379 47 60 50 55 42 796 81 222 99
internal_value=-2.77214e-05 -0.0887465 0.0375044 -0.201772 0.188469 0.0123298 -0.107342 0.291221 0.360266 -0.157264 -0.13667 -0.463882 -0.156691 -0.108813
internal_weight=10705 3182 7523 1401 767 283 236 484 434 1199 1157 202 1117 895
internal_count=10705 3182 7523 1401 767 283 236 484 434 1199 1157 202 1117 895
is_linear=0
shrinkage=0.05


Tree=46
num_leaves=15
num_cat=0
split_feature=71 84 21 56 84 43 10 31 9 62 62 4 17 45
split_gain=13262.4 13945.7 9226.32 8990.37 4653.54 4557.14 4604.18 4138.64 3673.95 4549.51 3661.25 3386.45 3110.77 2933.3
threshold=1.8125000000000002 42.523274000000008 1.2382070770162167e-05 -29.421546499999994 282.33339050000006 51.375000000000007 275.71909212500003 22.012500000000003 250.49878250000003 62.438288000000007 -17.881234500000001 260.10769500000009 28.053546817640655 54.104166666666679
decision_type=2 2 2 2 2 2 2 2 2 2 2 2 2 2
left_child=3 -2 -3 7 13 6 11 10 -7 -10 -1 -4 -6 -5
right_child=1 2 5 4 12 8 -8 -9 9 -11 -12 -13 -14 -15
leaf_value=-0.077087866242037173 -0.01645051241829628 0.65659543828895461 0.45493840944021946 0.16165845454005087 -0.082685976690397817 0.17123704864909992 0.7154682700248326 0.24212689425509712 -0.38016162761678435 0.098141317377583345 -0.30332481740889228 -0.00093197520999681392 -0.55369670921793357 -0.015932444637930473
leaf_weight=285 1475 103 79 240 77 864 67 51 72 155 483 83 64 6607
leaf_count=285 1475 103 79 240 77 864 67 51 72 155 483 83 64 6607
internal_value=-3.50784e-05 0.0912908 0.202902 -0.0339431 -0.0155618 0.16703 0.369429 -0.190568 0.124248 -0.0545691 -0.219579 0.222802 -0.298872 -0.00968486
internal_weight=10705 2898 1423 7807 6988 1320 229 819 1091 227 768 162 141 6847
internal_count=10705 2898 1423 7807 6988 1320 229 819 1091 227 768 162 141 6847
is_linear=0
shrinkage=0.05


Tree=47
num_leaves=15
num_cat=0
split_feature=69 84 71 21 84 35 62 69 65 84 45 8 31 68
split_gain=12346.9 9015.09 10192.9 8056.33 7635.69 9930.31 8779.56 7094.22 5572.47 4856.45 5258.96 4004 3902.42 3754.95
threshold=-0.66454532812499967 42.523274000000008 1.8125000000000002 1.2382070770162167e-05 77.844594000000015 28.627083333333335 73.62131500000001 -18.933338249999998 6.6767573749999984 271.84868150000005 54.104166666666679 250.23162800000003 21.962500000000002 20.67451301190609
decision_type=2 2 2 2 2 2 2 2 2 2 2 2 2 2
left_child=4 -2 9 -4 -1 6 7 -6 -8 10 12 -9 -3 -5
right_child=1 2 3 13 5 -7 8 11 -10 -11 -12 -13 -14 -15
leaf_value=0.010725414400726573 -0.0065753608929868552 0.055758172029422397 0.66144434800467544 0.16563209078200578 -0.4522788734123932 0.65490550796796643 -0.049888857574549798 -0.11468989899184889 0.50039326002200446 -0.21480844714422967 0.031306970896978162 -0.34720771569452247 0.68636870533227923 0.61416154552479185
leaf_weight=2089 3368 44 96 1058 253 40 1108 944 47 181 1144 230 55 48
leaf_count=2089 3368 44 96 1058 253 40 1108 944 47 181 1144 230 55 48
internal_value=-2.83276e-05 0.0475735 0.116999 0.224155 -0.0605913 -0.117393 -0.129607 -0.212511 -0.0270829 0.0264541 0.0617301 -0.1605 0.409458 0.185635
internal_weight=10705 5994 2626 1202 4711 2622 2582 1427 1155 1424 1243 1174 99 1106
internal_count=10705 5994 2626 1202 4711 2622 2582 1427 1155 1424 1243 1174 99 1106
is_linear=0
shrinkage=0.05


Tree=48
num_leaves=15
num_cat=0
split_feature=69 84 84 84 35 62 71 69 65 36 22 34 51 84
split_gain=11146.2 8141.41 9611.21 6890.83 8981.55 7928.19 6516.54 6405.74 5039.23 3925.97 9339.59 3715.17 3574.74 3420
threshold=-0.66454532812499967 42.523274000000008 95.730117000000021 77.844594000000015 28.627083333333335 73.62131500000001 1.8125000000000002 -18.933338249999998 6.6767573749999984 23.792968750000004 132.8343030729167 28.796875000000004 3.5000000000000004 271.84868150000005
decision_type=2 2 2 2 2 2 2 2 2 2 2 2 2 2
left_child=3 -2 9 -1 5 7 13 -5 12 -3 -11 -9 -7 -4
right_child=1 2 6 4 -6 8 -8 11 -10 10 -12 -13 -14 -15
leaf_value=0.010189400498063921 -0.0062466904311447797 0.17973580944041412 0.02984683539933668 -0.42975396326721066 0.62295889701785123 0.015844592296881125 0.17026464656443599 -0.13524009632634501 0.47589483857154846 1.1654292350862085 0.3168890879315216 -0.61472419354887242 -0.17478148843795721 -0.20412703715367142
leaf_weight=2089 3368 209 1100 253 40 741 934 1133 47 40 162 41 367 181
leaf_count=2089 3368 209 1100 253 40 741 934 1133 47 40 162 41 367 181
internal_value=-1.66588e-05 0.0452114 0.111187 -0.0575596 -0.11152 -0.123135 0.0699042 -0.201918 -0.0257093 0.332961 0.48983 -0.152494 -0.0473967 -0.00334614
internal_weight=10705 5994 2626 4711 2622 2582 2215 1427 1155 411 202 1174 1108 1281
internal_count=10705 5994 2626 4711 2622 2582 2215 1427 1155 411 202 1174 1108 1281
is_linear=0
shrinkage=0.05


Tree=49
num_leaves=15
num_cat=0
split_feature=71 84 5 30 69 84 84 21 24 16 9 45 84 58
split_gain=10243.5 8701.51 7445.73 4398.76 4326.63 6972.14 10041.8 5481.3 5891.19 4194.91 3895.61 3600.41 2985.06 2971.48
threshold=-3.2375000000000003 75.408333500000012 273.75479450000006 22.487500000000004 11.973163848958334 42.523274000000008 102.71127700000001 25.618760914487094 317.80419500000005 95.430012500000018 271.84868150000005 53.552083333333336 290.2148160000001 -22.581904499999983
decision_type=2 2 2 2 2 2 2 2 2 2 2 2 2 2
left_child=1 -1 4 -4 12 -6 -7 13 -9 -3 -11 -5 -2 -8
right_child=2 9 3 11 5 6 7 8 -10 10 -12 -13 -14 -15
leaf_value=0.012832334625044307 -6.7520757571306269e-05 -0.45915270328838775 0.72438967620454187 0.43328257366789114 -0.013899709131556593 0.58108898617070304 -0.016164331029101118 0.084476129512392709 -0.48607625004456001 -0.10012273769891489 -0.33863724322315863 0.078731096273186821 -0.35133866643319367 0.48489701724157924
leaf_weight=827 7089 140 40 98 693 144 40 278 53 636 234 261 60 112
leaf_count=827 7089 140 40 98 693 144 40 278 53 636 234 261 60 112
internal_value=-9.18395e-06 -0.107439 0.0222545 0.233056 0.0122966 0.0954299 0.216098 0.106304 -0.00807011 -0.205834 -0.16459 0.176451 -0.00306439 0.353795
internal_weight=10705 1837 8868 399 8469 1320 627 483 331 1010 870 359 7149 152
internal_count=10705 1837 8868 399 8469 1320 627 483 331 1010 870 359 7149 152
is_linear=0
shrinkage=0.05


Tree=50
num_leaves=15
num_cat=0
split_feature=69 84 84 84 35 62 84 24 11 70 65 45 49 36
split_gain=9391.51 6889.25 8166.35 5831.57 8008.7 6926.81 5550.3 5932.38 7274.04 5494.02 4399.94 3939.58 3904.92 3356.32
threshold=-0.66454532812499967 42.523274000000008 95.730117000000021 77.844594000000015 28.627083333333335 73.62131500000001 272.25950450000005 322.54412650000006 272.80206100000004 8.2420240502277053 7.8398370416666614 53.552083333333336 4.5000000000000009 23.792968750000004
decision_type=2 2 2 2 2 2 2 2 2 2 2 2 2 2
left_child=3 -2 13 -1 5 9 7 8 -4 -5 -7 -10 -11 -3
right_child=1 2 6 4 -6 10 -8 -9 11 12 -12 -13 -14 -15
leaf_value=0.0094991819666471328 -0.0058259513412592086 0.16496158025981417 0.072532026733736099 -0.02266757299509296 0.59108451179614885 -0.041508233468284195 -0.18510696919350497 -0.35659940983298133 0.61262532860040675 -0.21044074383568293 0.47394950486892884 0.1707915919598946 -0.51218918929578827 0.45166477132313365
leaf_weight=2089 3368 209 1739 375 40 1113 202 71 99 931 42 104 121 202
leaf_count=2089 3368 209 1739 375 40 1113 202 71 99 931 42 104 121 202
internal_value=-5.76268e-06 0.0415099 0.1022 -0.0528254 -0.102465 -0.113434 0.0641469 0.0892384 0.105714 -0.187073 -0.0223705 0.388214 -0.245601 0.306626
internal_weight=10705 5994 2626 4711 2622 2582 2215 2013 1942 1427 1155 203 1052 411
internal_count=10705 5994 2626 4711 2622 2582 2215 2013 1942 1427 1155 203 1052 411
is_linear=0
shrinkage=0.05


Tree=51
num_leaves=15
num_cat=0
split_feature=73 24 84 46 9 80 84 24 16 62 69 36 11 24
split_gain=8823.93 7126.89 5948.86 5565.16 5103.26 4660 6808.15 4795.46 4302.68 4331.93 8333.93 3476 2875.74 2661.72
threshold=17.625000000000004 274.65417650000006 123.89824100000003 49.994791666666671 285.86399050000006 -0.2269546835593246 215.17928700000002 275.10399300000006 287.24088100000006 76.970737000000028 9.8770825520833352 24.348177083333336 267.10830100000004 248.07883750000005
decision_type=2 2 2 2 2 2 2 2 2 2 2 2 2 2
left_child=1 4 -2 12 -1 7 -7 -5 9 10 -9 -11 -3 -4
right_child=2 3 13 5 -6 6 -8 8 -10 11 -12 -13 -14 -15
leaf_value=-0.012296851271936535 -0.0053205767553299666 0.17798510913426679 -0.44108582887161829 0.6379859717054801 -0.46101615724619482 0.018037238018478202 -0.63420166765771269 0.031215076968142037 0.46668567598231514 0.11386865289972686 0.48816533645744936 -0.077595899344816699 0.6165101459306298 -0.18820978165818708
leaf_weight=6383 409 89 146 43 63 1654 40 238 78 532 171 426 65 368
leaf_count=6383 409 89 146 43 63 1654 40 238 78 532 171 426 65 368
internal_value=1.8962e-07 0.01395 -0.147695 0.0732636 -0.0167532 0.0589922 0.00227101 0.123521 0.107781 0.0869762 0.222987 0.0287367 0.36586 -0.260755
internal_weight=10705 9782 923 3336 6446 3182 1694 1488 1445 1367 409 958 154 514
internal_count=10705 9782 923 3336 6446 3182 1694 1488 1445 1367 409 958 154 514
is_linear=0
shrinkage=0.05


Tree=52
num_leaves=15
num_cat=0
split_feature=73 24 84 46 9 80 84 24 16 62 69 25 36 11
split_gain=7967.89 6436.72 5371.52 5030.83 4613.48 4211.05 6249.37 4339.77 3889.1 3912.17 7526.06 3235.82 3213.37 3079.5
threshold=17.625000000000004 274.65417650000006 123.89824100000003 49.994791666666671 285.86399050000006 -0.2269546835593246 202.67053300000003 275.10399300000006 287.24088100000006 76.970737000000028 9.8770825520833352 106.9171129683442 24.277343750000004 272.40022400000004
decision_type=2 2 2 2 2 2 2 2 2 2 2 2 2 2
left_child=1 4 -2 -3 -1 7 13 -5 9 10 -9 -11 -13 -7
right_child=2 3 -4 5 -6 6 -8 8 -10 11 -12 12 -14 -15
leaf_value=-0.011682104863846571 -0.0050551970437078221 0.34782347080508069 -0.24777871818851357 0.6068116612393748 -0.43832551361992955 0.0086099268517083969 -0.4947623648604409 0.029660854357436973 0.44364676237153483 0.10174142519576677 0.46389897258452761 0.1163277632628496 -0.18987486079161514 0.4110741649583286
leaf_weight=6383 409 154 514 43 63 1586 60 238 78 578 171 129 251 48
leaf_count=6383 409 154 514 43 63 1586 60 238 78 578 171 129 251 48
internal_value=3.59285e-06 0.0132594 -0.140345 0.069628 -0.0159192 0.056059 0.00213928 0.117401 0.102427 0.0826477 0.211901 0.0273018 -0.0858946 0.0206768
internal_weight=10705 9782 923 3336 6446 3182 1694 1488 1445 1367 409 958 380 1634
internal_count=10705 9782 923 3336 6446 3182 1694 1488 1445 1367 409 958 380 1634
is_linear=0
shrinkage=0.05


Tree=53
num_leaves=15
num_cat=0
split_feature=69 84 84 84 84 24 11 73 35 45 29 5 36 84
split_gain=7450.31 5591.2 6907.89 5294.03 4775.32 5136.65 5825.52 4740.39 4268.19 3246.65 3076.65 3072.92 3113.9 2931.66
threshold=-0.66454532812499967 42.523274000000008 95.730117000000021 303.76010700000006 272.25950450000005 322.54412650000006 272.80206100000004 24.625000000000004 28.627083333333335 53.552083333333336 26.512500000000003 121.21397400000002 23.792968750000004 77.844594000000015
decision_type=2 2 2 2 2 2 2 2 2 2 2 2 2 2
left_child=3 -2 11 7 5 6 -4 8 13 -8 -11 12 -3 -1
right_child=1 2 4 -5 -6 -7 9 -9 -10 10 -12 -13 -14 -15
leaf_value=0.0096864929293754929 -0.0056580429312182304 0.24459993389724685 0.065574679809860648 -0.59932658887186718 -0.17453093283942767 -0.33491305185663001 0.5517882463634014 -0.23881076298757922 0.42127871454621735 0.36359301807788702 -0.19032811326678933 0.14158798661851552 0.63990397138960586 -0.072768764519434384
leaf_weight=2014 3368 118 1739 42 202 71 99 286 51 64 40 205 88 2318
leaf_count=2014 3368 118 1739 42 202 71 99 286 51 64 40 205 88 2318
internal_value=8.74699e-06 0.0369857 0.0916602 -0.0470364 0.0566631 0.079938 0.0952696 -0.041941 -0.0290433 0.348083 0.150763 0.279675 0.415743 -0.0344409
internal_weight=10705 5994 2626 4711 2215 2013 1942 4669 4383 203 104 411 206 4332
internal_count=10705 5994 2626 4711 2215 2013 1942 4669 4383 203 104 411 206 4332
is_linear=0
shrinkage=0.05


Tree=54
num_leaves=15
num_cat=0
split_feature=67 16 31 8 73 19 37 18 36 41 68 21 12 83
split_gain=6746.21 6267.33 5137.88 5248.68 3794.95 3515.4 3693.59 3586.53 3060.54 3226.5 2686.43 2801.3 3308.98 2452.22
threshold=-3.8683488541666677 254.35575500000002 22.012500000000003 252.73851850000003 24.625000000000004 227.66529100000002 63.125000000000007 262.07401675000006 23.718229166666671 72.375000000000014 17.440646893457735 30.723215672785624 280.98731900000001 282.29026750000008
decision_type=2 2 2 2 2 2 2 2 2 2 2 2 2 2
left_child=2 -2 3 4 -1 6 7 8 9 -3 11 12 -8 -10
right_child=1 5 -4 -5 -6 -7 10 -9 13 -11 -12 -13 -14 -15
leaf_value=-0.038083976745988318 0.0011773287763937395 -0.083173353343199086 0.052109736123762976 -0.25728260905078248 -0.27323158103948547 -0.34046251454523635 -0.024627732683596838 0.43108347721424878 0.012895211528800974 0.35479696661342763 0.35158053597040251 0.094453653780562169 -0.47175361779974961 0.41369003790733949
leaf_weight=1551 6191 51 704 440 192 41 220 137 340 230 65 451 50 42
leaf_count=1551 6191 51 704 440 192 41 220 137 340 230 65 451 50 42
internal_value=1.21472e-05 0.0241328 -0.0652923 -0.10316 -0.0641285 0.111428 0.123317 0.198887 0.15033 0.275295 0.0462455 0.0182699 -0.108864 0.0579267
internal_weight=10705 7818 2887 2183 1743 1627 1586 800 663 281 786 721 270 382
internal_count=10705 7818 2887 2183 1743 1627 1586 800 663 281 786 721 270 382
is_linear=0
shrinkage=0.05


Tree=55
num_leaves=15
num_cat=0
split_feature=69 84 84 84 84 24 11 35 84 62 51 49 41 84
split_gain=6301.78 4790.89 6288.17 4703.58 4126.05 4610.82 5006.73 4043.68 4325.15 6044.61 4201.4 3721.74 3537.81 2903.72
threshold=-0.66454532812499967 42.523274000000008 95.730117000000021 303.76010700000006 272.25950450000005 322.54412650000006 272.80206100000004 28.627083333333335 77.844594000000015 65.000980500000011 3.5000000000000004 4.5000000000000009 82.875000000000014 218.20673200000002
decision_type=2 2 2 2 2 2 2 2 2 2 2 2 2 2
left_child=3 -2 -3 7 5 6 -4 8 -1 11 12 13 -11 -10
right_child=1 2 4 -5 -6 -7 -8 -9 9 10 -12 -13 -14 -15
leaf_value=0.01011783102740927 -0.0054537551416734909 0.26401170757158382 0.059875501954430269 -0.5638337224028831 -0.16365901581631068 -0.32015842959905666 0.32177696718204329 0.40004411205434459 -0.094634756452651583 0.2099466606743576 -0.14071138218828289 -0.4450058856648263 -0.012705994209609217 -0.28088817094689805
leaf_weight=2078 3368 411 1739 42 202 71 203 51 928 257 401 106 578 270
leaf_count=2078 3368 411 1739 42 202 71 203 51 928 257 401 106 578 270
internal_value=1.25821e-05 0.0340202 0.0846306 -0.0432547 0.0512417 0.0728771 0.0874039 -0.0384521 -0.0433803 -0.0871344 -0.00788723 -0.162185 0.0559922 -0.136811
internal_weight=10705 5994 2626 4711 2215 2013 1942 4669 4618 2540 1236 1304 835 1198
internal_count=10705 5994 2626 4711 2215 2013 1942 4669 4618 2540 1236 1304 835 1198
is_linear=0
shrinkage=0.05


Tree=56
num_leaves=15
num_cat=0
split_feature=73 24 84 84 84 24 8 69 69 84 70 9 45 43
split_gain=5839.03 4833.02 4267.68 3998.36 5558.05 4520.03 6317.12 4188.93 5149.29 4537.91 3882.63 3587.63 3302.53 3020.22
threshold=17.625000000000004 274.65417650000006 123.89824100000003 42.523274000000008 75.408333500000012 322.54412650000006 249.60064250000002 -10.861934890624998 8.9726725364583348 248.50747350000003 5.9802450868911112 285.86399050000006 46.093750000000007 46.125000000000007
decision_type=2 2 2 2 2 2 2 2 2 2 2 2 2 2
left_child=1 11 -2 -3 -5 7 -7 -6 10 13 -9 -1 -12 -10
right_child=2 3 -4 4 5 6 -8 8 9 -11 12 -13 -14 -15
leaf_value=-0.01019130418827538 0.00044116770718019544 -0.010330693344549655 -0.21589770232227823 0.62903529922572943 0.54549295945831067 0.089170184481095094 -0.71478501696412167 0.23850918399484092 0.55220404461771255 -0.020290220527560451 0.40116996060718191 -0.38642213336715941 -0.043208067618835361 0.21275590296709918
leaf_weight=6383 409 1254 514 48 52 60 40 171 74 199 43 63 840 555
leaf_count=6383 409 1254 514 48 52 60 40 171 74 199 43 63 840 555
internal_value=8.39771e-06 0.0113561 -0.120137 0.0602004 0.102666 0.0899415 -0.236305 0.106924 0.0945229 0.187756 0.0211726 -0.0139278 -0.0211386 0.253504
internal_weight=10705 9782 923 3336 2082 2034 100 1934 1882 828 1054 6446 883 629
internal_count=10705 9782 923 3336 2082 2034 100 1934 1882 828 1054 6446 883 629
is_linear=0
shrinkage=0.05


Tree=57
num_leaves=15
num_cat=0
split_feature=31 46 84 20 12 60 25 59 9 24 24 63 84 16
split_gain=5400.55 5848.97 4555.39 4921.45 4833.45 3915.51 3230.06 2959.56 4292.35 4610.87 3929.5 3878.17 3420.56 3277.54
threshold=20.937500000000004 49.994791666666671 97.078354000000004 248.11922550000006 280.98731900000001 4.3304770000000028 105.16358070881857 0.21753250000000438 271.84868150000005 297.26105400000006 317.16974600000003 32.316758250000007 269.26306350000004 279.15103700000003
decision_type=2 2 2 2 2 2 2 2 2 2 2 2 2 2
left_child=2 6 -1 5 -5 -4 -2 8 -3 -10 11 12 13 -9
right_child=1 7 3 4 -6 -7 -8 10 9 -11 -12 -13 -14 -15
leaf_value=0.01633283158713212 -0.1032437669544867 0.0073766192617777107 -0.27925087514552022 -0.0019485811495519791 -0.51094433036537801 -0.072049399218533192 0.39881276544425392 0.094128131667529244 -0.092736246497793634 -0.71583758076516601 -0.23673247853091556 0.38161533159756034 -0.069026695387468084 0.42681736867920855
leaf_weight=1386 40 5569 506 969 48 416 153 878 109 40 91 112 308 80
leaf_count=1386 40 5569 506 969 48 416 153 878 109 40 91 112 308 80
internal_value=1.38979e-05 0.0238513 -0.0528856 -0.102346 -0.0264503 -0.185942 0.294764 0.0165362 0.00026883 -0.263669 0.0798127 0.100873 0.075755 0.122326
internal_weight=10705 7380 3325 1939 1017 922 193 7187 5718 149 1469 1378 1266 958
internal_count=10705 7380 3325 1939 1017 922 193 7187 5718 149 1469 1378 1266 958
is_linear=0
shrinkage=0.05


Tree=58
num_leaves=15
num_cat=0
split_feature=69 84 84 84 84 24 11 35 84 13 49 39 62 51
split_gain=5034.95 3961.7 3888.44 5337.61 3491.94 4027.22 4310.92 3418.51 3523.57 5425.14 4360.82 3266.88 3193.62 3004.33
threshold=-0.66454532812499967 303.76010700000006 42.523274000000008 94.693315000000013 265.3676195000001 322.54412650000006 272.80206100000004 28.627083333333335 77.844594000000015 0.65541427462456159 4.5000000000000009 53.375000000000007 65.000980500000011 3.5000000000000004
decision_type=2 2 2 2 2 2 2 2 2 2 2 2 2 2
left_child=1 7 -2 -4 5 6 -5 8 -1 10 -10 -8 -11 -14
right_child=2 -3 3 4 -6 -7 11 -9 9 12 -12 -13 13 -15
leaf_value=0.009497744700764919 -0.0051547917444421344 -0.51642706678357242 0.24748414647633102 0.061934520045524126 -0.10127141371862416 -0.3024131737973379 0.5306374471429941 0.36891720400979888 -0.16014863015134537 -0.11051039399152673 -0.57628401749663893 0.095480407903059616 0.074241778087254587 -0.10389643351021022
leaf_weight=2078 3368 42 386 1660 339 68 90 51 517 855 71 83 753 344
leaf_count=2078 3368 42 386 1660 339 68 90 51 517 855 71 83 753 344
internal_value=9.66911e-06 -0.0386649 0.0304075 0.0760027 0.0463556 0.0727209 0.0867948 -0.0342576 -0.038789 -0.0782811 -0.211289 0.323611 -0.0381274 0.018337
internal_weight=10705 4711 5994 2626 2240 1901 1833 4669 4618 2540 588 173 1952 1097
internal_count=10705 4711 5994 2626 2240 1901 1833 4669 4618 2540 588 173 1952 1097
is_linear=0
shrinkage=0.05


end of trees

feature_importances:
consumo_alvo_semana_anterior=219
consumo_diferenca_semana_atual=124
temperatura_externa_c_diferenca_semana_atual=99
correcao_semanal_media_1440m=32
consumo_max_1440m=28
umidade_relativa_pct_lag_1440m=19
consumo_lag_10080m=18
temperatura_externa_c_media_1440m=15
umidade_relativa_pct_diferenca_semana_atual=13
consumo_lag_360m=12
temperatura_externa_c_lag_720m=12
consumo_max_180m=11
consumo_std_360m=11
origem_hora_sin=11
consumo_max_60m=10
temperatura_externa_c_media_360m=10
tendencia_consumo_360m=10
correcao_semanal_std_360m=10
consumo_min_60m=8
consumo_std_1440m=8
umidade_relativa_pct_lag_60m=8
umidade_relativa_pct_media_180m=8
correcao_semanal_media_180m=7
consumo_std_180m=6
temperatura_externa_c_media_180m=6
umidade_relativa_pct_atual=6
umidade_relativa_pct_media_360m=6
consumo_alvo_dia_anterior=5
consumo_min_360m=4
consumo_max_360m=4
consumo_mean_1440m=4
temperatura_externa_c_lag_180m=4
origem_hora_cos=4
consumo_razao_semana_atual=4
correcao_semanal_media_60m=4
correcao_semanal_std_180m=4
correcao_semanal_std_1440m=4
consumo_atual_kw=3
consumo_lag_180m=3
consumo_lag_1440m=3
temperatura_externa_c_lag_360m=3
temperatura_externa_c_lag_1440m=3
temperatura_externa_c_media_60m=3
umidade_relativa_pct_lag_180m=3
umidade_relativa_pct_media_1440m=3
origem_dia_semana=3
origem_mes=3
tendencia_consumo_15m=3
alvo_hora_cos=3
consumo_lag_720m=2
consumo_std_60m=2
temperatura_externa_c_atual=2
temperatura_externa_c_lag_60m=2
umidade_relativa_pct_lag_15m=2
umidade_relativa_pct_lag_360m=2
umidade_relativa_pct_media_60m=2
consumo_lag_120m=1
consumo_mean_60m=1
consumo_mean_360m=1
temperatura_externa_c_lag_15m=1
origem_hora=1
consumo_diferenca_dia_atual=1
tendencia_consumo_60m=1
correcao_semanal_media_360m=1

parameters:
[boosting: gbdt]
[objective: regression]
[metric: l1]
[tree_learner: serial]
[device_type: cpu]
[data_sample_strategy: bagging]
[data: ]
[valid: ]
[num_iterations: 400]
[learning_rate: 0.05]
[num_leaves: 15]
[num_threads: 2]
[seed: 20260905]
[deterministic: 1]
[force_col_wise: 1]
[force_row_wise: 0]
[histogram_pool_size: -1]
[max_depth: -1]
[min_data_in_leaf: 40]
[min_sum_hessian_in_leaf: 0.001]
[bagging_fraction: 1]
[pos_bagging_fraction: 1]
[neg_bagging_fraction: 1]
[bagging_freq: 0]
[bagging_seed: 23218]
[bagging_by_query: 0]
[feature_fraction: 1]
[feature_fraction_bynode: 1]
[feature_fraction_seed: 28090]
[extra_trees: 0]
[extra_seed: 14360]
[early_stopping_round: 0]
[early_stopping_min_delta: 0]
[first_metric_only: 0]
[max_delta_step: 0]
[lambda_l1: 0]
[lambda_l2: 1]
[linear_lambda: 0]
[min_gain_to_split: 0]
[drop_rate: 0.1]
[max_drop: 50]
[skip_drop: 0.5]
[xgboost_dart_mode: 0]
[uniform_drop: 0]
[drop_seed: 16970]
[top_rate: 0.2]
[other_rate: 0.1]
[min_data_per_group: 100]
[max_cat_threshold: 32]
[cat_l2: 10]
[cat_smooth: 10]
[max_cat_to_onehot: 4]
[top_k: 20]
[monotone_constraints: ]
[monotone_constraints_method: basic]
[monotone_penalty: 0]
[feature_contri: ]
[forcedsplits_filename: ]
[refit_decay_rate: 0.9]
[cegb_tradeoff: 1]
[cegb_penalty_split: 0]
[cegb_penalty_feature_lazy: ]
[cegb_penalty_feature_coupled: ]
[path_smooth: 0]
[interaction_constraints: ]
[verbosity: -1]
[saved_feature_importance_type: 0]
[use_quantized_grad: 0]
[num_grad_quant_bins: 4]
[quant_train_renew_leaf: 0]
[stochastic_rounding: 1]
[linear_tree: 0]
[max_bin: 255]
[max_bin_by_feature: ]
[min_data_in_bin: 3]
[bin_construct_sample_cnt: 200000]
[data_random_seed: 5037]
[is_enable_sparse: 1]
[enable_bundle: 1]
[use_missing: 1]
[zero_as_missing: 0]
[feature_pre_filter: 1]
[pre_partition: 0]
[two_round: 0]
[header: 0]
[label_column: ]
[weight_column: ]
[group_column: ]
[ignore_column: ]
[categorical_feature: ]
[forcedbins_filename: ]
[precise_float_parser: 0]
[parser_config_file: ]
[objective_seed: 15411]
[num_class: 1]
[is_unbalance: 0]
[scale_pos_weight: 1]
[sigmoid: 1]
[boost_from_average: 1]
[reg_sqrt: 0]
[alpha: 0.9]
[fair_c: 1]
[poisson_max_delta_step: 0.7]
[tweedie_variance_power: 1.5]
[lambdarank_truncation_level: 30]
[lambdarank_norm: 1]
[label_gain: ]
[lambdarank_position_bias_regularization: 0]
[eval_at: ]
[multi_error_top_k: 1]
[auc_mu_weights: ]
[num_machines: 1]
[local_listen_port: 12400]
[time_out: 120]
[machine_list_filename: ]
[machines: ]
[gpu_platform_id: -1]
[gpu_device_id: -1]
[gpu_device_id_list: ]
[gpu_use_dp: 0]
[num_gpu: 1]

end of parameters

pandas_categorical:[]
