tree
version=v4
num_class=1
num_tree_per_iteration=1
label_index=0
max_feature_idx=84
objective=regression
feature_names=consumo_atual_kw consumo_lag_15m consumo_lag_30m consumo_lag_60m consumo_lag_120m consumo_lag_180m consumo_lag_360m consumo_lag_720m consumo_lag_1440m consumo_lag_10080m consumo_mean_60m consumo_min_60m consumo_max_60m consumo_std_60m consumo_mean_180m consumo_min_180m consumo_max_180m consumo_std_180m consumo_mean_360m consumo_min_360m consumo_max_360m consumo_std_360m consumo_mean_1440m consumo_min_1440m consumo_max_1440m consumo_std_1440m temperatura_externa_c_atual temperatura_externa_c_lag_15m temperatura_externa_c_lag_60m temperatura_externa_c_lag_180m temperatura_externa_c_lag_360m temperatura_externa_c_lag_720m temperatura_externa_c_lag_1440m temperatura_externa_c_media_60m temperatura_externa_c_media_180m temperatura_externa_c_media_360m temperatura_externa_c_media_1440m umidade_relativa_pct_atual umidade_relativa_pct_lag_15m umidade_relativa_pct_lag_60m umidade_relativa_pct_lag_180m umidade_relativa_pct_lag_360m umidade_relativa_pct_lag_720m umidade_relativa_pct_lag_1440m umidade_relativa_pct_media_60m umidade_relativa_pct_media_180m umidade_relativa_pct_media_360m umidade_relativa_pct_media_1440m origem_hora origem_dia_semana origem_fim_de_semana origem_mes origem_hora_sin origem_hora_cos origem_semana_sin origem_semana_cos consumo_diferenca_semana_atual consumo_razao_semana_atual consumo_diferenca_dia_atual tendencia_consumo_15m tendencia_consumo_60m tendencia_consumo_180m tendencia_consumo_360m correcao_semanal_media_60m correcao_semanal_std_60m correcao_semanal_media_180m correcao_semanal_std_180m correcao_semanal_media_360m correcao_semanal_std_360m correcao_semanal_media_1440m correcao_semanal_std_1440m temperatura_externa_c_diferenca_semana_atual temperatura_externa_c_tendencia_1h umidade_relativa_pct_diferenca_semana_atual umidade_relativa_pct_tendencia_1h alvo_hora alvo_dia_semana alvo_fim_de_semana alvo_mes alvo_hora_sin alvo_hora_cos alvo_semana_sin alvo_semana_cos consumo_alvo_dia_anterior consumo_alvo_semana_anterior
feature_infos=[22.399999999999999:324.71375799999998] [22.399999999999999:324.71375799999998] [22.399999999999999:324.71375799999998] [22.399999999999999:324.71375799999998] [22.399999999999999:324.71375799999998] [22.399999999999999:324.71375799999998] [22.399999999999999:324.71375799999998] [22.399999999999999:324.71375799999998] [22.399999999999999:324.71375799999998] [22.399999999999999:324.71375799999998] [22.399999999999999:321.24876725000001] [22.399999999999999:318.278571] [22.399999999999999:324.71375799999998] [0:82.540869055199337] [22.399999999999999:313.28577408333337] [22.399999999999999:302.53573799999998] [22.399999999999999:324.71375799999998] [0:92.970139865692389] [22.399999999999999:295.13563500000004] [22.399999999999999:249.29458700000001] [22.399999999999999:324.71375799999998] [0:116.53386463160022] [23.200000000000003:159.49963871874999] none [25.600000000000001:324.71375799999998] [1.3929144002343703:128.71471884334804] [15:33.700000000000003] [15:33.700000000000003] [15:33.700000000000003] [15:33.700000000000003] [15:33.700000000000003] [15:33.700000000000003] [15:33.700000000000003] [15:33.4375] [15:32.71875] [15.333333333333334:31.620833333333334] [16.439843749999998:27.283072916666669] [31:98] [31:98] [31:98] [31:98] [31:98] [31:98] [31:98] [32.5:95.625] [33.666666666666664:95.083333333333329] [37.041666666666664:94] [59.309895833333336:91.638020833333329] [0:23.75] [0:6] [0:1] [1:4] [-1:1] [-1:1] [-0.97492791218182362:0.97492791218182362] [-0.90096886790241903:1] [-72.635950000000008:77.445233000000002] [0.43630911779503978:2.09406877563422] [-291.363968:296.779246] [-121.30707899999999:153.05878799999999] [-124.27709300000001:153.05878799999999] [-180.63157299999997:268.16051600000003] [-299.363968:299.97924600000005] [-70.384351250000009:75.467424499999993] [0:44.359338508129341] [-67.777903583333341:70.921986416666655] [0:38.631403568061003] [-64.848194500000005:62.415354583333333] [0:37.083675449251288] [-34.945017510416669:27.905951093750001] [0:30.68446053870321] [-12:11.5] [-8:4.8000000000000007] [-49:48] [-30:40] [0:23.75] [0:6] [0:1] [1:4] [-1:1] [-1:1] [-0.97492791218182362:0.97492791218182362] [-0.90096886790241903:1] [22.399999999999999:324.71375799999998] [22.399999999999999:324.71375799999998]
tree_sizes=1424 1435 1432 1434 1437 1433 1436 1430 1437 1441 1436 1434 1448 1438 1444 1443 1439 1443 1430 1453 1438 1443 1463 1426 1445 1456 1433 1449 1455 1447 1456 1441

Tree=0
num_leaves=15
num_cat=0
split_feature=71 84 84 71 25 69 84 51 24 25 24 25 69 75
split_gain=554249 405155 277539 272635 169332 147420 79718.7 63176.8 53612.5 39590 63584.2 36444.7 31002.3 29674.5
threshold=1.0000000180025095e-35 102.99429600000001 42.523274000000008 -2.8499999999999992 98.894297547537505 11.26756466666667 287.58038500000004 3.5000000000000004 253.43744300000003 108.34402579467344 277.22543400000006 103.83785543165358 -26.30091713020833 15.125000000000002
decision_type=2 2 2 2 2 2 2 2 2 2 2 2 2 2
left_child=1 -1 -2 4 12 7 9 -4 -9 10 11 -5 -3 -11
right_child=2 3 5 6 -6 -7 -8 8 -10 13 -12 -13 -14 -15
leaf_value=-1.0638954838350889 -1.0784131399141856 -3.6018189794253432 -0.39240416710346993 -1.4262547513867356 -1.4268118150681983 0.27103240916349169 -3.0722781452644972 -0.42180598103556466 -1.5824230899464076 -1.6499070412023222 -0.72966840134917477 -2.0476866165734382 -2.8211463130727976 -2.8129855739535938
leaf_weight=3126 2609 193 1002 1114 211 722 84 163 252 137 276 299 425 92
leaf_count=3126 2609 193 1002 1114 211 722 84 163 252 137 276 299 425 92
internal_value=-1.13515 -1.45632 -0.732211 -1.88951 -2.65154 -0.310163 -1.57337 -0.607081 -1.12595 -1.50675 -1.42274 -1.55831 -3.06854 -2.12243
internal_weight=10705 5957 4748 2831 829 2139 2002 1417 415 1918 1689 1413 618 229
internal_count=10705 5957 4748 2831 829 2139 2002 1417 415 1918 1689 1413 618 229
is_linear=0
shrinkage=1


Tree=1
num_leaves=15
num_cat=0
split_feature=71 84 84 71 25 69 84 51 24 25 24 25 69 49
split_gain=500361 365808 250517 246122 152874 133067 72048.9 57017.9 48412.1 35814.6 56055.5 32878.3 28013.7 27729.8
threshold=1.0000000180025095e-35 102.99429600000001 42.523274000000008 -2.8499999999999992 98.894297547537505 11.26756466666667 287.58038500000004 3.5000000000000004 253.43744300000003 109.00154112320878 277.22543400000006 103.83785543165358 -26.30091713020833 3.5000000000000004
decision_type=2 2 2 2 2 2 2 2 2 2 2 2 2 2
left_child=1 -1 -2 4 12 7 9 -4 -9 10 11 -5 -3 -13
right_child=2 3 5 6 -6 -7 -8 8 -10 -11 -12 13 -14 -15
leaf_value=0.067691824104795351 0.053899997187300208 -2.3439723211465426 0.70564447017386556 -0.276563672946741 -0.27714861583597256 1.335969428071961 -1.8414122873194079 0.67789320788550667 -0.4249989449271101 -0.94603839084837171 0.37120014780542393 -0.58628969185940505 -1.6018954112487429 -1.7011810620625814
leaf_weight=3126 2609 193 1002 1114 211 722 84 163 252 224 280 226 425 74
leaf_count=3126 2609 193 1002 1114 211 722 84 163 252 224 280 226 425 74
internal_value=-3.1896e-05 -0.305193 0.382817 -0.716811 -1.44084 0.783793 -0.416433 0.5017 0.00877344 -0.353099 -0.274181 -0.402152 -1.83706 -0.866034
internal_weight=10705 5957 4748 2831 829 2139 2002 1417 415 1918 1694 1414 618 300
internal_count=10705 5957 4748 2831 829 2139 2002 1417 415 1918 1694 1414 618 300
is_linear=0
shrinkage=0.05


Tree=2
num_leaves=15
num_cat=0
split_feature=71 84 71 84 69 25 84 51 24 53 25 24 62 35
split_gain=451716 330443 227264 226126 120110 101854 83317.1 51459.4 43716.2 35422.9 31914.4 45859.2 27082.2 53259.1
threshold=1.0000000180025095e-35 101.02200000000001 -3.0124999999999988 42.523274000000008 11.26756466666667 99.460662613930012 287.58038500000004 3.5000000000000004 253.43744300000003 0.32143946530316164 109.00154112320878 278.11863750000003 -79.654976499999975 21.378645833333337
decision_type=2 2 2 2 2 2 2 2 2 2 2 2 2 2
left_child=1 -1 5 -2 7 -3 9 12 -9 10 11 -4 -5 -14
right_child=3 2 6 4 -6 -7 -8 8 -10 -11 -12 -13 13 -15
leaf_value=0.068346381323254338 0.051206029582754414 -1.8347253070050291 -0.71168419887277667 0.33936367684582175 1.2692633608111372 -0.27684274395343972 -1.8070632967184175 0.6442052233964205 -0.40383298227337117 -0.23109311849011208 -1.623169734233465 0.60508953899047091 0.13855494264997334 1.167560693803275
leaf_weight=3093 2609 503 518 384 722 133 105 163 252 1453 77 75 176 442
leaf_count=3093 2609 503 518 384 722 133 105 163 252 1453 77 75 176 442
internal_value=-6.1996e-05 -0.29001 -0.676908 0.363701 0.744657 -1.50989 -0.438557 0.476649 0.00836517 -0.370054 -0.670618 -0.544406 0.670397 0.875208
internal_weight=10705 5957 2864 4748 2139 636 2228 1417 415 2123 670 593 1002 618
internal_count=10705 5957 2864 4748 2139 636 2228 1417 415 2123 670 593 1002 618
is_linear=0
shrinkage=0.05


Tree=3
num_leaves=15
num_cat=0
split_feature=71 84 71 84 69 25 84 84 70 36 24 25 7 17
split_gain=408205 305570 180575 169383 126575 91288.9 70343.8 46323.6 44071.9 46898.5 37272.8 36993 31065.9 30390.5
threshold=-1.0000000180025095e-35 102.99429600000001 -3.0124999999999988 42.523274000000008 11.532673921875002 99.460662613930012 283.32550850000001 295.90254450000003 8.0129088345045254 20.748177083333335 280.08090150000004 113.37412887341182 244.21224650000002 2.5927198770225745e-06
decision_type=2 2 2 2 2 2 2 2 2 2 2 2 2 2
left_child=1 -1 5 -2 6 -3 8 12 9 -5 -10 -6 -4 -11
right_child=3 2 7 4 11 -7 -8 -9 10 13 -12 -13 -14 -15
leaf_value=0.050894169654940161 0.048483319018187046 -1.748178744902684 -0.57469803876279346 -0.18574719289127661 1.3004455756488609 -0.26637480848966016 -1.55009721154752 -1.9203348321734734 -0.17186998125281561 1.1597082540099368 0.60191608392107754 0.26817512719654574 -0.15407322767383325 0.54603939167241444
leaf_weight=2866 2813 495 1195 146 643 132 45 52 417 329 247 101 695 529
leaf_count=2866 2813 495 1195 146 643 132 45 52 417 329 247 101 695 529
internal_value=-7.10618e-05 -0.304077 -0.699952 0.313451 0.616668 -1.43714 0.379772 -0.461324 0.432734 0.641592 0.116441 1.16086 -0.420187 0.782427
internal_weight=10705 5435 2569 5270 2457 627 1713 1942 1668 1004 664 744 1890 858
internal_count=10705 5435 2569 5270 2457 627 1713 1942 1668 1004 664 744 1890 858
is_linear=0
shrinkage=0.05


Tree=4
num_leaves=15
num_cat=0
split_feature=71 84 71 84 25 69 84 51 24 25 24 76 47 35
split_gain=369547 270949 185482 185082 115189 97682.4 55602.5 43290.2 36935.6 29514.5 49920.5 30063.3 27781.4 26066.8
threshold=1.0000000180025095e-35 103.78458250000001 -2.8499999999999992 42.523274000000008 99.096793758798285 11.26756466666667 292.35207400000007 3.5000000000000004 253.43744300000003 108.34402579467344 278.56941200000006 3.5000000000000004 80.690104166666671 22.655208333333338
decision_type=2 2 2 2 2 2 2 2 2 2 2 2 2 2
left_child=1 -1 4 -2 12 7 9 -5 -9 10 11 -4 -3 -7
right_child=3 2 6 5 -6 13 -8 8 -10 -11 -12 -13 -14 -15
leaf_value=0.057289296462680932 0.0462234740981197 -1.8823318473784263 -0.25180359643402483 0.60960132221921481 -0.22337126647108707 1.5740924143522237 -1.8438726608870462 0.58686546490289182 -0.37647247669018302 -0.83929423632678279 0.48636542031425611 -0.91797458180250269 -1.1939215112449533 0.93105998565331982
leaf_weight=3138 2609 353 1302 1002 206 240 60 163 252 231 208 194 265 482
leaf_count=3138 2609 353 1302 1002 206 240 60 163 252 231 208 194 265 482
internal_value=-7.96339e-05 -0.262333 -0.618019 0.328939 -1.24869 0.673592 -0.357038 0.431896 0.0024 -0.310006 -0.237803 -0.338748 -1.58955 1.14669
internal_weight=10705 5957 2819 4748 824 2139 1995 1417 415 1935 1704 1496 618 722
internal_count=10705 5957 2819 4748 824 2139 1995 1417 415 1935 1704 1496 618 722
is_linear=0
shrinkage=0.05


Tree=5
num_leaves=15
num_cat=0
split_feature=71 84 36 84 69 84 47 84 69 25 36 35 36 24
split_gain=334312 249897 153148 138883 102835 60350.4 56663.9 43522.6 36299.7 31843.7 31484.4 27481.4 27126.8 39988.4
threshold=-1.0000000180025095e-35 101.02200000000001 20.237630208333339 42.523274000000008 11.532673921875002 272.69961450000005 78.419270833333357 287.58038500000004 -5.9078175052083326 113.37412887341182 18.395963541666671 22.621354166666674 20.748177083333335 269.02551150000005
decision_type=2 2 2 2 2 2 2 2 2 2 2 2 2 2
left_child=1 -1 6 -2 5 8 -3 -4 -5 11 -8 -6 -10 -14
right_child=3 2 7 4 9 -7 10 -9 12 -11 -12 -13 13 -15
leaf_value=0.049371739924402108 0.043709549622367949 -2.1155239422212948 -0.37699611411428036 -0.52478249464580351 1.63614422312202 -0.69160392819688876 -1.6359041421933282 -1.4090383678260778 -0.18005862106717585 0.22083432966587591 -0.66912886795094784 0.94003095281017446 0.87650231579956983 0.32544610687759928
leaf_weight=2836 2813 175 1948 93 218 129 132 107 137 101 237 425 568 786
leaf_count=2836 2813 175 1948 93 218 129 132 107 137 101 237 425 568 786
internal_value=-9.07702e-05 -0.275209 -0.62927 0.283639 0.558203 0.344673 -1.37461 -0.431392 0.42945 1.04872 -1.01845 1.17821 0.489281 0.557089
internal_weight=10705 5435 2599 5270 2457 1713 544 2055 1584 744 369 643 1491 1354
internal_count=10705 5435 2599 5270 2457 1713 544 2055 1584 744 369 643 1491 1354
is_linear=0
shrinkage=0.05


Tree=6
num_leaves=15
num_cat=0
split_feature=71 84 71 84 25 69 84 51 24 25 24 25 32 75
split_gain=301932 222209 154744 151245 97519.4 79687 47929.6 37883.9 30351.4 26161.5 43403.1 32417.2 24642 23773.9
threshold=1.0000000180025095e-35 103.78458250000001 -2.8499999999999992 42.523274000000008 99.096793758798285 11.26756466666667 299.97504500000008 3.5000000000000004 253.43744300000003 108.34402579467344 277.22543400000006 103.83785543165358 20.262500000000003 15.625000000000002
decision_type=2 2 2 2 2 2 2 2 2 2 2 2 2 2
left_child=1 -1 4 -2 -3 7 9 -5 -9 10 11 -4 -7 -11
right_child=3 2 6 5 -6 12 -8 8 -10 13 -12 -13 -14 -15
leaf_value=0.052297269878597466 0.041728545065355484 -1.4489302849887551 -0.20249682438957317 0.55679353003651055 -0.19197847715394512 1.8580068176839413 -1.9726808215296547 0.51865291176477413 -0.35461140048833706 -0.38995547483101589 0.35127262687640837 -0.78023365916248655 0.92957689964221191 -1.429081981832331
leaf_weight=3138 2609 618 1126 1002 206 81 42 163 252 150 281 309 641 87
leaf_count=3138 2609 618 1126 1002 206 81 42 163 252 150 281 309 641 87
internal_value=-0.000102631 -0.237154 -0.559263 0.297297 -1.13531 0.608856 -0.320889 0.390555 -0.0111962 -0.284376 -0.216091 -0.327358 1.03616 -0.775809
internal_weight=10705 5957 2819 4748 824 2139 1995 1417 415 1953 1716 1435 722 237
internal_count=10705 5957 2819 4748 824 2139 1995 1417 415 1953 1716 1435 722 237
is_linear=0
shrinkage=0.05


Tree=7
num_leaves=15
num_cat=0
split_feature=71 84 36 84 71 84 47 84 69 35 32 69 30 36
split_gain=274058 204491 129470 114007 83974 53215 48843.5 36576.8 33222.8 32871.9 28213.2 28094.2 30887.3 26787.3
threshold=-1.0000000180025095e-35 99.477839000000003 20.237630208333339 42.523274000000008 2.1000000000000001 257.75375800000006 78.419270833333357 295.90254450000003 -5.9078175052083326 22.621354166666674 22.987500000000004 -1.0000000180025095e-35 23.212500000000002 18.395963541666671
decision_type=2 2 2 2 2 2 2 2 2 2 2 2 2 2
left_child=1 -1 6 -2 5 8 -3 -4 -5 -6 -7 -11 -13 -8
right_child=3 2 7 4 9 10 13 -9 -10 11 -12 12 -14 -15
leaf_value=0.046256399072858619 0.039400855219355699 -1.9401566817001865 -0.34875231724166 -0.56582252945205791 1.3350333303854931 -0.11785022509606202 -1.4864222858570242 -1.5639596626162531 0.47811792662365549 -0.15769908077953998 -1.4059054735134233 -0.18377019660029975 0.91927002320406237 -0.5991241909313102
leaf_weight=2819 2813 175 2007 81 266 216 134 63 1110 87 52 71 574 237
leaf_count=2819 2813 175 2007 81 266 216 134 63 1110 87 52 71 574 237
internal_value=-0.000108994 -0.249204 -0.567487 0.256783 0.505545 0.263497 -1.25178 -0.386474 0.406704 0.858784 -0.372069 0.684135 0.797754 -0.922738
internal_weight=10705 5435 2616 5270 2457 1459 546 2070 1191 998 268 732 645 371
internal_count=10705 5435 2616 5270 2457 1459 546 2070 1191 998 268 732 645 371
is_linear=0
shrinkage=0.05


Tree=8
num_leaves=15
num_cat=0
split_feature=71 84 71 84 69 25 84 70 30 84 24 53 25 35
split_gain=247397 184626 119583 102894 77512.8 59632.1 49829.9 33285.1 35881.6 30024.2 27837.4 27277.3 26319.1 23419.8
threshold=-1.0000000180025095e-35 99.477839000000003 -3.0124999999999988 42.523274000000008 11.532673921875002 99.460662613930012 283.32550850000001 8.0129088345045254 19.762500000000003 287.58038500000004 280.08090150000004 0.32143946530316164 113.37412887341182 22.621354166666674
decision_type=2 2 2 2 2 2 2 2 2 2 2 2 2 2
left_child=1 -1 5 -2 6 -3 7 8 -5 11 -9 -4 13 -6
right_child=3 2 9 4 12 -7 -8 10 -10 -11 -12 -13 -14 -15
leaf_value=0.043944398636817407 0.037431511527566769 -1.381787493766061 -0.5868282208064477 -0.25586039001838523 1.4462041278203874 -0.19394939970087122 -1.3292700897092404 -0.18442490706376236 0.63567111768837403 -1.2554643666607213 0.48425847442610376 -0.17677187611855419 0.15404031446532293 0.80431197403182453
leaf_weight=2819 2813 505 589 129 218 134 45 417 875 86 247 1302 101 425
leaf_count=2819 2813 505 589 129 218 134 45 417 875 86 247 1302 101 425
internal_value=-0.000129473 -0.236798 -0.539226 0.243947 0.480274 -1.13339 0.294893 0.33948 0.520981 -0.346708 0.0646714 -0.304737 0.906131 1.02384
internal_weight=10705 5435 2616 5270 2457 639 1713 1668 1004 1977 664 1891 744 643
internal_count=10705 5435 2616 5270 2457 639 1713 1668 1004 1977 664 1891 744 643
is_linear=0
shrinkage=0.05


Tree=9
num_leaves=15
num_cat=0
split_feature=71 84 71 84 25 69 84 51 25 24 69 76 47 32
split_gain=223557 165976 119882 112047 83075.9 60557.1 32959 30280.5 28248.3 36540.9 24766.9 22981.1 22584.9 21609.6
threshold=1.0000000180025095e-35 107.12524400000002 -2.5999999999999992 42.523274000000008 99.096793758798285 11.26756466666667 282.33339050000006 3.5000000000000004 109.00154112320878 278.56941200000006 -0.18351217708333298 3.5000000000000004 80.690104166666671 20.162500000000005
decision_type=2 2 2 2 2 2 2 2 2 2 2 2 2 2
left_child=1 -1 4 -2 12 7 8 -5 9 11 -9 -4 -3 -7
right_child=3 2 6 5 -6 13 -8 10 -10 -11 -12 -13 -14 -15
leaf_value=0.042038575225680073 0.035802770835914835 -1.5289077647502429 -0.1470053296372216 0.48226672759184902 -0.16584752270674452 1.6987341667476454 -1.0699756660068236 -0.41542398533376962 -0.74913224325141059 0.50982668017580479 0.35530484805316159 -0.75170438331629041 -0.92033854768328061 0.80095286971119095
leaf_weight=3186 2609 362 1198 1002 234 75 118 205 213 191 210 180 275 647
leaf_count=3186 2609 362 1198 1002 234 75 118 205 213 191 210 180 275 647
internal_value=-0.000131212 -0.204108 -0.487032 0.255774 -0.972455 0.523938 -0.26411 0.333643 -0.210177 -0.13658 -0.0255 -0.226481 -1.26804 0.896433
internal_weight=10705 5957 2771 4748 871 2139 1900 1417 1782 1569 415 1378 637 722
internal_count=10705 5957 2771 4748 871 2139 1900 1417 1782 1569 415 1378 637 722
is_linear=0
shrinkage=0.05


Tree=10
num_leaves=15
num_cat=0
split_feature=71 84 36 84 71 47 84 84 5 69 84 69 32 45
split_gain=202467 150987 100768 84295.5 66082.6 38532 37862.5 34862.1 29605 29748.6 28622.9 23223.5 22877 21460.7
threshold=-1.0000000180025095e-35 99.477839000000003 20.237630208333339 42.523274000000008 1.6374999999999995 78.419270833333357 260.0556155000001 271.40114750000004 96.067508000000018 8.0190481979166695 295.90254450000003 -5.9078175052083326 22.987500000000004 82.989583333333357
decision_type=2 2 2 2 2 2 2 2 2 2 2 2 2 2
left_child=1 -1 5 -2 6 -3 11 8 -6 -10 13 -5 -8 -4
right_child=3 2 10 4 7 -7 12 -9 9 -11 -12 -13 -14 -15
leaf_value=0.039646774308346483 0.033748496521341098 -1.7027205340564251 -0.090738582524933692 -0.52627347555977333 0.96777335567010248 -0.79926477186081391 -0.18477021389934301 -0.15623102637088818 -0.041251252048839171 0.75924946577213348 -1.3696029871702196 0.35890680183424739 -1.4880727020176976 -0.42578851744900698
leaf_weight=2819 2813 175 786 80 697 371 145 114 185 310 63 883 43 1221
leaf_count=2819 2813 175 786 80 697 371 145 114 185 310 63 883 43 1221
internal_value=-0.000133165 -0.214235 -0.487728 0.220671 0.434576 -1.09142 0.158154 0.677883 0.75772 0.460592 -0.328044 0.284902 -0.489162 -0.294684
internal_weight=10705 5435 2616 5270 2457 546 1151 1306 1192 495 2070 963 188 2007
internal_count=10705 5435 2616 5270 2457 546 1151 1306 1192 495 2070 963 188 2007
is_linear=0
shrinkage=0.05


Tree=11
num_leaves=15
num_cat=0
split_feature=71 84 71 84 24 71 84 35 36 25 24 36 69 69
split_gain=182761 136400 93364.1 75993 71852.3 60947 39078.3 25925.2 25644.6 22816.2 34985.1 22355.8 20996.2 20945
threshold=-0.037499999999999638 99.477839000000003 -2.5124999999999988 42.523274000000008 264.18653100000006 2.1000000000000001 257.75375800000006 22.621354166666674 25.692187500000003 107.98559925686267 278.11863750000003 23.993489583333339 -5.9078175052083326 -1.0000000180025095e-35
decision_type=2 2 2 2 2 2 2 2 2 2 2 2 2 2
left_child=1 -1 4 -2 -3 6 8 11 12 10 -4 -7 -5 -9
right_child=3 2 9 5 -6 7 -8 13 -10 -11 -12 -13 -14 -15
leaf_value=0.037672491221456689 0.032058293361809445 -1.1457723465205683 -0.26888027064136738 -0.5054668158517186 -0.15706499623011042 0.82802742352699221 -0.33816682021393268 -0.16804089212197473 1.108737682896791 -0.68860933726619522 0.43028752006519072 1.8338234080208673 0.32215511613886616 0.6566450937103262
leaf_weight=2817 2815 660 1245 82 255 186 268 87 96 246 208 80 1015 645
leaf_count=2817 2815 660 1245 82 255 186 268 87 96 246 208 80 1015 645
internal_value=-0.00014811 -0.203716 -0.463765 0.209478 -0.870703 0.412489 0.206523 0.713499 0.329065 -0.244224 -0.168566 1.13626 0.259887 0.558534
internal_weight=10705 5431 2614 5274 915 2459 1461 998 1193 1699 1453 266 1097 732
internal_count=10705 5431 2614 5274 915 2459 1461 998 1193 1699 1453 266 1097 732
is_linear=0
shrinkage=0.05


Tree=12
num_leaves=15
num_cat=0
split_feature=71 84 71 84 25 69 32 75 46 51 25 45 48 68
split_gain=165143 123652 91229 82794.8 63120.8 46500.5 27418.3 34301.9 24135.9 24104.7 21845.6 28558.5 32344.4 20028.7
threshold=1.0000000180025095e-35 107.12524400000002 -2.5124999999999988 42.523274000000008 99.096793758798285 11.26756466666667 22.012500000000003 14.625000000000002 89.864583333333357 3.5000000000000004 107.98559925686267 82.989583333333357 7.8750000000000009 5.7523834530372708
decision_type=2 2 2 2 2 2 2 2 2 2 2 2 2 2
left_child=1 -1 4 -2 -3 9 8 -8 10 -5 11 12 -4 -7
right_child=3 2 6 5 -6 13 7 -9 -10 -11 -12 -13 -14 -15
leaf_value=0.037011236460148297 0.030724237996271289 -1.0995295210776386 0.74146186242762369 0.41619267466571835 -0.14512663008903337 1.1923577465367718 -0.23830813315465027 -1.1670661957994199 -0.71723242794853737 -0.036813256182134727 -0.79030745640917821 -0.16960847717194372 -0.14121547745234767 0.60769360700492259
leaf_weight=3186 2609 639 227 1002 238 207 276 155 151 415 92 803 190 515
leaf_count=3186 2609 639 227 1002 238 207 276 155 151 415 92 803 190 515
internal_value=-0.000131469 -0.175446 -0.419646 0.219814 -0.840984 0.45033 -0.224209 -0.574245 -0.120766 0.283587 -0.0516243 0.00468135 0.339907 0.776736
internal_weight=10705 5957 2771 4748 877 2139 1894 431 1463 1417 1312 1220 417 722
internal_count=10705 5957 2771 4748 877 2139 1894 431 1463 1417 1312 1220 417 722
is_linear=0
shrinkage=0.05


Tree=13
num_leaves=15
num_cat=0
split_feature=71 84 36 84 84 71 47 5 69 36 29 70 47 73
split_gain=149817 111638 77037.2 62396.1 51791.5 47621.1 27796.4 25962.1 25482.3 25445.7 35016.9 23309 27842.9 21022.1
threshold=-0.037499999999999638 99.477839000000003 20.262500000000003 42.523274000000008 273.02215500000005 1.8125000000000002 78.419270833333357 96.067508000000018 8.0190481979166695 21.329817708333337 20.762500000000003 20.47732442556347 69.381510416666671 1.1250000000000002
decision_type=2 2 2 2 2 2 2 2 2 2 2 2 2 2
left_child=1 -1 6 -2 5 -5 -3 -7 -9 -4 13 -12 -13 -11
right_child=3 2 9 4 -6 7 -8 8 -10 10 11 12 -14 -15
leaf_value=0.033939629157435355 0.028897285893220794 -1.4200087504203505 0.052287685028867041 0.20437815679293442 -0.46374664243180741 0.86155457829742432 -0.67942246668934825 -0.080592520290394876 0.663727782676519 -0.25028222887353463 -0.28897951823049939 1.4451629185541111 -0.3701010818525059 -0.99293540507302458
leaf_weight=2817 2815 194 457 1126 171 675 374 185 302 142 1070 43 40 294
leaf_count=2817 2815 194 457 1126 171 675 374 185 302 142 1070 43 40 294
internal_value=-0.000131806 -0.184441 -0.419705 0.189663 0.373618 0.436376 -0.93442 0.660817 0.381392 -0.276425 -0.370937 -0.226243 0.576346 -0.752188
internal_weight=10705 5431 2614 5274 2459 2288 568 1162 487 2046 1589 1153 83 436
internal_count=10705 5431 2614 5274 2459 2288 568 1162 487 2046 1589 1153 83 436
is_linear=0
shrinkage=0.05


Tree=14
num_leaves=15
num_cat=0
split_feature=71 84 71 84 24 84 24 22 22 69 36 51 24 24
split_gain=135239 101113 70031.9 56381.7 54754.9 47935.8 41551.1 29596 26801.5 22408.9 22465.9 32330.4 20698.4 26598.2
threshold=-1.0000000180025095e-35 107.12524400000002 -2.5124999999999988 42.523274000000008 269.12478300000004 257.75375800000006 278.91518350000007 138.03085226041671 23.216666666666672 -5.9078175052083326 20.748177083333335 1.5000000000000002 288.22990800000008 278.11863750000003
decision_type=2 2 2 2 2 2 2 2 2 2 2 2 2 2
left_child=1 -1 4 -2 -3 6 7 9 -7 -5 -11 -12 13 -4
right_child=3 2 12 5 -6 8 -8 -9 -10 10 11 -13 -14 -15
leaf_value=0.024899588410879268 0.027456520598410885 -0.9746755371310889 -0.2304819290766803 -0.45033308589634924 -0.013900143685873207 0.72866686338401709 0.7335470333532822 -0.33654038213669907 -0.25786287620695919 -0.18725401604029002 0.091723069908387758 0.77478870056700289 -0.64738480808544852 0.38846149433672594
leaf_weight=2922 2813 688 1199 75 189 82 831 171 403 121 262 512 235 202
leaf_count=2922 2813 688 1199 75 189 82 831 171 403 121 262 512 235 202
internal_value=-0.000131083 -0.175113 -0.407596 0.180328 -0.767873 0.355268 0.464747 0.268507 -0.089912 0.375406 0.445028 0.543987 -0.214113 -0.141028
internal_weight=10705 5435 2513 5270 877 2457 1972 1141 485 970 895 774 1636 1401
internal_count=10705 5435 2513 5270 877 2457 1972 1141 485 970 895 774 1636 1401
is_linear=0
shrinkage=0.05


Tree=15
num_leaves=15
num_cat=0
split_feature=71 84 71 84 24 69 84 53 84 51 36 36 47 35
split_gain=122540 92575.8 68976.1 61497.2 49299.1 37549.1 24749.5 23407.4 25076.3 19583.7 18939.6 31822.5 24447.4 17327
threshold=1.0000000180025095e-35 103.78458250000001 -2.5124999999999988 42.523274000000008 264.18653100000006 11.26756466666667 282.33339050000006 0.32143946530316164 225.90182100000004 3.5000000000000004 25.359375000000004 25.747005208333338 68.317708333333357 21.027083333333337
decision_type=2 2 2 2 2 2 2 2 2 2 2 2 2 2
left_child=1 -1 4 -2 -3 9 7 8 -4 13 12 -12 -7 -5
right_child=3 2 6 5 -6 10 -8 -9 -10 -11 11 -13 -14 -15
leaf_value=0.035684489469068686 0.02637200441397013 -0.95154821597488815 -0.28874410485323876 -0.14491303031440494 -0.12307643158584834 1.6613353182287778 -0.88873147312395206 -0.022212815208420639 -1.3267076710408385 -0.050571659714422339 -0.31214093622510086 0.75207141173062941 0.7044162200386791 0.44351002667512196
leaf_weight=3138 2609 646 502 146 249 84 118 1239 65 415 107 201 330 856
leaf_count=3138 2609 646 502 146 249 84 118 1239 65 415 107 201 330 856
internal_value=-0.000126064 -0.151143 -0.359051 0.189337 -0.721452 0.388005 -0.190184 -0.144076 -0.409861 0.238186 0.681304 0.382548 0.902109 0.357713
internal_weight=10705 5957 2819 4748 895 2139 1924 1806 567 1417 722 308 414 1002
internal_count=10705 5957 2819 4748 895 2139 1924 1806 567 1417 722 308 414 1002
is_linear=0
shrinkage=0.05


Tree=16
num_leaves=15
num_cat=0
split_feature=71 84 30 84 84 71 36 20 47 71 36 69 36 46
split_gain=110955 82693.2 61230.1 46298.6 42401.7 35689.5 27166.7 24880.2 22491.2 22340.1 21308.1 21278.2 19231.5 17810.4
threshold=-0.037499999999999638 99.477839000000003 19.962500000000002 42.523274000000008 263.70710200000008 2.9500000000000015 25.692187500000003 95.096375000000009 80.627604166666671 -1.7624999999999991 24.348177083333336 -5.9078175052083326 20.748177083333335 86.296875000000014
decision_type=2 2 2 2 2 2 2 2 2 2 2 2 2 2
left_child=1 -1 8 -2 5 6 10 -7 9 -3 11 -5 -13 -10
right_child=3 2 -4 4 -6 7 -8 -9 13 -11 -12 12 -14 -15
leaf_value=0.02921512085462559 0.024728492415637116 -1.3535944784616496 -0.23076959410631806 -0.45063766223688922 -0.19011543597470726 1.3267730298367413 0.98498642070080378 0.55603805228527037 0.15208541634320111 -0.40742914816470482 -0.26318465909347516 -0.21365111872031722 0.43302874331689384 -0.73489440230174852
leaf_weight=2817 2815 230 2027 89 347 131 120 526 80 87 207 131 908 190
leaf_count=2817 2815 230 2027 89 347 131 120 526 80 87 207 131 908 190
internal_value=-0.000122028 -0.158736 -0.361216 0.163213 0.321671 0.405807 0.26738 0.711499 -0.81051 -1.09602 0.202187 0.287745 0.351367 -0.472494
internal_weight=10705 5431 2614 5274 2459 2112 1455 657 587 317 1335 1128 1039 270
internal_count=10705 5431 2614 5274 2459 2112 1455 657 587 317 1335 1128 1039 270
is_linear=0
shrinkage=0.05


Tree=17
num_leaves=15
num_cat=0
split_feature=71 84 71 84 24 69 84 53 84 42 17 34 36 36
split_gain=100227 76011.7 58342.4 50319.3 42198.7 32494.8 22598.9 25140.5 22630.5 18830.6 17550.6 28676.3 17017 27047.9
threshold=1.0000000180025095e-35 103.78458250000001 -2.5124999999999988 42.523274000000008 269.12478300000004 11.26756466666667 275.36804450000005 0.32143946530316164 225.90182100000004 50.375000000000007 1.1692635583363182e-06 21.08229166666667 25.359375000000004 25.747005208333338
decision_type=2 2 2 2 2 2 2 2 2 2 2 2 2 2
left_child=1 -1 4 -2 -3 9 7 8 -4 -5 11 -11 -7 -14
right_child=3 2 6 5 -6 12 -8 -9 -10 10 -12 -13 13 -15
leaf_value=0.032595143430930021 0.023817958726736779 -0.8411386423928392 -0.26247450183951121 -0.27442775149430548 -0.014052081431950157 0.833037473508213 -0.63261992314284488 0.030482467992632867 -1.2484426042798793 -0.11556549952910827 0.15524999360165692 0.8417231418967912 -0.2996664891950786 0.6814066275714501
leaf_weight=3138 2609 697 502 174 198 414 231 1126 65 110 865 268 107 201
leaf_count=3138 2609 697 502 174 198 414 231 1126 65 110 865 268 107 201
internal_value=-0.000117502 -0.136695 -0.325088 0.17123 -0.658383 0.350938 -0.169785 -0.106298 -0.377503 0.211578 0.279777 0.563577 0.623777 0.340712
internal_weight=10705 5957 2819 4748 895 2139 1924 1693 567 1417 1243 378 722 308
internal_count=10705 5957 2819 4748 895 2139 1924 1693 567 1417 1243 378 722 308
is_linear=0
shrinkage=0.05


Tree=18
num_leaves=15
num_cat=0
split_feature=71 84 36 84 84 24 22 36 29 42 47 84 70 47
split_gain=90970 67542.6 52388 38029 38065.3 31909 24984.4 23669.6 28454.8 22683.6 21518.6 21338.7 20329.5 23654
threshold=-0.037499999999999638 99.477839000000003 20.262500000000003 42.523274000000008 249.69416550000003 278.91518350000007 138.03085226041671 21.329817708333337 20.762500000000003 73.375000000000014 78.419270833333357 282.33339050000006 20.47732442556347 69.381510416666671
decision_type=2 2 2 2 2 2 2 2 2 2 2 2 2 2
left_child=1 -1 10 -2 5 6 9 -4 -9 -5 -3 -6 -10 -14
right_child=3 2 7 4 11 -7 -8 8 12 -11 -12 -13 13 -15
leaf_value=0.026125705406146428 0.022269928608809345 -1.1781089057295751 0.10834117844521869 0.62905135451528338 0.051026295372143128 0.65862205880284319 -0.32767856622646963 -0.64339724810926135 -0.22797622962858446 0.12046703194705788 -0.52716470265189808 -0.96198835864401711 1.3806142517788844 -0.29329019610929058
leaf_weight=2817 2815 194 457 381 590 749 167 436 1070 516 374 56 43 40
leaf_count=2817 2815 194 457 381 590 749 167 436 1070 516 374 56 43 40
internal_value=-0.000116717 -0.143737 -0.326731 0.147778 0.29139 0.408763 0.232422 -0.20859 -0.299752 0.336948 -0.751174 -0.0381403 -0.169359 0.580025
internal_weight=10705 5431 2614 5274 2459 1813 1064 2046 1589 897 568 646 1153 83
internal_count=10705 5431 2614 5274 2459 1813 1064 2046 1589 897 568 646 1153 83
is_linear=0
shrinkage=0.05


Tree=19
num_leaves=15
num_cat=0
split_feature=71 84 71 84 24 69 32 75 46 25 45 48 62 35
split_gain=82279.7 62852.5 50208 43014.1 37014.9 26161.8 21925.4 26212.8 19876.2 18421.2 23141 27437.5 18208.3 28186.8
threshold=0.20000000000000109 107.12524400000002 -2.5124999999999988 42.523274000000008 269.12478300000004 11.26756466666667 22.037500000000005 14.625000000000002 89.864583333333357 107.98559925686267 82.989583333333357 7.8750000000000009 -79.654976499999975 21.378645833333337
decision_type=2 2 2 2 2 2 2 2 2 2 2 2 2 2
left_child=1 -1 4 -2 -3 12 8 -8 9 10 11 -4 -5 -14
right_child=3 2 6 5 -6 -7 7 -9 -10 -11 -12 -13 13 -15
leaf_value=0.028601600287157487 0.021514312224897827 -0.77789158309598327 0.69326640180940557 -0.028318563039106456 0.011933109742638313 0.57077453863107885 -0.17096881663465283 -0.97882113948912375 -0.60001936488143814 -0.67197016280732669 -0.10775048424259813 -0.097038408688704794 -0.013698311489565294 0.58623213948605934
leaf_weight=3247 2567 688 245 537 189 721 277 157 153 94 817 198 326 489
leaf_count=3247 2567 688 245 537 189 721 277 157 153 94 817 198 326 489
internal_value=-0.000116313 -0.121354 -0.294087 0.158347 -0.607859 0.327694 -0.152075 -0.464789 -0.0617687 -0.000549203 0.0500341 0.340615 0.197738 0.346537
internal_weight=10705 6065 2818 4640 877 2073 1941 434 1507 1354 1260 443 1352 815
internal_count=10705 6065 2818 4640 877 2073 1941 434 1507 1354 1260 443 1352 815
is_linear=0
shrinkage=0.05


Tree=20
num_leaves=15
num_cat=0
split_feature=71 84 30 84 84 71 20 36 36 84 47 36 47 30
split_gain=74511.5 55148.4 45555.9 31199.5 33919.9 29104.6 22761 20191 22292.9 20448 19777.7 18332.7 24075.3 17846.8
threshold=-0.037499999999999638 99.477839000000003 19.962500000000002 42.523274000000008 273.02215500000005 2.9500000000000015 125.15096200000001 25.747005208333338 24.348177083333336 103.78458250000001 80.627604166666671 24.066145833333337 70.747395833333357 19.762500000000003
decision_type=2 2 2 2 2 2 2 2 2 2 2 2 2 2
left_child=1 -1 10 -2 5 7 -7 8 11 -10 -3 12 -5 -14
right_child=3 2 -4 4 -6 6 -8 -9 9 -11 -12 -13 13 -15
leaf_value=0.023390310456198982 0.020050286241828211 -0.95054979483544266 -0.18294528642732696 -0.73082250431180007 -0.41374871114723732 0.98183399746433286 0.38262951004840434 0.81528304129179263 0.67075967338350084 -0.50935882411118771 -0.36649625438275812 0.84422960315238349 -0.30107301346741727 0.31089578456993916
leaf_weight=2817 2815 317 2027 69 171 233 499 119 44 200 270 109 137 878
leaf_count=2817 2815 317 2027 69 171 233 499 119 44 200 270 109 137 878
internal_value=-0.000117663 -0.130098 -0.295453 0.133732 0.26381 0.314608 0.574439 0.192084 0.139944 -0.294681 -0.682985 0.229009 0.166426 0.22808
internal_weight=10705 5431 2614 5274 2459 2288 732 1556 1437 244 587 1193 1084 1015
internal_count=10705 5431 2614 5274 2459 2288 732 1556 1437 244 587 1193 1084 1015
is_linear=0
shrinkage=0.05


Tree=21
num_leaves=15
num_cat=0
split_feature=71 84 71 84 84 24 22 42 7 47 46 84 25 25
split_gain=67265.8 49985.9 40258.1 28197.2 31806 25760.8 22326.1 19394.2 18662 19599.9 18127.9 18123.9 16344.8 16206.3
threshold=-1.0000000180025095e-35 107.12524400000002 -3.8124999999999996 42.523274000000008 249.69416550000003 278.91518350000007 138.03085226041671 73.375000000000014 184.55765700000003 84.089843750000014 87.828125000000014 284.32638350000008 99.460662613930012 105.05818924571476
decision_type=2 2 2 2 2 2 2 2 2 2 2 2 2 2
left_child=1 -1 12 -2 5 6 7 -5 9 -4 -10 -6 -3 -7
right_child=3 2 8 4 11 13 -8 -9 10 -11 -12 -13 -14 -15
leaf_value=0.017114205093652243 0.019052450566975548 -0.8392696261865622 -0.46952323834272697 0.56825028146075873 0.021169633103152185 0.99884026421379701 -0.33159032872693983 0.097830711821339622 0.020321700207380094 0.30770335857472991 -0.47193508707312254 -1.0299474645744671 -0.06931059621931876 0.45142450417958568
leaf_weight=2922 2813 388 702 381 603 178 166 515 1020 91 228 43 84 571
leaf_count=2922 2813 388 702 381 603 178 166 515 1020 91 228 43 84 571
internal_value=-0.000109005 -0.123516 -0.286976 0.127161 0.250876 0.358269 0.199602 0.298275 -0.190544 -0.380058 -0.0699157 -0.0502801 -0.702679 0.582676
internal_weight=10705 5435 2513 5270 2457 1811 1062 896 2041 793 1248 646 472 749
internal_count=10705 5435 2513 5270 2457 1811 1062 896 2041 793 1248 646 472 749
is_linear=0
shrinkage=0.05


Tree=22
num_leaves=15
num_cat=0
split_feature=71 84 71 84 25 69 45 32 75 46 25 24 70 47
split_gain=60998.8 47065.8 39280.6 31906.8 29392.3 21422.4 23452.2 18659.9 22180.7 17907.4 16476.5 20597.2 18602.4 13509.7
threshold=0.20000000000000109 103.78458250000001 -2.5124999999999988 42.523274000000008 99.271651278777895 -1.0000000180025095e-35 87.968750000000014 22.037500000000005 14.875000000000002 89.864583333333357 107.98559925686267 278.56941200000006 14.771635923836518 80.881510416666671
decision_type=2 2 2 2 2 2 2 2 2 2 2 2 2 2
left_child=1 -1 4 -2 13 6 -5 9 -9 10 11 12 -4 -3
right_child=3 2 7 5 -6 -7 -8 8 -10 -11 -12 -13 -14 -15
leaf_value=0.027433424398042101 0.018484639490133507 -0.88445910961658825 0.078449504199888054 -0.13239081154252655 -0.056387761644408355 0.37120392060232432 0.95498320971216488 -0.14820720169390961 -0.88793746748396873 -0.55187808775487779 -0.61498023861462314 0.60129231924972226 -0.46178439089417228 -0.41612596172954919
leaf_weight=3197 2567 395 936 432 243 1586 55 284 157 155 96 154 191 257
leaf_count=3197 2567 395 936 432 243 1586 55 284 157 155 96 154 191 257
internal_value=-0.000106871 -0.104495 -0.251516 0.136333 -0.526077 0.282186 -0.00788148 -0.126765 -0.412971 -0.0441625 0.0133467 0.0608775 -0.0134357 -0.700775
internal_weight=10705 6065 2868 4640 895 2073 487 1973 441 1532 1377 1281 1127 652
internal_count=10705 6065 2868 4640 895 2073 487 1973 441 1532 1377 1281 1127 652
is_linear=0
shrinkage=0.05


Tree=23
num_leaves=15
num_cat=0
split_feature=71 84 30 84 84 24 22 25 22 47 62 24 47 47
split_gain=55089.7 40707.3 36098.1 23113.3 28083.9 22585.3 19596.6 17862.9 17363.9 16643.9 15365 15537.5 16081.2 16419.7
threshold=-0.037499999999999638 99.477839000000003 19.962500000000002 42.523274000000008 256.09265850000003 278.91518350000007 138.03085226041671 104.10919296887657 137.35020099479172 80.627604166666671 -96.17516599999999 283.25600400000002 76.108072916666671 69.820312500000014
decision_type=2 2 2 2 2 2 2 2 2 2 2 2 2 2
left_child=1 -1 9 -2 5 6 8 -6 -5 -3 -7 -12 13 -13
right_child=3 2 -4 4 7 10 -8 -9 -10 -11 11 12 -14 -15
leaf_value=0.019994618692630316 0.017132603206714107 -0.84430256305414741 -0.15379601498222839 0.21049398858000684 0.22067165517675069 0.30348069528868132 -0.32431229930697825 -0.36438250620417967 1.2395445382872294 -0.30873067989615499 1.3588694644562993 0.760326205617325 1.23507103588846 -0.060303237740146488
leaf_weight=2817 2815 317 2027 907 239 421 170 285 42 270 80 131 71 113
leaf_count=2817 2815 317 2027 907 239 421 170 285 42 270 80 131 71 113
internal_value=-0.000111345 -0.111875 -0.25394 0.114979 0.226939 0.314836 0.168725 -0.0976232 0.257294 -0.598902 0.51475 0.738591 0.577258 0.381586
internal_weight=10705 5431 2614 5274 2459 1935 1119 524 949 587 816 395 315 244
internal_count=10705 5431 2614 5274 2459 1935 1119 524 949 587 816 395 315 244
is_linear=0
shrinkage=0.05


Tree=24
num_leaves=15
num_cat=0
split_feature=34 84 69 84 31 67 84 84 32 75 71 35 36 36
split_gain=50482 36662.4 36427.8 32713.2 21140.8 16182.6 24420.4 26475.7 25076.3 24138.6 16734.8 16634.9 15307 21715.5
threshold=19.917708333333337 93.816187500000012 -10.293456088541664 273.02215500000005 29.012500000000003 -1.9232927916666658 42.523274000000008 102.99429600000001 22.212500000000002 16.375000000000004 2.9500000000000015 22.559375000000003 18.395963541666671 21.329817708333337
decision_type=2 2 2 2 2 2 2 2 2 2 2 2 2 2
left_child=1 -1 -3 4 5 -2 -7 -8 10 -10 11 -9 -4 -14
right_child=3 2 12 -5 -6 6 7 8 9 -11 -12 -13 13 -15
leaf_value=0.033847147355285975 -0.048493795455399419 -0.78588410142633525 -0.88680179532368975 -0.35554066954576014 0.42286598455385316 0.014207860898089612 0.58023032438622357 0.29906712577286471 0.05114210056145832 -0.73423476991819525 0.64896606159524939 -0.14515099321013422 0.043197871853017857 -0.53708040055014894
leaf_weight=831 2463 402 74 463 416 3047 437 787 386 130 231 287 518 233
leaf_count=831 2463 402 74 463 416 3047 437 787 386 130 231 287 518 233
internal_value=-9.03205e-05 -0.222592 -0.396155 0.0528851 0.076032 0.0574059 0.106573 0.231151 0.147107 -0.147762 0.263722 0.180336 -0.205529 -0.13731
internal_weight=10705 2058 1227 8647 8184 7768 5305 2258 1821 516 1305 1074 825 751
internal_count=10705 2058 1227 8647 8184 7768 5305 2258 1821 516 1305 1074 825 751
is_linear=0
shrinkage=0.05


Tree=25
num_leaves=15
num_cat=0
split_feature=71 84 71 24 84 32 75 71 21 46 25 45 52 69
split_gain=46068.3 36139.5 31538.2 30232.3 25322.5 19246 18779.2 16739.8 19117.2 13780.4 15913.9 18528.8 23815.4 14606.2
threshold=0.31250000000000006 102.99429600000001 -2.1874999999999996 269.12478300000004 42.523274000000008 22.037500000000005 14.875000000000002 2.9500000000000015 27.58553286193235 89.864583333333357 107.98559925686267 82.989583333333357 -0.22695468355932472 -10.293456088541664
decision_type=2 2 2 2 2 2 2 2 2 2 2 2 2 2
left_child=1 -1 3 -3 -2 9 -7 -6 -9 10 11 12 -4 -13
right_child=4 2 5 -5 7 6 -8 8 -10 -11 -12 13 -14 -15
leaf_value=0.026183116162146698 0.015697719534773551 -0.60305763615071772 -0.16229397102620952 0.021646092689190887 0.13773696355508638 -0.14084721370179179 -0.83059397695156256 0.85377844346890075 0.28849012414932762 -0.46294292900589556 -0.58647956014855918 -0.46703739184132548 0.59762664486142192 0.051407652711687027
leaf_weight=3261 2504 749 156 261 1213 270 155 201 584 152 94 172 301 632
leaf_count=3261 2504 749 156 261 1213 270 155 201 584 152 94 172 301 632
internal_value=-9.23416e-05 -0.0884517 -0.215482 -0.441763 0.121645 -0.0970209 -0.393761 0.254348 0.434135 -0.0131294 0.0376336 0.0845853 0.338435 -0.0599459
internal_weight=10705 6203 2942 1010 4502 1932 425 1998 785 1507 1355 1261 457 804
internal_count=10705 6203 2942 1010 4502 1932 425 1998 785 1507 1355 1261 457 804
is_linear=0
shrinkage=0.05


Tree=26
num_leaves=15
num_cat=0
split_feature=34 84 69 84 71 84 35 36 30 69 36 36 36 54
split_gain=42254 30635.9 30330 28355.1 17473.9 36858.8 20327 19840.9 18598.6 23292.7 12966.5 19180.2 14578.6 13395.8
threshold=19.917708333333337 93.816187500000012 -10.293456088541664 275.36804450000005 1.6875000000000002 42.523274000000008 22.655208333333338 22.72096354166667 23.812500000000004 -1.2722573854166674 18.395963541666671 21.329817708333337 20.991406250000004 1.0000000180025095e-35
decision_type=2 2 2 2 2 2 2 2 2 2 2 2 2 2
left_child=1 -1 -3 4 -2 -6 7 -7 -8 -10 -4 12 -12 -13
right_child=3 2 10 -5 5 6 8 -9 9 -11 11 13 -14 -15
leaf_value=0.030760636804804495 0.0144589538820366 -0.71793230703266953 -0.81539952341715505 -0.37689006477693721 0.014871882075694072 0.097244988478321054 -0.41824774753263932 0.8835237129578648 -0.33622286651740996 0.44401106640275034 -0.074706950029637884 -0.79233358259357167 0.63460439635419297 -0.0094354229471222927
leaf_weight=831 5388 402 74 374 1674 111 96 291 113 600 432 146 86 87
leaf_count=831 5388 402 74 374 1674 111 96 291 113 600 432 146 86 87
internal_value=-9.36119e-05 -0.203657 -0.362315 0.0483727 0.067641 0.166924 0.376924 0.667197 0.232039 0.320058 -0.188373 -0.125586 0.044051 -0.501296
internal_weight=10705 2058 1227 8647 8273 2885 1211 402 809 713 825 751 518 233
internal_count=10705 2058 1227 8647 8273 2885 1211 402 809 713 825 751 518 233
is_linear=0
shrinkage=0.05


Tree=27
num_leaves=15
num_cat=0
split_feature=34 84 69 84 31 67 84 84 32 75 71 35 70 24
split_gain=38148.3 27659.9 27375.5 25812.3 16959.7 13132.2 17994.3 23248.3 23801.3 19780.3 14128.4 14483.8 14425.1 12448.9
threshold=19.917708333333337 93.816187500000012 -10.293456088541664 273.02215500000005 29.012500000000003 -3.7711683541666656 42.523274000000008 103.78458250000001 22.212500000000002 16.375000000000004 3.0124999999999997 22.621354166666674 7.8207851708806606 278.91518350000007
decision_type=2 2 2 2 2 2 2 2 2 2 2 2 2 2
left_child=1 -1 -3 4 5 -2 -7 -8 10 -10 11 12 -9 -14
right_child=3 2 -4 -5 -6 6 7 8 9 -11 -12 -13 13 -15
leaf_value=0.029224452605614293 -0.056673013718711321 -0.68212476731844196 -0.17901806031459758 -0.31684138536019701 0.37716572434424789 0.011857779885162109 0.50338933802342423 0.43996015545224476 0.023439156789242348 -0.64551990030820239 0.68232736494516333 -0.11123463562703458 -0.13117338791036876 0.49413846441290599
leaf_weight=831 2108 402 825 463 416 3219 480 534 391 153 149 338 287 109
leaf_count=831 2108 402 825 463 416 3219 480 534 391 153 149 338 287 109
internal_value=-9.55713e-05 -0.193516 -0.344271 0.045956 0.066517 0.0498344 0.0895048 0.191853 0.11538 -0.165545 0.22327 0.168832 0.270629 0.0417564
internal_weight=10705 2058 1227 8647 8184 7768 5660 2441 1961 544 1417 1268 930 396
internal_count=10705 2058 1227 8647 8184 7768 5660 2441 1961 544 1417 1268 930 396
is_linear=0
shrinkage=0.05


Tree=28
num_leaves=15
num_cat=0
split_feature=71 84 69 84 84 9 45 69 47 48 24 69 69 17
split_gain=34969.4 28106.3 24159.8 22355.6 19395.9 16784.8 15359.7 21553.1 16199.2 15787.8 20464.1 14616.4 13860.4 14472.7
threshold=0.31250000000000006 107.12524400000002 -28.026467833333328 299.97504500000008 42.523274000000008 149.67320600000002 82.739583333333357 -10.293456088541664 82.790364583333357 6.1250000000000009 297.26105400000006 -18.227123838541665 11.26756466666667 1.1692635583363182e-06
decision_type=2 2 2 2 2 2 2 2 2 2 2 2 2 2
left_child=1 -1 -3 5 -2 6 9 11 -9 10 -4 -8 13 -6
right_child=4 2 3 -5 12 -7 7 8 -10 -11 -12 -13 -14 -15
leaf_value=0.021886440223561995 0.013251265018524049 -0.86313329095719382 0.5196101541205177 -1.0838921502232552 0.36084396218754511 -0.54468703588173761 -0.15022772920571947 -0.16441561678410013 0.35218170435277113 -0.1035196069066085 -0.43179862123559903 -0.76803209207438194 0.39763094456491266 0.0042558526238579237
leaf_weight=3327 2504 127 279 63 426 231 164 997 178 536 70 231 719 853
leaf_count=3327 2504 127 279 63 426 231 164 997 178 536 70 231 719 853
internal_value=-8.87426e-05 -0.0770718 -0.191516 -0.160186 0.105975 -0.138125 -0.0996637 -0.193518 -0.0859237 0.0668658 0.328095 -0.512553 0.222116 0.123215
internal_weight=10705 6203 2876 2749 4502 2686 2455 1570 1175 885 349 395 1998 1279
internal_count=10705 6203 2876 2749 4502 2686 2455 1570 1175 885 349 395 1998 1279
is_linear=0
shrinkage=0.05


Tree=29
num_leaves=15
num_cat=0
split_feature=71 84 24 84 70 76 7 84 71 35 36 30 69 73
split_gain=32544.6 32495.5 33263.4 23235.2 15308.6 12784.2 15218.1 11707.7 26061 16522.5 20105.2 15791.3 19246.6 14748.4
threshold=-1.9875000000000005 77.882384000000016 264.18653100000006 275.36804450000005 20.217528983325611 4.5000000000000009 220.80647450000004 42.523274000000008 1.8125000000000002 22.655208333333338 22.72096354166667 23.812500000000004 -1.2722573854166674 0.87500000000000011
decision_type=2 2 2 2 2 2 2 2 2 2 2 2 2 2
left_child=1 -1 5 7 -4 6 -3 -2 13 10 -10 -11 -13 -9
right_child=3 2 4 -5 -6 -7 -8 8 9 11 -12 12 -14 -15
leaf_value=0.0073701287218373756 0.010765093169060394 -0.55333063637049207 -0.099497124675925322 -0.38105475598633648 0.80921870680416341 -0.96847785503575301 0.0091702630953682997 0.16008045763887135 0.046253965319204733 -0.41159790505437144 0.8256105986537694 -0.32894210726700046 0.39213597061956884 -0.087104861941074307
leaf_weight=1767 3653 547 507 291 50 131 154 1280 118 93 277 109 588 1140
leaf_count=1767 3653 547 507 291 50 131 154 1280 118 93 277 109 588 1140
internal_value=-9.57007e-05 -0.134902 -0.315768 0.0562732 -0.0166208 -0.515778 -0.42992 0.0738573 0.137769 0.329779 0.593495 0.197338 0.279061 0.0436499
internal_weight=10705 3156 1389 7549 557 832 701 7258 3605 1185 395 790 697 2420
internal_count=10705 3156 1389 7549 557 832 701 7258 3605 1185 395 790 697 2420
is_linear=0
shrinkage=0.05


Tree=30
num_leaves=15
num_cat=0
split_feature=34 84 69 84 31 55 36 36 54 36 67 84 84 32
split_gain=29904.9 21782.9 20255.4 19965.6 14042.8 11156.8 10745.5 18657.5 11929.1 10395.1 10164.2 14334.5 19801.1 20918.3
threshold=19.917708333333337 92.090640000000022 -10.293456088541664 272.35636400000004 29.012500000000003 -0.56174490092936669 21.329817708333337 20.844531250000003 1.0000000180025095e-35 18.395963541666671 -3.7711683541666656 42.523274000000008 103.78458250000001 22.212500000000002
decision_type=2 2 2 2 2 2 2 2 2 2 2 2 2 2
left_child=1 -1 -3 4 10 -6 7 9 -8 -4 -2 -12 -13 -14
right_child=3 2 6 -5 5 -7 8 -9 -10 -11 11 12 13 -15
leaf_value=0.028527922411738522 -0.049621182269463208 -0.59436778189697403 -0.73273081080118818 -0.26965630202418944 0.70473456557126757 0.15517762595120943 -0.72510979979419388 0.49611612605231425 0.010818982281293093 -0.091441079867014927 0.0099359875358641155 0.45816075364030945 0.20136471819377477 -0.1645026140369461
leaf_weight=820 2104 403 74 488 140 270 146 123 88 404 3219 480 1406 540
leaf_count=820 2104 403 74 488 140 270 146 123 88 404 3219 480 1406 540
internal_value=-9.35758e-05 -0.171346 -0.30365 0.0406799 0.0592723 0.344089 -0.162797 -0.0506147 -0.449482 -0.192043 0.0441601 0.0791168 0.170869 0.099807
internal_weight=10705 2058 1238 8647 8159 410 835 601 234 478 7749 5645 2426 1946
internal_count=10705 2058 1238 8647 8159 410 835 601 234 478 7749 5645 2426 1946
is_linear=0
shrinkage=0.05


Tree=31
num_leaves=15
num_cat=0
split_feature=84 34 84 69 71 84 35 30 69 36 25 36 82 29
split_gain=27555 25887.7 17500.1 26701.2 11687.2 21387 15902.1 16070.1 18856.8 15767.7 11449.7 11411.6 11103.8 10876.8
threshold=292.35207400000007 19.998958333333338 90.348270500000027 -10.293456088541664 1.0750000000000013 42.523274000000008 22.655208333333338 23.812500000000004 -1.2722573854166674 22.72096354166667 106.87927892455518 18.395963541666671 -0.56174490092936669 19.162500000000005
decision_type=2 2 2 2 2 2 2 2 2 2 2 2 2 2
left_child=1 2 -1 12 -3 -6 9 -8 -9 -7 -10 -5 -4 -14
right_child=-2 4 3 11 5 6 7 8 10 -11 -12 -13 13 -15
leaf_value=0.030440603093552426 -0.80224328545923784 0.00026870045534712115 -0.2944830986745855 -0.69658276144663489 0.011623249245943296 0.043277843488114226 -0.42580164255352193 -0.28331773590715914 0.52288531664799631 0.67081694758204036 0.10265043860256876 -0.052757779198277392 -0.6180776666031107 -1.4190805456094575
leaf_weight=866 105 5080 186 74 1906 139 108 150 365 358 292 839 181 56
leaf_count=866 105 5080 186 74 1906 139 108 150 365 358 292 839 181 56
internal_value=-9.15244e-05 0.00792925 -0.144627 -0.258045 0.0479429 0.120912 0.268324 0.144388 0.221128 0.495747 0.336554 -0.105646 -0.585958 -0.812511
internal_weight=10705 10600 2202 1336 8398 3318 1412 915 807 497 657 913 423 237
internal_count=10705 10600 2202 1336 8398 3318 1412 915 807 497 657 913 423 237
is_linear=0
shrinkage=0.05


end of trees

feature_importances:
consumo_alvo_semana_anterior=106
temperatura_externa_c_diferenca_semana_atual=57
correcao_semanal_media_1440m=40
temperatura_externa_c_media_1440m=36
consumo_max_1440m=32
consumo_std_1440m=31
umidade_relativa_pct_media_1440m=19
temperatura_externa_c_media_360m=13
temperatura_externa_c_lag_1440m=11
temperatura_externa_c_lag_360m=9
origem_mes=9
alvo_hora=8
correcao_semanal_std_1440m=7
consumo_mean_1440m=6
temperatura_externa_c_media_180m=6
umidade_relativa_pct_media_180m=6
umidade_relativa_pct_media_360m=6
origem_hora_cos=4
consumo_lag_720m=3
consumo_std_180m=3
temperatura_externa_c_lag_180m=3
temperatura_externa_c_lag_720m=3
umidade_relativa_pct_lag_720m=3
origem_hora=3
tendencia_consumo_360m=3
correcao_semanal_media_360m=3
alvo_dia_semana=3
consumo_lag_180m=2
consumo_max_360m=2
origem_semana_sin=2
umidade_relativa_pct_diferenca_semana_atual=2
consumo_lag_10080m=1
consumo_std_360m=1
origem_dia_semana=1
origem_hora_sin=1
origem_semana_cos=1
correcao_semanal_std_360m=1
alvo_semana_cos=1

parameters:
[boosting: gbdt]
[objective: regression]
[metric: l1]
[tree_learner: serial]
[device_type: cpu]
[data_sample_strategy: bagging]
[data: ]
[valid: ]
[num_iterations: 400]
[learning_rate: 0.05]
[num_leaves: 15]
[num_threads: 2]
[seed: 20260905]
[deterministic: 1]
[force_col_wise: 1]
[force_row_wise: 0]
[histogram_pool_size: -1]
[max_depth: -1]
[min_data_in_leaf: 40]
[min_sum_hessian_in_leaf: 0.001]
[bagging_fraction: 1]
[pos_bagging_fraction: 1]
[neg_bagging_fraction: 1]
[bagging_freq: 0]
[bagging_seed: 23218]
[bagging_by_query: 0]
[feature_fraction: 1]
[feature_fraction_bynode: 1]
[feature_fraction_seed: 28090]
[extra_trees: 0]
[extra_seed: 14360]
[early_stopping_round: 0]
[early_stopping_min_delta: 0]
[first_metric_only: 0]
[max_delta_step: 0]
[lambda_l1: 0]
[lambda_l2: 1]
[linear_lambda: 0]
[min_gain_to_split: 0]
[drop_rate: 0.1]
[max_drop: 50]
[skip_drop: 0.5]
[xgboost_dart_mode: 0]
[uniform_drop: 0]
[drop_seed: 16970]
[top_rate: 0.2]
[other_rate: 0.1]
[min_data_per_group: 100]
[max_cat_threshold: 32]
[cat_l2: 10]
[cat_smooth: 10]
[max_cat_to_onehot: 4]
[top_k: 20]
[monotone_constraints: ]
[monotone_constraints_method: basic]
[monotone_penalty: 0]
[feature_contri: ]
[forcedsplits_filename: ]
[refit_decay_rate: 0.9]
[cegb_tradeoff: 1]
[cegb_penalty_split: 0]
[cegb_penalty_feature_lazy: ]
[cegb_penalty_feature_coupled: ]
[path_smooth: 0]
[interaction_constraints: ]
[verbosity: -1]
[saved_feature_importance_type: 0]
[use_quantized_grad: 0]
[num_grad_quant_bins: 4]
[quant_train_renew_leaf: 0]
[stochastic_rounding: 1]
[linear_tree: 0]
[max_bin: 255]
[max_bin_by_feature: ]
[min_data_in_bin: 3]
[bin_construct_sample_cnt: 200000]
[data_random_seed: 5037]
[is_enable_sparse: 1]
[enable_bundle: 1]
[use_missing: 1]
[zero_as_missing: 0]
[feature_pre_filter: 1]
[pre_partition: 0]
[two_round: 0]
[header: 0]
[label_column: ]
[weight_column: ]
[group_column: ]
[ignore_column: ]
[categorical_feature: ]
[forcedbins_filename: ]
[precise_float_parser: 0]
[parser_config_file: ]
[objective_seed: 15411]
[num_class: 1]
[is_unbalance: 0]
[scale_pos_weight: 1]
[sigmoid: 1]
[boost_from_average: 1]
[reg_sqrt: 0]
[alpha: 0.9]
[fair_c: 1]
[poisson_max_delta_step: 0.7]
[tweedie_variance_power: 1.5]
[lambdarank_truncation_level: 30]
[lambdarank_norm: 1]
[label_gain: ]
[lambdarank_position_bias_regularization: 0]
[eval_at: ]
[multi_error_top_k: 1]
[auc_mu_weights: ]
[num_machines: 1]
[local_listen_port: 12400]
[time_out: 120]
[machine_list_filename: ]
[machines: ]
[gpu_platform_id: -1]
[gpu_device_id: -1]
[gpu_device_id_list: ]
[gpu_use_dp: 0]
[num_gpu: 1]

end of parameters

pandas_categorical:[]
