tree
version=v4
num_class=1
num_tree_per_iteration=1
label_index=0
max_feature_idx=84
objective=regression
feature_names=consumo_atual_kw consumo_lag_15m consumo_lag_30m consumo_lag_60m consumo_lag_120m consumo_lag_180m consumo_lag_360m consumo_lag_720m consumo_lag_1440m consumo_lag_10080m consumo_mean_60m consumo_min_60m consumo_max_60m consumo_std_60m consumo_mean_180m consumo_min_180m consumo_max_180m consumo_std_180m consumo_mean_360m consumo_min_360m consumo_max_360m consumo_std_360m consumo_mean_1440m consumo_min_1440m consumo_max_1440m consumo_std_1440m temperatura_externa_c_atual temperatura_externa_c_lag_15m temperatura_externa_c_lag_60m temperatura_externa_c_lag_180m temperatura_externa_c_lag_360m temperatura_externa_c_lag_720m temperatura_externa_c_lag_1440m temperatura_externa_c_media_60m temperatura_externa_c_media_180m temperatura_externa_c_media_360m temperatura_externa_c_media_1440m umidade_relativa_pct_atual umidade_relativa_pct_lag_15m umidade_relativa_pct_lag_60m umidade_relativa_pct_lag_180m umidade_relativa_pct_lag_360m umidade_relativa_pct_lag_720m umidade_relativa_pct_lag_1440m umidade_relativa_pct_media_60m umidade_relativa_pct_media_180m umidade_relativa_pct_media_360m umidade_relativa_pct_media_1440m origem_hora origem_dia_semana origem_fim_de_semana origem_mes origem_hora_sin origem_hora_cos origem_semana_sin origem_semana_cos consumo_diferenca_semana_atual consumo_razao_semana_atual consumo_diferenca_dia_atual tendencia_consumo_15m tendencia_consumo_60m tendencia_consumo_180m tendencia_consumo_360m correcao_semanal_media_60m correcao_semanal_std_60m correcao_semanal_media_180m correcao_semanal_std_180m correcao_semanal_media_360m correcao_semanal_std_360m correcao_semanal_media_1440m correcao_semanal_std_1440m temperatura_externa_c_diferenca_semana_atual temperatura_externa_c_tendencia_1h umidade_relativa_pct_diferenca_semana_atual umidade_relativa_pct_tendencia_1h alvo_hora alvo_dia_semana alvo_fim_de_semana alvo_mes alvo_hora_sin alvo_hora_cos alvo_semana_sin alvo_semana_cos consumo_alvo_dia_anterior consumo_alvo_semana_anterior
feature_infos=[22.399999999999999:324.71375799999998] [22.399999999999999:324.71375799999998] [22.399999999999999:324.71375799999998] [22.399999999999999:324.71375799999998] [22.399999999999999:324.71375799999998] [22.399999999999999:324.71375799999998] [22.399999999999999:324.71375799999998] [22.399999999999999:324.71375799999998] [22.399999999999999:324.71375799999998] [22.399999999999999:324.71375799999998] [22.399999999999999:321.24876725000001] [22.399999999999999:318.278571] [22.399999999999999:324.71375799999998] [0:82.540869055199337] [22.399999999999999:313.28577408333337] [22.399999999999999:302.53573799999998] [22.399999999999999:324.71375799999998] [0:92.970139865692389] [22.399999999999999:295.13563500000004] [22.399999999999999:249.29458700000001] [22.399999999999999:324.71375799999998] [0:116.53386463160022] [23.200000000000003:159.49963871874999] none [25.600000000000001:324.71375799999998] [1.3929144002343703:128.71471884334804] [15:33.700000000000003] [15:33.700000000000003] [15:33.700000000000003] [15:33.700000000000003] [15:33.700000000000003] [15:33.700000000000003] [15:33.700000000000003] [15:33.4375] [15:32.71875] [15.333333333333334:31.620833333333334] [16.439843749999998:27.283072916666669] [31:98] [31:98] [31:98] [31:98] [31:98] [31:98] [31:98] [32.5:95.625] [33.666666666666664:95.083333333333329] [37.041666666666664:94] [59.309895833333336:91.638020833333329] [0:23.75] [0:6] [0:1] [1:4] [-1:1] [-1:1] [-0.97492791218182362:0.97492791218182362] [-0.90096886790241903:1] [-72.635950000000008:77.445233000000002] [0.43630911779503978:2.09406877563422] [-291.363968:296.779246] [-121.30707899999999:153.05878799999999] [-124.27709300000001:153.05878799999999] [-180.63157299999997:268.16051600000003] [-299.363968:299.97924600000005] [-70.384351250000009:75.467424499999993] [0:44.359338508129341] [-67.777903583333341:70.921986416666655] [0:38.631403568061003] [-64.848194500000005:62.415354583333333] [0:37.083675449251288] [-34.945017510416669:27.905951093750001] [0:30.68446053870321] [-12:11.5] [-8:4.8000000000000007] [-49:48] [-30:40] [0:23.75] [0:6] [0:1] [1:4] [-1:1] [-1:1] [-0.97492791218182362:0.97492791218182362] [-0.90096886790241903:1] [22.399999999999999:324.71375799999998] [22.399999999999999:324.71375799999998]
tree_sizes=1424 1432 1429 1431 1434 1426 1429 1433 1437 1440 1435 1441 1435 1438 1443 1436 1441 1440 1440 1434 1455 1444 1436 1444 1442 1437 1444 1441 1442 1443 1454 1448 1444 1445 1453 1443

Tree=0
num_leaves=15
num_cat=0
split_feature=71 84 71 84 71 84 69 84 7 69 58 51 63 65
split_gain=586602 434792 310132 234797 207074 83661.1 82977.2 60601.7 50739.5 49146.8 43970.1 32223.3 30363 26888.8
threshold=-1.0000000180025095e-35 102.78047100000002 -2.8499999999999992 42.523274000000008 2.212499999999999 282.33339050000006 -14.779579244791664 287.58038500000004 122.87923900000001 -0.12570920833333388 -8.4936504999999993 3.5000000000000004 23.853794374999996 3.4093470416666656
decision_type=2 2 2 2 2 2 2 2 2 2 2 2 2 2
left_child=1 -1 6 -2 5 9 -3 10 -8 11 -4 -5 -6 -12
right_child=3 2 7 4 12 -7 8 -9 -10 -11 13 -13 -14 -15
leaf_value=-1.0441568784044144 -1.042412214616151 -3.3197037592723433 -2.3027315770965977 -0.7102745569607346 0.075343887182910407 -2.6461354982806147 -2.6682838345094444 -2.9632246878997002 -1.5805191849072462 -0.42177553298939408 -1.4421796284085735 -1.4437670510132581 0.84346528872892668 -0.14268988561796725
leaf_weight=2904 2738 349 150 377 809 54 319 72 163 889 1438 247 156 40
leaf_count=2904 2738 349 150 377 809 54 319 72 163 889 1438 247 156 40
internal_value=-1.09725 -1.46169 -1.94058 -0.721417 -0.374464 -0.729696 -2.73168 -1.55314 -2.30219 -0.66032 -1.48967 -1.00071 0.201397 -1.40639
internal_weight=10705 5435 2531 5270 2532 1567 831 1700 482 1513 1628 624 965 1478
internal_count=10705 5435 2531 5270 2532 1567 831 1700 482 1513 1628 624 965 1478
is_linear=0
shrinkage=1


Tree=1
num_leaves=15
num_cat=0
split_feature=71 84 71 84 71 84 24 84 58 69 16 69 69 22
split_gain=529534 392717 277155 211934 186964 76535.6 75514.1 54753.6 40680.1 38273.8 35459.7 31877.6 30111.6 38413
threshold=-1.0000000180025095e-35 104.01284850000002 -2.8499999999999992 42.523274000000008 2.212499999999999 277.88047750000004 264.18653100000006 292.35207400000007 -8.4936504999999993 -0.18351217708333298 162.04901450000003 -26.462434338541666 11.840655182291668 136.36143433333336
decision_type=2 2 2 2 2 2 2 2 2 2 2 2 2 2
left_child=1 -1 6 -2 5 9 11 8 -4 -5 -8 -3 13 -6
right_child=3 2 7 4 12 -7 10 -9 -10 -11 -12 -13 -14 -15
leaf_value=0.047764414422489229 0.052101579026698902 -2.4257763086363329 -1.1650017745988934 0.12509761005401229 1.253188291770349 -0.99714449776543512 -0.059751509349135791 -2.0048816751550746 -0.30558504646215945 0.64673675720057033 -1.3496415591345425 -1.6061554457230327 1.4790291644843556 0.23977429418453389
leaf_weight=2923 2738 171 151 584 276 98 101 53 1485 885 112 439 547 142
leaf_count=2923 2738 171 151 584 276 98 101 53 1485 885 112 439 547 142
internal_value=-2.03186e-05 -0.34627 -0.804612 0.357069 0.686697 0.349154 -1.55649 -0.43754 -0.385571 0.439586 -0.741141 -1.83951 1.23388 0.910312
internal_weight=10705 5435 2512 5270 2532 1567 823 1689 1636 1469 213 610 965 418
internal_count=10705 5435 2512 5270 2532 1567 823 1689 1636 1469 213 610 965 418
is_linear=0
shrinkage=0.05


Tree=2
num_leaves=15
num_cat=0
split_feature=71 84 71 84 71 69 84 84 7 69 58 51 69 22
split_gain=478059 354659 253111 191304 168799 70888 70207.9 50782.9 44247.7 39802.3 34762 28932.9 27171.1 34677.9
threshold=-1.0000000180025095e-35 102.78047100000002 -2.7624999999999988 42.523274000000008 2.212499999999999 -14.779579244791664 282.33339050000006 287.58038500000004 122.87923900000001 -0.18351217708333298 -10.845522500000007 3.5000000000000004 11.840655182291668 136.36143433333336
decision_type=2 2 2 2 2 2 2 2 2 2 2 2 2 2
left_child=1 -1 5 -2 6 -3 9 10 -7 11 -4 -5 13 -6
right_child=3 2 7 4 12 8 -8 -9 -10 -11 -12 -13 -14 -15
leaf_value=0.048056665961077626 0.049497452507753711 -2.0093738038431517 -1.1733275249726691 0.3633739917058616 1.1907550981759165 -1.4154282568327405 -1.4238938916813244 -1.6960153073480684 -0.41923882851475169 0.60962584159524091 -0.28125614710794661 -0.33250685901294358 1.405212637654295 0.22786942445835867
leaf_weight=2904 2738 351 117 377 276 329 54 72 170 890 1492 246 547 142
leaf_count=2904 2738 351 117 377 276 329 54 72 170 890 1492 246 547 142
internal_value=-4.76507e-05 -0.329039 -0.761555 0.339242 0.652416 -1.46425 0.331689 -0.405575 -1.07756 0.395246 -0.346812 0.0885035 1.17234 0.864975
internal_weight=10705 5435 2531 5270 2532 850 1567 1681 499 1513 1609 623 965 418
internal_count=10705 5435 2531 5270 2532 850 1567 1681 499 1513 1609 623 965 418
is_linear=0
shrinkage=0.05


Tree=3
num_leaves=15
num_cat=0
split_feature=71 84 71 84 69 24 84 84 58 16 71 22 65 69
split_gain=433085 305681 258026 211857 117667 63920.9 61042.6 46932.2 35626.4 32456 29762.3 28671.1 28669 27868.8
threshold=1.0000000180025095e-35 103.37176100000001 -2.7624999999999988 42.523274000000008 11.840655182291668 264.18653100000006 287.58038500000004 272.35636400000004 -10.845522500000007 124.43980800000001 3.4000000000000008 148.13106922916668 0.57107516666666613 -26.462434338541666
decision_type=2 2 2 2 2 2 2 2 2 2 2 2 2 2
left_child=1 -1 5 -2 7 13 8 10 -4 -7 -5 -6 -10 -3
right_child=3 2 6 4 11 9 -8 -9 12 -11 -12 -13 -14 -15
leaf_value=0.054492528802387447 0.047022276751088554 -2.2053080841552379 -1.1169637601776434 0.45355956164905931 1.4791066791674763 0.021387551207931677 -1.6204568926493328 -0.51757335299462603 -0.2826252818839966 -1.1830501994569644 1.1832568747817347 0.82463958822873051 0.53763242246289 -1.4420070971894479
leaf_weight=3147 2558 171 120 1191 456 97 89 113 1642 131 158 272 113 447
leaf_count=3147 2558 171 120 1191 456 97 89 113 1642 131 158 272 113 447
internal_value=-6.79496e-05 -0.283973 -0.662916 0.356114 0.716958 -1.39244 -0.348121 0.457811 -0.286895 -0.67278 0.539838 1.23605 -0.229535 -1.65643
internal_weight=10705 5957 2810 4748 2190 846 1964 1462 1875 228 1349 728 1755 618
internal_count=10705 5957 2810 4748 2190 846 1964 1462 1875 228 1349 728 1755 618
is_linear=0
shrinkage=0.05


Tree=4
num_leaves=15
num_cat=0
split_feature=71 84 71 84 71 84 69 84 7 69 58 63 51 65
split_gain=391223 289548 211694 156662 139124 59314.9 57003.5 42290.1 35722.5 34979.2 29840.7 25813.1 25008 23118.7
threshold=-1.0000000180025095e-35 101.20536200000002 -2.8499999999999992 42.523274000000008 2.212499999999999 284.32638350000008 -14.779579244791664 292.35207400000007 122.87923900000001 -0.18351217708333298 -10.845522500000007 23.853794374999996 3.5000000000000004 2.6169231250000067
decision_type=2 2 2 2 2 2 2 2 2 2 2 2 2 2
left_child=1 -1 6 -2 5 9 -3 10 -8 12 -4 -6 -5 -12
right_child=3 2 7 4 11 -7 8 -9 -10 -11 13 -13 -14 -15
leaf_value=0.045428495790631268 0.04464868275124298 -1.8209718147688481 -1.0739986328072237 0.32048646992573387 0.94644792115568743 -1.5115314142270524 -1.2844532702255287 -1.7437411802786369 -0.37488367620219543 0.55258383852276383 -0.29603450128131858 1.6530436439878622 -0.32165921170680056 0.80840037907568785
leaf_weight=2885 2738 352 121 382 809 43 325 53 163 892 1488 156 250 48
leaf_count=2885 2738 352 121 382 809 43 325 53 163 892 1488 156 250 48
internal_value=-8.21464e-05 -0.297697 -0.685766 0.306849 0.590253 0.299082 -1.33533 -0.366086 -0.98203 0.351126 -0.320996 1.06227 0.0663663 -0.261017
internal_weight=10705 5435 2550 5270 2532 1567 840 1710 488 1524 1657 965 632 1536
internal_count=10705 5435 2550 5270 2532 1567 840 1710 488 1524 1657 965 632 1536
is_linear=0
shrinkage=0.05


Tree=5
num_leaves=15
num_cat=0
split_feature=71 84 71 84 69 24 84 8 84 6 30 22 36 69
split_gain=354573 251038 210804 173538 100156 71339 47786.7 43303 39243.4 28837.4 44357.2 25310.7 25243 25102.7
threshold=1.0000000180025095e-35 104.01284850000002 -2.1374999999999988 42.523274000000008 11.840655182291668 264.18653100000006 282.33339050000006 200.46031700000003 272.35636400000004 96.187470500000018 21.112500000000004 148.13106922916668 25.780468750000001 -26.30091713020833
decision_type=2 2 2 2 2 2 2 2 2 2 2 2 2 2
left_child=1 -1 5 -2 8 13 -4 -7 9 10 -5 -6 -13 -3
right_child=3 2 6 4 11 7 -8 -9 -10 -11 -12 12 -14 -15
leaf_value=0.048814960894766946 0.042440518400267545 -1.934640919821603 -0.2071337568272468 0.29324010408890899 1.3559504426843578 -0.18545627253251556 -1.3120308729318473 -1.3405416601234013 -0.48217731303159606 0.090774148312915304 0.95886272969098418 0.1078744707785842 1.1069726920541312 -1.2640128715254075
leaf_weight=3156 2558 209 1674 511 456 229 103 125 113 346 492 100 172 461
leaf_count=3156 2558 209 1674 511 456 229 103 125 113 346 492 100 172 461
internal_value=-9.69776e-05 -0.256983 -0.601432 0.322187 0.648772 -1.1725 -0.271879 -0.595953 0.409698 0.484709 0.620377 1.12767 0.741398 -1.47578
internal_weight=10705 5957 2801 4748 2190 1024 1777 354 1462 1349 1003 728 272 670
internal_count=10705 5957 2801 4748 2190 1024 1777 354 1462 1349 1003 728 272 670
is_linear=0
shrinkage=0.05


Tree=6
num_leaves=15
num_cat=0
split_feature=71 84 71 84 71 24 84 8 84 69 69 63 58 51
split_gain=320570 236789 165374 128489 114319 63264.1 50472.6 38397.1 31766.4 29498.1 23016.4 22998.7 22681.4 22381.7
threshold=-1.0000000180025095e-35 105.889583 -2.1374999999999988 42.523274000000008 2.212499999999999 264.18653100000006 282.33339050000006 200.46031700000003 292.35207400000007 -0.18351217708333298 -26.462434338541666 23.853794374999996 -11.200341999999997 3.5000000000000004
decision_type=2 2 2 2 2 2 2 2 2 2 2 2 2 2
left_child=1 -1 5 -2 6 10 9 -7 12 13 -3 -6 -4 -5
right_child=3 2 8 4 11 7 -8 -9 -10 -11 -12 -13 -14 -15
leaf_value=0.033752726051789611 0.040274867790813386 -1.9099649451499763 -0.99604201586622954 0.30208664784336059 0.85305448907887405 -0.18086601917392914 -1.2180321279168131 -1.2776539633110646 -1.6139510832049631 0.5088988870748149 -1.2273309135680217 1.5195668413760557 -0.19606893885795793 -0.30994880168627087
leaf_weight=2947 2738 171 94 377 809 225 54 123 43 890 495 156 1337 246
leaf_count=2947 2738 171 94 377 809 225 54 123 43 890 495 156 1337 246
internal_value=-0.000104841 -0.269509 -0.628587 0.277732 0.534392 -1.11978 0.270452 -0.571074 -0.290155 0.324346 -1.4052 0.962263 -0.249277 0.0603067
internal_weight=10705 5435 2488 5270 2532 1014 1567 348 1474 1513 666 965 1431 623
internal_count=10705 5435 2488 5270 2532 1014 1567 348 1474 1513 666 965 1431 623
is_linear=0
shrinkage=0.05


Tree=7
num_leaves=15
num_cat=0
split_feature=71 84 71 84 69 24 84 8 84 6 30 46 22 42
split_gain=290292 206342 176487 142141 85303 57152.4 42273.2 36827.3 32598.2 25557.2 39114.5 23066.1 22361 22324.8
threshold=1.0000000180025095e-35 101.20536200000002 -2.1374999999999988 42.523274000000008 11.840655182291668 264.18653100000006 275.36804450000005 200.46031700000003 272.35636400000004 96.187470500000018 21.162500000000005 82.848958333333357 148.13106922916668 81.875000000000014
decision_type=2 2 2 2 2 2 2 2 2 2 2 2 2 2
left_child=1 -1 5 -2 8 -3 11 -7 9 10 13 -4 -6 -5
right_child=3 2 6 4 12 7 -8 -9 -10 -11 -12 -13 -14 -15
leaf_value=0.048341084481470856 0.038306367940015747 -1.325492650949172 0.071162142341379797 0.56864727009431471 1.2434948440127613 -0.16498578173140516 -0.91169743731545949 -1.2127792660485615 -0.44640465634221443 0.064014730794671987 0.88162073818037323 -0.31451440305419681 0.66618778294313963 -0.09104778415477667
leaf_weight=3117 2558 684 670 270 456 231 206 131 113 346 490 918 272 243
leaf_count=3117 2558 684 670 270 456 231 206 131 113 346 490 918 272 243
internal_value=-0.00012609 -0.232563 -0.540773 0.291484 0.587053 -1.05666 -0.23956 -0.546456 0.36643 0.434798 0.562513 -0.15185 1.02901 0.256591
internal_weight=10705 5957 2840 4748 2190 1046 1794 362 1462 1349 1003 1588 728 513
internal_count=10705 5957 2840 4748 2190 1046 1794 362 1462 1349 1003 1588 728 513
is_linear=0
shrinkage=0.05


Tree=8
num_leaves=15
num_cat=0
split_feature=71 84 71 84 71 24 84 14 24 84 45 83 69 58
split_gain=262475 193663 134381 105302 95128 52475.5 44375 32221.3 28126.9 27348.3 22944.6 21808.1 20837.6 20380.2
threshold=-1.0000000180025095e-35 104.01284850000002 -2.1374999999999988 42.523274000000008 2.212499999999999 264.18653100000006 258.94589250000007 85.340617416666689 281.04792900000001 292.35207400000007 81.552083333333357 240.49638400000001 -26.30091713020833 -11.200341999999997
decision_type=2 2 2 2 2 2 2 2 2 2 2 2 2 2
left_child=1 -1 5 -2 6 12 8 -7 11 13 -8 -5 -3 -4
right_child=3 2 9 4 -6 7 10 -9 -10 -11 -12 -13 -14 -15
leaf_value=0.032808271966869501 0.036314265938647776 -1.6838434704144796 -0.93261831967454212 0.076105663330949688 0.87393766496104908 -0.049768042194899983 0.17783087437287795 -1.0032143531843674 0.72953195963844553 -1.490538763999939 -0.62567938475539453 0.69276176285679625 -1.0739935666806513 -0.17461122094537132
leaf_weight=2923 2738 209 94 627 965 183 167 171 400 43 188 185 461 1351
leaf_count=2923 2738 209 94 627 965 183 167 171 400 43 188 185 461 1351
internal_value=-0.000123919 -0.243898 -0.565762 0.251281 0.483631 -1.00634 0.242865 -0.51186 0.386802 -0.262093 -0.248252 0.217279 -1.26646 -0.224532
internal_weight=10705 5435 2512 5270 2532 1024 1567 354 1212 1488 355 812 670 1445
internal_count=10705 5435 2512 5270 2532 1024 1567 354 1212 1488 355 812 670 1445
is_linear=0
shrinkage=0.05


Tree=9
num_leaves=15
num_cat=0
split_feature=71 84 71 84 69 69 84 84 7 6 30 65 73 58
split_gain=237140 169051 144002 116136 72343.9 39057.2 37941 27808.5 24877.4 23456.2 34222 23326.1 24603.2 36947.5
threshold=1.0000000180025095e-35 101.20536200000002 -2.7999999999999985 42.523274000000008 11.840655182291668 -14.779579244791664 282.33339050000006 272.35636400000004 122.87923900000001 96.187470500000018 21.162500000000005 3.8351150416666648 0.37500000000000006 -1.1141225000000075
decision_type=2 2 2 2 2 2 2 2 2 2 2 2 2 2
left_child=1 -1 5 -2 7 -3 11 9 -7 10 -5 12 -4 -14
right_child=3 2 6 4 -6 8 -8 -9 -10 -11 -12 -13 13 -15
leaf_value=0.044036795138462072 0.034576792738408767 -1.4359225437256162 0.010289919966048265 0.2268152079615626 0.93758770228505384 -0.99635100196266257 -1.1025315206858419 -0.42327143923673588 -0.25003779672052001 0.035446384057445553 0.81140230900613697 0.77977569090612864 -1.0429478874836844 -0.25085407786951525
leaf_weight=3117 2558 352 667 513 728 333 123 113 169 346 490 58 173 965
leaf_count=3117 2558 352 667 513 728 333 123 113 169 346 490 58 173 965
internal_value=-0.000138342 -0.21022 -0.489194 0.263426 0.530593 -1.03178 -0.255476 0.327429 -0.746099 0.390579 0.51293 -0.19899 -0.230855 -0.372079
internal_weight=10705 5957 2840 4748 2190 854 1986 1462 502 1349 1003 1863 1805 1138
internal_count=10705 5957 2840 4748 2190 854 1986 1462 502 1349 1003 1863 1805 1138
is_linear=0
shrinkage=0.05


Tree=10
num_leaves=15
num_cat=0
split_feature=71 84 71 84 71 24 84 8 84 69 63 30 24 69
split_gain=214515 157925 110421 86112.4 79820.4 42968.3 39167.2 27162.3 23167.2 22616.5 20027.3 18767.2 18262.5 17882.8
threshold=-1.0000000180025095e-35 105.889583 -2.1374999999999988 42.523274000000008 2.212499999999999 264.18653100000006 284.32638350000008 200.46031700000003 275.36804450000005 -0.27905442708333383 23.853794374999996 19.762500000000003 281.72766850000005 -26.462434338541666
decision_type=2 2 2 2 2 2 2 2 2 2 2 2 2 2
left_child=1 -1 5 -2 6 13 9 -7 -4 12 -6 -11 -5 -3
right_child=3 2 8 4 10 7 -8 -9 -10 11 -12 -13 -14 -15
leaf_value=0.027140196699780517 0.032739924466187779 -1.5943956680076068 -0.16556281981227428 -0.15074224882297765 0.69314465407052162 -0.13486760079662885 -1.2544957770542666 -1.0572371852794482 -0.78638084380832662 -0.14027366332868621 1.3140452837108807 0.51246693347884742 0.43556820057156981 -0.99405706516437009
leaf_weight=2947 2738 171 1305 435 809 225 43 123 169 128 156 771 190 495
leaf_count=2947 2738 171 1305 435 809 225 43 123 169 128 156 771 190 495
internal_value=-0.000143671 -0.220524 -0.513771 0.227135 0.43725 -0.915139 0.21671 -0.462973 -0.237227 0.259016 0.794775 0.419477 0.0279072 -1.15036
internal_weight=10705 5435 2488 5270 2532 1014 1567 348 1474 1524 965 899 625 666
internal_count=10705 5435 2488 5270 2532 1014 1567 348 1474 1524 965 899 625 666
is_linear=0
shrinkage=0.05


Tree=11
num_leaves=15
num_cat=0
split_feature=71 84 71 84 69 24 84 20 24 84 30 24 25 22
split_gain=193859 138831 118151 94961.9 61363 38811.3 32387.2 26510.8 25010.1 27376.4 22925.4 21011.5 27594.7 19557.2
threshold=1.0000000180025095e-35 101.20536200000002 -2.1374999999999988 42.523274000000008 11.840655182291668 264.18653100000006 270.38757000000004 196.34908100000004 253.43744300000003 257.75375800000006 19.487500000000004 278.11863750000003 109.2624300420939 148.13106922916668
decision_type=2 2 2 2 2 2 2 2 2 2 2 2 2 2
left_child=1 -1 5 -2 8 -3 11 -7 10 -10 -5 -4 -13 -6
right_child=3 2 6 4 13 7 -8 -9 9 -11 -12 12 -14 -15
leaf_value=0.040315263436587784 0.03121227248425873 -1.0865409056496991 -0.2119453559328088 -0.13558445313076178 1.0549077155977422 0.03916263923310908 -0.63824093688876327 -0.82183460328983626 0.30606582637282326 -0.29467366408083406 0.84735077853460306 0.45375118181726198 -0.48753547916809725 0.51606683012834942
leaf_weight=3117 2558 684 1053 74 456 159 336 203 852 243 293 301 104 272
leaf_count=3117 2558 684 1053 74 456 159 336 203 852 243 293 301 104 272
internal_value=-0.000151727 -0.190098 -0.442909 0.238151 0.479738 -0.865013 -0.196455 -0.444596 0.292636 0.172604 0.649327 -0.0942761 0.211433 0.854567
internal_weight=10705 5957 2840 4748 2190 1046 1794 362 1462 1095 367 1458 405 728
internal_count=10705 5957 2840 4748 2190 1046 1794 362 1462 1095 367 1458 405 728
is_linear=0
shrinkage=0.05


Tree=12
num_leaves=15
num_cat=0
split_feature=71 84 71 84 71 84 83 69 22 24 58 84 58 76
split_gain=176121 143584 73631.4 52357.6 95487.2 46715 28953.6 23657.5 32397.9 23248.7 27353.2 21679 20454.7 22890
threshold=-0.9875000000000006 99.767267000000018 -3.7624999999999988 42.523274000000008 1.7624999999999995 258.94589250000007 105.83267250000002 11.840655182291668 136.36143433333336 281.72766850000005 0.55402850000000126 295.90254450000003 -1.1141225000000075 4.5000000000000009
decision_type=2 2 2 2 2 2 2 2 2 2 2 2 2 2
left_child=1 -1 -3 -2 5 9 -4 8 -6 -5 -11 -7 -8 -14
right_child=3 2 6 4 7 11 12 -9 -10 10 -12 -13 13 -15
leaf_value=0.025380932389347955 0.029415176708722918 -1.0813782485043184 -0.7456373087244007 0.10036028815189778 0.71759573409551303 -0.24313217820831348 -0.66557728926746218 0.87817583829948154 -0.025066509023308755 0.31659654677827276 1.2748645237599963 -1.4383635708263942 -0.064197354070692422 -0.79321746127755666
leaf_weight=2442 3095 480 401 966 393 401 244 617 234 305 98 41 866 122
leaf_count=2442 3095 480 401 966 393 401 244 617 234 305 98 41 866 122
internal_value=-0.00014595 -0.235771 -0.537455 0.17438 0.321185 0.0893974 -0.377012 0.658277 0.440831 0.233678 0.552203 -0.356999 -0.256522 -0.154929
internal_weight=10705 4555 2113 6150 3055 1811 1633 1244 627 1369 403 442 1232 988
internal_count=10705 4555 2113 6150 3055 1811 1633 1244 627 1369 403 442 1232 988
is_linear=0
shrinkage=0.05


Tree=13
num_leaves=15
num_cat=0
split_feature=71 84 71 84 71 24 84 8 56 84 24 70 58 36
split_gain=159019 117271 81468.4 63928 60642.5 33611.5 30192.1 22206.6 21909.7 19903.3 17212.6 26767.4 25280.2 24608.4
threshold=-1.0000000180025095e-35 105.07400350000002 -2.1374999999999988 42.523274000000008 1.7624999999999995 264.18653100000006 284.32638350000008 200.46031700000003 25.342195999999998 292.35207400000007 281.72766850000005 7.8207851708806606 0.55402850000000126 20.844531250000003
decision_type=2 2 2 2 2 2 2 2 2 2 2 2 2 2
left_child=1 -1 5 -2 6 -3 10 -7 -6 -4 11 13 -12 -5
right_child=3 2 9 4 8 7 -8 -9 -10 -11 12 -13 -14 -15
leaf_value=0.02455802979185746 0.028043347897430373 -0.99449443758494671 -0.17278973243254833 -0.31598256591815449 0.54128858345075159 -0.093243334967471461 -1.182914854834477 -0.92359850199222571 1.1542884663426702 -1.2527700687504628 0.24178086035616722 -0.32360827699303629 1.2102221032907796 0.45683975468318927
leaf_weight=2934 2738 666 1441 137 1075 227 41 124 169 43 315 303 85 407
leaf_count=2934 2738 666 1441 137 1075 227 41 124 169 43 315 303 85 407
internal_value=-0.000146658 -0.18989 -0.441376 0.195537 0.376574 -0.785891 0.135925 -0.388379 0.625426 -0.204906 0.1802 0.0523681 0.450079 0.261991
internal_weight=10705 5435 2501 5270 2532 1017 1288 351 1244 1484 1247 847 400 544
internal_count=10705 5435 2501 5270 2532 1017 1288 351 1244 1484 1247 847 400 544
is_linear=0
shrinkage=0.05


Tree=14
num_leaves=15
num_cat=0
split_feature=71 84 71 84 71 84 83 84 45 24 57 56 58 73
split_gain=144625 117807 61428.6 43045.5 77203.2 39866.7 24735.2 21522.5 20555.8 19438.5 23111 18627.2 18257.8 22081.4
threshold=-0.9875000000000006 99.767267000000018 -3.7624999999999988 42.523274000000008 1.7624999999999995 258.94589250000007 104.00574950000002 263.32487150000003 81.552083333333357 281.72766850000005 0.96993317078688457 26.900994000000008 -1.1141225000000075 8.8750000000000018
decision_type=2 2 2 2 2 2 2 2 2 2 2 2 2 2
left_child=1 -1 -3 -2 5 9 -4 11 -7 -5 -11 -6 13 -8
right_child=3 2 6 4 7 8 12 -9 -10 10 -12 -13 -14 -15
leaf_value=0.022885004760689099 0.026563273210473151 -0.9837394622350093 -0.68507704495440558 0.094076570928394262 0.59362432736159965 0.14546454523424834 -0.20742110134198746 0.06380310958240204 -0.57342783722759516 0.15713223499250195 0.91674170459630666 1.2092758595943451 -0.13374887840976465 -1.1601007826766878
leaf_weight=2442 3095 480 394 966 936 150 144 166 292 218 185 142 990 105
leaf_count=2442 3095 480 394 966 936 150 144 166 292 218 185 142 990 105
internal_value=-0.000146808 -0.213667 -0.486933 0.158006 0.291118 0.082698 -0.34039 0.594223 -0.329682 0.215984 0.507242 0.675767 -0.230316 -0.612187
internal_weight=10705 4555 2113 6150 3055 1811 1633 1244 442 1369 403 1078 1239 249
internal_count=10705 4555 2113 6150 3055 1811 1633 1244 442 1369 403 1078 1239 249
is_linear=0
shrinkage=0.05


Tree=15
num_leaves=15
num_cat=0
split_feature=71 84 22 84 84 71 58 36 47 69 22 73 41 81
split_gain=130566 106360 57233.6 39132 56921.2 60105.1 28445.1 25018.5 28556.1 21756.1 23252.5 20574.9 20577.6 19865
threshold=-0.9875000000000006 100.45845300000002 125.64656252604168 275.02512300000006 42.523274000000008 1.9000000000000006 -1.1141225000000075 23.609114583333334 78.256510416666671 11.840655182291668 136.36143433333336 8.8750000000000018 82.875000000000014 0.87837969732492682
decision_type=2 2 2 2 2 2 2 2 2 2 2 2 2 2
left_child=1 -1 7 4 -2 -6 11 8 -3 10 -7 12 -4 -11
right_child=3 2 6 -5 5 9 -8 -9 -10 13 -12 -13 -14 -15
leaf_value=0.021153466226422772 0.025235537865057164 -1.3376615982929261 0.5869110669408526 -0.52409219386575456 0.14537088837631637 0.62807660479967464 -0.14783646785649718 -0.062515628980962856 -0.65048275768311459 0.95995635646818711 -0.037797857918248974 -1.0632359658028274 -0.63917523810084464 0.17059269006719296
leaf_weight=2448 3095 261 48 207 1695 372 1055 94 367 483 202 169 113 96
leaf_count=2448 3095 261 48 207 1695 372 1055 94 367 483 202 169 113 96
internal_value=-0.000141869 -0.203018 -0.463357 0.150127 0.173695 0.334965 -0.274872 -0.824044 -0.93775 0.613315 0.394086 -0.679328 -0.272267 0.829597
internal_weight=10705 4555 2107 6150 5943 2848 1385 722 628 1153 574 330 161 579
internal_count=10705 4555 2107 6150 5943 2848 1385 722 628 1153 574 330 161 579
is_linear=0
shrinkage=0.05


Tree=16
num_leaves=15
num_cat=0
split_feature=71 84 71 84 69 70 63 69 36 7 36 45 22 36
split_gain=118076 87559.1 61102.8 47530.9 48347.7 29811 29277.2 28250.2 27888.8 20840.6 20301.8 20531.6 19235.9 18790.5
threshold=-1.0000000180025095e-35 105.07400350000002 -2.1374999999999988 42.523274000000008 11.840655182291668 8.1012924249459495 4.6262223749999984 -14.779579244791664 20.844531250000003 122.87923900000001 24.497135416666669 78.635416666666671 148.13106922916668 26.024479166666669
decision_type=2 2 2 2 2 2 2 2 2 2 2 2 2 2
left_child=1 -1 7 -2 5 8 -7 -3 -5 -9 11 -10 -6 -14
right_child=3 2 -4 4 12 6 -8 9 10 -11 -12 -13 13 -15
leaf_value=0.021654768678751574 0.024052697794417391 -1.0255033427441025 -0.17615972407899094 -0.30360341444345457 0.86287687404937474 -0.25265559284828593 0.45700890945654421 -0.69925100807648644 0.011601143606740189 -0.11266316802212398 1.3878123127330433 0.55210571493799021 -0.05176396622027582 0.74468288705462504
leaf_weight=2934 2738 373 1484 139 458 538 198 400 248 244 54 602 149 146
leaf_count=2934 2738 373 1484 139 458 538 198 400 248 244 54 602 149 146
internal_value=-0.000143767 -0.163646 -0.38095 0.168477 0.32458 0.182246 -0.0613794 -0.679313 0.354055 -0.477523 0.455401 0.394605 0.660165 0.343594
internal_weight=10705 5435 2501 5270 2532 1779 736 1017 1043 644 904 850 753 295
internal_count=10705 5435 2501 5270 2532 1779 736 1017 1043 644 904 850 753 295
is_linear=0
shrinkage=0.05


Tree=17
num_leaves=15
num_cat=0
split_feature=71 84 35 84 84 69 51 69 56 83 25 24 36 36
split_gain=107139 87193.1 49495.6 34627.2 47331.3 49041.5 31372.7 28474.8 24120.3 21432.1 21289 33445.7 19573.7 29998.7
threshold=-0.9875000000000006 99.767267000000018 19.946354166666669 275.02512300000006 42.523274000000008 -0.12570920833333388 3.5000000000000004 -10.293456088541664 25.342195999999998 196.89733250000003 108.78301200260144 278.11863750000003 18.395963541666671 21.329817708333337
decision_type=2 2 2 2 2 2 2 2 2 2 2 2 2 2
left_child=1 -1 7 4 -2 6 -6 -3 -7 -4 11 -11 -9 -14
right_child=3 2 9 -5 5 8 -8 12 -10 10 -12 -13 13 -15
leaf_value=0.01960168762854558 0.022785747213438345 -1.0280766449563796 -0.442985639355016 -0.49822771005789179 0.23616464755276667 0.39457261873855692 -0.35836632831208926 -1.2806629759366395 1.0179305520148307 -0.13686426947733796 -0.63172237124324837 0.72741309303500046 0.028919901418955809 -0.85872331242650179
leaf_weight=2442 3095 390 582 207 580 1740 358 60 170 409 120 153 244 155
leaf_count=2442 3095 390 582 207 580 1740 358 60 170 409 120 153 244 155
internal_value=-0.000129853 -0.183907 -0.419 0.135992 0.158163 0.305221 0.00911411 -0.714087 0.450558 -0.220389 -0.0300602 0.0993024 -0.445643 -0.317189
internal_weight=10705 4555 2113 6150 5943 2848 938 849 1910 1264 682 562 459 399
internal_count=10705 4555 2113 6150 5943 2848 938 849 1910 1264 682 562 459 399
is_linear=0
shrinkage=0.05


Tree=18
num_leaves=15
num_cat=0
split_feature=71 84 71 84 69 69 84 31 70 63 36 46 70 69
split_gain=97505.8 71928.4 55983.4 47930.5 34651 24257 22244.7 18495.9 18398.5 22515.7 21248.6 17563.1 14863.6 16084.3
threshold=1.0000000180025095e-35 105.07400350000002 -2.1374999999999988 42.523274000000008 11.840655182291668 -26.30091713020833 295.90254450000003 18.012500000000003 8.1012924249459495 4.6262223749999984 24.497135416666669 82.848958333333357 7.707720604428558 -5.4814435729166666
decision_type=2 2 2 2 2 2 2 2 2 2 2 2 2 2
left_child=1 -1 5 -2 8 -3 11 -7 10 -10 -5 -4 13 -13
right_child=3 2 6 4 -6 7 -8 -9 9 -11 -12 12 -14 -15
leaf_value=0.028233808934432222 0.021850530112008652 -1.096606563266955 0.074616545930604392 0.28473227388211697 0.62215821883565814 -1.41410463440652 -1.2119755490372579 -0.42793323015034396 -0.20828552548545642 0.44672446908508107 1.3021948328885165 -0.52100671130976239 -0.43978883786080314 0.10759574158950465
leaf_weight=3167 2558 208 691 792 728 50 47 759 428 188 54 138 518 379
leaf_count=3167 2558 208 691 792 728 50 47 759 428 188 54 138 518 379
internal_value=-0.000136381 -0.134847 -0.319908 0.168869 0.340504 -0.615461 -0.150126 -0.490554 0.199925 -0.00797985 0.351137 -0.120527 -0.250757 -0.0608756
internal_weight=10705 5957 2790 4748 2190 1017 1773 809 1462 616 846 1726 1035 517
internal_count=10705 5957 2790 4748 2190 1017 1773 809 1462 616 846 1726 1035 517
is_linear=0
shrinkage=0.05


Tree=19
num_leaves=15
num_cat=0
split_feature=71 84 35 84 84 71 69 31 42 47 36 65 36 36
split_gain=88356.9 71811.7 44108.2 29760.3 39409.6 42588.3 25550.1 18664 36168 21882 24206.9 18077.5 17274 26803.9
threshold=-0.9875000000000006 86.770001500000021 19.946354166666669 275.02512300000006 42.523274000000008 2.212499999999999 -10.293456088541664 21.012500000000003 68.875000000000014 70.903645833333357 24.424479166666671 -3.8802609583333334 18.395963541666671 21.329817708333337
decision_type=2 2 2 2 2 2 2 2 2 2 2 2 2 2
left_child=1 -1 6 4 -2 7 -3 -6 -9 -10 -11 -4 -8 -14
right_child=3 2 11 -5 5 -7 12 8 9 10 -12 -13 13 -15
leaf_value=0.025538495487614429 0.020499296303482326 -0.94368525015504601 -0.4417048521094491 -0.46448398194087742 -0.16194494496772927 0.55593802369044476 -1.1811585095620925 -0.018921535814054855 0.99639339244518532 0.44953368081615103 -0.5112861984372139 -0.054592113373554053 0.020338021559912836 -0.80179779061788248
leaf_weight=2347 3095 396 462 207 396 929 61 767 155 527 74 866 266 157
leaf_count=2347 3095 396 462 207 396 929 61 767 155 527 74 866 266 157
internal_value=-0.000140918 -0.167034 -0.371648 0.123475 0.144029 0.278218 -0.646003 0.143553 0.22304 0.468223 0.330577 -0.189496 -0.401001 -0.285976
internal_weight=10705 4555 2208 6150 5943 2848 880 1919 1523 756 601 1328 484 423
internal_count=10705 4555 2208 6150 5943 2848 880 1919 1523 756 601 1328 484 423
is_linear=0
shrinkage=0.05


Tree=20
num_leaves=15
num_cat=0
split_feature=71 84 71 84 69 69 84 24 17 31 73 58 65 16
split_gain=79961.2 59621.9 45305.6 39324.7 30152.7 20479.5 20050.3 16797.2 17511.8 15200.7 14801.8 27248.1 15445.1 14264.1
threshold=1.0000000180025095e-35 105.07400350000002 -2.1374999999999988 42.523274000000008 11.840655182291668 -26.462434338541666 269.42642150000006 253.43744300000003 1.1692635583363182e-06 18.012500000000003 0.37500000000000006 -0.8425244999999818 3.5916065833333302 266.38679650000006
decision_type=2 2 2 2 2 2 2 2 2 2 2 2 2 2
left_child=1 -1 5 -2 7 -3 10 8 -5 -7 -4 -12 -13 -9
right_child=3 2 6 4 -6 9 -8 13 -10 -11 11 12 -14 -15
leaf_value=0.026339475497503612 0.019733865322103347 -1.0548734729546447 0.15888394327456012 1.0015493355759788 0.57109776208041796 -1.2932249115962611 -0.46930527863793137 0.00031446826981618972 0.24465206687571481 -0.4004095632436544 -0.8546206875894895 -0.11691235370023412 0.88065325472413036 0.49274951437115666
leaf_weight=3167 2558 171 521 108 728 50 362 921 259 796 126 724 40 174
leaf_count=3167 2558 171 521 108 728 50 362 921 259 796 126 724 40 174
internal_value=-0.000145602 -0.122136 -0.290624 0.152901 0.308366 -0.556502 -0.137887 0.177238 0.469507 -0.454641 -0.0525879 -0.176421 -0.0636009 0.0789426
internal_weight=10705 5957 2790 4748 2190 1017 1773 1462 367 846 1411 890 764 1095
internal_count=10705 5957 2790 4748 2190 1017 1773 1462 367 846 1411 890 764 1095
is_linear=0
shrinkage=0.05


Tree=21
num_leaves=15
num_cat=0
split_feature=71 84 35 84 84 69 51 84 69 70 54 25 24 47
split_gain=72260.2 58638.1 37645.2 26849.4 26027.5 36663.3 22866.8 22034.5 21390.3 16945.5 21140.8 16728.2 42433 21608.7
threshold=-0.9875000000000006 86.770001500000021 19.946354166666669 295.90254450000003 42.523274000000008 -0.12570920833333388 3.5000000000000004 249.14793600000004 -10.293456088541664 15.169894325524382 0.87837969732492682 109.2624300420939 278.11863750000003 78.904947916666671
decision_type=2 2 2 2 2 2 2 2 2 2 2 2 2 2
left_child=1 -1 8 4 -2 6 9 -7 -3 10 -6 12 -4 -14
right_child=3 2 11 -5 5 7 -8 -9 -10 -11 -12 -13 13 -15
leaf_value=0.022945702906691644 0.018431000914954095 -0.86179145391029377 -0.26666587601626113 -1.1483544483958255 0.16312287829752115 0.44786916172135993 -0.30590334255907903 0.067665583641422028 -0.36525500161554092 -0.2407496923240168 1.0200221383964623 -0.69315929379903107 0.8309575350390328 -0.084649036119918572
leaf_weight=2347 3095 396 929 41 347 1477 412 514 484 174 90 135 154 110
leaf_count=2347 3095 396 929 41 347 1477 412 514 484 174 90 135 154 110
internal_value=-0.000142027 -0.151069 -0.335965 0.111648 0.120291 0.224848 -0.018438 0.349798 -0.589421 0.175584 0.341527 -0.167695 -0.107703 0.450575
internal_weight=10705 4555 2208 6150 6109 3014 1023 1991 880 611 437 1328 1193 264
internal_count=10705 4555 2208 6150 6109 3014 1023 1991 880 611 437 1328 1193 264
is_linear=0
shrinkage=0.05


Tree=22
num_leaves=15
num_cat=0
split_feature=71 84 71 84 69 84 24 18 70 36 63 47 22 36
split_gain=65783 49176.7 37516.1 32385.8 26053.3 17593.2 17272.3 15541.9 14945.8 17715.5 17398 14650.9 13798.3 15137.5
threshold=1.0000000180025095e-35 105.07400350000002 -2.1374999999999988 42.523274000000008 11.840655182291668 295.90254450000003 257.54432450000007 53.732761979166668 8.1012924249459495 24.497135416666669 4.6262223749999984 76.860677083333357 148.13106922916668 26.024479166666669
decision_type=2 2 2 2 2 2 2 2 2 2 2 2 2 2
left_child=1 -1 6 -2 8 -4 -3 11 9 -5 -10 -8 -6 -14
right_child=3 2 5 4 12 -7 7 -9 10 -11 -12 -13 13 -15
leaf_value=0.024054551533672659 0.017826368318213388 -0.68849813053384423 -0.098502868998131918 0.23357526397680181 0.6919365582486342 -1.0691280596889556 0.50759095370615881 -0.50775470515563537 -0.20551358140171408 1.1624337491122159 0.37026871519665872 -0.40654539540410045 -0.16012947082842197 0.58570595878322107
leaf_weight=3167 2558 569 1726 792 456 47 96 273 428 54 188 79 126 146
leaf_count=3167 2558 569 1726 792 456 47 96 273 428 54 188 79 126 146
internal_value=-0.000141444 -0.110789 -0.263808 0.138675 0.279759 -0.124821 -0.505752 -0.272633 0.157877 0.294167 -0.0294725 0.0949585 0.523974 0.240888
internal_weight=10705 5957 2790 4748 2190 1773 1017 448 1462 846 616 175 728 272
internal_count=10705 5957 2790 4748 2190 1773 1017 448 1462 846 616 175 728 272
is_linear=0
shrinkage=0.05


Tree=23
num_leaves=15
num_cat=0
split_feature=71 84 35 84 84 69 51 69 56 84 47 70 54 25
split_gain=59605.7 48222.4 31916.3 23419.9 23798.6 31738.3 20352.7 18258.9 17306.5 17833 16738.9 16001.9 17177.9 15029.5
threshold=-0.9875000000000006 86.770001500000021 19.946354166666669 282.33339050000006 42.523274000000008 -1.3059802708333337 3.5000000000000004 -10.293456088541664 25.342195999999998 96.401743500000009 81.669270833333357 15.169894325524382 0.87837969732492682 109.2624300420939
decision_type=2 2 2 2 2 2 2 2 2 2 2 2 2 2
left_child=1 -1 7 4 -2 6 11 10 9 -7 -3 12 -6 -4
right_child=3 2 13 -5 5 8 -8 -9 -10 -11 -12 -13 -14 -15
leaf_value=0.020596690745024709 0.016564703483894969 -1.0571410696214765 -0.093091356042395018 -0.68185388552857207 0.13778680797095341 0.62269733970804564 -0.3490331967406155 -0.33116736057095625 0.79074699340252153 0.20858488003242789 -0.39157079373781356 -0.28377001524468265 0.93863681846044289 -0.64800529111834138
leaf_weight=2347 3095 236 1193 93 282 309 331 484 177 1627 160 149 87 135
leaf_count=2347 3095 236 1193 93 282 309 331 484 177 1627 160 149 87 135
internal_value=-0.000132235 -0.137208 -0.304881 0.101399 0.113536 0.214821 -0.0433539 -0.538254 0.318527 0.274968 -0.789887 0.15227 0.328632 -0.149947
internal_weight=10705 4555 2208 6150 6057 2962 849 880 2113 1936 396 518 369 1328
internal_count=10705 4555 2208 6150 6057 2962 849 880 2113 1936 396 518 369 1328
is_linear=0
shrinkage=0.05


Tree=24
num_leaves=15
num_cat=0
split_feature=71 84 71 84 69 84 83 24 30 73 58 65 70 31
split_gain=53903.1 40473.5 31178.2 26550 22425.5 15807.5 15229.2 13346.9 16362.3 12274.4 23243 12884.4 12249.3 19315.5
threshold=1.0000000180025095e-35 105.07400350000002 -2.1374999999999988 42.523274000000008 11.840655182291668 269.42642150000006 255.09913100000003 253.43744300000003 19.212500000000002 0.37500000000000006 -0.8425244999999818 3.5916065833333302 16.669096937163683 22.987500000000004
decision_type=2 2 2 2 2 2 2 2 2 2 2 2 2 2
left_child=1 -1 6 -2 7 9 -3 8 -5 -4 -11 -12 -6 -14
right_child=3 2 5 4 12 -7 -8 -9 -10 10 11 -13 13 -15
leaf_value=0.022040581549262785 0.016107486512755082 -0.52526638475965881 0.15588551796241254 -0.29597571927892125 0.83461641549982668 -0.40667389046876068 0.10963805848117568 0.052595660470931262 0.55961970617622148 -0.77581754784268431 -0.093976195551077168 0.81712984396371913 1.199488775716087 0.25441602908338523
leaf_weight=3167 2558 912 521 68 182 362 105 1095 299 126 724 40 60 486
leaf_count=3167 2558 912 521 68 182 362 105 1095 299 126 724 40 60 486
internal_value=-0.000130761 -0.100291 -0.23911 0.125528 0.253269 -0.112407 -0.459672 0.140197 0.400716 -0.0366764 -0.149449 -0.0452685 0.479841 0.360273
internal_weight=10705 5957 2790 4748 2190 1773 1017 1462 367 1411 890 764 728 546
internal_count=10705 5957 2790 4748 2190 1773 1017 1462 367 1411 890 764 728 546
is_linear=0
shrinkage=0.05


Tree=25
num_leaves=15
num_cat=0
split_feature=71 84 24 25 49 30 47 7 84 84 69 51 57 51
split_gain=48690.6 39306.7 28047.3 35987.3 24389 23646.9 21441.6 21932.3 20635.4 23548.2 26607.6 20229 17717.8 14618.3
threshold=-0.9875000000000006 86.770001500000021 278.11863750000003 109.2624300420939 3.5000000000000004 16.862500000000004 78.904947916666671 174.11692250000002 273.02215500000005 42.523274000000008 -1.3059802708333337 3.5000000000000004 1.1217152843747329 1.5000000000000002
decision_type=2 2 2 2 2 2 2 2 2 2 2 2 2 2
left_child=1 -1 4 6 5 -3 7 -4 9 -2 11 -11 -12 -6
right_child=8 2 3 -5 13 -7 -8 -9 -10 10 12 -13 -14 -15
leaf_value=0.018465734254156305 0.014880166729811087 -1.0214474899406285 1.6976544991452647 -0.59611620356821848 0.07962072741985321 -0.21167834314388725 -0.040751418719689056 0.39813342926972506 -0.36289782655886182 0.16435676880992661 0.2645517705234009 -0.35895795527770114 0.79002762545873839 -0.84545752618829784
leaf_weight=2347 3095 96 46 135 49 1299 152 108 239 490 1856 295 175 323
leaf_count=2347 3095 96 46 135 49 1299 152 108 239 490 1856 295 175 323
internal_value=-0.000115238 -0.124006 -0.275387 0.0811754 -0.364372 -0.268096 0.380949 0.79475 0.0916499 0.110087 0.214684 -0.0325094 0.310196 -0.723719
internal_weight=10705 4555 2208 441 1767 1395 306 154 6150 5911 2816 785 2031 372
internal_count=10705 4555 2208 441 1767 1395 306 154 6150 5911 2816 785 2031 372
is_linear=0
shrinkage=0.05


Tree=26
num_leaves=15
num_cat=0
split_feature=71 84 71 84 69 84 69 31 70 36 16 37 46 52
split_gain=44318.7 33422.8 25746.8 21853.8 19487.1 14373.9 13888 12194.5 11927.1 15717.3 14526.3 13101.2 11775.6 12286.7
threshold=1.0000000180025095e-35 105.07400350000002 -2.1374999999999988 42.523274000000008 11.840655182291668 295.90254450000003 -26.462434338541666 18.012500000000003 8.0129088345045254 24.497135416666669 266.38679650000006 77.875000000000014 82.848958333333357 0.88144907265856365
decision_type=2 2 2 2 2 2 2 2 2 2 2 2 2 2
left_child=1 -1 6 -2 8 12 -3 -8 9 11 -10 -5 13 -4
right_child=3 2 5 4 -6 -7 7 -9 10 -11 -12 -13 -14 -15
leaf_value=0.020236902893247127 0.01455870946900553 -0.8277466761511425 -0.016319194972645817 -0.10248699629441999 0.44092901640947568 -0.95546633057917152 -1.0842295398899153 -0.28526736086686094 -0.15215238198393832 1.0643353323502975 0.48810992942792231 0.33150252238364991 -0.18479909128491484 0.53475560809985356
leaf_weight=3167 2558 171 569 258 728 47 50 796 514 54 106 530 1035 122
leaf_count=3167 2558 171 569 258 728 47 50 796 514 54 106 530 1035 122
internal_value=-0.000109521 -0.0909293 -0.217079 0.113831 0.229726 -0.10194 -0.417511 -0.333712 0.124328 0.246764 -0.0420784 0.18946 -0.078158 0.0816084
internal_weight=10705 5957 2790 4748 2190 1773 1017 846 1462 842 620 788 1726 691
internal_count=10705 5957 2790 4748 2190 1773 1017 846 1462 842 620 788 1726 691
is_linear=0
shrinkage=0.05


Tree=27
num_leaves=15
num_cat=0
split_feature=35 84 84 69 67 84 84 57 36 36 84 52 47 36
split_gain=40398.9 29469.7 26525.5 24219.6 19835 20821.2 22248 18682.6 15557.5 25176.6 15000.9 16125.7 14577.8 12963.7
threshold=19.946354166666669 90.348270500000027 299.97504500000008 -10.466263937499997 -2.4885673333333322 42.523274000000008 273.02215500000005 1.1217152843747329 21.329817708333337 20.748177083333335 95.689753500000009 0.88144907265856365 81.669270833333357 18.395963541666671
decision_type=2 2 2 2 2 2 2 2 2 2 2 2 2 2
left_child=1 -1 4 12 -2 -6 7 10 9 13 -7 -12 -3 -5
right_child=2 3 -4 8 5 6 -8 -9 -10 -11 11 -13 -14 -15
leaf_value=0.04254716633874972 -0.067181952605651615 -0.91860331349074853 -1.0580865573000027 -0.929422240872537 0.013003129301014209 0.52769072757125546 -0.18381823302132949 0.75273998867939507 -0.54898952905620846 0.4701073563802316 0.084757182315071372 0.40452923904639637 -0.30435010224467879 -0.15109014460461856
leaf_weight=765 2440 239 53 61 3222 323 340 169 230 160 1624 520 164 395
leaf_count=765 2440 239 53 61 3222 323 340 169 230 160 1624 520 164 395
internal_value=-0.00010738 -0.201825 0.0466552 -0.351414 0.0535552 0.10109 0.196421 0.245517 -0.199038 -0.0676963 0.210479 0.162466 -0.670006 -0.257015
internal_weight=10705 2014 8691 1249 8638 6198 2976 2636 846 616 2467 2144 403 456
internal_count=10705 2014 8691 1249 8638 6198 2976 2636 846 616 2467 2144 403 456
is_linear=0
shrinkage=0.05


Tree=28
num_leaves=15
num_cat=0
split_feature=71 84 71 84 69 84 83 22 36 81 47 26 17 52
split_gain=36715.4 28451.8 21463.3 18003.7 16717.3 12492.4 12338.8 11134.2 13751.3 12722.6 23004.6 22978.9 14300.3 11133.8
threshold=1.0000000180025095e-35 107.33202100000001 -2.1374999999999988 42.523274000000008 11.840655182291668 269.76935550000002 255.09913100000003 148.13106922916668 25.780468750000001 0.87837969732492682 68.669270833333357 23.212500000000002 1.5496245184389131e-05 0.44228869021900152
decision_type=2 2 2 2 2 2 2 2 2 2 2 2 2 2
left_child=1 -1 6 -2 -5 -4 -3 9 -9 10 13 -11 -12 -6
right_child=3 2 5 4 7 -7 -8 8 -10 11 12 -13 -14 -15
leaf_value=0.018452576071948584 0.013491938585774327 -0.44434241620513304 -0.028091153114645884 0.11117133487006579 0.65276883437552247 -0.36170988489191802 0.13476379772702468 -0.31382231704964503 0.42065056134661333 0.70691490998302686 -0.14280051731161381 -0.68510616055618112 0.69835781774489714 1.7038994648877315
leaf_weight=3206 2558 899 1400 1462 43 350 102 100 172 68 75 51 152 67
leaf_count=3206 2558 899 1400 1462 43 350 102 100 172 68 75 51 152 67
internal_value=-0.000110726 -0.0827737 -0.200706 0.103597 0.208788 -0.0949834 -0.385257 0.404405 0.150463 0.555218 0.711784 0.109597 0.421035 1.30259
internal_weight=10705 5957 2751 4748 2190 1750 1001 728 272 456 337 119 227 110
internal_count=10705 5957 2751 4748 2190 1750 1001 728 272 456 337 119 227 110
is_linear=0
shrinkage=0.05


Tree=29
num_leaves=15
num_cat=0
split_feature=35 84 84 69 67 84 84 52 84 8 36 36 60 47
split_gain=34196.2 25009.7 23302.3 20627.2 16922.4 17914.3 19031.7 17576 24941.7 16195.3 13928.3 22536.2 13718.7 13137.2
threshold=19.946354166666669 90.348270500000027 299.97504500000008 -10.466263937499997 -2.4885673333333322 42.523274000000008 269.17495900000006 0.88144907265856365 203.21740350000002 199.62524050000005 21.329817708333337 20.748177083333335 64.760970499999999 81.669270833333357
decision_type=2 2 2 2 2 2 2 2 2 2 2 2 2 2
left_child=1 -1 4 13 -2 -6 7 8 12 -10 11 -5 -7 -3
right_child=2 3 -4 10 5 6 -8 -9 9 -11 -12 -13 -14 -15
leaf_value=0.039441117354457128 -0.062123818108680354 -0.85345994952445237 -0.99251792938620964 -0.23772528048531361 0.011596520118625719 0.27009566443397542 -0.10571284613159426 0.49759700057919604 0.0049578382812973318 -0.9624793717394704 -0.51398351006854925 0.45020888351274202 1.0072517666354108 -0.27054884124998796
leaf_weight=765 2440 239 53 456 3222 1143 482 514 726 45 230 160 66 164
leaf_count=765 2440 239 53 456 3222 1143 482 514 726 45 230 160 66 164
internal_value=-9.3586e-05 -0.18568 0.0429296 -0.323486 0.0493969 0.0933028 0.18173 0.237302 0.169513 -0.052681 -0.182865 -0.058601 0.311137 -0.617502
internal_weight=10705 2014 8691 1249 8638 6198 2976 2494 1980 771 846 616 1209 403
internal_count=10705 2014 8691 1249 8638 6198 2976 2494 1980 771 846 616 1209 403
is_linear=0
shrinkage=0.05


Tree=30
num_leaves=15
num_cat=0
split_feature=84 71 84 24 25 49 30 84 84 31 51 52 6 47
split_gain=31056.2 30480.7 20647.8 18208.6 31907.7 28069.5 18136.6 14210.7 17050.7 19497.6 13767.7 12941.7 12759.9 12881.6
threshold=303.76010700000006 -1.0000000180025095e-35 104.01284850000002 278.11863750000003 109.00154112320878 3.5000000000000004 16.862500000000004 42.523274000000008 252.77660250000002 21.112500000000004 1.5000000000000002 0.44228869021900152 95.649514500000024 70.591145833333357
decision_type=2 2 2 2 2 2 2 2 2 2 2 2 2 2
left_child=1 2 -1 5 11 6 -4 -3 9 -9 -7 -5 13 -11
right_child=-2 7 3 4 -6 10 -8 8 -10 12 -12 -13 -14 -15
leaf_value=0.01220026693616455 -1.3411197160565578 0.012333755193100702 -0.84068195541267809 -0.022314118954818697 -0.41141308860924958 0.091347347565910286 -0.11684566176519856 -0.10444650044055465 -0.051725040296925685 0.66481243375937149 -0.75392377156475998 0.62241064239908195 0.14051420793999644 0.29110700762482195
leaf_weight=2923 42 2738 91 125 207 56 1471 320 615 374 335 205 596 607
leaf_count=2923 42 2738 91 125 207 56 1471 320 615 374 335 205 596 607
internal_value=-9.69278e-05 0.00531043 -0.0779362 -0.183709 0.0740355 -0.254581 -0.159526 0.0911401 0.176998 0.251137 -0.632938 0.378867 0.323311 0.434112
internal_weight=10705 10663 5413 2490 537 1953 1562 5250 2512 1897 391 330 1577 981
internal_count=10705 10663 5413 2490 537 1953 1562 5250 2512 1897 391 330 1577 981
is_linear=0
shrinkage=0.05


Tree=31
num_leaves=15
num_cat=0
split_feature=35 84 84 69 67 84 84 69 52 84 48 52 36 36
split_gain=28613.4 21061.6 19286.1 17178.4 14301.9 15134.2 16008.1 17555.9 14273.6 17387.2 14768.6 12605.6 12047.9 20135
threshold=19.946354166666669 90.348270500000027 299.97504500000008 -10.466263937499997 -2.4885673333333322 42.523274000000008 263.70710200000008 -13.712057489583332 0.88144907265856365 203.21740350000002 2.8750000000000004 0.5277851165098012 21.329817708333337 20.748177083333335
decision_type=2 2 2 2 2 2 2 2 2 2 2 2 2 2
left_child=1 -1 4 -3 -2 -6 8 -8 9 11 -11 -7 13 -5
right_child=2 3 -4 12 5 6 7 -9 -10 10 -12 -13 -14 -15
leaf_value=0.036725567998720197 -0.057384884392667916 -0.56463962096794706 -0.90274624703107065 -0.22174446115064428 0.010402317691896038 0.18636815191474648 0.87554378410180422 -0.1163014497502014 0.49732045439049238 0.19498113590714516 -0.27093544975148909 0.54948929646222266 -0.47595147739499161 0.42850630187562538
leaf_weight=765 2440 403 53 456 3222 881 47 632 409 350 329 328 230 160
leaf_count=765 2440 403 53 456 3222 881 47 632 409 350 329 328 230 160
internal_value=-0.000100524 -0.169864 0.0392544 -0.296326 0.045138 0.0855015 0.166778 -0.0464599 0.229804 0.171619 -0.0308387 0.285255 -0.167996 -0.0524274
internal_weight=10705 2014 8691 1249 8638 6198 2976 679 2297 1888 679 1209 846 616
internal_count=10705 2014 8691 1249 8638 6198 2976 679 2297 1888 679 1209 846 616
is_linear=0
shrinkage=0.05


Tree=32
num_leaves=15
num_cat=0
split_feature=84 71 84 24 25 49 46 30 58 84 84 31 6 47
split_gain=26399.6 25301.8 20148.4 18549.7 27837.9 18740 17434.9 15397.2 12724.6 9524.83 16651.7 18317.7 16711 13263.5
threshold=303.76010700000006 -0.9875000000000006 86.770001500000021 278.11863750000003 109.2624300420939 3.5000000000000004 77.067708333333357 16.862500000000004 -1.7172850000000037 263.70710200000008 42.523274000000008 21.062500000000004 92.256014000000008 70.591145833333357
decision_type=2 2 2 2 2 2 2 2 2 2 2 2 2 2
left_child=1 2 -1 5 6 7 -5 -4 -9 10 -3 -12 13 -13
right_child=-2 9 3 4 -6 -7 -8 8 -10 -11 11 12 -14 -15
leaf_value=0.017220232003325602 -1.2364983080431473 0.01158069706069503 -0.78872923586786414 1.0673659390824681 -0.50325092384174697 -0.5807789692440477 0.15819471330741938 -0.56325447407666773 -0.07737183289397262 -0.14100573622732512 -0.11016906359866602 0.58419686228587497 0.071053670530377186 0.2430759928314955
leaf_weight=2347 42 3095 96 67 133 372 237 152 1134 486 437 432 833 842
leaf_count=2347 42 3095 96 67 133 372 237 152 1134 486 437 432 833 842
internal_value=-9.47056e-05 0.0048908 -0.0845789 -0.193584 0.0977069 -0.266172 0.361414 -0.181129 -0.135194 0.0711817 0.0894909 0.184234 0.245317 0.359114
internal_weight=10705 10663 4538 2191 437 1754 304 1382 1286 6125 5639 2544 2107 1274
internal_count=10705 10663 4538 2191 437 1754 304 1382 1286 6125 5639 2544 2107 1274
is_linear=0
shrinkage=0.05


Tree=33
num_leaves=15
num_cat=0
split_feature=84 71 84 24 25 47 7 49 30 58 51 84 69 51
split_gain=24261.8 21872.1 16813.5 16349.5 25485.2 17052.8 18131.3 16479.9 14253.6 11027.6 9078.78 8478.53 16210.4 13083.2
threshold=292.35207400000007 -0.9875000000000006 86.770001500000021 278.11863750000003 109.2624300420939 75.063802083333357 204.75732950000003 3.5000000000000004 16.862500000000004 -1.7172850000000037 1.5000000000000002 42.523274000000008 -1.3059802708333337 3.5000000000000004
decision_type=2 2 2 2 2 2 2 2 2 2 2 2 2 2
left_child=1 2 -1 7 5 6 -5 8 -4 -10 -9 -3 13 -13
right_child=-2 11 3 4 -6 -7 -8 10 9 -11 -12 12 -14 -15
leaf_value=0.016359587234890748 -0.75279170002015139 0.011001849326170328 -0.74969934010014094 1.5766373842320545 -0.48458872508001694 0.038862428142909071 0.32162142550790468 0.087835655227303508 -0.5213973069921235 -0.065875006536837893 -0.64180052716531777 0.10158945158817621 0.2026695218427241 -0.29667357411817646
leaf_weight=2347 105 3095 96 46 130 179 76 49 150 1110 316 528 2141 337
leaf_count=2347 105 3095 96 46 130 179 76 49 150 1110 316 528 2141 337
internal_value=-9.86028e-05 0.00742763 -0.076201 -0.17711 0.098104 0.350537 0.803795 -0.24605 -0.165541 -0.120474 -0.543877 0.0690995 0.128894 -0.0537354
internal_weight=10705 10600 4499 2152 431 301 122 1721 1356 1260 365 6101 3006 865
internal_count=10705 10600 4499 2152 431 301 122 1721 1356 1260 365 6101 3006 865
is_linear=0
shrinkage=0.05


Tree=34
num_leaves=15
num_cat=0
split_feature=84 71 84 24 49 25 47 70 70 84 36 30 69 51
split_gain=22413.6 20851.7 15789.5 13925.6 26415.5 23121 16545 16301.3 11842.9 11590.3 12216.6 14255 12929.8 11316.4
threshold=303.76010700000006 1.0000000180025095e-35 105.07400350000002 278.11863750000003 3.5000000000000004 109.00154112320878 69.141927083333357 15.105780810542793 16.442847075265153 42.523274000000008 22.670312500000005 22.237500000000004 -1.0000000180025095e-35 1.5000000000000002
decision_type=2 2 2 2 2 2 2 2 2 2 2 2 2 2
left_child=1 2 -1 4 7 6 -5 -4 -9 -3 -11 -12 -13 -6
right_child=-2 9 3 5 13 -7 -8 8 -10 10 11 12 -14 -15
leaf_value=0.018184089957915171 -1.1393469256024029 0.010515429574345508 -0.021604384326162324 1.2088246842253616 0.092576825631589726 -0.33611819068212873 0.17937075175789441 -0.77210759940055707 -0.21431053845402773 -0.043676647375662493 0.43162743500734807 -0.18682471417389282 0.22165893779989007 -0.66358068005314896
leaf_weight=3167 42 2558 1228 43 57 229 351 129 360 521 587 253 817 363
leaf_count=3167 42 2558 1228 43 57 229 351 129 360 521 587 253 817 363
internal_value=-9.90721e-05 0.00449468 -0.0580025 -0.145399 -0.206018 0.0625314 0.294498 -0.118913 -0.362735 0.0827043 0.167444 0.233812 0.124989 -0.560983
internal_weight=10705 10663 5927 2760 2137 623 394 1717 489 4736 2178 1657 1070 420
internal_count=10705 10663 5927 2760 2137 623 394 1717 489 4736 2178 1657 1070 420
is_linear=0
shrinkage=0.05


Tree=35
num_leaves=15
num_cat=0
split_feature=84 35 84 69 52 84 49 36 47 84 36 36 36 24
split_gain=20323.9 17837.3 12758.9 13687.4 11985.3 12419.4 11244.6 10874 10622.2 10078.4 8862.68 11384.9 11714.4 8837.87
threshold=287.58038500000004 19.946354166666669 90.348270500000027 -10.466263937499997 0.88144907265856365 273.02215500000005 4.5000000000000009 18.395963541666671 81.669270833333357 244.96119200000001 21.44947916666667 20.748177083333335 19.575781250000002 280.08090150000004
decision_type=2 2 2 2 2 2 2 2 2 2 2 2 2 2
left_child=1 2 -1 8 13 6 9 -5 -4 -6 11 12 -9 -3
right_child=-2 4 3 7 5 -7 -8 10 -10 -11 -12 -13 -14 -15
leaf_value=0.032764641447272397 -0.58196219433251628 -0.017804783794290381 -0.68829162658809073 -0.74805920104826651 0.87982643615491318 -0.13108580022759533 0.035922017358511471 0.37653663469380461 -0.16085740782659164 0.32097654486289967 -0.35202099032835177 0.377155990461851 -0.26017983873676975 0.099991789635244674
leaf_weight=765 147 5289 230 61 100 220 277 94 164 415 192 173 301 2277
leaf_count=765 147 5289 230 61 100 220 277 94 164 415 192 173 301 2277
internal_value=-9.97922e-05 0.00805588 -0.127177 -0.227825 0.0392819 0.200795 0.293033 -0.111311 -0.469714 0.430986 -0.0592881 0.0401086 -0.108089 0.0176548
internal_weight=10705 10558 1980 1215 8578 1012 792 821 394 515 760 568 395 7566
internal_count=10705 10558 1980 1215 8578 1012 792 821 394 515 760 568 395 7566
is_linear=0
shrinkage=0.05


end of trees

feature_importances:
consumo_alvo_semana_anterior=133
temperatura_externa_c_diferenca_semana_atual=67
correcao_semanal_media_1440m=52
temperatura_externa_c_media_1440m=28
consumo_max_1440m=27
consumo_diferenca_dia_atual=17
umidade_relativa_pct_media_1440m=14
origem_mes=13
consumo_mean_1440m=12
temperatura_externa_c_lag_360m=11
correcao_semanal_std_1440m=11
consumo_std_1440m=9
temperatura_externa_c_media_360m=8
origem_hora_sin=8
consumo_lag_720m=7
temperatura_externa_c_lag_720m=7
correcao_semanal_media_60m=7
correcao_semanal_media_180m=7
consumo_lag_1440m=6
origem_dia_semana=6
consumo_alvo_dia_anterior=6
consumo_lag_360m=5
umidade_relativa_pct_diferenca_semana_atual=5
consumo_max_180m=4
umidade_relativa_pct_media_360m=4
consumo_diferenca_semana_atual=4
umidade_relativa_pct_media_180m=3
consumo_razao_semana_atual=3
correcao_semanal_media_360m=3
consumo_std_180m=2
umidade_relativa_pct_lag_720m=2
origem_semana_sin=2
alvo_semana_sin=2
consumo_mean_180m=1
consumo_mean_360m=1
consumo_max_360m=1
temperatura_externa_c_atual=1
umidade_relativa_pct_atual=1
umidade_relativa_pct_lag_360m=1
origem_hora=1
tendencia_consumo_60m=1
alvo_dia_semana=1

parameters:
[boosting: gbdt]
[objective: regression]
[metric: l1]
[tree_learner: serial]
[device_type: cpu]
[data_sample_strategy: bagging]
[data: ]
[valid: ]
[num_iterations: 400]
[learning_rate: 0.05]
[num_leaves: 15]
[num_threads: 2]
[seed: 20260905]
[deterministic: 1]
[force_col_wise: 1]
[force_row_wise: 0]
[histogram_pool_size: -1]
[max_depth: -1]
[min_data_in_leaf: 40]
[min_sum_hessian_in_leaf: 0.001]
[bagging_fraction: 1]
[pos_bagging_fraction: 1]
[neg_bagging_fraction: 1]
[bagging_freq: 0]
[bagging_seed: 23218]
[bagging_by_query: 0]
[feature_fraction: 1]
[feature_fraction_bynode: 1]
[feature_fraction_seed: 28090]
[extra_trees: 0]
[extra_seed: 14360]
[early_stopping_round: 0]
[early_stopping_min_delta: 0]
[first_metric_only: 0]
[max_delta_step: 0]
[lambda_l1: 0]
[lambda_l2: 1]
[linear_lambda: 0]
[min_gain_to_split: 0]
[drop_rate: 0.1]
[max_drop: 50]
[skip_drop: 0.5]
[xgboost_dart_mode: 0]
[uniform_drop: 0]
[drop_seed: 16970]
[top_rate: 0.2]
[other_rate: 0.1]
[min_data_per_group: 100]
[max_cat_threshold: 32]
[cat_l2: 10]
[cat_smooth: 10]
[max_cat_to_onehot: 4]
[top_k: 20]
[monotone_constraints: ]
[monotone_constraints_method: basic]
[monotone_penalty: 0]
[feature_contri: ]
[forcedsplits_filename: ]
[refit_decay_rate: 0.9]
[cegb_tradeoff: 1]
[cegb_penalty_split: 0]
[cegb_penalty_feature_lazy: ]
[cegb_penalty_feature_coupled: ]
[path_smooth: 0]
[interaction_constraints: ]
[verbosity: -1]
[saved_feature_importance_type: 0]
[use_quantized_grad: 0]
[num_grad_quant_bins: 4]
[quant_train_renew_leaf: 0]
[stochastic_rounding: 1]
[linear_tree: 0]
[max_bin: 255]
[max_bin_by_feature: ]
[min_data_in_bin: 3]
[bin_construct_sample_cnt: 200000]
[data_random_seed: 5037]
[is_enable_sparse: 1]
[enable_bundle: 1]
[use_missing: 1]
[zero_as_missing: 0]
[feature_pre_filter: 1]
[pre_partition: 0]
[two_round: 0]
[header: 0]
[label_column: ]
[weight_column: ]
[group_column: ]
[ignore_column: ]
[categorical_feature: ]
[forcedbins_filename: ]
[precise_float_parser: 0]
[parser_config_file: ]
[objective_seed: 15411]
[num_class: 1]
[is_unbalance: 0]
[scale_pos_weight: 1]
[sigmoid: 1]
[boost_from_average: 1]
[reg_sqrt: 0]
[alpha: 0.9]
[fair_c: 1]
[poisson_max_delta_step: 0.7]
[tweedie_variance_power: 1.5]
[lambdarank_truncation_level: 30]
[lambdarank_norm: 1]
[label_gain: ]
[lambdarank_position_bias_regularization: 0]
[eval_at: ]
[multi_error_top_k: 1]
[auc_mu_weights: ]
[num_machines: 1]
[local_listen_port: 12400]
[time_out: 120]
[machine_list_filename: ]
[machines: ]
[gpu_platform_id: -1]
[gpu_device_id: -1]
[gpu_device_id_list: ]
[gpu_use_dp: 0]
[num_gpu: 1]

end of parameters

pandas_categorical:[]
