tree
version=v4
num_class=1
num_tree_per_iteration=1
label_index=0
max_feature_idx=84
objective=regression
feature_names=consumo_atual_kw consumo_lag_15m consumo_lag_30m consumo_lag_60m consumo_lag_120m consumo_lag_180m consumo_lag_360m consumo_lag_720m consumo_lag_1440m consumo_lag_10080m consumo_mean_60m consumo_min_60m consumo_max_60m consumo_std_60m consumo_mean_180m consumo_min_180m consumo_max_180m consumo_std_180m consumo_mean_360m consumo_min_360m consumo_max_360m consumo_std_360m consumo_mean_1440m consumo_min_1440m consumo_max_1440m consumo_std_1440m temperatura_externa_c_atual temperatura_externa_c_lag_15m temperatura_externa_c_lag_60m temperatura_externa_c_lag_180m temperatura_externa_c_lag_360m temperatura_externa_c_lag_720m temperatura_externa_c_lag_1440m temperatura_externa_c_media_60m temperatura_externa_c_media_180m temperatura_externa_c_media_360m temperatura_externa_c_media_1440m umidade_relativa_pct_atual umidade_relativa_pct_lag_15m umidade_relativa_pct_lag_60m umidade_relativa_pct_lag_180m umidade_relativa_pct_lag_360m umidade_relativa_pct_lag_720m umidade_relativa_pct_lag_1440m umidade_relativa_pct_media_60m umidade_relativa_pct_media_180m umidade_relativa_pct_media_360m umidade_relativa_pct_media_1440m origem_hora origem_dia_semana origem_fim_de_semana origem_mes origem_hora_sin origem_hora_cos origem_semana_sin origem_semana_cos consumo_diferenca_semana_atual consumo_razao_semana_atual consumo_diferenca_dia_atual tendencia_consumo_15m tendencia_consumo_60m tendencia_consumo_180m tendencia_consumo_360m correcao_semanal_media_60m correcao_semanal_std_60m correcao_semanal_media_180m correcao_semanal_std_180m correcao_semanal_media_360m correcao_semanal_std_360m correcao_semanal_media_1440m correcao_semanal_std_1440m temperatura_externa_c_diferenca_semana_atual temperatura_externa_c_tendencia_1h umidade_relativa_pct_diferenca_semana_atual umidade_relativa_pct_tendencia_1h alvo_hora alvo_dia_semana alvo_fim_de_semana alvo_mes alvo_hora_sin alvo_hora_cos alvo_semana_sin alvo_semana_cos consumo_alvo_dia_anterior consumo_alvo_semana_anterior
feature_infos=[22.399999999999999:324.71375799999998] [22.399999999999999:324.71375799999998] [22.399999999999999:324.71375799999998] [22.399999999999999:324.71375799999998] [22.399999999999999:324.71375799999998] [22.399999999999999:324.71375799999998] [22.399999999999999:324.71375799999998] [22.399999999999999:324.71375799999998] [22.399999999999999:324.71375799999998] [22.399999999999999:324.71375799999998] [22.399999999999999:321.24876725000001] [22.399999999999999:318.278571] [22.399999999999999:324.71375799999998] [0:82.540869055199337] [22.399999999999999:313.28577408333337] [22.399999999999999:302.53573799999998] [22.399999999999999:324.71375799999998] [0:92.970139865692389] [22.399999999999999:295.13563500000004] [22.399999999999999:249.29458700000001] [22.399999999999999:324.71375799999998] [0:116.53386463160022] [23.200000000000003:159.49963871874999] none [25.600000000000001:324.71375799999998] [1.3929144002343703:128.71471884334804] [15:33.700000000000003] [15:33.700000000000003] [15:33.700000000000003] [15:33.700000000000003] [15:33.700000000000003] [15:33.700000000000003] [15:33.700000000000003] [15:33.4375] [15:32.71875] [15.333333333333334:31.620833333333334] [16.439843749999998:27.283072916666669] [31:98] [31:98] [31:98] [31:98] [31:98] [31:98] [31:98] [32.5:95.625] [33.666666666666664:95.083333333333329] [37.041666666666664:94] [59.309895833333336:91.638020833333329] [0:23.75] [0:6] [0:1] [1:4] [-1:1] [-1:1] [-0.97492791218182362:0.97492791218182362] [-0.90096886790241903:1] [-72.635950000000008:77.445233000000002] [0.43630911779503978:2.09406877563422] [-291.363968:296.779246] [-121.30707899999999:153.05878799999999] [-124.27709300000001:153.05878799999999] [-180.63157299999997:268.16051600000003] [-299.363968:299.97924600000005] [-70.384351250000009:75.467424499999993] [0:44.359338508129341] [-67.777903583333341:70.921986416666655] [0:38.631403568061003] [-64.848194500000005:62.415354583333333] [0:37.083675449251288] [-34.945017510416669:27.905951093750001] [0:30.68446053870321] [-12:11.5] [-8:4.8000000000000007] [-49:48] [-30:40] [0:23.75] [0:6] [0:1] [1:4] [-1:1] [-1:1] [-0.97492791218182362:0.97492791218182362] [-0.90096886790241903:1] [22.399999999999999:324.71375799999998] [22.399999999999999:324.71375799999998]
tree_sizes=1413 1440 1434 1441 1430 1426 1425 1425 1438 1428 1434 1452 1430 1450 1432 1428 1440 1450 1451 1446 1441 1443 1441 1459 1435 1450 1438 1447 1450 1459 1434 1453 1436 1449

Tree=0
num_leaves=15
num_cat=0
split_feature=71 84 71 84 69 24 84 51 24 69 25 24 53 32
split_gain=567813 409255 294685 282478 152041 127310 93640.8 54027.1 46037 34435.9 32385.4 63972 30443.2 27259.1
threshold=1.0000000180025095e-35 103.15914250000002 -2.8499999999999992 42.523274000000008 11.26756466666667 264.18653100000006 287.58038500000004 3.5000000000000004 253.43744300000003 -26.30091713020833 108.34402579467344 283.32550850000001 0.47114434510950071 20.262500000000003
decision_type=2 2 2 2 2 2 2 2 2 2 2 2 2 2
left_child=1 -1 5 -2 7 9 10 -5 -9 -3 11 -4 -12 -6
right_child=3 2 6 4 13 -7 -8 8 -10 -11 12 -13 -14 -15
leaf_value=-1.0574349793457947 -1.0708254692170593 -3.5888252261371649 -1.5232790084165511 -0.4013311569801985 1.1549575889911874 -1.5689658507008277 -3.132143205402119 -0.40337886265416278 -1.4922427870381973 -2.7756484421695804 -2.8015739741924843 -0.5476948087707848 -1.5984900546176712 0.17838044465727743
leaf_weight=3123 2594 200 1521 1015 82 193 90 155 256 417 84 188 141 646
leaf_count=3123 2594 200 1521 1015 82 193 90 155 256 417 84 188 141 646
internal_value=-1.12716 -1.45224 -1.88718 -0.719324 -0.296243 -2.6926 -1.56424 -0.597009 -1.08084 -3.0428 -1.49028 -1.41568 -2.05306 0.291359
internal_weight=10705 5957 2834 4748 2154 810 2024 1426 411 617 1934 1709 225 728
internal_count=10705 5957 2834 4748 2154 810 2024 1426 411 617 1934 1709 225 728
is_linear=0
shrinkage=1


Tree=1
num_leaves=15
num_cat=0
split_feature=71 84 71 84 69 24 84 51 24 69 25 24 53 76
split_gain=512628 369495 266044 255010 137285 114933 84624.8 48758.2 41572.7 31112.8 29274.3 57755.5 27514.5 25748.8
threshold=1.0000000180025095e-35 103.15914250000002 -2.8499999999999992 42.523274000000008 11.26756466666667 264.18653100000006 287.58038500000004 3.5000000000000004 253.43744300000003 -26.30091713020833 108.34402579467344 283.32550850000001 0.47114434510950071 3.5000000000000004
decision_type=2 2 2 2 2 2 2 2 2 2 2 2 2 2
left_child=1 -1 5 -2 7 9 10 -5 -9 -3 11 13 -12 -4
right_child=3 2 6 4 -6 -7 -8 8 -10 -11 12 -13 -14 -15
leaf_value=0.066241638518919968 0.053520640403549105 -2.3391925745342501 -0.29061093524301296 0.68957488140692635 1.3478409856062163 -0.41982767399179644 -1.9058339071797801 0.68782582283497629 -0.34689791631026029 -1.5662594318573708 -1.5916764377145207 0.55064699347254142 -0.44792776500255294 -0.87170538966227995
leaf_weight=3123 2594 200 1298 1015 728 193 90 155 256 417 84 188 141 223
leaf_count=3123 2594 200 1298 1015 728 193 90 155 256 417 84 188 141 223
internal_value=-1.73746e-05 -0.308896 -0.722167 0.387496 0.789481 -1.48745 -0.41532 0.503683 0.0440487 -1.82018 -0.345009 -0.27409 -0.880081 -0.376324
internal_weight=10705 5957 2834 4748 2154 810 2024 1426 411 617 1934 1709 225 1521
internal_count=10705 5957 2834 4748 2154 810 2024 1426 411 617 1934 1709 225 1521
is_linear=0
shrinkage=0.05


Tree=2
num_leaves=15
num_cat=0
split_feature=71 84 71 84 69 24 84 51 24 69 32 33 70 17
split_gain=462787 333610 240177 230183 123917 103759 76761.9 44003.2 37541.4 28110.3 27209 29205.7 24802.3 30299.6
threshold=1.0000000180025095e-35 103.15914250000002 -2.8499999999999992 42.523274000000008 11.26756466666667 264.18653100000006 292.35207400000007 3.5000000000000004 253.43744300000003 -26.30091713020833 22.012500000000003 19.996875000000003 7.8207851708806606 1.1692635583363182e-06
decision_type=2 2 2 2 2 2 2 2 2 2 2 2 2 2
left_child=1 -1 5 -2 7 9 10 12 -9 -3 11 -4 13 -5
right_child=3 2 6 4 -6 -7 -8 8 -10 -11 -12 -13 -14 -15
leaf_value=0.062930616410866516 0.050845637656820077 -2.2228148892151185 -0.5401494120903253 1.3005408913385672 1.280541341525435 -0.3989444985284864 -2.0593363968294058 0.65365499346397637 -0.32962051537685128 -1.4881338618517495 -0.68288947512981446 -0.078124921305248812 0.39033799517387135 0.54523252193759753
leaf_weight=3123 2594 200 520 243 728 193 66 155 256 417 441 997 475 297
leaf_count=3123 2594 200 520 243 728 193 66 155 256 417 441 997 475 297
internal_value=-4.63298e-05 -0.293526 -0.686215 0.368147 0.750062 -1.41334 -0.394666 0.478535 0.0418876 -1.72949 -0.337531 -0.23675 0.65513 0.886897
internal_weight=10705 5957 2834 4748 2154 810 2024 1426 411 617 1958 1517 1015 540
internal_count=10705 5957 2834 4748 2154 810 2024 1426 411 617 1958 1517 1015 540
is_linear=0
shrinkage=0.05


Tree=3
num_leaves=15
num_cat=0
split_feature=71 84 71 84 69 25 84 51 24 69 0 25 24 25
split_gain=417802 301195 216836 207795 111834 93769.2 70406.4 39722.6 33900.9 27556.2 26593.9 25531.6 52974.4 32214.8
threshold=1.0000000180025095e-35 103.15914250000002 -2.8499999999999992 42.523274000000008 11.26756466666667 99.096793758798285 287.58038500000004 3.5000000000000004 253.43744300000003 -13.065936541666668 120.49142050000002 108.34402579467344 277.22543400000006 103.78067124249111
decision_type=2 2 2 2 2 2 2 2 2 2 2 2 2 2
left_child=1 -1 5 -2 7 9 11 -5 -9 -3 -7 12 13 -4
right_child=3 2 6 4 -6 10 -8 8 -10 -11 -12 -13 -14 -15
leaf_value=0.059785092098783903 0.048304339169537171 -1.9266994686179839 -0.25089876042386611 0.62248360323023022 1.2166021320045211 -0.049506696447380039 -1.7345508256456357 0.62118173095469298 -0.31320362341361929 -1.2415439159465287 -1.488894574671257 -0.81056237921646224 0.35414692409777726 -0.84056172921376326
leaf_weight=3123 2594 358 1114 1015 728 148 90 155 256 264 40 225 303 292
leaf_count=3123 2594 358 1114 1015 728 148 90 155 256 264 40 225 303 292
internal_value=-6.04318e-05 -0.278911 -0.652036 0.34978 0.712648 -1.34293 -0.375016 0.454698 0.0398326 -1.63835 -0.362017 -0.310885 -0.244664 -0.373871
internal_weight=10705 5957 2834 4748 2154 810 2024 1426 411 622 188 1934 1709 1406
internal_count=10705 5957 2834 4748 2154 810 2024 1426 411 622 188 1934 1709 1406
is_linear=0
shrinkage=0.05


Tree=4
num_leaves=15
num_cat=0
split_feature=71 84 71 84 71 24 84 30 84 35 36 84 36 80
split_gain=378236 282793 171295 156434 125763 85222.4 75053.9 33403.8 32963.7 32198.3 30578 26793.5 26560.6 24443.6
threshold=-1.0000000180025095e-35 103.93628150000002 -2.8499999999999992 42.523274000000008 2.212499999999999 264.18653100000006 263.70710200000008 19.762500000000003 292.35207400000007 22.621354166666674 24.091666666666672 282.33339050000006 25.692187500000003 -0.32143946530316164
decision_type=2 2 2 2 2 2 2 2 2 2 2 2 2 2
left_child=1 -1 5 -2 6 -3 7 -5 13 10 -6 -8 -9 -4
right_child=3 2 8 4 9 -7 11 12 -10 -11 -12 -13 -14 -15
leaf_value=0.047259073285046305 0.045709492152290691 -1.5652552446504919 -0.23812421562956132 -0.2258821260646745 1.1954991362386103 -0.35872620689615453 -0.20052046084870173 0.47723622596028997 -1.7042378912580773 0.83857976986603822 2.4344395241370567 -1.4237805043657623 1.3372036523270339 -0.65388017610546612
leaf_weight=2878 2799 614 1203 156 240 193 178 1014 46 662 64 59 98 501
leaf_count=2878 2799 614 1203 156 240 193 178 1014 46 662 64 59 98 501
internal_value=-8.41866e-05 -0.292718 -0.675244 0.30171 0.591556 -1.27751 0.305441 0.458089 -0.396944 1.03654 1.46346 -0.509748 0.554158 -0.360674
internal_weight=10705 5435 2557 5270 2471 807 1505 1268 1750 966 304 237 1112 1704
internal_count=10705 5435 2557 5270 2471 807 1505 1268 1750 966 304 237 1112 1704
is_linear=0
shrinkage=0.05


Tree=5
num_leaves=15
num_cat=0
split_feature=71 84 71 84 71 25 84 36 84 35 84 36 69 0
split_gain=341459 255394 158903 141230 113577 78411.2 68630.5 31824.3 30132.2 29111.5 28886.5 27674.3 24286.6 24242.9
threshold=-1.0000000180025095e-35 101.84539350000001 -2.8499999999999992 42.523274000000008 2.212499999999999 99.096793758798285 257.75375800000006 25.692187500000003 292.35207400000007 22.621354166666674 282.33339050000006 24.091666666666672 -13.065936541666668 120.49142050000002
decision_type=2 2 2 2 2 2 2 2 2 2 2 2 2 2
left_child=1 -1 5 -2 6 12 7 -5 -4 11 -8 -6 -3 -7
right_child=3 2 8 4 9 13 10 -9 -10 -11 -12 -13 -14 -15
leaf_value=0.048800006563939458 0.043424833854394301 -1.7527718044714256 -0.33653984790967906 0.38702212274036385 1.1359722021240664 -0.026621904236492733 -0.13375490082034958 1.3422165443238461 -1.6208389738772777 0.79671403334938207 -1.3537779432535171 2.3145901459913989 -1.1139180265754793 -1.3987666801708503
leaf_weight=2846 2799 360 1725 1097 240 150 255 94 46 662 59 64 268 40
leaf_count=2846 2799 360 1725 1097 240 150 255 94 46 662 59 64 268 40
internal_value=-7.99526e-05 -0.278123 -0.637379 0.286667 0.562068 -1.21339 0.290168 0.463474 -0.370794 0.984942 -0.366565 1.39088 -1.48234 -0.321305
internal_weight=10705 5435 2589 5270 2471 818 1505 1191 1771 966 314 304 628 190
internal_count=10705 5435 2589 5270 2471 818 1505 1191 1771 966 314 304 628 190
is_linear=0
shrinkage=0.05


Tree=6
num_leaves=15
num_cat=0
split_feature=71 84 71 84 69 24 84 70 36 84 32 25 24 6
split_gain=308768 223232 160380 153636 88268 81812.2 48099.3 35891.4 31780.2 26525.3 24172.4 23779 45403.7 24009.2
threshold=1.0000000180025095e-35 103.15914250000002 -2.5124999999999988 42.523274000000008 11.26756466666667 264.18653100000006 284.32638350000008 8.0129088345045254 20.748177083333335 213.97373450000003 20.262500000000003 109.00154112320878 278.56941200000006 97.995967000000022
decision_type=2 2 2 2 2 2 2 2 2 2 2 2 2 2
left_child=1 -1 5 -2 7 -3 11 8 -5 -9 -6 12 -4 -13
right_child=3 2 6 4 10 -7 -8 9 -10 -11 -12 13 -14 -15
leaf_value=0.051781756157906922 0.04143505158911321 -1.4134588849529051 -0.28648752818772061 -0.2740782706800135 1.8696658266596047 -0.33508287492956296 -1.3698334577355054 0.38023996033153673 0.70394347961452308 -0.29329090064892976 0.95492437024899679 -1.416489276653383 0.49024372436192043 -0.3268358165163685
leaf_weight=3123 2594 643 1417 93 82 243 100 333 741 259 646 81 216 134
leaf_count=3123 2594 643 1417 93 82 243 100 333 741 259 646 81 216 134
internal_value=-8.37467e-05 -0.239803 -0.561027 0.300663 0.61268 -1.11841 -0.307073 0.383537 0.594686 0.0855725 1.06038 -0.248854 -0.183511 -0.742014
internal_weight=10705 5957 2834 4748 2154 886 1948 1426 834 592 728 1848 1633 215
internal_count=10705 5957 2834 4748 2154 886 1948 1426 834 592 728 1848 1633 215
is_linear=0
shrinkage=0.05


Tree=7
num_leaves=15
num_cat=0
split_feature=71 84 71 84 71 84 25 84 36 35 84 36 83 69
split_gain=279545 208643 130499 115761 95524 58311.7 43536 32262.4 28245.6 25651 24222.5 24215.9 23805.3 22499.8
threshold=-1.0000000180025095e-35 101.15203550000003 -3.0124999999999988 42.523274000000008 2.212499999999999 258.94589250000007 99.460662613930012 287.58038500000004 25.692187500000003 22.621354166666674 284.32638350000008 24.091666666666672 244.53104250000004 -1.0000000180025095e-35
decision_type=2 2 2 2 2 2 2 2 2 2 2 2 2 2
left_child=1 -1 6 -2 5 8 -3 12 -5 11 -7 -6 -4 -11
right_child=3 2 7 4 9 10 -8 -9 -10 13 -12 -13 -14 -15
leaf_value=0.044483494406335901 0.039145480237901209 -1.406762789560875 -0.4674403502122732 0.34529015896576398 1.0391798282436315 -0.16577828382888371 -0.33702118205798776 -1.3352518663519906 1.2448424302433667 -0.14679436151157407 -1.399758830983588 2.1411569103827843 -0.098525158331688983 0.81760019159957076
leaf_weight=2840 2799 506 1199 1104 240 261 118 83 94 67 46 64 689 595
leaf_count=2840 2799 506 1199 1104 240 261 118 83 94 67 46 64 689 595
internal_value=-8.5272e-05 -0.251661 -0.575657 0.259366 0.508701 0.259351 -1.20533 -0.375797 0.416852 0.89651 -0.354619 1.27743 -0.332933 0.719921
internal_weight=10705 5435 2595 5270 2471 1505 624 1971 1198 966 307 304 1888 662
internal_count=10705 5435 2595 5270 2471 1505 624 1971 1198 966 307 304 1888 662
is_linear=0
shrinkage=0.05


Tree=8
num_leaves=15
num_cat=0
split_feature=71 84 71 84 71 24 84 30 43 35 36 25 24 24
split_gain=252362 188715 116548 104511 86313.6 68376.1 51905.8 26694.1 23493.8 23066.7 22541 20604.9 36346.5 20607.3
threshold=-1.0000000180025095e-35 103.93628150000002 -2.5124999999999988 42.523274000000008 2.1000000000000001 264.18653100000006 257.75375800000006 19.762500000000003 73.875000000000014 22.621354166666674 24.012760416666669 107.98559925686267 278.11863750000003 269.18851250000006
decision_type=2 2 2 2 2 2 2 2 2 2 2 2 2 2
left_child=1 -1 5 -2 6 -3 7 -5 -8 10 -6 12 13 -4
right_child=3 2 11 4 9 -7 8 -9 -10 -11 -12 -13 -14 -15
leaf_value=0.038616218177854662 0.037188903019896573 -1.2876937685301528 -0.20236250183958002 -0.23150454722282371 0.93165707385540009 -0.30102718196099354 -1.3352414292948587 0.48565650558607143 -0.14272962511508683 0.67998383946919783 1.8914402591771093 -0.73229017621941039 0.36748068239104664 -0.64839459141606792
leaf_weight=2878 2799 639 847 148 224 243 48 1022 265 678 86 242 213 373
leaf_count=2878 2799 639 847 148 224 243 48 1022 265 678 86 242 213 373
internal_value=-7.95405e-05 -0.239111 -0.551596 0.246434 0.483344 -1.01651 0.241873 0.394818 -0.329277 0.845184 1.20315 -0.30633 -0.233935 -0.339151
internal_weight=10705 5435 2557 5270 2471 882 1483 1170 313 988 310 1675 1433 1220
internal_count=10705 5435 2557 5270 2471 882 1483 1170 313 988 310 1675 1433 1220
is_linear=0
shrinkage=0.05


Tree=9
num_leaves=15
num_cat=0
split_feature=71 84 71 84 69 24 84 70 36 68 76 17 84 69
split_gain=228294 165714 119274 113670 69427.1 61714.5 38702.7 31569.7 27180.4 21948.5 21386.5 21291.9 20622.6 20600.4
threshold=1.0000000180025095e-35 103.93628150000002 -2.5124999999999988 42.523274000000008 11.26756466666667 264.18653100000006 299.97504500000008 8.0129088345045254 20.748177083333335 6.9525323118779028 2.5000000000000004 2.5927198770225745e-06 213.97373450000003 -26.30091713020833
decision_type=2 2 2 2 2 2 2 2 2 2 2 2 2 2
left_child=1 -1 5 -2 7 13 -4 8 -5 -6 -11 -10 -9 -3
right_child=3 2 6 4 9 -7 -8 12 11 10 -12 -13 -14 -15
leaf_value=0.044178518998581051 0.03554884974207722 -1.6469214520051112 -0.2313656624740888 -0.28149813305824362 1.316239216824785 -0.28603750548256779 -1.766391454424177 0.30418539655946958 0.97441410439791698 0.22504846750189797 0.94666894977895921 0.41720827925950293 -0.28967282331172522 -1.027161319092424
leaf_weight=3133 2594 200 1901 93 240 243 41 333 272 148 340 469 259 439
leaf_count=3133 2594 200 1901 93 240 243 41 333 272 148 340 469 259 439
internal_value=-7.76612e-05 -0.206204 -0.483901 0.258525 0.526907 -0.96577 -0.264666 0.323704 0.521727 0.923951 0.728725 0.62278 0.0443221 -1.22341
internal_weight=10705 5957 2824 4748 2154 882 1942 1426 834 728 488 741 592 639
internal_count=10705 5957 2824 4748 2154 882 1942 1426 834 728 488 741 592 639
is_linear=0
shrinkage=0.05


Tree=10
num_leaves=15
num_cat=0
split_feature=71 84 71 84 71 24 84 36 69 6 69 2 84 69
split_gain=207125 154395 97875.6 85923.8 72803.7 55789.2 51435.4 28150 21917.8 20536.9 24963.8 20334.1 20042.6 18810.7
threshold=-1.0000000180025095e-35 101.15203550000003 -2.5124999999999988 42.523274000000008 2.9500000000000015 264.18653100000006 260.0556155000001 25.692187500000003 -5.9078175052083326 105.48800100000001 8.855693927083335 120.49142050000002 282.33339050000006 -26.30091713020833
decision_type=2 2 2 2 2 2 2 2 2 2 2 2 2 2
left_child=1 -1 5 -2 6 13 7 8 -5 -6 -11 -7 -8 -3
right_child=3 2 -4 4 9 11 12 -9 -10 10 -12 -13 -14 -15
leaf_value=0.038121824525690073 0.033521723447101463 -1.5649851176276135 -0.27188093949596082 -0.48836287524126754 1.1507024542641677 0.014050265114838626 -0.12059849432592554 1.1182150329378517 0.37259876041785606 -0.031816180280267121 0.83508234244623891 -0.99857999330413516 -1.1264370797110386 -0.97577968384857228
leaf_weight=2840 2799 200 1698 78 318 176 265 120 1183 110 337 68 60 453
leaf_count=2840 2799 200 1698 78 318 176 265 120 1183 110 337 68 60 453
internal_value=-7.96893e-05 -0.21663 -0.495342 0.22325 0.438062 -0.917574 0.256056 0.389204 0.318999 0.843081 0.622157 -0.271082 -0.309177 -1.15836
internal_weight=10705 5435 2595 5270 2471 897 1706 1381 1261 765 447 244 325 653
internal_count=10705 5435 2595 5270 2471 897 1706 1381 1261 765 447 244 325 653
is_linear=0
shrinkage=0.05


Tree=11
num_leaves=15
num_cat=0
split_feature=71 84 71 84 71 84 84 26 69 62 69 36 25 24
split_gain=186976 139493 85758.3 77559.9 67358.9 39160.3 31161.7 26266.8 25527.6 25521.7 30869.4 22828.7 22378.5 40276.8
threshold=-1.0000000180025095e-35 103.93628150000002 -3.5624999999999996 42.523274000000008 1.8625000000000009 282.33339050000006 272.35636400000004 19.012500000000003 -14.779579244791664 -124.88666349999998 8.2327959375000024 21.357421875000004 107.98559925686267 278.56941200000006
decision_type=2 2 2 2 2 2 2 2 2 2 2 2 2 2
left_child=1 -1 8 -2 5 -5 9 11 -3 10 -6 -4 13 -9
right_child=3 2 7 4 6 -7 -8 12 -10 -11 -12 -13 -14 -15
leaf_value=0.032943257832587204 0.031846236457782139 -1.3617323904004817 -0.47794994422727344 0.21033711999612614 -0.092819590606023933 -1.2765671128812044 -0.16720233738127321 -0.25013694180751217 -0.64047307749364291 0.94661356904633098 0.76571559705597869 -1.3417577850575351 -0.65629601552513728 0.60734116637899038
leaf_weight=2878 2799 291 360 1192 162 45 100 1177 217 678 294 97 261 154
leaf_count=2878 2799 291 360 1192 162 45 100 1177 217 678 294 97 261 154
internal_value=-8.51196e-05 -0.205833 -0.474493 0.212104 0.416193 0.155259 0.677425 -0.330003 -1.0555 0.751989 0.461174 -0.663826 -0.233819 -0.150543
internal_weight=10705 5435 2557 5270 2471 1237 1234 2049 508 1134 456 457 1592 1331
internal_count=10705 5435 2557 5270 2471 1237 1234 2049 508 1134 456 457 1592 1331
is_linear=0
shrinkage=0.05


Tree=12
num_leaves=15
num_cat=0
split_feature=71 84 71 84 69 24 84 70 36 32 76 46 83 25
split_gain=168890 123192 93620.8 86562.3 51461.4 47715.1 33554.6 24692.6 22298.2 20582.4 20011.8 19000 23312.7 29375.8
threshold=0.16249999999999967 101.15203550000003 -2.5124999999999988 42.523274000000008 11.26756466666667 268.37109800000002 284.32638350000008 8.0129088345045254 24.497135416666669 20.262500000000003 3.5000000000000004 82.848958333333357 105.54915500000001 109.00154112320878
decision_type=2 2 2 2 2 2 2 2 2 2 2 2 2 2
left_child=1 -1 5 -2 7 -3 11 8 -5 -6 -11 12 -4 -14
right_child=3 2 6 4 9 -7 -8 -9 -10 10 -12 -13 13 -15
leaf_value=0.042514960787533806 0.030504835027811268 -1.0228060615187153 -0.60132082883297033 0.39321982776077391 1.5475327128387359 -0.12969462468303469 -1.1075967204157668 0.033791673684489494 1.4756478365729837 0.43413121417767098 0.99287369130713177 -0.30913960921224792 0.29112434843047769 -0.52034362615219187
leaf_weight=3131 2568 707 130 751 82 190 100 578 50 333 313 1085 548 139
leaf_count=3131 2568 707 130 751 82 190 100 578 50 333 313 1085 548 139
internal_value=-9.8004e-05 -0.174954 -0.40976 0.225428 0.462871 -0.833985 -0.219364 0.282989 0.462543 0.802754 0.705969 -0.172107 0.0100319 0.126423
internal_weight=10705 6030 2899 4675 2107 897 2002 1379 801 728 646 1902 817 687
internal_count=10705 6030 2899 4675 2107 897 2002 1379 801 728 646 1902 817 687
is_linear=0
shrinkage=0.05


Tree=13
num_leaves=15
num_cat=0
split_feature=71 84 36 84 84 71 47 36 29 73 62 69 8 36
split_gain=153304 114061 72541.8 63707.1 56809.4 50896.9 34606.7 26222 29959.7 23923.9 22587.1 26691.1 20951.7 18934.1
threshold=-1.0000000180025095e-35 103.93628150000002 20.301302083333336 42.523274000000008 273.02215500000005 1.7624999999999995 78.319010416666671 21.286979166666669 20.337500000000002 0.62500000000000011 -124.88666349999998 8.2327959375000024 198.61941300000004 18.395963541666671
decision_type=2 2 2 2 2 2 2 2 2 2 2 2 2 2
left_child=1 -1 6 -2 5 -5 -3 -4 9 -9 11 -7 -10 -8
right_child=3 2 7 4 -6 10 13 8 12 -11 -12 -13 -14 -15
leaf_value=0.029527085438919343 0.028680255571646354 -1.4680419924307844 0.063879974262700187 0.20412711235048298 -0.47129496698130358 -0.098694101046390578 -1.1491526966657097 -0.18164824841011851 -0.19061800517982366 -0.97341053345083428 0.8558460194048072 0.68793290241559346 -1.1225502068758944 -0.38660272881991953
leaf_weight=2878 2799 195 419 1123 182 168 122 139 1066 307 699 299 63 246
leaf_count=2878 2799 195 419 1123 182 168 122 139 1066 307 699 299 63 246
internal_value=-8.5863e-05 -0.186389 -0.429326 0.192049 0.377016 0.444643 -0.930094 -0.287541 -0.381011 -0.727609 0.675915 0.405343 -0.243569 -0.641834
internal_weight=10705 5435 2557 5270 2471 2289 563 1994 1575 446 1166 467 1129 368
internal_count=10705 5435 2557 5270 2471 2289 563 1994 1575 446 1166 467 1129 368
is_linear=0
shrinkage=0.05


Tree=14
num_leaves=15
num_cat=0
split_feature=71 84 71 84 69 24 84 51 71 36 69 81 36 30
split_gain=138404 103012 68707.3 57503.8 52798 40994 34911.3 28568.5 24130.1 23403.5 21030 23697.1 18626.3 19146
threshold=-1.0000000180025095e-35 101.15203550000003 -2.5124999999999988 42.523274000000008 -1.0000000180025095e-35 268.37109800000002 278.29070450000006 3.5000000000000004 2.9500000000000015 25.747005208333338 -9.7829176249999978 0.87837969732492682 24.348177083333336 19.712500000000002
decision_type=2 2 2 2 2 2 2 2 2 2 2 2 2 2
left_child=1 -1 5 -2 7 -3 8 10 9 12 -5 -12 13 -6
right_child=3 2 -4 4 6 -7 -8 -9 -10 -11 11 -13 -14 -15
leaf_value=0.030968985396135101 0.027246754608516183 -0.93355246756704657 -0.21755950679507033 -0.7225580973625183 -0.2312147764997049 -0.10581822688471897 -0.81818691248796416 -0.42446283167999799 0.76719460729131672 1.1398310097845945 0.14488822962722875 1.0866122703660619 -0.13510811471756787 0.51445242881923037
leaf_weight=2840 2799 707 1698 49 98 190 48 263 689 93 279 87 187 678
leaf_count=2840 2799 707 1698 49 98 190 48 263 689 93 279 87 187 678
internal_value=-0.000101055 -0.177119 -0.404777 0.182458 0.358189 -0.758537 0.500245 -0.0176664 0.536959 0.386156 0.240535 0.371092 0.312264 0.420107
internal_weight=10705 5435 2595 5270 2471 897 1793 678 1745 1056 415 366 963 776
internal_count=10705 5435 2595 5270 2471 897 1793 678 1745 1056 415 366 963 776
is_linear=0
shrinkage=0.05


Tree=15
num_leaves=15
num_cat=0
split_feature=71 84 71 84 69 24 84 70 36 68 32 45 25 48
split_gain=124953 91655 67648 64075.4 40890.7 37384.6 29570 20511.1 19443.1 19367 17902.7 22909.7 19851.5 26512.5
threshold=0.16249999999999967 103.93628150000002 -2.5124999999999988 42.523274000000008 11.26756466666667 264.18653100000006 299.97504500000008 8.0129088345045254 20.748177083333335 6.9525323118779028 22.012500000000003 82.989583333333357 107.98559925686267 8.6250000000000018
decision_type=2 2 2 2 2 2 2 2 2 2 2 2 2 2
left_child=1 -1 5 -2 7 -3 10 8 -5 -6 11 12 13 -4
right_child=3 2 6 4 9 -7 -8 -9 -10 -11 -12 -13 -14 -15
leaf_value=0.034544754468343083 0.026184924189893127 -0.92019230997422707 0.63055281325449219 -0.29702829587995339 1.0688788300240992 -0.19080816809637624 -1.505876804533459 0.010762857750946068 0.48799873720437126 0.51846406867152461 -0.44867457815655565 -0.21980925363373235 -0.54967248580957717 -0.1905547777346025
leaf_weight=3172 2568 639 266 88 240 243 41 578 713 488 430 1009 75 155
leaf_count=3172 2568 639 266 88 240 243 41 578 713 488 430 1009 75 155
internal_value=-9.54288e-05 -0.150497 -0.355809 0.193889 0.398176 -0.719683 -0.193109 0.237846 0.401491 0.701137 -0.16453 -0.0831019 0.194881 0.32851
internal_weight=10705 6030 2858 4675 2107 882 1976 1379 801 728 1935 1505 496 421
internal_count=10705 6030 2858 4675 2107 882 1976 1379 801 728 1935 1505 496 421
is_linear=0
shrinkage=0.05


Tree=16
num_leaves=15
num_cat=0
split_feature=71 84 30 84 84 24 47 7 69 22 24 36 51 8
split_gain=113447 84384.9 55771.3 47215.6 47244.6 37564.2 31146 24760.1 21242.1 25728.4 20697.1 20384.7 31315.4 20031.8
threshold=-1.0000000180025095e-35 107.21996850000001 19.962500000000002 42.523274000000008 257.75375800000006 278.91518350000007 80.576822916666671 187.04994150000002 -5.9078175052083326 138.03085226041671 277.22543400000006 20.748177083333335 1.5000000000000002 198.61941300000004
decision_type=2 2 2 2 2 2 2 2 2 2 2 2 2 2
left_child=1 -1 6 -2 5 8 -3 -6 -5 11 -9 -10 -13 -4
right_child=3 2 13 4 7 -7 -8 10 9 -11 -12 12 -14 -15
leaf_value=0.022087268474367667 0.024541639988975867 -1.1066907411293292 -0.19230078150107302 -0.58479632542779048 0.68186422363821286 0.68923077772652208 -0.39177035596886922 -0.69994234877553863 -0.20242618305608628 -0.2841472979283558 0.017574089254404224 0.060594837743513014 0.72601515242516479 -0.81829906526575058
leaf_weight=2926 2799 339 1754 71 82 835 279 164 119 158 257 269 516 137
leaf_count=2926 2799 339 1754 71 82 835 279 164 119 158 257 269 516 137
internal_value=-9.78738e-05 -0.160363 -0.373061 0.165184 0.324421 0.434907 -0.78509 -0.10786 0.247032 0.303142 -0.26293 0.405988 0.498359 -0.238062
internal_weight=10705 5435 2509 5270 2471 1968 618 503 1133 1062 421 904 785 1891
internal_count=10705 5435 2509 5270 2471 1968 618 503 1133 1062 421 904 785 1891
is_linear=0
shrinkage=0.05


Tree=17
num_leaves=15
num_cat=0
split_feature=71 84 71 84 84 71 36 84 36 58 46 49 35 29
split_gain=102404 76271.4 54652.7 42614.4 42787.4 32873.8 23243 21947 18968.2 18443.3 18175.4 22830 16542.7 25219.6
threshold=-1.0000000180025095e-35 99.595038000000017 -3.7624999999999988 42.523274000000008 263.70710200000008 2.9500000000000015 18.395963541666671 287.58038500000004 25.692187500000003 -1.0000000180025095e-35 87.942708333333357 3.5000000000000004 22.655208333333338 21.312500000000004
decision_type=2 2 2 2 2 2 2 2 2 2 2 2 2 2
left_child=1 -1 -3 -2 5 8 -4 9 12 -8 -11 -12 13 -5
right_child=3 2 6 4 -6 -7 7 -9 -10 10 11 -13 -14 -15
leaf_value=0.027943231019737304 0.023314997287201031 -0.83468449644293574 -1.2102388199170431 0.13912088709072898 -0.18796830504528575 0.68778578934231493 -0.4830533241909562 -0.98459335721351882 0.84525280415601145 -0.01851562950846828 -0.13261577620048509 -1.0274578895043891 -0.10126313357234136 0.68724507952985747
leaf_weight=2821 2799 470 59 685 369 659 395 87 126 1288 207 108 330 302
leaf_count=2821 2799 470 59 685 369 659 395 87 126 1288 207 108 330 302
internal_value=-0.000102593 -0.152368 -0.346894 0.156929 0.308209 0.395359 -0.239623 -0.21159 0.261427 -0.177455 -0.101898 -0.441699 0.204973 0.307361
internal_weight=10705 5435 2614 5270 2471 2102 2144 2085 1443 1998 1603 315 1317 987
internal_count=10705 5435 2614 5270 2471 2102 2144 2085 1443 1998 1603 315 1317 987
is_linear=0
shrinkage=0.05


Tree=18
num_leaves=15
num_cat=0
split_feature=71 84 71 84 24 69 84 11 63 45 43 45 25 24
split_gain=92676.8 68573 56392.4 47550.2 37737.1 33531.8 24722.5 20426.5 18658 18079.8 15862.9 15690.5 16762.2 15166.3
threshold=0.16249999999999967 99.595038000000017 -2.1374999999999988 42.523274000000008 264.18653100000006 -1.0000000180025095e-35 275.36804450000005 120.56387850000002 -1.0000000180025095e-35 87.697916666666671 89.375000000000014 82.739583333333357 109.00154112320878 281.72766850000005
decision_type=2 2 2 2 2 2 2 2 2 2 2 2 2 2
left_child=1 -1 4 -2 10 9 8 -6 -4 13 -3 12 -10 -5
right_child=3 2 6 5 7 -7 -8 -9 11 -11 -12 -13 -14 -15
leaf_value=0.033692431719949741 0.022484287978053883 -0.90190211281633792 -0.33293265966803703 -0.32582378791676742 0.045626526374469775 0.45792461968183135 -0.64106422229988935 -0.87676950158217015 0.43957228194640846 0.8142504171530407 -0.1666264121826081 -0.10156594029586404 -0.35583510419062103 0.26285372156243042
leaf_weight=3111 2568 607 496 294 260 1581 218 77 330 59 84 765 82 173
leaf_count=3111 2568 607 496 294 260 1581 218 77 330 59 84 765 82 173
internal_value=-0.000109465 -0.129638 -0.303663 0.166953 -0.601554 0.342937 -0.141488 -0.167099 -0.0760472 -0.00289648 -0.81289 0.0323978 0.280785 -0.107653
internal_weight=10705 6030 2919 4675 1028 2107 1891 337 1673 526 691 1177 412 467
internal_count=10705 6030 2919 4675 1028 2107 1891 337 1673 526 691 1177 412 467
is_linear=0
shrinkage=0.05


Tree=19
num_leaves=15
num_cat=0
split_feature=71 84 71 84 24 69 84 6 35 36 36 70 7 45
split_gain=83801.6 60672.6 49998.2 45050.9 35054.4 28547.2 21759.3 19982.5 27413.2 17373.8 19149.9 16705.3 26049.1 18435.1
threshold=0.31250000000000006 107.21996850000001 -2.1374999999999988 42.523274000000008 269.12478300000004 11.26756466666667 275.36804450000005 97.995967000000022 21.378645833333337 25.400130208333334 25.692187500000003 14.771635923836518 198.84269600000002 82.906250000000014
decision_type=2 2 2 2 2 2 2 2 2 2 2 2 2 2
left_child=1 -1 4 -2 -3 7 11 8 -5 -7 -11 13 -13 -4
right_child=3 2 6 5 -6 9 -8 -9 -10 10 -12 12 -14 -15
leaf_value=0.026299797362498337 0.021360223852863153 -0.75014798063151289 0.29196759856940802 -0.016881413182179877 -0.063448293808847672 0.8046043847182226 -0.60111688872456825 -0.063638642329993875 0.57389082805488234 -0.27719509057777442 0.56579225910240205 -0.89939362180347637 -0.048000272317576788 -0.1159203682498085
leaf_weight=3323 2482 734 401 320 249 410 222 466 507 96 221 142 242 890
leaf_count=3323 2482 734 401 320 249 410 222 466 507 96 221 142 242 890
internal_value=-0.000111587 -0.119284 -0.287213 0.164079 -0.576444 0.339341 -0.137113 0.198144 0.345553 0.589849 0.310434 -0.0752932 -0.364357 0.0109024
internal_weight=10705 6203 2880 4502 983 2020 1897 1293 827 727 317 1675 384 1291
internal_count=10705 6203 2880 4502 983 2020 1897 1293 827 727 317 1675 384 1291
is_linear=0
shrinkage=0.05


Tree=20
num_leaves=15
num_cat=0
split_feature=71 84 36 84 84 24 47 36 34 47 24 7 22 69
split_gain=75902.1 56569.8 41158 31678.5 37408.6 30147.2 28425.2 23653.1 24128.4 20385.1 19999.5 19216.6 18283.1 21552
threshold=-1.0000000180025095e-35 107.21996850000001 20.301302083333336 42.523274000000008 255.15382300000002 278.91518350000007 80.576822916666671 21.329817708333337 19.938541666666669 77.710937500000014 273.57706450000006 187.04994150000002 138.03085226041671 -5.9078175052083326
decision_type=2 2 2 2 2 2 2 2 2 2 2 2 2 2
left_child=1 -1 6 -2 5 12 -3 -4 10 -10 -9 -6 13 -5
right_child=3 2 7 4 11 -7 -8 8 9 -11 -12 -13 -14 -15
leaf_value=0.018185649134856968 0.019884024881890842 -1.0452286404759989 0.12965762992621252 -0.54946034475126204 0.55684021521555749 0.60348036757819212 -0.32911051451129486 -1.1709803897142412 -0.041168811837459934 -0.44246987916973324 -0.19877220668758339 -0.22277932246126664 -0.3029540447037547 0.35108039505335753
leaf_weight=2926 2799 275 431 71 94 806 281 129 763 540 90 470 154 876
leaf_count=2926 2799 275 431 71 94 806 281 129 763 540 90 470 154 876
internal_value=-0.000108585 -0.131199 -0.305349 0.135085 0.265517 0.371272 -0.684546 -0.1971 -0.289655 -0.207691 -0.774162 -0.0920872 0.200888 0.283055
internal_weight=10705 5435 2509 5270 2471 1907 556 1953 1522 1303 219 564 1101 947
internal_count=10705 5435 2509 5270 2471 1907 556 1953 1522 1303 219 564 1101 947
is_linear=0
shrinkage=0.05


Tree=21
num_leaves=15
num_cat=0
split_feature=71 84 30 84 69 84 51 36 70 40 70 32 49 6
split_gain=68801.8 50085.7 46361.3 37010.7 24586.6 21246 20066.7 26006.8 19577.2 20932.9 20572.5 20463.2 20221.6 17385.2
threshold=0.31250000000000006 99.595038000000017 19.962500000000002 42.523274000000008 11.26756466666667 287.58038500000004 2.5000000000000004 18.395963541666671 7.8207851708806606 73.875000000000014 5.9106152318650738 20.762500000000003 3.5000000000000004 97.995967000000022
decision_type=2 2 2 2 2 2 2 2 2 2 2 2 2 2
left_child=1 -1 6 -2 13 8 -3 -8 10 12 -4 -11 -10 -5
right_child=3 2 5 4 -6 -7 7 -9 9 11 -12 -13 -14 -15
leaf_value=0.029141639753120063 0.019298840964987931 -1.1249045636074073 -0.15358885966031713 0.31398022824916361 0.53998858182327081 -0.81488962986373492 -0.96907743879490438 -0.2455420479849901 -0.024006290135046762 -0.025066739361332316 0.33365428038763212 -0.48088665425192034 1.193255643096081 -0.067679344227724966
leaf_weight=3209 2482 146 461 827 727 111 179 404 165 380 407 699 42 466
leaf_count=3209 2482 146 461 827 727 111 179 404 165 380 407 699 42 466
internal_value=-0.000115409 -0.108097 -0.255152 0.148656 0.307512 -0.143398 -0.601698 -0.46897 -0.108433 -0.232204 0.0749976 -0.320529 0.227524 0.176483
internal_weight=10705 6203 2994 4502 2020 2265 729 583 2154 1286 868 1079 207 1293
internal_count=10705 6203 2994 4502 2020 2265 729 583 2154 1286 868 1079 207 1293
is_linear=0
shrinkage=0.05


Tree=22
num_leaves=15
num_cat=0
split_feature=71 84 30 84 84 71 47 62 8 36 69 35 30 42
split_gain=62233 46277.4 34396.5 26031.7 32863.8 26871.8 24543.3 16983.6 16058.6 15337.5 14876.4 14308.8 28743 13759.2
threshold=-1.0000000180025095e-35 107.21996850000001 19.962500000000002 42.523274000000008 273.02215500000005 1.7624999999999995 80.576822916666671 -124.88666349999998 198.61941300000004 22.678906250000008 8.2327959375000024 22.655208333333338 23.812500000000004 49.625000000000007
decision_type=2 2 2 2 2 2 2 2 2 2 2 2 2 2
left_child=1 -1 6 -2 5 13 -3 10 -4 -9 -7 -11 -13 -5
right_child=3 2 8 4 -6 7 -8 9 -10 11 -12 12 -14 -15
leaf_value=0.016295746632103612 0.017869865120521616 -0.88524679039769316 -0.12938208204646665 -0.45544020660842466 -0.40456311028511804 -0.15006149929656079 -0.2512580300395244 -0.0012856946567471109 -0.68975513908418196 0.96964284258971389 0.43688489682972431 -0.18368229118260471 0.80411314136597023 0.17057624110364628
leaf_weight=2926 2799 339 1754 95 182 168 279 88 137 278 299 109 224 1028
leaf_count=2926 2799 339 1754 95 182 168 279 88 137 278 299 109 224 1028
internal_value=-0.000116533 -0.118817 -0.27633 0.1223 0.240537 0.291983 -0.599897 0.460018 -0.170323 0.615909 0.225866 0.704658 0.481199 0.11726
internal_weight=10705 5435 2509 5270 2471 2289 618 1166 1891 699 467 611 333 1123
internal_count=10705 5435 2509 5270 2471 2289 618 1166 1891 699 467 611 333 1123
is_linear=0
shrinkage=0.05


Tree=23
num_leaves=15
num_cat=0
split_feature=71 84 71 84 24 69 84 11 45 70 80 45 47 48
split_gain=56363.3 41246.3 40011.7 30328.3 26212.8 21233.5 19101.2 17731.4 14097.6 14094.8 21450.1 18540.3 15066.8 14621.4
threshold=0.31250000000000006 99.595038000000017 -2.0124999999999988 42.523274000000008 264.18653100000006 -1.0000000180025095e-35 282.33339050000006 120.56387850000002 87.697916666666671 14.771635923836518 -0.32143946530316164 82.906250000000014 82.790364583333357 10.125000000000002
decision_type=2 2 2 2 2 2 2 2 2 2 2 2 2 2
left_child=1 -1 4 -2 -3 8 9 -6 -5 11 -11 13 -13 -4
right_child=3 2 6 5 7 -7 -8 -9 -10 10 -12 12 -14 -15
leaf_value=0.026692083507451315 0.017441153857576431 -0.65657690411486802 0.50425639070326078 -0.1059447296722878 0.056733777804227274 0.37002787743950571 -0.73293126604712766 -0.78714656561613083 0.72403341768116791 -0.057212746179559161 -0.80526209075728239 -0.18509668057148415 0.37794109550740224 -0.096023059870649435
leaf_weight=3209 2482 699 281 433 280 1530 110 79 57 287 143 819 138 158
leaf_count=3209 2482 699 281 433 280 1530 110 79 57 287 143 819 138 158
internal_value=-0.000114142 -0.097849 -0.231298 0.13454 -0.478407 0.278341 -0.0960781 -0.130638 -0.00811828 -0.0573332 -0.307274 0.019819 -0.103597 0.288483
internal_weight=10705 6203 2994 4502 1058 2020 1936 359 490 1826 430 1396 957 439
internal_count=10705 6203 2994 4502 1058 2020 1936 359 490 1826 430 1396 957 439
is_linear=0
shrinkage=0.05


Tree=24
num_leaves=15
num_cat=0
split_feature=34 84 69 84 67 84 71 25 24 58 26 47 76 36
split_gain=51202.6 35282 35667 31214.7 22494.7 36043.4 24755.1 21661.9 26255.2 20043.2 18286.6 17505.1 18882.3 17248.5
threshold=19.917708333333337 91.073221500000017 -10.293456088541664 275.36804450000005 -1.9926593541666666 42.523274000000008 1.8625000000000009 110.46643102177251 281.72766850000005 0.27434350000000057 20.987500000000004 71.716145833333357 3.5000000000000004 18.395963541666671
decision_type=2 2 2 2 2 2 2 2 2 2 2 2 2 2
left_child=1 -1 -3 4 -2 -6 7 8 11 10 -10 12 -7 -4
right_child=3 2 13 -5 5 6 -8 -9 9 -11 -12 -13 -14 -15
leaf_value=0.042434243219994727 -0.051758282449182041 -0.76837552448246382 -0.95075552362791249 -0.39673153907117414 0.014219856672965282 0.07875079221299125 0.44479052165809896 -0.41529605909950612 1.0535707843303681 1.281856332598506 0.16329764771116936 0.18498474233473342 -0.78988594053027872 -0.13736130040491101
leaf_weight=774 2507 411 70 368 3166 143 1105 160 74 73 252 689 110 803
leaf_count=774 2507 411 70 368 3166 143 1105 160 74 73 252 689 110 803
internal_value=-0.000114735 -0.224199 -0.384835 0.0532375 0.073284 0.127594 0.265273 0.132909 0.198578 0.537974 0.367988 0.0544032 -0.30054 -0.203595
internal_weight=10705 2058 1284 8647 8279 5772 2606 1501 1341 399 326 942 253 873
internal_count=10705 2058 1284 8647 8279 5772 2606 1501 1341 399 326 942 253 873
is_linear=0
shrinkage=0.05


Tree=25
num_leaves=15
num_cat=0
split_feature=71 84 71 84 84 69 51 24 70 83 84 36 35 30
split_gain=46492.2 35189.7 27338.5 20088.8 24788.8 22499.6 17631 16361.8 15110.8 14835.8 13265.8 12471.7 17457.8 12253
threshold=-1.0000000180025095e-35 107.21996850000001 -3.7624999999999988 282.33339050000006 42.523274000000008 -1.0000000180025095e-35 3.5000000000000004 266.28453700000006 8.4917002277415872 244.53104250000004 79.680672500000014 21.220833333333339 20.271354166666669 19.712500000000002
decision_type=2 2 2 2 2 2 2 2 2 2 2 2 2 2
left_child=1 -1 -3 4 -2 6 7 -6 -9 -4 -7 -11 -13 -12
right_child=3 2 9 -5 5 10 -8 8 -10 11 13 12 -14 -15
leaf_value=0.015113383798096692 0.015675945376445143 -0.58987630552691728 -0.26434333826034767 -0.74825103039688923 -0.47411297814626441 0.89318438692360513 -0.35016166555133427 0.62311803523084353 -0.070601717897347718 0.44998239033200127 -0.23280777842379533 -0.78491692738002783 0.019530236360750519 0.32849596104536877
leaf_weight=2926 2799 456 1300 67 75 97 246 192 132 134 103 76 543 1559
leaf_count=2926 2799 456 1300 67 75 97 246 192 132 134 103 76 543 1559
internal_value=-0.000110148 -0.102707 -0.24006 0.105698 0.116836 0.234563 -0.0180352 0.187098 0.341144 -0.162112 0.327144 0.0145006 -0.0803454 0.293591
internal_weight=10705 5435 2509 5270 5203 2404 645 399 324 2053 1759 753 619 1662
internal_count=10705 5435 2509 5270 5203 2404 645 399 324 2053 1759 753 619 1662
is_linear=0
shrinkage=0.05


Tree=26
num_leaves=15
num_cat=0
split_feature=34 84 69 84 21 36 36 54 36 48 84 48 49 49
split_gain=42934.8 29631 30182.6 26686.9 19536.1 17080.1 26633.7 15777.6 14211.8 14158.7 24594.9 25860.4 17902.6 13652.8
threshold=19.917708333333337 91.073221500000017 -10.293456088541664 273.02215500000005 1.4402954876835646e-05 21.329817708333337 20.748177083333335 1.0000000180025095e-35 18.395963541666671 5.8750000000000009 223.70354250000003 20.875000000000004 4.5000000000000009 4.5000000000000009
decision_type=2 2 2 2 2 2 2 2 2 2 2 2 2 2
left_child=1 -1 -3 4 9 6 8 -7 -4 13 12 -12 -11 -2
right_child=3 2 5 -5 -6 7 -8 -9 -10 10 11 -13 -14 -15
leaf_value=0.039042253928799786 0.59630602048455783 -0.7053383054989345 -0.88961481443593193 -0.32355161090856299 0.039240791007019979 -0.82776525719551219 0.50622021307547882 0.0038821501929438514 -0.12050174405127008 0.77568484198211907 -1.1513528609441388 0.22699874326300162 0.043999543427958976 0.061618813798267252
leaf_weight=774 402 411 70 455 7105 161 161 88 393 123 71 64 257 170
leaf_count=774 402 411 70 455 7105 161 161 88 393 123 71 64 257 170
internal_value=-0.000110104 -0.205307 -0.352517 0.0487451 0.0694602 -0.185795 -0.0458123 -0.53501 -0.238449 0.266767 0.0763456 -0.501048 0.282249 0.43778
internal_weight=10705 2058 1284 8647 8192 873 624 249 463 1087 515 135 380 572
internal_count=10705 2058 1284 8647 8192 873 624 249 463 1087 515 135 380 572
is_linear=0
shrinkage=0.05


Tree=27
num_leaves=15
num_cat=0
split_feature=71 84 30 84 69 84 47 68 58 76 56 47 6 35
split_gain=40197.8 29512 28057.7 22220.2 17728.6 16937.5 16599.8 15884.9 14516.4 14182.3 13514.9 13166.1 13082.2 19793.6
threshold=0.31250000000000006 99.595038000000017 19.962500000000002 42.523274000000008 11.26756466666667 299.97504500000008 78.256510416666671 6.9525323118779028 -1.0000000180025095e-35 2.5000000000000004 2.5220729999999993 69.990885416666671 98.565209000000024 21.378645833333337
decision_type=2 2 2 2 2 2 2 2 2 2 2 2 2 2
left_child=1 -1 6 -2 12 8 -3 11 -4 -9 -10 -6 13 -5
right_child=3 2 5 4 7 -7 -8 9 10 -11 -12 -13 -14 -15
leaf_value=0.022695853423060287 0.013373104060999674 -0.75326018373071146 -0.34477417543828148 -0.064672228004609311 1.0863589679147454 -0.97539134502410896 -0.26687032403381467 -0.13831447549976858 -0.047037977050476965 0.44703365126925132 0.77885194584435113 0.33268481247778081 -0.088085397034308982 0.43624369066433721
leaf_weight=3209 2482 296 437 320 137 54 433 148 1724 340 50 102 461 512
leaf_count=3209 2482 296 437 320 137 54 433 148 1724 340 50 102 461 512
internal_value=-0.000112656 -0.0826504 -0.195531 0.113604 0.23669 -0.108595 -0.465123 0.434085 -0.0869937 0.26959 -0.0233347 0.767434 0.125454 0.243737
internal_weight=10705 6203 2994 4502 2020 2265 729 727 2211 488 1774 239 1293 832
internal_count=10705 6203 2994 4502 2020 2265 729 727 2211 488 1774 239 1293 832
is_linear=0
shrinkage=0.05


Tree=28
num_leaves=15
num_cat=0
split_feature=71 84 22 58 84 84 71 25 47 36 47 36 20 24
split_gain=36791.2 27657.8 28300.4 26486.1 25030.6 27241.3 18863.7 16563.2 15091.5 14755.8 16719.5 13274 13031.9 12914.1
threshold=-0.9875000000000006 83.555265000000006 126.05083759895835 -1.0000000180025095e-35 263.70710200000008 42.523274000000008 2.9500000000000015 103.98276118801375 76.425781250000014 23.401953125000002 80.576822916666671 25.747005208333338 95.096375000000009 256.28648850000008
decision_type=2 2 2 2 2 2 2 2 2 2 2 2 2 2
left_child=1 -1 9 -4 5 -2 11 -6 -5 10 -3 -7 -8 -10
right_child=4 2 3 8 7 6 12 -9 13 -11 -12 -13 -14 -15
leaf_value=0.013670735557175517 0.011496782123420243 -0.7992403887737638 -0.47766734216744189 0.24339120052001451 0.060936388536562441 0.11497394802885219 0.89298246962775429 -0.51540421522572966 0.25229645612445184 0.088436018870475794 -0.30320760350350939 0.65475777984581529 0.3464102189950431 -0.25914817347563801
leaf_weight=2310 3136 350 355 444 225 1731 138 278 163 101 333 121 521 499
leaf_count=2310 3136 350 355 444 225 1731 138 278 163 101 333 121 521 499
internal_value=-0.000104974 -0.107798 -0.232735 -0.102557 0.0796627 0.109779 0.232471 -0.257988 0.0181677 -0.474884 -0.558194 0.150575 0.462047 -0.133028
internal_weight=10705 4555 2245 1461 6150 5647 2511 503 1106 784 683 1852 659 662
internal_count=10705 4555 2245 1461 6150 5647 2511 503 1106 784 683 1852 659 662
is_linear=0
shrinkage=0.05


Tree=29
num_leaves=15
num_cat=0
split_feature=71 84 22 58 84 84 69 51 36 47 84 31 43 71
split_gain=33213.9 24967.2 25750.6 23986.3 23457.9 15357 21120.8 20724.5 13871.7 17369.6 13100.2 14628.5 14233.7 14140.4
threshold=-0.9875000000000006 83.555265000000006 125.64656252604168 -1.0000000180025095e-35 282.33339050000006 42.523274000000008 -1.0000000180025095e-35 3.5000000000000004 23.401953125000002 80.576822916666671 98.278938500000024 24.712500000000002 74.125000000000014 3.0124999999999997
decision_type=2 2 2 2 2 2 2 2 2 2 2 2 2 2
left_child=1 -1 8 -4 5 -2 7 -7 9 -3 11 -8 -12 -14
right_child=4 2 3 -5 -6 6 10 -9 -10 -11 12 -13 13 -15
leaf_value=0.012987494921011101 0.010922126255865344 -0.80924951595447547 -0.45686418424929598 0.011434152780545905 -0.71242980342959206 0.17532432604322418 0.33065812131136307 -0.30124394302940161 0.084057571592868544 -0.29042870287028849 -0.089029734682625358 1.0362132691993164 0.19129685390595258 0.59667829086705781
leaf_weight=2310 3136 317 359 1137 92 539 256 394 101 331 334 103 1024 272
leaf_count=2310 3136 317 359 1137 92 539 256 394 101 331 334 103 1024 272
internal_value=-9.82086e-05 -0.102422 -0.221126 -0.101175 0.0756923 0.0877767 0.170228 -0.0260345 -0.460253 -0.54509 0.262258 0.535404 0.201807 0.276771
internal_weight=10705 4555 2245 1496 6150 6058 2922 933 749 648 1989 359 1630 1296
internal_count=10705 4555 2245 1496 6150 6058 2922 933 749 648 1989 359 1630 1296
is_linear=0
shrinkage=0.05


Tree=30
num_leaves=15
num_cat=0
split_feature=71 84 29 84 69 32 84 76 8 36 47 47 24 69
split_gain=29986.6 23835.5 23133.4 16563.9 13976.8 13993.6 13492.2 22132.6 22190.3 12090.5 11588.5 16534.6 11136.2 27613.7
threshold=0.31250000000000006 295.90254450000003 16.025000000000002 42.523274000000008 11.26756466666667 20.262500000000003 107.21996850000001 4.5000000000000009 198.61941300000004 24.804166666666671 66.252604166666671 64.480468750000014 278.11863750000003 -14.27211109375
decision_type=2 2 2 2 2 2 2 2 2 2 2 2 2 2
left_child=1 2 -1 -2 -5 -6 -4 8 12 -7 11 -11 -8 -14
right_child=3 -3 6 4 5 9 7 -9 -10 10 -12 -13 13 -15
leaf_value=-0.83852204774962136 0.011584224484701864 -0.92887774370610721 0.019866979720579568 0.1056330376510887 0.99574473998168633 0.56560657221579413 -0.10651324283456419 -0.65996704095286196 -0.60032000870566182 0.039805024460194606 -0.15456174027701325 0.98316624059870428 1.3260280299445857 0.04170768873972415
leaf_weight=93 2482 79 3306 1293 81 258 1835 183 197 125 190 73 45 465
leaf_count=93 2482 79 3306 1293 81 258 1835 183 197 125 190 73 45 465
internal_value=-9.42775e-05 -0.071382 -0.0601704 0.0981222 0.204394 0.379659 -0.0480309 -0.130382 -0.0920128 0.30099 0.124032 0.390803 -0.049073 0.157403
internal_weight=10705 6203 6124 4502 2020 727 6031 2725 2542 646 388 198 2345 510
internal_count=10705 6203 6124 4502 2020 727 6031 2725 2542 646 388 198 2345 510
is_linear=0
shrinkage=0.05


Tree=31
num_leaves=15
num_cat=0
split_feature=71 84 84 24 20 31 76 7 84 84 32 71 46 30
split_gain=28046.6 33258.9 19493.1 14943.1 13465.4 13238.7 12782.6 13894.5 12709.8 36850.9 14763.9 21526.3 10959.5 14149.8
threshold=-2.0124999999999988 81.617065000000011 275.36804450000005 268.37109800000002 213.15817900000005 21.937500000000004 4.5000000000000009 243.25821550000003 42.523274000000008 103.15914250000002 22.237500000000004 3.0124999999999997 90.151041666666671 22.862500000000004
decision_type=2 2 2 2 2 2 2 2 2 2 2 2 2 2
left_child=1 -1 5 6 -5 -2 7 -3 -7 -10 11 12 13 -11
right_child=2 3 -4 4 -6 8 -8 -9 9 10 -12 -13 -14 -15
leaf_value=0.0058636979710615378 -0.020921238072661649 -0.45943249085158189 -0.33097356295110575 0.27157993608207742 -0.39203139999568865 0.008675665761049757 -0.93822658619851118 0.2512122072470494 0.63619827631946613 0.2627259302868592 -0.086595296084620313 0.65855059044621012 -0.38245011946131102 -0.05046013989456221
leaf_weight=1613 2903 602 326 156 148 1777 120 77 381 1045 697 210 100 550
leaf_count=1613 2903 602 326 156 148 1777 120 77 381 1045 697 210 100 550
internal_value=-8.58257e-05 -0.138859 0.0471039 -0.350311 -0.0517201 0.0632292 -0.463711 -0.378593 0.114544 0.177587 0.110216 0.182232 0.122866 0.154767
internal_weight=10705 2716 7989 1103 304 7663 799 679 4760 2983 2602 1905 1695 1595
internal_count=10705 2716 7989 1103 304 7663 799 679 4760 2983 2602 1905 1695 1595
is_linear=0
shrinkage=0.05


Tree=32
num_leaves=15
num_cat=0
split_feature=34 84 69 84 36 36 21 54 48 84 48 49 49 46
split_gain=26187.4 18753.9 21136 17921.3 14428 21921.1 14011.3 11688.8 11248.3 22000.7 22510.2 13876.9 11169.1 11154.7
threshold=19.917708333333337 84.775400500000018 -10.293456088541664 273.02215500000005 21.329817708333337 20.748177083333335 1.4402954876835646e-05 1.0000000180025095e-35 5.8750000000000009 223.70354250000003 20.875000000000004 4.5000000000000009 4.5000000000000009 81.505208333333357
decision_type=2 2 2 2 2 2 2 2 2 2 2 2 2 2
left_child=1 -1 -3 6 5 -4 8 -6 12 11 -11 -10 13 -2
right_child=3 2 4 -5 7 -7 -8 -9 9 10 -12 -13 -14 -15
leaf_value=0.038758514035973662 0.87524036003250483 -0.57009159954273769 -0.18218178296539311 -0.26701628665216143 -0.70571745224720384 0.48739815981286327 0.029455089174891758 0.0077576663240455507 0.6816550329838309 -1.1002590366949638 0.18600059809879615 0.037473420235653254 0.034468229029229601 0.32231227277017394
leaf_weight=751 141 413 479 455 164 163 7105 88 123 71 64 257 170 261
leaf_count=751 141 413 479 455 164 163 7105 88 123 71 64 257 170 261
internal_value=-8.41789e-05 -0.160339 -0.274683 0.0380709 -0.137728 -0.0116858 0.0550466 -0.457522 0.22214 0.0524511 -0.493593 0.247227 0.374562 0.51794
internal_weight=10705 2058 1307 8647 894 642 8192 252 1087 515 135 380 572 402
internal_count=10705 2058 1307 8647 894 642 8192 252 1087 515 135 380 572 402
is_linear=0
shrinkage=0.05


Tree=33
num_leaves=15
num_cat=0
split_feature=71 84 22 84 84 69 84 51 70 54 22 24 70 70
split_gain=24076.7 19716.9 22773.6 18240.4 16343.5 18056.5 14704.9 14422.9 17877.8 23158 12472.8 11079.6 11052.8 10683.4
threshold=-1.0124999999999991 81.617065000000011 126.29556024479167 263.70710200000008 42.523274000000008 -1.0000000180025095e-35 169.62799400000003 3.5000000000000004 14.902992355253215 0.87837969732492682 133.10388828125005 322.07160700000003 19.576192176003293 14.093098137153982
decision_type=2 2 2 2 2 2 2 2 2 2 2 2 2 2
left_child=1 -1 -3 4 -2 7 -4 8 9 10 -6 -7 13 -8
right_child=3 2 6 -5 5 11 12 -9 -10 -11 -12 -13 -14 -15
leaf_value=0.0046753300889518156 0.0082221384884536911 -0.44734590082709841 -0.34420895436959253 -0.19455502343642314 -0.21183049339191906 0.28778310110153427 0.12374238824063609 -0.27317328826378445 -0.32761049370199224 1.0204532513457738 0.38497510151603287 -0.2668770646794062 0.62817645580571613 -0.28927313896484486
leaf_weight=2129 3297 683 360 650 158 1806 453 331 152 88 194 94 72 238
leaf_count=2129 3297 683 360 650 158 1806 453 331 152 88 194 94 72 238
internal_value=-8.05527e-05 -0.0984212 -0.219892 0.0570851 0.0838391 0.172118 -0.0812809 -0.00931656 0.138423 0.299795 0.11725 0.260216 0.0430624 -0.0187243
internal_weight=10705 3935 1806 6770 6120 2823 1123 923 592 440 352 1900 763 691
internal_count=10705 3935 1806 6770 6120 2823 1123 923 592 440 352 1900 763 691
is_linear=0
shrinkage=0.05


end of trees

feature_importances:
consumo_alvo_semana_anterior=117
temperatura_externa_c_diferenca_semana_atual=65
correcao_semanal_media_1440m=39
temperatura_externa_c_media_1440m=38
consumo_max_1440m=36
consumo_std_1440m=15
umidade_relativa_pct_media_1440m=14
correcao_semanal_std_1440m=13
temperatura_externa_c_lag_360m=10
origem_mes=10
temperatura_externa_c_media_360m=9
temperatura_externa_c_lag_1440m=8
alvo_dia_semana=7
consumo_mean_1440m=6
umidade_relativa_pct_media_180m=6
origem_hora=6
origem_dia_semana=6
consumo_lag_360m=5
consumo_diferenca_dia_atual=5
consumo_lag_720m=4
consumo_lag_1440m=4
temperatura_externa_c_media_180m=4
umidade_relativa_pct_media_360m=4
temperatura_externa_c_lag_180m=3
umidade_relativa_pct_lag_1440m=3
origem_semana_sin=3
tendencia_consumo_360m=3
correcao_semanal_std_360m=3
consumo_alvo_dia_anterior=3
consumo_atual_kw=2
consumo_min_60m=2
consumo_std_180m=2
consumo_max_360m=2
consumo_std_360m=2
temperatura_externa_c_atual=2
temperatura_externa_c_lag_720m=2
origem_hora_cos=2
alvo_hora_cos=2
consumo_lag_30m=1
temperatura_externa_c_media_60m=1
umidade_relativa_pct_lag_180m=1
umidade_relativa_pct_lag_720m=1
consumo_diferenca_semana_atual=1
correcao_semanal_media_60m=1
correcao_semanal_media_360m=1
umidade_relativa_pct_diferenca_semana_atual=1
alvo_semana_sin=1

parameters:
[boosting: gbdt]
[objective: regression]
[metric: l1]
[tree_learner: serial]
[device_type: cpu]
[data_sample_strategy: bagging]
[data: ]
[valid: ]
[num_iterations: 400]
[learning_rate: 0.05]
[num_leaves: 15]
[num_threads: 2]
[seed: 20260905]
[deterministic: 1]
[force_col_wise: 1]
[force_row_wise: 0]
[histogram_pool_size: -1]
[max_depth: -1]
[min_data_in_leaf: 40]
[min_sum_hessian_in_leaf: 0.001]
[bagging_fraction: 1]
[pos_bagging_fraction: 1]
[neg_bagging_fraction: 1]
[bagging_freq: 0]
[bagging_seed: 23218]
[bagging_by_query: 0]
[feature_fraction: 1]
[feature_fraction_bynode: 1]
[feature_fraction_seed: 28090]
[extra_trees: 0]
[extra_seed: 14360]
[early_stopping_round: 0]
[early_stopping_min_delta: 0]
[first_metric_only: 0]
[max_delta_step: 0]
[lambda_l1: 0]
[lambda_l2: 1]
[linear_lambda: 0]
[min_gain_to_split: 0]
[drop_rate: 0.1]
[max_drop: 50]
[skip_drop: 0.5]
[xgboost_dart_mode: 0]
[uniform_drop: 0]
[drop_seed: 16970]
[top_rate: 0.2]
[other_rate: 0.1]
[min_data_per_group: 100]
[max_cat_threshold: 32]
[cat_l2: 10]
[cat_smooth: 10]
[max_cat_to_onehot: 4]
[top_k: 20]
[monotone_constraints: ]
[monotone_constraints_method: basic]
[monotone_penalty: 0]
[feature_contri: ]
[forcedsplits_filename: ]
[refit_decay_rate: 0.9]
[cegb_tradeoff: 1]
[cegb_penalty_split: 0]
[cegb_penalty_feature_lazy: ]
[cegb_penalty_feature_coupled: ]
[path_smooth: 0]
[interaction_constraints: ]
[verbosity: -1]
[saved_feature_importance_type: 0]
[use_quantized_grad: 0]
[num_grad_quant_bins: 4]
[quant_train_renew_leaf: 0]
[stochastic_rounding: 1]
[linear_tree: 0]
[max_bin: 255]
[max_bin_by_feature: ]
[min_data_in_bin: 3]
[bin_construct_sample_cnt: 200000]
[data_random_seed: 5037]
[is_enable_sparse: 1]
[enable_bundle: 1]
[use_missing: 1]
[zero_as_missing: 0]
[feature_pre_filter: 1]
[pre_partition: 0]
[two_round: 0]
[header: 0]
[label_column: ]
[weight_column: ]
[group_column: ]
[ignore_column: ]
[categorical_feature: ]
[forcedbins_filename: ]
[precise_float_parser: 0]
[parser_config_file: ]
[objective_seed: 15411]
[num_class: 1]
[is_unbalance: 0]
[scale_pos_weight: 1]
[sigmoid: 1]
[boost_from_average: 1]
[reg_sqrt: 0]
[alpha: 0.9]
[fair_c: 1]
[poisson_max_delta_step: 0.7]
[tweedie_variance_power: 1.5]
[lambdarank_truncation_level: 30]
[lambdarank_norm: 1]
[label_gain: ]
[lambdarank_position_bias_regularization: 0]
[eval_at: ]
[multi_error_top_k: 1]
[auc_mu_weights: ]
[num_machines: 1]
[local_listen_port: 12400]
[time_out: 120]
[machine_list_filename: ]
[machines: ]
[gpu_platform_id: -1]
[gpu_device_id: -1]
[gpu_device_id_list: ]
[gpu_use_dp: 0]
[num_gpu: 1]

end of parameters

pandas_categorical:[]
