tree
version=v4
num_class=1
num_tree_per_iteration=1
label_index=0
max_feature_idx=84
objective=regression
feature_names=consumo_atual_kw consumo_lag_15m consumo_lag_30m consumo_lag_60m consumo_lag_120m consumo_lag_180m consumo_lag_360m consumo_lag_720m consumo_lag_1440m consumo_lag_10080m consumo_mean_60m consumo_min_60m consumo_max_60m consumo_std_60m consumo_mean_180m consumo_min_180m consumo_max_180m consumo_std_180m consumo_mean_360m consumo_min_360m consumo_max_360m consumo_std_360m consumo_mean_1440m consumo_min_1440m consumo_max_1440m consumo_std_1440m temperatura_externa_c_atual temperatura_externa_c_lag_15m temperatura_externa_c_lag_60m temperatura_externa_c_lag_180m temperatura_externa_c_lag_360m temperatura_externa_c_lag_720m temperatura_externa_c_lag_1440m temperatura_externa_c_media_60m temperatura_externa_c_media_180m temperatura_externa_c_media_360m temperatura_externa_c_media_1440m umidade_relativa_pct_atual umidade_relativa_pct_lag_15m umidade_relativa_pct_lag_60m umidade_relativa_pct_lag_180m umidade_relativa_pct_lag_360m umidade_relativa_pct_lag_720m umidade_relativa_pct_lag_1440m umidade_relativa_pct_media_60m umidade_relativa_pct_media_180m umidade_relativa_pct_media_360m umidade_relativa_pct_media_1440m origem_hora origem_dia_semana origem_fim_de_semana origem_mes origem_hora_sin origem_hora_cos origem_semana_sin origem_semana_cos consumo_diferenca_semana_atual consumo_razao_semana_atual consumo_diferenca_dia_atual tendencia_consumo_15m tendencia_consumo_60m tendencia_consumo_180m tendencia_consumo_360m correcao_semanal_media_60m correcao_semanal_std_60m correcao_semanal_media_180m correcao_semanal_std_180m correcao_semanal_media_360m correcao_semanal_std_360m correcao_semanal_media_1440m correcao_semanal_std_1440m temperatura_externa_c_diferenca_semana_atual temperatura_externa_c_tendencia_1h umidade_relativa_pct_diferenca_semana_atual umidade_relativa_pct_tendencia_1h alvo_hora alvo_dia_semana alvo_fim_de_semana alvo_mes alvo_hora_sin alvo_hora_cos alvo_semana_sin alvo_semana_cos consumo_alvo_dia_anterior consumo_alvo_semana_anterior
feature_infos=[22.399999999999999:324.71375799999998] [22.399999999999999:324.71375799999998] [22.399999999999999:324.71375799999998] [22.399999999999999:324.71375799999998] [22.399999999999999:324.71375799999998] [22.399999999999999:324.71375799999998] [22.399999999999999:324.71375799999998] [22.399999999999999:324.71375799999998] [22.399999999999999:324.71375799999998] [22.399999999999999:324.71375799999998] [22.399999999999999:321.24876725000001] [22.399999999999999:318.278571] [22.399999999999999:324.71375799999998] [0:82.540869055199337] [22.399999999999999:313.28577408333337] [22.399999999999999:302.53573799999998] [22.399999999999999:324.71375799999998] [0:92.970139865692389] [22.399999999999999:295.13563500000004] [22.399999999999999:249.29458700000001] [22.399999999999999:324.71375799999998] [0:116.53386463160022] [23.200000000000003:159.49963871874999] none [25.600000000000001:324.71375799999998] [1.3929144002343703:128.71471884334804] [15:33.700000000000003] [15:33.700000000000003] [15:33.700000000000003] [15:33.700000000000003] [15:33.700000000000003] [15:33.700000000000003] [15:33.700000000000003] [15:33.4375] [15:32.71875] [15.333333333333334:31.620833333333334] [16.439843749999998:27.283072916666669] [31:98] [31:98] [31:98] [31:98] [31:98] [31:98] [31:98] [32.5:95.625] [33.666666666666664:95.083333333333329] [37.041666666666664:94] [59.309895833333336:91.638020833333329] [0:23.75] [0:6] [0:1] [1:4] [-1:1] [-1:1] [-0.97492791218182362:0.97492791218182362] [-0.90096886790241903:1] [-72.635950000000008:77.445233000000002] [0.43630911779503978:2.09406877563422] [-291.363968:296.779246] [-121.30707899999999:153.05878799999999] [-124.27709300000001:153.05878799999999] [-180.63157299999997:268.16051600000003] [-299.363968:299.97924600000005] [-70.384351250000009:75.467424499999993] [0:44.359338508129341] [-67.777903583333341:70.921986416666655] [0:38.631403568061003] [-64.848194500000005:62.415354583333333] [0:37.083675449251288] [-34.945017510416669:27.905951093750001] [0:30.68446053870321] [-12:11.5] [-8:4.8000000000000007] [-49:48] [-30:40] [0:23.75] [0:6] [0:1] [1:4] [-1:1] [-1:1] [-0.97492791218182362:0.97492791218182362] [-0.90096886790241903:1] [22.399999999999999:324.71375799999998] [22.399999999999999:324.71375799999998]
tree_sizes=1424 1432 1423 1430 1433 1434 1417 1449 1430 1439 1440 1441 1437 1438 1424 1447 1435 1444 1445 1435 1441 1434 1445 1455 1444 1432 1451 1427 1444 1466 1460 1432 1456 1438 1435 1450 1442 1451 1450 1436 1437 1432 1455 1446 1456 1454 1453 1447 1444 1451 1445 1444 1432 1454

Tree=0
num_leaves=15
num_cat=0
split_feature=71 84 71 56 84 24 69 84 71 84 44 84 71 46
split_gain=703737 566386 297128 237081 176924 58815.1 52875.5 116237 50365.6 42688.7 31721.4 25982.6 23201.4 22810.8
threshold=-0.9875000000000006 102.83120150000001 -3.1499999999999999 16.209390000000003 42.523274000000008 248.07883750000005 11.840655182291668 42.523274000000008 3.9875000000000012 287.58038500000004 53.031250000000007 271.35826100000003 -2.8499999999999992 60.942708333333336
decision_type=2 2 2 2 2 2 2 2 2 2 2 2 2 2
left_child=1 -1 5 6 -5 -3 11 -8 13 10 -4 -2 -12 -6
right_child=3 2 9 4 8 -7 7 -9 -10 -11 12 -13 -14 -15
leaf_value=-0.99891576734703147 -0.88257522566232427 -3.3211408237790905 -0.58869048170496174 -0.97705494027306672 -0.7192390590742993 -2.4708200653419414 -0.9770221807910342 0.20926876080288292 0.76233948388361528 -2.7974984540037067 -2.1650119941820472 -1.4671225694576604 -1.5047892085630508 0.15235809271868406
leaf_weight=2523 3856 360 82 373 93 489 490 356 375 70 157 199 874 408
leaf_count=2523 3856 360 82 373 93 489 490 356 375 70 157 199 874 408
internal_value=-1.02833 -1.49934 -2.12038 -0.679467 -0.0647903 -2.83365 -0.836279 -0.476955 0.32315 -1.6074 -1.53103 -0.911363 -1.60633 -0.00849737
internal_weight=10705 4555 2032 6150 1249 849 4901 846 876 1183 1113 4055 1031 501
internal_count=10705 4555 2032 6150 1249 849 4901 846 876 1183 1113 4055 1031 501
is_linear=0
shrinkage=1


Tree=1
num_leaves=15
num_cat=0
split_feature=71 84 71 84 71 24 84 69 67 56 67 24 69 71
split_gain=638529 423920 414466 293823 195332 63323.2 47217.1 36179 31472.2 29495.2 22390.3 21547.4 20497.1 20312
threshold=1.0000000180025095e-35 104.23696250000002 -2.9875000000000003 42.523274000000008 2.212499999999999 248.07883750000005 287.58038500000004 -1.0000000180025095e-35 2.1362732083333338 28.185099000000026 -8.3892958541666633 284.15934500000009 -3.5859041562499985 -4.3124999999999991
decision_type=2 2 2 2 2 2 2 2 2 2 2 2 2 2
left_child=1 -1 5 -2 7 13 8 11 -4 12 -7 -5 -6 -3
right_child=3 2 6 4 9 10 -8 -9 -10 -11 -12 -13 -14 -15
leaf_value=0.036083531832340067 0.045659431098163998 -2.4350077838113862 -0.34156122531809568 -0.018100752829959828 0.27925864868994915 -1.5289960207564108 -1.5030184536445432 0.64035949580151641 0.43609381374362466 1.6847121781174175 -0.88517351317987369 0.95891385419527075 1.2158961753658475 -1.7047391749158198
leaf_weight=3282 2414 218 1457 477 65 355 81 711 142 375 227 63 643 195
leaf_count=3282 2414 218 1457 477 65 355 81 711 142 375 227 63 643 195
internal_value=-1.08403e-05 -0.344739 -0.811816 0.432479 0.832366 -1.62002 -0.33247 0.406273 -0.272272 1.32373 -1.27983 0.0974461 1.13042 -2.09516
internal_weight=10705 5957 2675 4748 2334 995 1680 1251 1599 1083 582 540 708 413
internal_count=10705 5957 2675 4748 2334 995 1680 1251 1599 1083 582 540 708 413
is_linear=0
shrinkage=0.05


Tree=2
num_leaves=15
num_cat=0
split_feature=71 84 71 56 84 24 69 84 71 84 36 84 71 46
split_gain=577889 464871 244454 193174 144521 48318.6 44468.8 97313 42451.4 36195.7 30141.8 22289.1 21614.6 20030.6
threshold=-0.9875000000000006 101.32108900000001 -3.1499999999999999 16.209390000000003 42.523274000000008 248.07883750000005 11.840655182291668 42.523274000000008 3.9875000000000012 283.32550850000001 24.714192708333339 272.32155850000009 -2.3625000000000003 60.942708333333336
decision_type=2 2 2 2 2 2 2 2 2 2 2 2 2 2
left_child=1 -1 5 6 -5 -3 11 -8 13 10 12 -2 -4 -6
right_child=3 2 9 4 8 -7 7 -9 -10 -11 -12 -13 -14 -15
leaf_value=0.030156026511837367 0.13122942404986357 -2.0679461402599126 -0.89543261067266333 0.046455500023887764 0.25171422134847082 -1.3010683821152278 0.046534727953844793 1.1319727007497926 1.6247219578065772 -1.4926204882980734 0.51967504985238377 -0.43205784592048629 -0.37539270259482893 1.0678932051422545
leaf_weight=2505 3872 364 272 373 93 493 490 356 375 88 75 183 758 408
leaf_count=2505 3872 364 272 373 93 493 490 356 375 88 75 183 758 408
internal_value=-2.48656e-05 -0.42684 -0.985008 0.316114 0.870959 -1.62882 0.174565 0.504088 1.22158 -0.521544 -0.44293 0.105708 -0.513459 0.91719
internal_weight=10705 4555 2050 6150 1249 857 4901 846 876 1193 1105 4055 1030 501
internal_count=10705 4555 2050 6150 1249 857 4901 846 876 1193 1105 4055 1030 501
is_linear=0
shrinkage=0.05


Tree=3
num_leaves=15
num_cat=0
split_feature=71 84 71 84 71 24 84 69 67 69 67 20 45 24
split_gain=525338 347668 336435 246148 162385 52362.3 39071.9 30296.1 26981.4 24549.1 20708.9 19137.6 23525.6 18793.8
threshold=1.0000000180025095e-35 104.23696250000002 -2.9875000000000003 42.523274000000008 2.212499999999999 248.07883750000005 287.58038500000004 -1.0000000180025095e-35 2.1362732083333338 11.840655182291668 0.11729499999999772 274.50906300000003 72.197916666666671 284.15934500000009
decision_type=2 2 2 2 2 2 2 2 2 2 2 2 2 2
left_child=1 -1 5 -2 7 -3 8 13 -4 11 -7 12 -6 -5
right_child=3 2 6 4 9 10 -8 -9 -10 -11 -12 -13 -14 -15
leaf_value=0.032160324973238341 0.038208033225304347 -1.8958940721976298 -0.31322460058252566 -0.020737773367745908 0.2780507224758989 -1.2365232941409321 -1.3686434858455891 0.58397720254204899 0.40680590261333993 1.462571040169877 -0.0693328076618768 1.3649973737566095 1.0908803954923696 0.89171002592629522
leaf_weight=3282 2414 413 1457 477 151 541 81 711 142 505 41 208 219 63
leaf_count=3282 2414 413 1457 477 151 541 81 711 142 505 41 208 219 63
internal_value=-3.16311e-05 -0.312716 -0.735704 0.392256 0.758266 -1.46386 -0.303829 0.369767 -0.249068 1.20628 -1.15456 0.98021 0.760802 0.087166
internal_weight=10705 5957 2675 4748 2334 995 1680 1251 1599 1083 582 578 370 540
internal_count=10705 5957 2675 4748 2334 995 1680 1251 1599 1083 582 578 370 540
is_linear=0
shrinkage=0.05


Tree=4
num_leaves=15
num_cat=0
split_feature=71 84 71 84 71 69 24 84 37 71 24 71 24 22
split_gain=475211 332146 269854 196102 185340 41971.8 39122.9 34003.6 28170.9 23701 21219.1 20956.1 19135.8 17394.3
threshold=-1.0000000180025095e-35 102.83120150000001 -3.1499999999999999 42.523274000000008 2.212499999999999 -1.0000000180025095e-35 248.07883750000005 292.35207400000007 54.375000000000007 5.2625000000000002 284.15934500000009 -1.6125000000000005 242.57118500000004 142.83145680729169
decision_type=2 2 2 2 2 2 2 2 2 2 2 2 2 2
left_child=1 -1 6 -2 5 10 -3 8 13 -6 -5 12 -10 -4
right_child=3 2 7 4 9 -7 -8 -9 11 -11 -12 -13 -14 -15
leaf_value=0.027298705615691383 0.036200506111941422 -1.8763312027229828 -0.089273238436477942 -0.10207915330451936 1.0101172878856663 0.5272918262854086 -1.1827550342078417 -1.6234092258057506 -1.248305272201405 1.5586387049281196 0.75501198605975006 -0.23412262605704628 -0.49444796807879565 1.0885130535153782
leaf_weight=2976 2661 360 81 604 817 841 489 52 101 266 81 822 504 50
leaf_count=2976 2661 360 81 604 817 841 489 52 101 266 81 822 504 50
internal_value=-2.4235e-05 -0.328034 -0.75791 0.338253 0.646194 0.290853 -1.47871 -0.377128 -0.334517 1.14616 0.000223171 -0.398954 -0.622151 0.365104
internal_weight=10705 5435 2459 5270 2609 1526 849 1610 1558 1083 685 1427 605 131
internal_count=10705 5435 2459 5270 2609 1526 849 1610 1558 1083 685 1427 605 131
is_linear=0
shrinkage=0.05


Tree=5
num_leaves=15
num_cat=0
split_feature=71 84 71 84 71 24 84 69 67 69 70 70 16 67
split_gain=429793 284696 274157 201465 131425 43428.4 32889.4 24359.9 23429.9 23376.2 21020.5 20796.2 16929.5 16503.9
threshold=1.0000000180025095e-35 104.23696250000002 -2.9875000000000003 42.523274000000008 2.212499999999999 257.54432450000007 287.58038500000004 -1.0000000180025095e-35 2.1362732083333338 -3.4807346510416655 13.035708839423913 11.208217466635022 277.29195150000004 -8.3892958541666633
decision_type=2 2 2 2 2 2 2 2 2 2 2 2 2 2
left_child=1 -1 5 -2 7 10 8 -5 -4 -6 -3 12 -11 -7
right_child=3 2 6 4 9 13 -8 -9 -10 11 -12 -13 -14 -15
leaf_value=0.029228949813643698 0.034489147215156078 -1.0839322545341332 -0.28531286935520006 0.082992228294951703 0.23978756343970054 -1.2079475533519954 -1.2527006156197409 0.52849180036753529 0.38564057709662231 0.7435212109904652 -1.8209373189713145 1.3379112087697198 1.7442502357521836 -0.59380992434918889
leaf_weight=3282 2414 136 1457 540 76 282 81 711 142 351 393 608 48 184
leaf_count=3282 2414 136 1457 540 76 282 81 711 142 351 393 608 48 184
internal_value=-3.16496e-05 -0.282856 -0.665625 0.354794 0.68592 -1.32294 -0.275765 0.33641 -0.225525 1.08897 -1.63386 1.15275 0.867969 -0.967246
internal_weight=10705 5957 2675 4748 2334 995 1680 1251 1599 1083 529 1007 399 466
internal_count=10705 5957 2675 4748 2334 995 1680 1251 1599 1083 529 1007 399 466
is_linear=0
shrinkage=0.05


Tree=6
num_leaves=15
num_cat=0
split_feature=71 84 71 56 84 24 69 84 73 39 84 36 43 9
split_gain=390843 313454 163287 130732 97631.7 32569 31553.8 67899.1 30808.3 26548.9 22671.3 20222.7 19675 18139.2
threshold=-0.9875000000000006 101.32108900000001 -3.1499999999999999 16.209390000000003 42.523274000000008 248.07883750000005 11.840655182291668 42.523274000000008 -5.8749999999999991 49.875000000000007 283.32550850000001 23.030078125000003 51.875000000000007 80.252033000000026
decision_type=2 2 2 2 2 2 2 2 2 2 2 2 2 2
left_child=1 -1 5 6 -5 -3 -2 -8 11 -4 -11 -6 -9 -14
right_child=3 2 9 4 8 -7 7 12 -10 10 -12 -13 13 -15
leaf_value=0.024216199305402048 0.085508114312640771 -1.6960835287423983 0.58731816982636686 0.038721893823401819 0.63735982444314732 -1.0664910998617712 0.038887741281641477 1.9688221527707008 0.66452835771807184 -0.41922208834860214 -1.2522191952955859 1.4311541423249201 0.99560791178028518 0.046662176519566861
leaf_weight=2505 4055 364 60 373 104 493 490 41 382 1045 88 390 252 63
leaf_count=2505 4055 364 60 373 104 493 490 41 382 1045 88 390 252 63
internal_value=-3.52882e-05 -0.351044 -0.809383 0.259955 0.7164 -1.33557 0.143509 0.421086 1.00458 -0.430592 -0.484968 1.26566 0.945562 0.806567
internal_weight=10705 4555 2050 6150 1249 857 4901 846 876 1193 1133 494 356 315
internal_count=10705 4555 2050 6150 1249 857 4901 846 876 1193 1133 494 356 315
is_linear=0
shrinkage=0.05


Tree=7
num_leaves=15
num_cat=0
split_feature=71 84 71 84 71 24 84 69 67 69 70 71 24 67
split_gain=353855 234050 223623 168209 109371 36539.7 27805.7 20562.2 20380.5 19763.6 17757.3 17199.6 15033.6 14609.1
threshold=1.0000000180025095e-35 104.23696250000002 -2.9875000000000003 42.523274000000008 2.212499999999999 257.54432450000007 282.33339050000006 -1.0000000180025095e-35 1.0000000180025095e-35 -3.4807346510416655 13.035708839423913 5.1000000000000005 284.15934500000009 -8.3892958541666633
decision_type=2 2 2 2 2 2 2 2 2 2 2 2 2 2
left_child=1 -1 5 -2 7 10 8 12 -4 -6 -3 -11 -5 -7
right_child=3 2 6 4 9 13 -8 -9 -10 11 -12 -13 -14 -15
leaf_value=0.026317849272718536 0.029257479798719749 -0.97741197563000848 -0.27267461723820219 -0.023656401078647322 0.21151337241391086 -1.0975106033545923 -0.99530438294268064 0.48213526164547782 0.22738364259980492 0.92500928212507993 -1.6543841304437159 1.4000888569681151 0.79241515321191403 -0.52023667457941414
leaf_weight=3282 2414 136 1324 477 76 282 116 711 240 743 393 264 63 184
leaf_count=3282 2414 136 1324 477 76 282 116 711 240 743 393 264 63 184
internal_value=-2.37889e-05 -0.256649 -0.603706 0.321933 0.624499 -1.19736 -0.251603 0.305661 -0.195843 0.992174 -1.48251 1.05082 0.0728407 -0.871176
internal_weight=10705 5957 2675 4748 2334 995 1680 1251 1564 1083 529 1007 540 466
internal_count=10705 5957 2675 4748 2334 995 1680 1251 1564 1083 529 1007 540 466
is_linear=0
shrinkage=0.05


Tree=8
num_leaves=15
num_cat=0
split_feature=71 84 71 12 84 71 69 73 84 44 24 9 31 24
split_gain=321082 254940 134836 108733 59429.1 109039 32263.6 31399 29086.3 26512.4 23273.9 23153.3 19223.8 18436.4
threshold=-0.88749999999999918 107.48511150000002 -3.6499999999999999 274.50906300000003 42.523274000000008 2.0124999999999997 -1.0000000180025095e-35 -4.6249999999999991 292.35207400000007 53.031250000000007 248.07883750000005 251.74328650000004 21.112500000000004 243.11060200000003
decision_type=2 2 2 2 2 2 2 2 2 2 2 2 2 2
left_child=1 -1 10 4 -2 6 -6 12 9 -4 -3 -7 -5 -11
right_child=3 2 8 7 5 11 -8 -9 -10 13 -12 -13 -14 -15
leaf_value=0.010642007745453777 0.027595940777345708 -1.6119001080052922 0.47712425896350075 0.48298405376336878 -0.084348821327602172 0.93340614322730575 0.34473683857288123 0.43726101056518268 -1.4874204781747633 -0.89964942159792782 -1.0316135136677982 0.10503925544392204 1.4821172248210832 -0.35075981212057794
leaf_weight=2625 3039 312 84 62 865 711 886 180 61 182 410 96 236 956
leaf_count=2625 3039 312 84 62 865 711 886 180 61 182 410 96 236 956
internal_value=-2.93582e-05 -0.313658 -0.738034 0.239012 0.177099 0.354634 0.13284 0.962075 -0.429889 -0.375926 -1.28426 0.835116 1.27655 -0.439256
internal_weight=10705 4630 2005 6075 5597 2558 1751 478 1283 1222 722 807 298 1138
internal_count=10705 4630 2005 6075 5597 2558 1751 478 1283 1222 722 807 298 1138
is_linear=0
shrinkage=0.05


Tree=9
num_leaves=15
num_cat=0
split_feature=71 84 71 84 71 24 84 36 67 32 69 63 71 67
split_gain=290836 192992 189306 138353 88541.2 32252.5 23767.9 17489.5 17348.6 16518.1 15967 15381.1 14005 13515.5
threshold=1.0000000180025095e-35 101.32108900000001 -2.8499999999999992 42.523274000000008 2.2375000000000012 257.54432450000007 282.33339050000006 23.255598958333341 2.1362732083333338 28.275000000000002 -1.0000000180025095e-35 -37.787372624999996 3.837499999999999 -7.7816048124999986
decision_type=2 2 2 2 2 2 2 2 2 2 2 2 2 2
left_child=1 -1 5 -2 9 11 8 -6 -4 10 -5 -3 -9 -7
right_child=3 2 6 4 7 13 -8 12 -10 -11 -12 -13 -14 -15
leaf_value=0.028208873370044518 0.026415985208120409 -1.7027239292401533 -0.21917609441021058 0.019931711474055192 0.61134554509958505 -0.98204631349010596 -0.91074605468093717 0.82278596700603446 0.3497066928792707 0.9295517641559734 0.39287937770725606 -1.1366798127592455 1.2708022093160192 -0.43428684824966296
leaf_weight=3237 2414 194 1427 511 361 303 114 370 147 90 654 352 348 183
leaf_count=3237 2414 194 1427 511 361 303 114 370 147 90 654 352 348 183
internal_value=-3.33309e-05 -0.232688 -0.54307 0.29185 0.566253 -1.07621 -0.216674 0.898214 -0.165858 0.280358 0.229452 -1.34055 1.0414 -0.777106
internal_weight=10705 5957 2720 4748 2334 1032 1688 1079 1574 1255 1165 546 718 486
internal_count=10705 5957 2720 4748 2334 1032 1688 1079 1574 1255 1165 546 718 486
is_linear=0
shrinkage=0.05


Tree=10
num_leaves=15
num_cat=0
split_feature=71 84 56 71 84 39 71 84 24 24 37 84 80 29
split_gain=264166 229628 99385.2 85444.7 68623.1 34173.4 28606.8 25626.4 21816.2 20860.5 33081 20142.4 19502.8 18348.4
threshold=-1.1874999999999998 90.300388000000012 12.469554000000004 -3.9875000000000003 42.523274000000008 51.625000000000007 4.4125000000000023 270.98592550000006 248.07883750000005 278.84935850000005 53.125000000000007 299.97504500000008 -0.2269546835593246 19.012500000000003
decision_type=2 2 2 2 2 2 2 2 2 2 2 2 2 2
left_child=1 -1 7 8 -4 -5 -6 9 -3 -2 -11 13 -12 -7
right_child=2 3 4 5 6 11 -8 -9 -10 10 12 -13 -14 -15
leaf_value=0.034229022365096694 0.051843632018102548 -1.4855846000804964 0.03142155910934414 0.84505713814869532 0.59306631103404284 -0.84100535122626963 1.1623619588046539 -0.40088792852912436 -0.92307555380886286 1.0530223859444499 0.42192138128872775 -1.6097858824381015 0.015936798696547818 -0.3500933677680233
leaf_weight=2015 3845 306 443 47 691 256 327 256 415 125 542 40 650 747
leaf_count=2015 3845 306 443 47 691 256 327 256 415 125 542 40 650 747
internal_value=-3.60272e-05 -0.333032 0.185193 -0.741457 0.551031 -0.461454 0.776896 0.086459 -1.16354 0.110701 0.282366 -0.521082 0.200736 -0.476104
internal_weight=10705 3826 6879 1811 1461 1090 1018 5418 721 5162 1317 1043 1192 1003
internal_count=10705 3826 6879 1811 1461 1090 1018 5418 721 5162 1317 1043 1192 1003
is_linear=0
shrinkage=0.05


Tree=11
num_leaves=15
num_cat=0
split_feature=71 84 71 84 71 24 69 84 24 69 73 1 70 84
split_gain=240805 167809 134703 101477 95204.1 26832.2 24168.7 17214.7 16285.6 15776 14484.5 15388.4 13702.2 13693
threshold=-0.062499999999999993 101.32108900000001 -2.8499999999999992 42.523274000000008 2.212499999999999 257.54432450000007 -1.0000000180025095e-35 275.02512300000006 284.15934500000009 -3.4807346510416655 17.875000000000004 248.11922550000006 13.035708839423913 273.02215500000005
decision_type=2 2 2 2 2 2 2 2 2 2 2 2 2 2
left_child=1 -1 5 -2 6 12 8 10 -5 -6 11 -4 -3 -8
right_child=3 2 7 4 9 -7 13 -9 -10 -11 -12 -13 -14 -15
leaf_value=0.020330878261165895 0.022575724127370324 -0.78309190384783112 -0.22568301923645351 -0.097846666171553048 0.12316788905239724 -0.7011619458850894 0.44445473860206131 -0.67400118292269295 0.64808285554130396 0.87197772726626332 -0.9034010960209754 0.1839267530655789 -1.3645329823611696 -0.32919394396726165
leaf_weight=2947 2666 142 881 617 76 486 781 185 82 1007 61 309 404 61
leaf_count=2947 2666 142 881 617 76 486 781 185 82 1007 61 309 404 61
internal_value=-4.0772e-05 -0.234409 -0.538475 0.239864 0.460538 -0.973944 0.207831 -0.225059 -0.00954052 0.819592 -0.158184 -0.119257 -1.21502 0.388083
internal_weight=10705 5415 2468 5290 2624 1032 1541 1436 699 1083 1251 1190 546 842
internal_count=10705 5415 2468 5290 2624 1032 1541 1436 699 1083 1251 1190 546 842
is_linear=0
shrinkage=0.05


Tree=12
num_leaves=15
num_cat=0
split_feature=71 84 71 84 71 25 84 37 83 56 69 25 32 56
split_gain=218102 145036 133323 104940 66622.2 20706.9 19945.5 19314.3 16726.2 15979.2 15122.4 14326.5 14040.9 12840.3
threshold=1.0000000180025095e-35 105.21673250000002 -3.1499999999999999 42.523274000000008 2.212499999999999 103.46998804815223 292.35207400000007 54.625000000000007 244.88150150000004 -37.211869499999978 11.840655182291668 105.41539964256184 28.275000000000002 -0.12793899999999778
decision_type=2 2 2 2 2 2 2 2 2 2 2 2 2 2
left_child=1 -1 5 -2 12 9 7 11 -9 -3 -6 -4 13 -5
right_child=3 2 6 4 10 -7 -8 8 -10 -11 -12 -13 -14 -15
leaf_value=0.019944552818701292 0.021542365035933 -1.4142383716166465 -0.029931687972404891 -0.15955933548585829 0.60204546965131078 -0.4182430802646912 -1.1040363376028837 -0.39370375957580345 -0.067310779419469155 -0.91640025448817042 0.97921153404142547 0.97807850203730851 0.84125361960012845 0.27341195024614395
leaf_weight=3299 2414 267 98 208 578 131 63 929 680 436 505 54 90 953
leaf_count=3299 2414 267 98 208 578 131 63 929 680 436 505 54 90 953
internal_value=-5.16426e-05 -0.201525 -0.476307 0.252712 0.491694 -0.99963 -0.236608 -0.204967 -0.25589 -1.10722 0.778658 0.332229 0.242844 0.195772
internal_weight=10705 5957 2658 4748 2334 834 1824 1761 1609 703 1083 152 1251 1161
internal_count=10705 5957 2658 4748 2334 834 1824 1761 1609 703 1083 152 1251 1161
is_linear=0
shrinkage=0.05


Tree=13
num_leaves=15
num_cat=0
split_feature=71 84 71 12 84 71 32 84 9 69 29 84 79 24
split_gain=198306 159737 80222.6 73521.6 35293.9 68387.1 22749.6 22377.3 19870.3 19720.8 18955.2 18850 16486.2 14921.3
threshold=-0.9875000000000006 107.48511150000002 -3.9875000000000003 274.50906300000003 42.523274000000008 1.8125000000000002 28.137500000000003 299.97504500000008 249.30390550000001 -5.6817130104166624 19.012500000000003 272.67347150000006 -0.93540483100319605 248.07883750000005
decision_type=2 2 2 2 2 2 2 2 2 2 2 2 2 2
left_child=1 -1 13 4 -2 9 12 10 -7 -6 -4 -11 -5 -3
right_child=3 2 7 6 5 8 -8 -9 -10 11 -12 -13 -14 -15
leaf_value=0.0091318457550008236 0.02014895807299218 -1.3124329084576223 -0.68547787416593309 -0.12227859048195829 -0.24625740523171641 0.68327243577783792 1.1818992990358124 -1.4459720290225486 0.077740741760274512 0.23214371687021221 -0.2190702936233338 -0.42185018407256625 0.72623521547071901 -0.82672545490811
leaf_weight=2579 3075 284 279 80 387 863 202 45 161 1062 990 122 198 378
leaf_count=2579 3075 284 279 80 387 863 202 45 161 1062 990 122 198 378
internal_value=-5.27404e-05 -0.250079 -0.588224 0.18514 0.134765 0.270522 0.778673 -0.361633 0.588235 0.0631891 -0.322073 0.164457 0.482495 -1.03676
internal_weight=10705 4555 1976 6150 5670 2595 480 1314 1024 1571 1269 1184 278 662
internal_count=10705 4555 1976 6150 5670 2595 480 1314 1024 1571 1269 1184 278 662
is_linear=0
shrinkage=0.05


Tree=14
num_leaves=15
num_cat=0
split_feature=71 84 56 71 84 39 69 84 43 73 84 25 9 84
split_gain=179532 157987 68846.3 57978 46091.1 27667.8 19497.8 33903.7 19457.8 19090 16811.3 16068.8 15376.7 15002
threshold=-1.1874999999999998 90.300388000000012 17.861913499999996 -3.9875000000000003 42.523274000000008 51.625000000000007 11.840655182291668 42.523274000000008 51.875000000000007 -7.8749999999999991 273.38934050000006 102.6691844837945 72.888648000000003 299.97504500000008
decision_type=2 2 2 2 2 2 2 2 2 2 2 2 2 2
left_child=1 -1 6 11 -4 -5 10 -8 -9 -6 -2 -3 -10 -7
right_child=2 3 4 5 9 13 7 8 12 -11 -12 -13 -14 -15
leaf_value=0.030049279560325742 0.060920453155518396 -1.0671254653502225 0.027861494733301625 0.79264020725434725 0.9538633080771064 -0.3975753118590159 0.026268062907433932 1.6272940140300329 0.71144378234193839 0.46762069910080895 -0.39863426972252247 -0.43056009335931944 -0.056985329120123586 -1.3758086030076191
leaf_weight=2015 4606 600 357 47 403 1003 508 44 256 411 207 121 87 40
leaf_count=2015 4606 600 357 47 403 1003 508 44 256 411 207 121 87 40
internal_value=-6.10767e-05 -0.27458 0.15264 -0.613354 0.501702 -0.382701 0.0809546 0.295117 0.647048 0.709228 0.041077 -0.96104 0.516937 -0.436373
internal_weight=10705 3826 6879 1811 1171 1090 5708 895 387 814 4813 721 343 1043
internal_count=10705 3826 6879 1811 1171 1090 5708 895 387 814 4813 721 343 1043
is_linear=0
shrinkage=0.05


Tree=15
num_leaves=15
num_cat=0
split_feature=71 84 71 84 71 67 24 84 67 36 19 68 45 58
split_gain=163517 109464 110463 80003.7 50291.4 22318.4 15842.4 15827.2 14644.1 12835.1 12498.3 12150.6 11621 11610.7
threshold=1.0000000180025095e-35 94.96069900000002 -2.8499999999999992 42.523274000000008 2.212499999999999 0.34862197916666565 257.54432450000007 282.33339050000006 1.0000000180025095e-35 23.255598958333341 186.07029200000002 12.830171362394831 86.447916666666671 -39.395179499999976
decision_type=2 2 2 2 2 2 2 2 2 2 2 2 2 2
left_child=1 -1 5 -2 11 6 13 8 -4 10 -6 12 -5 -3
right_child=3 2 7 4 9 -7 -8 -9 -10 -11 -12 -13 -14 -15
leaf_value=0.02906693086611328 0.016963360103205868 -1.7381533596250749 -0.18113077521597423 0.11120988999346181 0.66169728493359359 0.22673731658096408 -0.63087104346441192 -0.72315567612648013 0.22665046956283505 0.79897655070374962 0.056861855974085898 0.78868873270118944 0.60002358659150323 -0.9530535747847102
leaf_weight=3132 2414 53 1381 1030 224 50 459 114 261 721 138 84 137 507
leaf_count=3132 2414 53 1381 1030 224 50 459 114 261 721 138 84 137 507
internal_value=-5.34864e-05 -0.174502 -0.400124 0.218807 0.427471 -0.800606 -0.851188 -0.156006 -0.116214 0.676796 0.431916 0.211261 0.169059 -1.03032
internal_weight=10705 5957 2825 4748 2334 1069 1019 1756 1642 1083 362 1251 1167 560
internal_count=10705 5957 2825 4748 2334 1069 1019 1756 1642 1083 362 1251 1167 560
is_linear=0
shrinkage=0.05


Tree=16
num_leaves=15
num_cat=0
split_feature=71 84 71 12 84 71 73 36 84 69 9 31 84 68
split_gain=147724 119498 59746 57386.1 26700.6 51187.3 19473.6 17945.6 17887.2 16707.9 16406.7 15514.2 15283.6 14161.4
threshold=-0.9875000000000006 107.48511150000002 -3.9875000000000003 274.50906300000003 42.523274000000008 1.8125000000000002 -4.6249999999999991 24.714192708333339 287.58038500000004 -5.6817130104166624 249.30390550000001 21.112500000000004 272.67347150000006 12.070844363175487
decision_type=2 2 2 2 2 2 2 2 2 2 2 2 2 2
left_child=1 -1 -3 4 -2 9 11 8 -4 -6 -7 -5 -11 -8
right_child=3 2 7 6 5 10 13 -9 -10 12 -12 -13 -14 -15
leaf_value=0.0083473539426056464 0.015589526866324081 -0.89540263902435291 -0.30611890668850011 0.22430883196906912 -0.23083994425749213 0.5945849750027129 -0.0025419286706230859 0.47324829639300053 -1.080038587760646 0.20814655212654146 0.044535947310519811 1.1168949389586593 -0.38073679509504543 0.97267771111084866
leaf_weight=2579 3075 662 1167 62 387 863 131 68 79 1062 161 236 122 51
leaf_count=2579 3075 662 1167 62 387 863 131 68 79 1062 161 236 122 51
internal_value=-5.41251e-05 -0.21585 -0.50832 0.159784 0.11528 0.233359 0.684156 -0.312773 -0.356014 0.0539843 0.50823 0.93256 0.147198 0.274556
internal_weight=10705 4555 1976 6150 5670 2595 480 1314 1246 1571 1024 298 1184 182
internal_count=10705 4555 1976 6150 5670 2595 480 1314 1246 1571 1024 298 1184 182
is_linear=0
shrinkage=0.05


Tree=17
num_leaves=15
num_cat=0
split_feature=71 84 56 84 24 84 71 6 69 84 71 43 49 24
split_gain=134914 128647 61691.6 34515.9 29375.1 27910.8 21164.9 16374.9 15629 30827.2 24241.4 16195.1 15545.3 14440.6
threshold=-2.3625000000000003 81.513918500000003 12.126064000000001 42.523274000000008 273.57706450000006 273.38934050000006 4.4125000000000023 104.55790450000002 -1.0000000180025095e-35 42.523274000000008 1.1500000000000006 48.375000000000007 3.5000000000000004 245.00571850000003
decision_type=2 2 2 2 2 2 2 2 2 2 2 2 2 2
left_child=1 -1 5 -4 12 8 7 -5 -2 -10 11 -11 13 -3
right_child=2 4 3 6 -6 -7 -8 -9 9 10 -12 -13 -14 -15
leaf_value=0.029327480853942822 -0.035833611670325193 -0.98481965805244531 0.023334745171997281 0.55896239386031144 -0.2336589906351422 -0.44601342247301262 0.87927619444657923 0.045066328102295071 0.016725033098022028 1.0022162175122298 0.60830686831486325 0.098489609605678444 -1.1489521431777843 -0.51178685545520852
leaf_weight=1290 2706 262 449 480 280 289 329 229 2412 52 464 773 259 431
leaf_count=1290 2706 262 449 480 280 289 329 229 2412 52 464 773 259 431
internal_value=-4.78577e-05 -0.319708 0.0984984 0.38971 -0.684903 0.0337798 0.548015 0.393276 0.055488 0.12225 0.319543 0.156596 -0.817237 -0.691786
internal_weight=10705 2522 8183 1487 1232 6696 1038 709 6407 3701 1289 825 952 693
internal_count=10705 2522 8183 1487 1232 6696 1038 709 6407 3701 1289 825 952 693
is_linear=0
shrinkage=0.05


Tree=18
num_leaves=15
num_cat=0
split_feature=71 84 71 84 71 67 69 68 84 24 67 31 24 43
split_gain=121992 83148.4 81782.5 59512.6 38964.9 18847.8 18815.7 16025.1 13701 12926.1 12738.1 11452.2 10999.9 13829.6
threshold=1.0000000180025095e-35 94.96069900000002 -2.8499999999999992 42.523274000000008 3.7125000000000008 0.34862197916666565 -1.0000000180025095e-35 10.13330921652207 273.02215500000005 257.54432450000007 3.1851879791666664 20.262500000000003 299.02505250000007 48.875000000000007
decision_type=2 2 2 2 2 2 2 2 2 2 2 2 2 2
left_child=1 -1 5 -2 6 9 7 -5 12 -3 -4 -6 13 -8
right_child=3 2 10 4 11 -7 8 -9 -10 -11 -12 -13 -14 -15
leaf_value=0.026694979051192239 0.014906562863546375 -0.90017605908152787 -0.17699063549406571 -0.031721526268137318 0.29779771206065497 0.25147667942093871 1.1879568641147917 0.99085065053730481 -0.3050540956774993 -0.53960838526598709 0.31868267606230494 0.86426404190831541 -0.066042847169789476 0.42027487025560994
leaf_weight=3132 2414 560 1616 584 115 50 62 40 69 459 140 420 106 938
leaf_count=3132 2414 560 1616 584 115 50 62 40 69 459 140 420 106 938
internal_value=-4.59278e-05 -0.150725 -0.347365 0.188993 0.368962 -0.691956 0.257293 0.0353085 0.37505 -0.73845 -0.137313 0.743283 0.417717 0.46901
internal_weight=10705 5957 2825 4748 2334 1069 1799 624 1175 1019 1756 535 1106 1000
internal_count=10705 5957 2825 4748 2334 1069 1799 624 1175 1019 1756 535 1106 1000
is_linear=0
shrinkage=0.05


Tree=19
num_leaves=15
num_cat=0
split_feature=71 84 12 71 39 69 84 73 31 49 20 25 70 84
split_gain=110684 98319.4 46153.4 38391.6 24078.4 19649.9 35189.1 19498.7 18702.7 15922.1 13391.6 13108.2 12924.8 12385.9
threshold=-1.1874999999999998 90.300388000000012 272.35636400000004 -4.4750000000000005 51.625000000000007 11.840655182291668 42.523274000000008 -5.6249999999999991 21.262500000000003 3.5000000000000004 247.91118100000003 107.69175705454224 19.136531480599313 299.97504500000008
decision_type=2 2 2 2 2 2 2 2 2 2 2 2 2 2
left_child=1 -1 5 10 -5 -2 -7 8 -4 -9 -3 -8 -13 -6
right_child=2 3 7 4 13 6 11 9 -10 -11 -12 12 -14 -15
leaf_value=0.02473383993547898 0.032886803962867493 -1.0469242550576887 0.21375485399750316 0.75989809696163446 -0.33946959492382894 0.021993680493292082 0.8160184292792686 0.0069736934239215675 0.98800928808805599 0.96647042080208101 -0.55281188396262182 0.049977662874250442 0.70040983078417496 -1.1779540015303571
leaf_weight=2015 4946 309 112 48 1155 727 252 217 261 53 254 178 133 45
leaf_count=2015 4946 309 112 48 1155 727 252 217 261 53 254 178 133 45
internal_value=-3.26412e-05 -0.215581 0.119866 -0.482832 -0.327764 0.0782357 0.251948 0.522861 0.756719 0.198191 -0.825379 0.548322 0.32949 -0.371867
internal_weight=10705 3826 6879 1811 1248 6236 1290 643 373 270 563 563 311 1200
internal_count=10705 3826 6879 1811 1248 6236 1290 643 373 270 563 563 311 1200
is_linear=0
shrinkage=0.05


Tree=20
num_leaves=15
num_cat=0
split_feature=71 84 71 84 71 47 84 69 68 84 24 12 37 49
split_gain=101185 68947 60487.2 49943.3 32703.1 16636.2 16224.3 16136.8 13630.2 12309.1 11431.4 17803.7 16206.7 12029.3
threshold=1.0000000180025095e-35 105.21673250000002 -3.6499999999999999 42.523274000000008 3.7125000000000008 79.141927083333357 287.58038500000004 -1.0000000180025095e-35 10.13330921652207 273.02215500000005 278.56941200000006 280.08090150000004 53.125000000000007 3.5000000000000004
decision_type=2 2 2 2 2 2 2 2 2 2 2 2 2 2
left_child=1 -1 -3 -2 7 6 10 8 -5 -9 13 12 -12 -4
right_child=3 2 5 4 -6 -7 -8 9 -10 -11 11 -13 -14 -15
leaf_value=0.015444499560529507 0.012664027772458198 -0.71404205255220599 -0.089577841425744209 -0.032677668626619201 0.67993324192296445 -0.39186979475557804 -0.84190668757214704 0.38420291428978776 0.91039349582137141 -0.30078167966433939 1.2182569600286939 -0.78206397293048902 0.17286957892877056 -0.81904127969116469
leaf_weight=3299 2414 730 775 584 535 624 65 1106 40 69 41 42 321 60
leaf_count=3299 2414 730 775 584 535 624 65 1106 40 69 41 42 321 60
internal_value=-2.41716e-05 -0.137253 -0.32671 0.172141 0.337007 -0.17976 -0.0780366 0.234704 0.0291355 0.343757 -0.037316 0.180746 0.2943 -0.142911
internal_weight=10705 5957 2658 4748 2334 1928 1304 1799 624 1175 1239 404 362 835
internal_count=10705 5957 2658 4748 2334 1928 1304 1799 624 1175 1239 404 362 835
is_linear=0
shrinkage=0.05


Tree=21
num_leaves=15
num_cat=0
split_feature=71 84 56 84 69 84 25 43 25 73 62 56 61 30
split_gain=92022.2 87922 42715.6 23737.8 23179.4 22188.8 15529.9 13977.6 14302.8 12845.4 12689.5 11576 10898.3 10472.2
threshold=-2.3625000000000003 81.513918500000003 17.861913499999996 42.523274000000008 1.421810458333332 275.02512300000006 103.98276118801375 47.125000000000007 105.41539964256184 -5.8749999999999991 233.77775500000001 -37.211869499999978 68.456144000000023 20.987500000000004
decision_type=2 2 2 2 2 2 2 2 2 2 2 2 2 2
left_child=1 -1 5 -4 6 7 11 8 -2 -5 -9 -3 -13 -11
right_child=2 4 3 9 -6 -7 -8 10 -10 13 -12 12 -14 -15
leaf_value=0.024521168500854468 0.04965276148976739 -0.97503281963737776 0.02099518443050491 0.68241246770545527 0.090566880057458998 -0.41956639305893406 -0.14193368803443654 0.027143202848185846 0.922629630930074 0.89505470785601382 0.42038605676542196 -0.69331364790163941 -0.19021373931592442 0.15921875160766413
leaf_weight=1290 96 288 358 463 121 258 139 6354 91 57 211 549 135 295
leaf_count=1290 96 288 358 463 121 258 139 6354 91 57 211 549 135 295
internal_value=-2.56643e-05 -0.264027 0.0813619 0.360493 -0.565935 0.0346095 -0.637452 0.0520236 0.477118 0.509413 0.0398442 -0.708095 -0.59444 0.280572
internal_weight=10705 2522 8183 1173 1232 7010 1111 6752 187 815 6565 972 684 352
internal_count=10705 2522 8183 1173 1232 7010 1111 6752 187 815 6565 972 684 352
is_linear=0
shrinkage=0.05


Tree=22
num_leaves=15
num_cat=0
split_feature=71 84 71 84 71 84 24 73 26 32 29 69 47 57
split_gain=85006.8 60333.6 45858.7 37466.1 34384.9 15587.8 15974 13634.1 17174.7 13165 13157.3 11722.3 12346.1 10435.9
threshold=-0.062499999999999993 110.81435950000001 -4.4750000000000005 42.523274000000008 2.212499999999999 299.97504500000008 248.07883750000005 10.875000000000002 26.012500000000003 29.012500000000003 19.612500000000004 -6.3374481822916637 75.815104166666671 0.98853162326765498
decision_type=2 2 2 2 2 2 2 2 2 2 2 2 2 2
left_child=1 -1 -3 -2 9 6 -4 13 10 11 -9 12 -5 -8
right_child=3 2 5 4 -6 -7 7 8 -10 -11 -12 -13 -14 -15
leaf_value=0.0057361660571361604 0.010489989629970047 -0.75416586509392891 -0.48134942505488632 0.53000397844748059 0.49238731583517659 -1.0770462269876517 -0.08020299784649193 -1.0239749665771212 -1.0607828893073619 0.78019186156253295 -0.06882864750399896 0.15421408532003461 -0.39757508901613103 0.39562988869958754
leaf_weight=3086 2666 502 371 43 1083 50 906 41 72 72 256 1231 195 131
leaf_count=3086 2666 502 371 43 1083 50 906 41 72 72 256 1231 195 131
internal_value=-2.0306e-05 -0.139269 -0.331327 0.142519 0.276605 -0.214795 -0.189942 -0.112761 -0.373333 0.124735 -0.203678 0.0921001 -0.228471 -0.0197697
internal_weight=10705 5415 2329 5290 2624 1827 1777 1406 369 1541 297 1469 238 1037
internal_count=10705 5415 2329 5290 2624 1827 1777 1406 369 1541 297 1469 238 1037
is_linear=0
shrinkage=0.05


Tree=23
num_leaves=15
num_cat=0
split_feature=71 84 71 84 71 67 43 70 24 83 84 44 69 24
split_gain=77075.1 45962.8 59445.4 45068.3 18567.6 14635.8 12773.9 13125.6 11107.1 10830.4 14556.5 11072.7 10757.2 10079
threshold=0.95000000000000118 94.27439600000001 -2.8499999999999992 42.523274000000008 3.9000000000000008 0.34862197916666565 47.875000000000007 7.5555639266195334 279.71161950000004 244.88150150000004 277.24286500000011 72.031250000000014 -0.035147567708333632 257.54432450000007
decision_type=2 2 2 2 2 2 2 2 2 2 2 2 2 2
left_child=1 -1 5 -2 12 13 -4 8 -8 -9 11 -11 -5 -3
right_child=3 2 6 4 -6 -7 7 9 -10 10 -12 -13 -14 -15
leaf_value=0.021444047422864872 0.010956499064414376 -0.72715534480683031 0.43500689621175737 0.045066765792120031 0.61112059242743444 0.28676548483324987 -0.052196670973286785 -0.37492803864921043 0.41213672899775822 0.48264564958606232 -0.508098473006936 -0.079120706320176593 0.34553944871119002 -0.40959908541397011
leaf_weight=3538 2035 561 110 424 498 50 677 588 158 117 145 341 1003 460
leaf_count=3538 2035 561 110 424 498 50 677 588 158 117 145 341 1003 460
internal_value=-3.13182e-05 -0.102826 -0.239887 0.17504 0.348403 -0.543714 -0.0873636 -0.115926 0.0360531 -0.222418 -0.0733269 0.0651262 0.256355 -0.584625
internal_weight=10705 6745 3207 3960 1925 1071 2136 2026 835 1191 603 458 1427 1021
internal_count=10705 6745 3207 3960 1925 1071 2136 2026 835 1191 603 458 1427 1021
is_linear=0
shrinkage=0.05


Tree=24
num_leaves=15
num_cat=0
split_feature=71 84 71 84 71 84 26 32 47 73 26 70 84 24
split_gain=69683.4 49712.4 39774.3 30812.5 28212.9 13623.5 12996.8 12038.2 11614.5 11486.1 14883.7 10665.1 10104.1 9684.68
threshold=-0.062499999999999993 114.89154250000001 -4.6124999999999998 42.523274000000008 1.8125000000000002 292.35207400000007 19.012500000000003 29.137500000000003 63.057291666666679 10.875000000000002 26.012500000000003 7.6163749287518039 169.3787245 275.10399300000006
decision_type=2 2 2 2 2 2 2 2 2 2 2 2 2 2
left_child=1 -1 -3 -2 7 6 12 11 -6 -8 -11 -5 -4 -13
right_child=3 2 5 4 8 -7 9 -9 -10 10 -12 13 -14 -15
leaf_value=0.0030116553480292914 0.0092940018736321888 -0.71984817335029061 -1.0005787518487048 0.21241983261229938 0.97838258743286133 -0.87805848807411291 -0.015693362705071694 0.81665350437726625 0.36984701281954302 -0.18653537517373131 -0.97822835012658005 -0.3330496300746687 -0.31236470125475213 0.060419306421761611
leaf_weight=3137 2666 458 66 536 83 70 1019 52 1287 322 72 249 271 417
leaf_count=3137 2666 458 66 536 83 70 1019 52 1287 322 72 249 271 417
internal_value=-2.74191e-05 -0.126103 -0.303828 0.129026 0.250626 -0.198799 -0.171143 0.0791593 0.407401 -0.104433 -0.33332 0.0466021 -0.44971 -0.0869672
internal_weight=10705 5415 2278 5290 2624 1820 1750 1254 1370 1413 394 1202 337 666
internal_count=10705 5415 2278 5290 2624 1820 1750 1254 1370 1413 394 1202 337 666
is_linear=0
shrinkage=0.05


Tree=25
num_leaves=15
num_cat=0
split_feature=56 56 84 73 84 69 43 22 47 22 21 84 47 70
split_gain=63848.8 31882.4 27729 24174.4 16229.8 12636.7 17658.4 11747.7 17952.4 15059.3 10929 10522.7 10476.9 10237.7
threshold=-9.1773025000000015 17.861913499999996 121.17630050000001 13.875000000000002 42.523274000000008 11.840655182291668 51.875000000000007 149.2937468697917 71.131510416666671 144.3220852135417 1.2382070770162167e-05 287.58038500000004 75.294270833333357 8.1032710679429751
decision_type=2 2 2 2 2 2 2 2 2 2 2 2 2 2
left_child=2 5 -1 11 -3 13 -7 8 9 -6 -8 -4 -10 -2
right_child=1 4 3 -5 7 6 10 -9 12 -11 -12 -13 -14 -15
leaf_value=-0.034616263617973042 0.053521248336874633 0.018385085392961263 -0.18114131495506394 -0.72321968075575394 0.99614630864950238 1.0304836239855169 0.49468805236317331 -0.15152283246042553 0.0011748976308234875 0.11647576114628465 0.046774943445618042 -0.86947315475735509 0.48885569132795492 -0.07004150925302953
leaf_weight=778 3572 358 633 419 217 58 169 80 186 63 686 60 269 3157
leaf_count=778 3572 358 633 419 217 58 169 80 186 63 686 60 269 3157
internal_value=-3.52686e-05 0.0565134 -0.26367 -0.42375 0.299107 0.0192425 0.193687 0.422245 0.484817 0.799339 0.135784 -0.241904 0.289936 -0.00445166
internal_weight=10705 8815 1890 1112 1173 7642 913 815 735 280 855 693 455 6729
internal_count=10705 8815 1890 1112 1173 7642 913 815 735 280 855 693 455 6729
is_linear=0
shrinkage=0.05


Tree=26
num_leaves=15
num_cat=0
split_feature=56 71 84 84 19 84 62 67 43 71 19 84 69 49
split_gain=58709.5 35599.5 36498.4 31751.5 19168.3 13955.8 13485 12237.8 10310.9 10075.5 15495.2 10014.9 18636.5 18439.9
threshold=-23.553458499999994 1.2124999999999988 42.523274000000008 84.599854500000006 205.72067600000003 275.36804450000005 226.92036650000003 -0.26532110416666649 45.625000000000007 4.9875000000000016 193.58863950000003 104.23696250000002 0.53624460416666653 4.5000000000000009
decision_type=2 2 2 2 2 2 2 2 2 2 2 2 2 2
left_child=3 5 -3 -1 -5 6 11 -4 -9 10 -10 -2 13 -13
right_child=1 2 7 4 -6 -7 -8 8 9 -11 -12 12 -14 -15
leaf_value=0.023831514281670699 0.018957818125357562 0.0097007594605487343 -0.019676677968639596 -0.63073181487832419 0.44086154123147331 -0.35455714627608376 0.33268979866099491 0.93732527332698423 0.37238723210650848 0.64003021168388452 -0.14666470456051461 -0.17362477092489917 0.10602853433663087 -0.9374522969836282
leaf_weight=355 3658 1730 207 630 44 317 266 81 915 256 170 1354 639 83
leaf_count=355 3658 1730 207 630 44 317 266 81 915 256 170 1354 639 83
internal_value=-2.78236e-05 0.03817 0.169665 -0.358902 -0.560227 -0.031767 -0.0146566 0.339437 0.39169 0.358059 0.291001 -0.0308252 -0.118512 -0.218364
internal_weight=10705 9676 3359 1029 674 6317 6000 1629 1422 1341 1085 5734 2076 1437
internal_count=10705 9676 3359 1029 674 6317 6000 1629 1422 1341 1085 5734 2076 1437
is_linear=0
shrinkage=0.05


Tree=27
num_leaves=15
num_cat=0
split_feature=71 84 24 12 58 36 32 37 22 31 71 46 69 84
split_gain=53514.4 45119.6 25735.8 23816.8 18509 16908.2 15003.6 13936.6 13896.2 14732 10594.2 10251.6 9730.89 19224
threshold=-0.88749999999999918 77.844594000000015 248.07883750000005 272.35636400000004 -12.292575499999982 24.652864583333336 28.137500000000003 64.375000000000014 148.27345940104172 21.262500000000003 -6.0124999999999984 89.151041666666671 11.840655182291668 42.523274000000008
decision_type=2 2 2 2 2 2 2 2 2 2 2 2 2 2
left_child=1 -1 10 12 5 7 8 -4 9 -5 -3 -9 -2 -14
right_child=3 2 4 6 -6 -7 -8 11 -10 -11 -12 -13 13 -15
leaf_value=0.022466609545052054 0.028044721467640799 -1.037854125219233 -1.2879906633444 -0.037851811159596925 -0.083277039028355912 0.44320541138344627 0.70558148565926126 -0.34308325006777812 -0.56388670008343 0.64223754840072056 -0.4745052209286762 -1.1869345781279772 0.014822383382532443 0.40807248884558461
leaf_weight=2399 4207 101 56 152 1184 46 236 313 51 166 491 40 713 550
leaf_count=2399 4207 101 56 152 1184 46 236 313 51 166 491 40 713 550
internal_value=-2.35411e-05 -0.128063 -0.289865 0.0975652 -0.187598 -0.458283 0.394989 -0.560507 0.194974 0.318064 -0.572205 -0.441787 0.0646031 0.186259
internal_weight=10705 4630 2231 6075 1639 455 605 409 369 318 592 353 5470 1263
internal_count=10705 4630 2231 6075 1639 455 605 409 369 318 592 353 5470 1263
is_linear=0
shrinkage=0.05


Tree=28
num_leaves=15
num_cat=0
split_feature=71 84 71 84 69 47 71 49 73 57 66 54 70 56
split_gain=48811.1 29955 39408.5 29072.1 16049.9 12640.9 12618.6 10413.1 9528.79 11261.2 15449 8714.84 9804.15 8971.22
threshold=0.95000000000000118 87.746388500000009 -2.3625000000000003 42.523274000000008 1.421810458333332 72.497395833333357 3.9000000000000008 4.5000000000000009 17.875000000000004 0.98041328011523976 1.3769630923293046 1.0000000180025095e-35 19.188279650158709 28.571465999999997
decision_type=2 2 2 2 2 2 2 2 2 2 2 2 2 2
left_child=1 -1 4 -2 5 -3 11 -7 9 -4 -11 12 -5 -13
right_child=3 2 8 6 -6 7 -8 -9 -10 10 -12 13 -14 -15
leaf_value=0.020134906216499684 0.0075012355576514513 0.15590751240650813 -0.11106730824010774 0.24660569763089263 0.13190343285620701 -0.46304279235865498 0.49509147860572666 -0.97816918454728696 -0.69861399754881859 0.96679073268512516 0.068491516800848404 0.11529496465502354 0.78173077434909599 -0.62482520582323731
leaf_weight=3483 2035 74 1429 697 121 925 498 110 55 52 496 590 97 43
leaf_count=3483 2035 74 1429 697 121 925 498 110 55 52 496 590 97 43
internal_value=-3.52121e-05 -0.0818392 -0.190695 0.139286 -0.413947 -0.473569 0.278524 -0.518682 -0.0554198 -0.037182 0.155337 0.202652 0.312881 0.064112
internal_weight=10705 6745 3262 3960 1230 1109 1925 1035 2032 1977 548 1427 794 633
internal_count=10705 6745 3262 3960 1230 1109 1925 1035 2032 1977 548 1427 794 633
is_linear=0
shrinkage=0.05


Tree=29
num_leaves=15
num_cat=0
split_feature=56 71 84 84 84 62 25 67 37 69 84 71 43 66
split_gain=44319.4 26921.4 28744.8 24471.5 12283.8 11794.2 10224.1 9862.9 8754.45 8088.46 15944.1 11730.1 9019.09 8561.15
threshold=-23.553458499999994 1.4000000000000006 42.523274000000008 119.34476450000001 275.36804450000005 226.92036650000003 104.00661095731722 -0.26532110416666649 43.625000000000007 0.71973328124999869 87.746388500000009 -2.0999999999999992 48.625000000000007 2.0957209406546204
decision_type=2 2 2 2 2 2 2 2 2 2 2 2 2 2
left_child=3 4 -3 -1 5 9 -5 -4 -9 10 -2 13 -11 -12
right_child=1 2 7 6 -6 -7 -8 8 -10 12 11 -13 -14 -15
leaf_value=-0.049317304334100573 0.017206523644435961 0.0078037287324351891 -0.042450233401116713 -0.61597520709133013 -0.32662133421656325 0.30841552339655037 0.055251796864546267 0.90314430287782699 0.32348435219578625 0.58616863546209241 -0.56786615407678487 -0.1032285406121629 0.039669116007898714 -0.10535076144509591
leaf_weight=477 2445 1669 178 488 321 277 64 68 1293 78 284 1200 1708 155
leaf_count=477 2445 1669 178 488 321 277 64 68 1293 78 284 1200 1708 155
internal_value=-3.29201e-05 0.0331551 0.151555 -0.311839 -0.0255832 -0.00981222 -0.538193 0.307342 0.353088 -0.0248791 -0.0636883 -0.184301 0.0638511 -0.405174
internal_weight=10705 9676 3208 1029 6468 6147 552 1539 1361 5870 4084 1639 1786 439
internal_count=10705 9676 3208 1029 6468 6147 552 1539 1361 5870 4084 1639 1786 439
is_linear=0
shrinkage=0.05


Tree=30
num_leaves=15
num_cat=0
split_feature=56 71 84 84 19 84 62 69 54 24 43 8 69 84
split_gain=40006.8 24306.4 25206.3 22119.7 15594.6 10704.5 10624.1 9681.56 15908 9575.21 11527.4 7878.65 7405.44 13209.5
threshold=-23.553458499999994 1.2124999999999988 42.523274000000008 81.513918500000003 205.72067600000003 275.36804450000005 226.92036650000003 -1.2722573854166674 0.87837969732492682 299.02505250000007 51.375000000000007 289.58042400000005 0.53624460416666653 84.599854500000006
decision_type=2 2 2 2 2 2 2 2 2 2 2 2 2 2
left_child=3 5 -3 -1 -5 6 11 8 -4 10 -9 12 13 -2
right_child=1 2 7 4 -6 -7 -8 9 -10 -11 -12 -13 -14 -15
leaf_value=0.023850929099069516 0.016370772627113027 0.0072223360566847396 -0.17578459236887808 -0.52747761335082444 0.43852884266111591 -0.30898707536482634 0.29700511719905925 0.77213910320183132 0.78068155882259216 -0.051988831990873896 0.32026034715341495 -0.67036312463435721 0.065271564708051399 -0.17052108216788325
leaf_weight=354 2365 1730 222 631 44 317 266 163 53 142 1049 46 1749 1574
leaf_count=354 2365 1730 222 631 44 317 266 163 53 142 1049 46 1749 1574
internal_value=-2.92644e-05 0.0315027 0.140157 -0.296277 -0.463953 -0.0262863 -0.0113013 0.281243 0.0107132 0.33614 0.381619 -0.0256529 -0.0203221 -0.0583344
internal_weight=10705 9676 3359 1029 675 6317 6000 1629 275 1354 1212 5734 5688 3939
internal_count=10705 9676 3359 1029 675 6317 6000 1629 275 1354 1212 5734 5688 3939
is_linear=0
shrinkage=0.05


Tree=31
num_leaves=15
num_cat=0
split_feature=71 84 36 12 67 37 68 84 62 36 66 33 70 69
split_gain=36507.4 35128.6 19017.9 18088.8 13694 12904.4 12148 11870.2 13131.4 10193.3 10031.9 9104.79 7095.67 6905.39
threshold=-1.7375000000000005 71.13744800000002 24.714192708333339 272.35636400000004 -9.291262083333331 54.125000000000007 9.6348653762377676 270.30974650000007 233.77775500000001 22.952213541666669 4.9208301168612953 19.065625000000004 18.044551323038437 11.840655182291668
decision_type=2 2 2 2 2 2 2 2 2 2 2 2 2 2
left_child=1 -1 4 7 -3 9 10 8 13 -5 -7 -6 -8 -2
right_child=3 2 -4 5 11 6 12 -9 -10 -11 -12 -13 -14 -15
leaf_value=0.019647525147526365 0.013131465444277325 -0.50062446270159877 0.7352737917803055 -0.098403296205732571 -0.41457015140752729 0.17379779998678715 0.17790232357978822 -0.26237039927179645 0.45026481000947494 0.73649055577459788 -0.52040382158821052 -0.083812394746737143 0.78855741039300575 0.14555967760991639
leaf_weight=1743 4931 681 42 44 325 119 124 313 200 209 91 577 77 1229
leaf_count=1743 4931 681 42 44 325 119 124 313 200 209 91 577 77 1229
internal_value=-2.3989e-05 -0.136283 -0.303446 0.0625348 -0.331452 0.311216 0.137679 0.0377467 0.0525556 0.591476 -0.128064 -0.203315 0.414581 0.039572
internal_weight=10705 3368 1625 7337 1583 664 411 6673 6360 253 210 902 201 6160
internal_count=10705 3368 1625 7337 1583 664 411 6673 6360 253 210 902 201 6160
is_linear=0
shrinkage=0.05


Tree=32
num_leaves=15
num_cat=0
split_feature=71 84 71 84 69 68 84 24 69 53 58 32 61 70
split_gain=33271.2 24257.4 22310.9 16514.2 16276.4 13561.6 13395.8 11348.8 13062.7 14518.1 10367.7 10147.6 10207.2 9929.45
threshold=-0.062499999999999993 114.89154250000001 -4.5124999999999984 42.523274000000008 -0.12570920833333388 11.822577013351957 272.32155850000009 299.02505250000007 11.973163848958334 -0.83146961230254512 -12.292575499999982 28.012500000000003 48.179213000000011 7.707720604428558
decision_type=2 2 2 2 2 2 2 2 2 2 2 2 2 2
left_child=1 -1 -3 -2 5 13 7 8 -6 -10 -4 12 -12 -5
right_child=3 2 10 4 6 -7 -8 -9 9 -11 11 -13 -14 -15
leaf_value=0.0030580241751321843 0.0015051059910181084 -0.51990473506244717 -0.39571557210149505 0.12519119971877463 0.23039862677532008 0.85998951778855437 -0.33943656344305384 -0.069066108794262018 0.97644787673439293 0.38230840649483799 -0.23517939961275261 0.40653918820368773 0.035369977883445113 -0.22913089916723062
leaf_weight=3137 2666 465 308 395 978 42 87 191 139 398 767 100 638 394
leaf_count=3137 2666 465 308 395 978 42 87 191 139 398 767 100 638 394
internal_value=-1.64361e-05 -0.0871329 -0.21128 0.0891581 0.17818 -0.00474933 0.262917 0.293816 0.33958 0.537628 -0.131881 -0.07766 -0.112387 -0.0518114
internal_weight=10705 5415 2278 5290 2624 831 1793 1706 1515 537 1813 1505 1405 789
internal_count=10705 5415 2278 5290 2624 831 1793 1706 1515 537 1813 1505 1405 789
is_linear=0
shrinkage=0.05


Tree=33
num_leaves=15
num_cat=0
split_feature=56 71 84 84 84 62 25 47 68 8 32 9 73 22
split_gain=30309.7 18298.3 20386.3 17257.5 8863.3 9178.48 8480.13 8097.94 6884.27 6644 6655.92 8421.01 7527.41 6582.38
threshold=-23.553458499999994 1.4000000000000006 42.523274000000008 119.34476450000001 275.36804450000005 226.92036650000003 104.10919296887657 62.804687500000007 17.440646893457735 289.58042400000005 28.012500000000003 271.56136950000007 -8.6249999999999982 23.950970343750004
decision_type=2 2 2 2 2 2 2 2 2 2 2 2 2 2
left_child=3 4 -3 -1 5 9 -5 -4 13 10 11 -2 -12 -9
right_child=1 2 7 6 -6 -7 -8 8 -10 -11 12 -13 -14 -15
leaf_value=-0.037419051922094 -0.020024323582278861 0.0039901140224729518 0.76724009932698434 -0.51817319783781257 -0.27670330759716333 0.27313668275077779 0.096692367305513477 0.71219392696455608 0.76008541745654612 -0.6067332982231165 0.70539989495029065 -0.43357587589453611 0.089525345031107817 0.1846001736347174
leaf_weight=477 5350 1669 73 489 321 277 63 61 58 47 59 125 289 1347
leaf_count=477 5350 1669 73 489 321 277 63 61 58 47 59 125 289 1347
internal_value=-9.85849e-06 0.0274359 0.125049 -0.257867 -0.02099 -0.00759362 -0.44795 0.256245 0.230295 -0.0208853 -0.0160533 -0.0295436 0.195663 0.207947
internal_weight=10705 9676 3208 1029 6468 6147 552 1539 1466 5870 5823 5475 348 1408
internal_count=10705 9676 3208 1029 6468 6147 552 1539 1466 5870 5823 5475 348 1408
is_linear=0
shrinkage=0.05


Tree=34
num_leaves=15
num_cat=0
split_feature=71 84 36 3 24 58 84 62 47 36 22 83 80 44
split_gain=27675.9 27571.2 16462.9 14762.5 11067.1 11260.9 9050.78 13337 8383.64 8018.72 11121.4 11219.1 7753.04 7610.03
threshold=-1.7375000000000005 63.145266500000005 24.714192708333339 272.47519300000005 248.07883750000005 -12.634897500000006 270.30974650000007 233.77775500000001 81.669270833333357 23.051432291666671 148.92231267708334 189.18395800000002 -0.83146961230254512 56.156250000000007
decision_type=2 2 2 2 2 2 2 2 2 2 2 2 2 2
left_child=1 -1 4 6 8 -6 7 -2 -3 -5 11 13 -7 -11
right_child=3 2 -4 9 5 12 -8 -9 -10 10 -12 -13 -14 -15
leaf_value=0.019665975400367505 0.034915281135595742 -0.61230152446186281 0.69977672432744231 -0.1794023583784248 -0.43099523047542471 0.20901661079311584 -0.21559440744299013 0.40171432337730889 -0.17698016926553681 0.67965516391388825 -0.13983625015371468 1.2282240329419867 -0.17728759225788432 0.14034290847205025
leaf_weight=1741 6293 365 42 65 350 170 338 257 160 132 72 50 540 130
leaf_count=1741 6293 365 42 65 350 170 338 257 160 132 72 50 540 130
internal_value=-1.42513e-06 -0.11864 -0.266558 0.0544675 -0.292589 -0.199293 0.0363351 0.0493664 -0.480221 0.331933 0.418728 0.547663 -0.0846283 0.413609
internal_weight=10705 3368 1627 7337 1585 1060 6888 6550 525 449 384 312 710 262
internal_count=10705 3368 1627 7337 1585 1060 6888 6550 525 449 384 312 710 262
is_linear=0
shrinkage=0.05


Tree=35
num_leaves=15
num_cat=0
split_feature=71 84 84 30 84 56 37 25 8 71 45 54 43 16
split_gain=25532.8 17857.8 16559.3 14561.2 16153.2 10528.6 8565.14 12231.8 11888.2 8537.16 8293.3 8436.46 7351.39 7091.45
threshold=0.95000000000000118 292.35207400000007 42.523274000000008 19.962500000000002 87.746388500000009 -39.120545499999984 51.875000000000007 105.54290539137678 280.82143000000002 3.9000000000000008 86.447916666666671 1.0000000180025095e-35 51.375000000000007 285.75061850000003
decision_type=2 2 2 2 2 2 2 2 2 2 2 2 2 2
left_child=1 3 -2 4 -1 -6 7 -5 -8 10 11 13 -13 -4
right_child=2 -3 9 6 5 -7 8 -9 -10 -11 -12 12 -14 -15
leaf_value=0.022176745295076183 0.0013121371368627378 -0.70303769205819888 0.16170806436694365 0.084037194472625587 -0.68033544319240669 -0.23004681976950869 -0.0072641575746970576 1.0168424171706041 -0.59386698104155422 0.38395757438738148 0.47692728488508501 0.41868223851496311 -0.1163726579079155 0.69253958082624845
leaf_weight=647 2035 105 637 132 151 909 4667 47 87 498 164 73 484 69
leaf_count=647 2035 105 637 132 151 909 4667 47 87 498 164 73 484 69
internal_value=5.56215e-06 -0.0591594 0.10077 -0.0488732 -0.174697 -0.294772 -0.00530685 0.333252 -0.0181218 0.205855 0.143475 0.0998333 -0.0456241 0.214494
internal_weight=10705 6745 3960 6640 1707 1060 4933 179 4754 1925 1427 1263 557 706
internal_count=10705 6745 3960 6640 1707 1060 4933 179 4754 1925 1427 1263 557 706
is_linear=0
shrinkage=0.05


Tree=36
num_leaves=15
num_cat=0
split_feature=71 84 30 12 70 36 22 31 80 69 49 63 51 69
split_gain=23337.6 20871.5 14377.6 12360.1 11124.1 13481.9 10281.4 17397.8 9573.97 9153.91 9101.63 8814.38 7873.81 7391.12
threshold=-0.9875000000000006 77.844594000000015 19.962500000000002 272.35636400000004 7.8989148047799835 24.714192708333339 148.27345940104172 21.112500000000004 -0.70710678118654757 -6.0566992656249985 4.5000000000000009 -36.896608000000001 2.5000000000000004 -13.408790343750001
decision_type=2 2 2 2 2 2 2 2 2 2 2 2 2 2
left_child=1 -1 11 13 -4 8 7 -5 9 10 -6 -3 -13 -2
right_child=3 2 4 6 5 -7 -8 -9 -10 -11 -12 12 -14 -15
leaf_value=0.017462748259287019 -0.29703276919707938 -0.6925810942324726 0.11666579616481054 -0.017350809581969915 0.31514508157117027 0.39235507547929754 -0.20754307560742863 0.58517054308388117 -0.37923227424827827 -0.37014627732840699 -0.5049236926294508 -0.60582426345596718 -0.18412955558698174 0.049937771368341509
leaf_weight=2360 157 164 415 189 174 89 92 326 551 132 41 143 486 5386
leaf_count=2360 157 164 415 189 174 89 92 326 551 132 41 143 486 5386
internal_value=9.61489e-06 -0.0857624 -0.196704 0.0635403 -0.10034 -0.191609 0.277554 0.364446 -0.249858 -0.0439249 0.157146 -0.366733 -0.280809 0.0400584
internal_weight=10705 4555 2195 6150 1402 987 607 515 898 347 215 793 629 5543
internal_count=10705 4555 2195 6150 1402 987 607 515 898 347 215 793 629 5543
is_linear=0
shrinkage=0.05


Tree=37
num_leaves=15
num_cat=0
split_feature=71 84 84 30 84 69 37 25 9 58 71 46 84 26
split_gain=21271 15403.2 14516.1 11989.5 13352.4 8916.25 7466.39 10806.1 10179.8 8524.49 7295.62 7636.66 10945.1 7207.24
threshold=0.95000000000000118 292.35207400000007 42.523274000000008 19.962500000000002 90.300388000000012 -13.408790343750001 51.875000000000007 105.54290539137678 272.94655100000006 -4.2924509999999918 3.9000000000000008 81.505208333333357 253.29621200000003 25.662500000000005
decision_type=2 2 2 2 2 2 2 2 2 2 2 2 2 2
left_child=1 3 -2 4 -1 -6 7 -5 -8 13 11 -4 -13 -10
right_child=2 -3 10 6 5 -7 8 -9 9 -11 -12 12 -14 -15
leaf_value=0.019486069715291869 -0.0011468490325093996 -0.65199154385558844 0.054836129242199619 0.076958596979484983 -0.47530050360007925 -0.16608029344742339 0.0017293434399919729 0.95369540005922326 -0.34530380263048066 -0.066961835647622744 0.35500428781374349 0.44155448510576467 -0.14324610552617484 -1.1607996820313173
leaf_weight=651 2035 105 983 132 348 708 4466 47 84 164 498 340 104 40
leaf_count=651 2035 105 983 132 348 708 4466 47 84 164 498 340 104 40
internal_value=8.11804e-07 -0.0540011 0.0919718 -0.0444482 -0.158622 -0.268336 -0.00491578 0.311183 -0.0168806 -0.304472 0.190361 0.132695 0.30456 -0.615549
internal_weight=10705 6745 3960 6640 1707 1056 4933 179 4754 288 1925 1427 444 124
internal_count=10705 6745 3960 6640 1707 1056 4933 179 4754 288 1925 1427 444 124
is_linear=0
shrinkage=0.05


Tree=38
num_leaves=15
num_cat=0
split_feature=71 84 73 57 67 84 36 84 66 68 24 69 51 44
split_gain=19316.7 14744.4 14676.5 11157.3 11000.9 10682.2 13042 10767 9466.88 8095.18 11932.9 9508.34 9473.08 8276.06
threshold=-0.062499999999999993 77.844594000000015 11.625000000000002 0.98471651531615789 -4.9843997916666671 42.523274000000008 20.954296875000004 278.29070450000006 2.6065037180699124 10.05983920261029 318.25669550000003 -6.2117165312500005 1.5000000000000002 47.843750000000007
decision_type=2 2 2 2 2 2 2 2 2 2 2 2 2 2
left_child=1 -1 3 -3 -4 -2 -7 9 -5 11 12 -8 -11 -13
right_child=5 2 4 8 -6 6 7 -9 -10 10 -12 13 -14 -15
leaf_value=0.014093027442205738 -0.0025522293899132181 -0.11456265233358437 -0.45320545826543557 0.68102352202596039 -0.075464639587324703 -0.25189782651897691 -0.20493426381157753 -0.39233819702413025 -0.0074176473207161076 0.067063668879688301 -0.33344393749203949 0.51711381933674583 0.59381705881467806 0.14289047067315666
leaf_weight=2775 2666 1585 554 84 296 196 177 81 121 116 53 163 325 1513
leaf_count=2775 2666 1585 554 84 296 196 177 81 121 116 53 163 325 1513
internal_value=-4.40176e-06 -0.0663837 -0.150949 -0.0696339 -0.321906 0.0679431 0.13954 0.17123 0.276612 0.190839 0.370555 0.142753 0.455726 0.179572
internal_weight=10705 5415 2640 1790 850 5290 2624 2428 205 2347 494 1853 441 1676
internal_count=10705 5415 2640 1790 850 5290 2624 2428 205 2347 494 1853 441 1676
is_linear=0
shrinkage=0.05


Tree=39
num_leaves=15
num_cat=0
split_feature=24 37 84 70 58 17 8 69 53 41 35 25 54 25
split_gain=17672.8 16654.2 15191.9 22048.8 10484 11154 10449.3 8363.89 14077 7794.32 7016.43 6862.86 9705.46 6856.94
threshold=274.65417650000006 50.125000000000007 89.094115000000016 8.1032710679429751 -4.8056804999999789 30.186163715563136 299.02505250000007 -10.861934890624998 0.06540312923014284 79.375000000000014 19.376041666666669 105.54290539137678 1.0000000180025095e-35 103.78067124249111
decision_type=2 2 2 2 2 2 2 2 2 2 2 2 2 2
left_child=2 11 -1 10 9 -6 7 8 -3 -5 -4 -2 -13 -12
right_child=1 6 3 4 5 -7 -8 -9 -10 -11 13 12 -14 -15
leaf_value=0.015239009266016039 0.16943907969699101 1.1949308334394944 -0.183905195123931 -0.14941031551155859 -0.25115502746330226 0.12081786300418258 -0.67602958319087825 0.053455964950220508 -0.068732004191564486 -0.56343954991681222 0.14967884645788573 0.23414152591499723 0.95266613435108694 -0.22067658262881074
leaf_weight=4265 150 42 302 166 876 261 47 3043 45 366 805 88 102 147
leaf_count=4265 150 42 302 166 876 261 47 3043 45 366 805 88 102 147
internal_value=-3.34032e-06 0.0918247 -0.0449402 -0.132724 -0.251702 -0.165737 0.0561645 0.0673715 0.547959 -0.434773 0.0257034 0.423896 0.622844 0.0923201
internal_weight=10705 3517 7188 2923 1669 1137 3177 3130 87 532 1254 340 190 952
internal_count=10705 3517 7188 2923 1669 1137 3177 3130 87 532 1254 340 190 952
is_linear=0
shrinkage=0.05


Tree=40
num_leaves=15
num_cat=0
split_feature=71 84 73 12 47 22 36 30 58 24 17 67 80 84
split_gain=16303 14785.5 11766.5 8890.31 8877.35 10853.7 10198.9 7507.11 7505.24 8842.54 7166.71 6396 5872.27 10746.3
threshold=-0.9875000000000006 124.09409350000001 11.625000000000002 272.64255600000007 64.023437500000014 148.27345940104172 23.030078125000003 21.262500000000003 -14.974237 225.57054350000001 22.388816529871175 -5.4041767291666662 -0.19509032201612839 252.41682850000004
decision_type=2 2 2 2 2 2 2 2 2 2 2 2 2 2
left_child=1 -1 8 12 -5 6 -6 -8 -3 -10 -11 -4 13 -2
right_child=3 2 11 4 5 -7 7 -9 9 10 -12 -13 -14 -15
leaf_value=-0.00055503270629956648 0.15029901861755601 -0.44362720848862519 -0.46879721712348499 0.73484896768290453 -0.16105328853502199 -0.40371864817730369 0.90060781101540988 0.28017586261540761 -0.34335812954526201 -0.12499327893102807 0.17881276680675981 -0.14097671157937369 -0.014789791472113159 -0.077406109830489983
leaf_weight=2806 1897 128 423 77 110 72 59 271 189 363 415 231 2952 712
leaf_count=2806 1897 128 423 77 110 72 59 271 189 363 415 231 2952 712
internal_value=4.56028e-07 -0.0716883 -0.185745 0.0530998 0.237651 0.161591 0.254801 0.393487 -0.0853808 -0.0375511 0.0370842 -0.353399 0.0335136 0.0881521
internal_weight=10705 4555 1749 6150 589 512 440 330 1095 967 778 654 5561 2609
internal_count=10705 4555 1749 6150 589 512 440 330 1095 967 778 654 5561 2609
is_linear=0
shrinkage=0.05


Tree=41
num_leaves=15
num_cat=0
split_feature=84 24 37 80 84 24 16 56 84 70 46 25 9 65
split_gain=15469 14662.9 14638.3 12395.7 15967.8 13199.9 10195.5 9725.4 8413.45 7480.51 7422.98 7204.71 6584.95 6780.6
threshold=282.33339050000006 274.65417650000006 51.125000000000007 -0.32143946530316164 228.23518250000004 275.84149600000006 281.03721150000007 -37.211869499999978 118.63242650000002 19.426429174060541 73.869791666666671 108.0147368726637 266.89225100000004 27.490307583333337
decision_type=2 2 2 2 2 2 2 2 2 2 2 2 2 2
left_child=1 7 12 5 -5 -4 9 8 -1 11 -11 -7 13 -3
right_child=-2 2 3 4 -6 6 -8 -9 -10 10 -12 -13 -14 -15
leaf_value=-0.040815667015585033 -0.40383132366977376 0.092705493874808878 0.99401056077331307 -0.001289280054541741 -0.96527431358329285 0.14638344028126374 0.7717721512601261 -0.017338328250869825 -0.47879948244684123 0.084074477579140355 0.694252400815487 -0.15675698977388575 0.75046396575709606 0.61067950132646065
leaf_weight=219 231 190 47 1814 43 627 61 6584 219 100 99 284 93 94
leaf_count=219 231 190 47 1814 43 627 61 6584 219 100 99 284 93 94
internal_value=7.38946e-07 0.0089448 0.0933058 0.0571912 -0.0241185 0.181076 0.147628 -0.0325343 -0.260399 0.112664 0.389584 0.0518126 0.386944 0.265689
internal_weight=10705 10474 3452 3075 1857 1218 1171 7022 438 1110 199 911 377 284
internal_count=10705 10474 3452 3075 1857 1218 1171 7022 438 1110 199 911 377 284
is_linear=0
shrinkage=0.05


Tree=42
num_leaves=15
num_cat=0
split_feature=84 24 37 80 84 24 84 69 25 84 43 71 69 31
split_gain=13990.2 13338.4 12969.8 10397.6 14445.5 12193.8 9892.46 18219 9412.27 9040.47 9114.13 8743.5 8586.67 8544.3
threshold=292.35207400000007 274.65417650000006 51.125000000000007 -0.32143946530316164 228.23518250000004 275.84149600000006 89.094115000000016 -14.462286713541664 103.21753417306967 194.93075200000001 70.125000000000014 -2.0999999999999992 -10.466263937499997 19.762500000000003
decision_type=2 2 2 2 2 2 2 2 2 2 2 2 2 2
left_child=1 6 -3 5 -5 -4 -1 9 11 -8 -11 -9 -7 -13
right_child=-2 2 3 4 -6 12 7 8 -10 10 -12 13 -14 -15
leaf_value=0.0146817408451044 -0.57155790218977998 0.36119816793101961 0.94534545149654159 -0.0012248517213050616 -0.91810749254443424 0.83478734278607947 -0.55624702453013863 -0.15672542024194525 -0.23882004933870712 -0.60519687238780939 -0.0064633852177405672 -0.17252463881231961 0.106742924434446 0.15155982038120841
leaf_weight=4265 105 380 47 1814 43 41 281 533 470 86 236 255 1159 990
leaf_count=4265 105 380 47 1814 43 41 281 533 470 86 236 255 1159 990
internal_value=1.04169e-05 0.00572556 0.0858698 0.0520578 -0.0229386 0.163669 -0.0335197 -0.105607 -0.0400828 -0.349413 -0.167752 0.0125565 0.132292 0.0850959
internal_weight=10705 10600 3484 3104 1857 1247 7116 2851 2248 603 322 1778 1200 1245
internal_count=10705 10600 3484 3104 1857 1247 7116 2851 2248 603 322 1778 1200 1245
is_linear=0
shrinkage=0.05


Tree=43
num_leaves=15
num_cat=0
split_feature=84 69 84 24 84 83 30 84 69 61 62 16 73 7
split_gain=12835.3 12362 10894.4 10592.3 11429.3 13553.6 8436.88 10317.7 8351.29 8315.89 8091.16 7306.36 7055.48 6806.97
threshold=282.33339050000006 0.71973328124999869 42.523274000000008 299.02505250000007 247.39528150000004 219.57475800000003 19.962500000000002 80.564241500000009 12.437129489583334 0.62102350000000694 183.62638350000003 281.03721150000007 14.875000000000002 102.87319950000001
decision_type=2 2 2 2 2 2 2 2 2 2 2 2 2 2
left_child=1 6 -3 4 5 -4 7 -1 -7 -5 -8 -6 -9 -10
right_child=-2 2 3 9 11 8 10 12 13 -11 -12 -13 -14 -15
leaf_value=0.020759651100767468 -0.3678456774864603 -0.0038161236561447781 0.1605355901099812 0.1727014632654135 -0.066855523995119556 0.30035777873382341 -0.019030685722283863 -0.16117588946739425 1.0210035961407882 -0.35590762844623391 0.24976183778730532 0.63115171368529166 -0.47677359914635881 0.4413977172545025
leaf_weight=671 231 2208 845 134 437 245 4193 803 103 165 299 40 227 104
leaf_count=671 231 2208 845 134 437 245 4193 803 103 165 299 40 227 104
internal_value=6.10125e-06 0.00815327 0.0734776 0.155767 0.202156 0.27907 -0.0370077 -0.131809 0.499822 -0.11922 -0.0010875 -0.00712448 -0.231125 0.733323
internal_weight=10705 10474 4281 2073 1774 1297 6193 1701 452 299 4492 477 1030 207
internal_count=10705 10474 4281 2073 1774 1297 6193 1701 452 299 4492 477 1030 207
is_linear=0
shrinkage=0.05


Tree=44
num_leaves=15
num_cat=0
split_feature=84 24 37 84 69 25 80 84 24 70 61 71 30 36
split_gain=12280.7 11544.6 11219.8 9341.92 16190.8 9512.78 8643.99 13007.6 10649.6 8160.21 8080.42 7625.54 7456.75 7442.12
threshold=303.76010700000006 274.65417650000006 51.125000000000007 89.094115000000016 -14.462286713541664 103.21753417306967 -0.32143946530316164 228.23518250000004 275.84149600000006 20.117847106825341 74.012692500000014 -1.9875000000000005 21.962500000000002 20.709635416666671
decision_type=2 2 2 2 2 2 2 2 2 2 2 2 2 2
left_child=1 3 -3 -1 10 11 8 -8 -4 -10 -5 -6 -11 -13
right_child=-2 2 6 4 5 -7 7 -9 9 12 -12 13 -14 -15
leaf_value=0.014129693066249166 -0.84327020987781676 0.33361487466237311 0.87811684675980362 -0.4227227686184365 -0.1240557983247904 -0.23731521471986095 -0.0015094541333431056 -0.87156426894071048 0.062449502594042118 0.88068724632263184 0.026304948089394983 -0.13465942060840982 0.20529957298245846 0.16181230264811233
leaf_weight=4265 42 381 47 486 655 485 1814 43 1024 59 126 279 131 868
leaf_count=4265 42 381 47 486 655 485 1814 43 1024 59 126 279 131 868
internal_value=1.30179e-05 0.00341335 0.0778439 -0.0329454 -0.102183 -0.0409989 0.0464933 -0.0221144 0.147465 0.118479 -0.330384 0.011941 0.418538 0.0896431
internal_weight=10705 10663 3499 7164 2899 2287 3118 1857 1261 1214 612 1802 190 1147
internal_count=10705 10663 3499 7164 2899 2287 3118 1857 1261 1214 612 1802 190 1147
is_linear=0
shrinkage=0.05


Tree=45
num_leaves=15
num_cat=0
split_feature=84 24 37 84 69 25 80 84 24 16 61 36 49 25
split_gain=11110.5 10424.2 10127.7 8433.03 14614.9 8586.86 7811.26 11767.5 9634.4 7979.73 7294.42 7167.87 6321.17 7213.87
threshold=303.76010700000006 274.65417650000006 51.125000000000007 89.094115000000016 -14.462286713541664 103.21753417306967 -0.32143946530316164 228.23518250000004 275.84149600000006 281.03721150000007 74.012692500000014 18.666666666666668 3.5000000000000004 105.54290539137678
decision_type=2 2 2 2 2 2 2 2 2 2 2 2 2 2
left_child=1 3 12 -1 10 11 8 -8 -4 -10 -5 -6 13 -3
right_child=-2 2 6 4 5 -7 7 -9 9 -11 -12 -13 -14 -15
leaf_value=0.01342337398002437 -0.80208725853021756 0.16378168788669278 0.83512571360915899 -0.40163003297434696 -0.55604058738659934 -0.22547386832278482 -0.0014340231946403977 -0.82897646596485919 0.081815017598640669 0.64733477460615563 0.025000057774265921 0.028842578207488576 0.010781963510533512 0.68962526185759188
leaf_weight=4265 42 120 47 486 53 485 1814 43 1149 65 126 1749 117 144
leaf_count=4265 42 120 47 486 53 485 1814 43 1149 65 126 1749 117 144
internal_value=1.20273e-05 0.0032463 0.0739729 -0.0313031 -0.0970865 -0.0389563 0.0441871 -0.0210321 0.140172 0.112602 -0.313897 0.0113413 0.316978 0.452125
internal_weight=10705 10663 3499 7164 2899 2287 3118 1857 1261 1214 612 1802 381 264
internal_count=10705 10663 3499 7164 2899 2287 3118 1857 1261 1214 612 1802 381 264
is_linear=0
shrinkage=0.05


Tree=46
num_leaves=15
num_cat=0
split_feature=84 24 37 8 84 49 80 30 22 57 26 47 70 69
split_gain=10213.6 9197.58 9163.8 7997.52 7100.89 13789.6 10062.9 10878.3 10056.9 9665.07 7953.63 6525.11 6406.18 6044.83
threshold=295.90254450000003 274.65417650000006 50.125000000000007 299.02505250000007 89.094115000000016 3.5000000000000004 -0.58216583101416131 19.012500000000003 136.67899589062503 0.99168679650865577 20.762500000000003 81.553385416666671 14.276694052095461 -10.861934890624998
decision_type=2 2 2 2 2 2 2 2 2 2 2 2 2 2
left_child=1 4 -3 13 -1 6 7 11 9 -9 -7 -6 -8 -4
right_child=-2 2 3 -5 5 10 12 8 -10 -11 -12 -13 -14 -15
leaf_value=0.012752362587875467 -0.54589677634484635 0.31792483468235067 0.46270627399737185 -0.59620226211845873 -0.25730254782404138 -0.47799271897207529 -0.067314199906216662 0.15527028847839203 -0.14706597907571636 0.61935035202009925 -0.10487180113438782 0.19037900439232863 -0.33890595533618129 0.042264311882087832
leaf_weight=4265 84 338 87 47 322 312 706 501 198 144 264 108 313 3016
leaf_count=4265 84 338 87 47 322 312 706 501 198 144 264 108 313 3016
internal_value=9.93192e-06 0.00437842 0.0709052 0.0443072 -0.0281582 -0.0889796 -0.0339641 0.0597551 0.164082 0.259677 -0.307457 -0.144681 -0.150988 0.0541977
internal_weight=10705 10621 3488 3150 7133 2868 2292 1273 843 645 576 430 1019 3103
internal_count=10705 10621 3488 3150 7133 2868 2292 1273 843 645 576 430 1019 3103
is_linear=0
shrinkage=0.05


Tree=47
num_leaves=15
num_cat=0
split_feature=84 83 16 69 84 26 84 22 46 49 30 24 84 73
split_gain=9464.07 9573.7 12779.5 8778.6 11272.2 9408.9 7256.17 6360.89 11045.2 6056.31 7186.94 5904.42 5206.15 11042.8
threshold=277.88047750000004 252.41682850000004 281.03721150000007 -1.3059802708333337 77.844594000000015 29.475000000000005 252.73851850000003 135.67468471354169 77.213541666666671 4.5000000000000009 18.112500000000004 307.27302800000007 42.523274000000008 4.8750000000000009
decision_type=2 2 2 2 2 2 2 2 2 2 2 2 2 2
left_child=1 3 6 4 -1 9 11 8 -8 -6 -11 -3 -5 -14
right_child=-2 2 -4 12 5 -7 7 -9 -10 10 -12 -13 13 -15
leaf_value=0.011758707430054695 -0.25273909011241774 0.2868153415991227 0.98922595395928337 -0.0038569176358156211 -0.15095059097828922 0.46765402154675845 0.92903796831766761 -0.089324641600251206 0.042667365624902795 -0.060796862591298365 -0.76328696086184011 -0.20197729959551777 0.17101557453781441 -0.12750150403917179
leaf_weight=2096 357 542 41 3309 1577 57 44 548 161 61 90 69 1352 401
leaf_count=2096 357 542 41 3309 1577 57 44 548 161 61 90 69 1352 401
internal_value=6.00322e-06 0.00874914 0.130035 -0.010318 -0.0668848 -0.159185 0.103503 -0.000424942 0.236499 -0.180121 -0.481767 0.231376 0.0330559 0.102696
internal_weight=10705 10348 1405 8943 3881 1785 1364 753 205 1728 151 611 5062 1753
internal_count=10705 10348 1405 8943 3881 1785 1364 753 205 1728 151 611 5062 1753
is_linear=0
shrinkage=0.05


Tree=48
num_leaves=15
num_cat=0
split_feature=84 73 84 59 21 24 31 84 26 15 69 4 35 84
split_gain=9050.28 7994.9 9543.79 8227.08 7598.89 6221.33 7001.27 8044.38 6080.83 5724.3 5167.29 4544.2 3552.92 3748.01
threshold=303.76010700000006 11.625000000000002 136.98038200000005 0.28630499999999875 80.074405547597195 307.83665100000002 21.012500000000003 269.13859000000008 26.175000000000001 214.08212300000002 0.53624460416666653 278.73997000000003 16.320833333333336 263.63873800000005
decision_type=2 2 2 2 2 2 2 2 2 2 2 2 2 2
left_child=1 3 -3 12 8 6 -5 9 10 -8 -4 -11 -1 -14
right_child=-2 2 4 5 -6 -7 7 -9 -10 11 -12 -13 13 -15
leaf_value=-0.41535442000111705 -0.72391240485878883 -0.0052675848601197806 -0.34741391099046876 0.026163849540852924 0.053215298858607651 -0.35808158214238256 0.22072228713189779 -0.063691699883804243 -0.74115240855210629 0.70847268031707777 0.13231498949120152 0.11763670827849243 0.0079884659572920826 -0.15947125131321876
leaf_weight=51 42 1075 331 887 156 67 647 202 81 121 67 45 6582 351
leaf_count=51 42 1075 331 887 156 67 647 202 81 121 67 45 6582 351
internal_value=1.15305e-05 0.00293058 -0.0961026 0.0218543 -0.249628 0.112095 0.128837 0.218448 -0.348164 0.288542 -0.266526 0.54997 -0.00359975 -0.000511366
internal_weight=10705 10663 1710 8953 635 1969 1902 1015 479 813 398 166 6984 6933
internal_count=10705 10663 1710 8953 635 1969 1902 1015 479 813 398 166 6984 6933
is_linear=0
shrinkage=0.05


Tree=49
num_leaves=15
num_cat=0
split_feature=67 84 58 47 62 32 24 69 68 51 47 68 4 84
split_gain=8350.78 8395.62 8144.64 8536.64 7985.06 11244.6 9377.48 5675.08 5148.71 5962.02 6386.59 5703.62 5105.23 4967.09
threshold=-3.7711683541666656 136.98038200000005 -6.6937375000000108 72.596354166666671 57.116915499999998 28.912500000000005 299.02505250000007 -1.4289707343749996 9.192185340471509 1.5000000000000002 69.514322916666671 1.4073022621231208 260.49128750000006 97.355621000000028
decision_type=2 2 2 2 2 2 2 2 2 2 2 2 2 2
left_child=1 -1 -3 -4 7 6 8 13 11 -10 -11 -6 -12 -2
right_child=4 2 3 -5 5 -7 -8 -9 9 10 12 -13 -14 -15
leaf_value=-0.0052835337740155712 -0.0026546630742441627 -0.37323754201325099 0.39633712245991864 -0.14414568507386971 0.57369097938724589 0.48461064872536419 -0.32056886972585585 0.026756636728246991 -0.053709128912753215 0.80122791948452809 0.12051800257492676 0.031921193660015154 0.72240479450258954 -0.18903154954485379
leaf_weight=1799 790 365 81 671 50 188 135 4564 103 70 165 1028 44 652
leaf_count=1799 790 365 81 671 50 188 135 4564 103 70 165 1028 44 652
internal_value=3.72505e-06 -0.0721569 -0.17976 -0.0854798 0.0270246 0.119907 0.0766437 -0.000564907 0.113567 0.271059 0.390719 0.0575581 0.250068 -0.0869975
internal_weight=10705 2916 1117 752 7789 1783 1595 6006 1460 382 279 1078 209 1442
internal_count=10705 2916 1117 752 7789 1783 1595 6006 1460 382 279 1078 209 1442
is_linear=0
shrinkage=0.05


Tree=50
num_leaves=15
num_cat=0
split_feature=84 24 43 8 69 53 84 49 80 30 22 57 46 47
split_gain=7886.34 7140.47 7364.12 6827.82 5651.82 10651.3 5587.62 12007.8 8834.22 8890.04 8087.14 7656.43 6857.8 5700.85
threshold=303.76010700000006 274.65417650000006 47.625000000000007 299.02505250000007 -10.861934890624998 1.0000000180025095e-35 89.094115000000016 3.5000000000000004 -0.63405362205439475 19.012500000000003 136.69453288541669 0.99168679650865577 89.609375000000014 74.417968750000014
decision_type=2 2 2 2 2 2 2 2 2 2 2 2 2 2
left_child=1 6 -3 4 5 -4 -1 8 9 -8 11 -11 13 -9
right_child=-2 2 3 -5 -6 -7 7 12 -10 10 -12 -13 -14 -15
leaf_value=0.010550761033596576 -0.67575820851204704 0.3360363770178274 0.99801936095411126 -0.53773567846417425 0.039863214057599045 -0.088366879160674483 -0.12494141745177403 -0.43515134826407764 -0.12991715629184428 0.1514545550067746 -0.13766478332267568 0.57070712817846037 -0.68163473163987254 -0.08018244951496474
leaf_weight=4265 42 227 43 49 3134 46 406 176 1113 484 175 140 90 315
leaf_count=4265 42 227 43 49 3134 46 406 176 1113 484 175 140 90 315
internal_value=1.32009e-05 0.00273808 0.0612744 0.0421155 0.0510952 0.441773 -0.0258564 -0.0794038 -0.02841 0.0653773 0.16212 0.24628 -0.282454 -0.208048
internal_weight=10705 10663 3499 3272 3223 89 7164 2899 2318 1205 799 624 581 491
internal_count=10705 10663 3499 3272 3223 89 7164 2899 2318 1205 799 624 581 491
is_linear=0
shrinkage=0.05


Tree=51
num_leaves=15
num_cat=0
split_feature=84 36 84 71 62 84 45 8 58 25 69 84 83 40
split_gain=7428.71 6828.04 7829.52 7192.12 6235.26 6956.52 6142.42 6561.41 5905.32 5364.23 4604.46 3825.68 4231.91 5322.51
threshold=282.33339050000006 20.844531250000003 80.564241500000009 -6.0999999999999988 187.91055150000003 252.73851850000003 46.093750000000007 299.02505250000007 -5.7614065000000059 105.16358070881857 -10.12155789583333 264.37517250000002 227.71891600000004 88.875000000000014
decision_type=2 2 2 2 2 2 2 2 2 2 2 2 2 2
left_child=1 2 -1 -4 6 -6 9 11 -7 -3 -10 12 -8 -14
right_child=-2 4 3 -5 5 8 7 -9 10 -11 -12 -13 13 -15
leaf_value=0.008106277363261017 -0.27984150648759359 0.0068719174272270618 -0.54470475701836207 -0.1275249100682069 0.36649918661740188 -0.2244989993586205 0.00094389419346414892 -0.60342244282364854 0.50845591309102811 0.52761977416758044 0.074253324633490603 -0.17591145019078125 0.15023098135768068 -0.32297597728902477
leaf_weight=1341 231 92 117 841 268 139 5929 43 73 106 352 268 842 63
leaf_count=1341 231 92 117 841 268 139 5929 43 73 106 352 268 842 63
internal_value=8.87591e-06 0.00620699 -0.0699011 -0.17899 0.0276163 0.157258 0.0129078 0.00527579 0.0573581 0.286907 0.149852 0.00904567 0.0163236 0.116969
internal_weight=10705 10474 2299 958 8175 832 7343 7145 564 198 425 7102 6834 905
internal_count=10705 10474 2299 958 8175 832 7343 7145 564 198 425 7102 6834 905
is_linear=0
shrinkage=0.05


Tree=52
num_leaves=15
num_cat=0
split_feature=84 69 84 25 47 61 26 70 84 44 62 47 29 83
split_gain=6834.53 6173.94 6554.84 11232.7 14172.2 10341 7844.98 6311.74 6827.44 9864.52 10886.4 5276.42 4968.15 4863.55
threshold=303.76010700000006 11.840655182291668 42.523274000000008 106.87927892455518 76.196614583333357 14.872133 27.187500000000004 7.7766569847183202 94.27439600000001 45.281250000000007 187.91055150000003 64.203125000000014 22.237500000000004 132.21303850000001
decision_type=2 2 2 2 2 2 2 2 2 2 2 2 2 2
left_child=1 7 -3 6 5 -5 12 13 -9 -10 -11 -7 -4 -1
right_child=-2 2 3 4 -6 11 -8 8 9 10 -12 -13 -14 -15
leaf_value=0.0028695034826923091 -0.62908938090468558 -0.013165585967215399 0.53831821498501564 0.16374883749189653 0.56097204446926852 0.15808895020021332 0.95434643526872009 0.005663395776444459 0.40358158517014853 -0.18369958923108251 0.068549580067130064 -0.45514709968910072 0.068676204397343107 0.13295928501508605
leaf_weight=2804 42 749 114 223 110 44 59 2786 90 1892 552 164 111 965
leaf_count=2804 42 749 114 223 110 44 59 2786 90 1892 552 164 111 965
internal_value=5.46245e-06 0.00254213 0.0939348 0.191067 0.0571261 -0.0724665 0.44512 -0.0132935 -0.0483604 -0.107735 -0.126722 -0.325288 0.307957 0.0362036
internal_weight=10705 10663 1574 825 541 431 284 9089 5320 2534 2444 208 225 3769
internal_count=10705 10663 1574 825 541 431 284 9089 5320 2534 2444 208 225 3769
is_linear=0
shrinkage=0.05


Tree=53
num_leaves=15
num_cat=0
split_feature=84 83 16 36 47 69 84 46 17 69 24 84 73 27
split_gain=6552.06 8237.76 9760.64 6942.99 7510.55 5841.02 7351.17 7576.86 5850.58 6639.21 6231.15 4429.35 7121.61 9128.29
threshold=274.29007000000007 254.15196650000004 277.80985600000002 24.348177083333336 69.141927083333357 -1.3059802708333337 77.844594000000015 53.255208333333336 32.17555488799416 -14.462286713541664 219.74102000000002 42.523274000000008 4.8750000000000009 28.725000000000005
decision_type=2 2 2 2 2 2 2 2 2 2 2 2 2 2
left_child=1 5 3 4 -3 6 -1 -8 9 -9 -10 -7 -13 -14
right_child=-2 2 -4 -5 -6 11 7 8 10 -11 -12 12 13 -15
leaf_value=0.0097412817184676891 -0.17974581637088793 0.72948147294001053 0.82116334143341807 -0.069369566046112316 0.14257387344643591 -0.006794031479540461 0.52085014595226808 -0.34835946108836868 -0.49452139943145046 -0.11566479587934107 0.15735360706696311 0.14560935854788221 -0.012552159967250518 -0.79198342192740678
leaf_weight=2098 483 58 48 398 733 3311 43 433 42 1050 248 1363 356 41
leaf_count=2098 483 58 48 398 733 3311 43 433 42 1050 248 1363 356 41
internal_value=1.34866e-05 0.00852405 0.12944 0.100849 0.186476 -0.00813552 -0.0540155 -0.127638 -0.14365 -0.183795 0.0615692 0.0272801 0.0913497 -0.0948352
internal_weight=10705 10222 1237 1189 791 8985 3914 1816 1773 1483 290 5071 1760 397
internal_count=10705 10222 1237 1189 791 8985 3914 1816 1773 1483 290 5071 1760 397
is_linear=0
shrinkage=0.05


end of trees

feature_importances:
consumo_alvo_semana_anterior=173
temperatura_externa_c_diferenca_semana_atual=102
correcao_semanal_media_1440m=57
consumo_max_1440m=53
correcao_semanal_media_360m=21
consumo_diferenca_semana_atual=20
consumo_std_1440m=19
umidade_relativa_pct_diferenca_semana_atual=18
temperatura_externa_c_media_1440m=17
correcao_semanal_std_1440m=17
umidade_relativa_pct_media_1440m=16
umidade_relativa_pct_atual=15
umidade_relativa_pct_lag_1440m=13
consumo_mean_1440m=11
tendencia_consumo_360m=11
temperatura_externa_c_lag_360m=10
origem_dia_semana=10
correcao_semanal_std_360m=10
alvo_hora_cos=10
consumo_max_60m=9
temperatura_externa_c_lag_1440m=9
consumo_diferenca_dia_atual=9
consumo_lag_10080m=8
temperatura_externa_c_atual=8
temperatura_externa_c_lag_720m=8
umidade_relativa_pct_media_360m=8
consumo_alvo_dia_anterior=8
consumo_lag_1440m=7
consumo_max_180m=7
umidade_relativa_pct_media_60m=6
tendencia_consumo_180m=6
consumo_razao_semana_atual=5
consumo_min_360m=4
temperatura_externa_c_lag_180m=4
umidade_relativa_pct_lag_60m=4
umidade_relativa_pct_media_180m=4
origem_semana_sin=4
correcao_semanal_std_180m=4
consumo_std_180m=3
origem_mes=3
origem_hora_cos=3
consumo_lag_120m=2
consumo_max_360m=2
consumo_std_360m=2
temperatura_externa_c_media_360m=2
correcao_semanal_media_60m=2
consumo_lag_15m=1
consumo_lag_60m=1
consumo_lag_360m=1
consumo_lag_720m=1
consumo_min_180m=1
temperatura_externa_c_lag_15m=1
temperatura_externa_c_media_60m=1
umidade_relativa_pct_lag_180m=1
umidade_relativa_pct_lag_360m=1
tendencia_consumo_15m=1
correcao_semanal_media_180m=1
alvo_hora_sin=1

parameters:
[boosting: gbdt]
[objective: regression]
[metric: l1]
[tree_learner: serial]
[device_type: cpu]
[data_sample_strategy: bagging]
[data: ]
[valid: ]
[num_iterations: 400]
[learning_rate: 0.05]
[num_leaves: 15]
[num_threads: 2]
[seed: 20260905]
[deterministic: 1]
[force_col_wise: 1]
[force_row_wise: 0]
[histogram_pool_size: -1]
[max_depth: -1]
[min_data_in_leaf: 40]
[min_sum_hessian_in_leaf: 0.001]
[bagging_fraction: 1]
[pos_bagging_fraction: 1]
[neg_bagging_fraction: 1]
[bagging_freq: 0]
[bagging_seed: 23218]
[bagging_by_query: 0]
[feature_fraction: 1]
[feature_fraction_bynode: 1]
[feature_fraction_seed: 28090]
[extra_trees: 0]
[extra_seed: 14360]
[early_stopping_round: 0]
[early_stopping_min_delta: 0]
[first_metric_only: 0]
[max_delta_step: 0]
[lambda_l1: 0]
[lambda_l2: 1]
[linear_lambda: 0]
[min_gain_to_split: 0]
[drop_rate: 0.1]
[max_drop: 50]
[skip_drop: 0.5]
[xgboost_dart_mode: 0]
[uniform_drop: 0]
[drop_seed: 16970]
[top_rate: 0.2]
[other_rate: 0.1]
[min_data_per_group: 100]
[max_cat_threshold: 32]
[cat_l2: 10]
[cat_smooth: 10]
[max_cat_to_onehot: 4]
[top_k: 20]
[monotone_constraints: ]
[monotone_constraints_method: basic]
[monotone_penalty: 0]
[feature_contri: ]
[forcedsplits_filename: ]
[refit_decay_rate: 0.9]
[cegb_tradeoff: 1]
[cegb_penalty_split: 0]
[cegb_penalty_feature_lazy: ]
[cegb_penalty_feature_coupled: ]
[path_smooth: 0]
[interaction_constraints: ]
[verbosity: -1]
[saved_feature_importance_type: 0]
[use_quantized_grad: 0]
[num_grad_quant_bins: 4]
[quant_train_renew_leaf: 0]
[stochastic_rounding: 1]
[linear_tree: 0]
[max_bin: 255]
[max_bin_by_feature: ]
[min_data_in_bin: 3]
[bin_construct_sample_cnt: 200000]
[data_random_seed: 5037]
[is_enable_sparse: 1]
[enable_bundle: 1]
[use_missing: 1]
[zero_as_missing: 0]
[feature_pre_filter: 1]
[pre_partition: 0]
[two_round: 0]
[header: 0]
[label_column: ]
[weight_column: ]
[group_column: ]
[ignore_column: ]
[categorical_feature: ]
[forcedbins_filename: ]
[precise_float_parser: 0]
[parser_config_file: ]
[objective_seed: 15411]
[num_class: 1]
[is_unbalance: 0]
[scale_pos_weight: 1]
[sigmoid: 1]
[boost_from_average: 1]
[reg_sqrt: 0]
[alpha: 0.9]
[fair_c: 1]
[poisson_max_delta_step: 0.7]
[tweedie_variance_power: 1.5]
[lambdarank_truncation_level: 30]
[lambdarank_norm: 1]
[label_gain: ]
[lambdarank_position_bias_regularization: 0]
[eval_at: ]
[multi_error_top_k: 1]
[auc_mu_weights: ]
[num_machines: 1]
[local_listen_port: 12400]
[time_out: 120]
[machine_list_filename: ]
[machines: ]
[gpu_platform_id: -1]
[gpu_device_id: -1]
[gpu_device_id_list: ]
[gpu_use_dp: 0]
[num_gpu: 1]

end of parameters

pandas_categorical:[]
