tree
version=v4
num_class=1
num_tree_per_iteration=1
label_index=0
max_feature_idx=84
objective=regression
feature_names=consumo_atual_kw consumo_lag_15m consumo_lag_30m consumo_lag_60m consumo_lag_120m consumo_lag_180m consumo_lag_360m consumo_lag_720m consumo_lag_1440m consumo_lag_10080m consumo_mean_60m consumo_min_60m consumo_max_60m consumo_std_60m consumo_mean_180m consumo_min_180m consumo_max_180m consumo_std_180m consumo_mean_360m consumo_min_360m consumo_max_360m consumo_std_360m consumo_mean_1440m consumo_min_1440m consumo_max_1440m consumo_std_1440m temperatura_externa_c_atual temperatura_externa_c_lag_15m temperatura_externa_c_lag_60m temperatura_externa_c_lag_180m temperatura_externa_c_lag_360m temperatura_externa_c_lag_720m temperatura_externa_c_lag_1440m temperatura_externa_c_media_60m temperatura_externa_c_media_180m temperatura_externa_c_media_360m temperatura_externa_c_media_1440m umidade_relativa_pct_atual umidade_relativa_pct_lag_15m umidade_relativa_pct_lag_60m umidade_relativa_pct_lag_180m umidade_relativa_pct_lag_360m umidade_relativa_pct_lag_720m umidade_relativa_pct_lag_1440m umidade_relativa_pct_media_60m umidade_relativa_pct_media_180m umidade_relativa_pct_media_360m umidade_relativa_pct_media_1440m origem_hora origem_dia_semana origem_fim_de_semana origem_mes origem_hora_sin origem_hora_cos origem_semana_sin origem_semana_cos consumo_diferenca_semana_atual consumo_razao_semana_atual consumo_diferenca_dia_atual tendencia_consumo_15m tendencia_consumo_60m tendencia_consumo_180m tendencia_consumo_360m correcao_semanal_media_60m correcao_semanal_std_60m correcao_semanal_media_180m correcao_semanal_std_180m correcao_semanal_media_360m correcao_semanal_std_360m correcao_semanal_media_1440m correcao_semanal_std_1440m temperatura_externa_c_diferenca_semana_atual temperatura_externa_c_tendencia_1h umidade_relativa_pct_diferenca_semana_atual umidade_relativa_pct_tendencia_1h alvo_hora alvo_dia_semana alvo_fim_de_semana alvo_mes alvo_hora_sin alvo_hora_cos alvo_semana_sin alvo_semana_cos consumo_alvo_dia_anterior consumo_alvo_semana_anterior
feature_infos=[22.399999999999999:324.71375799999998] [22.399999999999999:324.71375799999998] [22.399999999999999:324.71375799999998] [22.399999999999999:324.71375799999998] [22.399999999999999:324.71375799999998] [22.399999999999999:324.71375799999998] [22.399999999999999:324.71375799999998] [22.399999999999999:324.71375799999998] [22.399999999999999:324.71375799999998] [22.399999999999999:324.71375799999998] [22.399999999999999:321.24876725000001] [22.399999999999999:318.278571] [22.399999999999999:324.71375799999998] [0:82.540869055199337] [22.399999999999999:313.28577408333337] [22.399999999999999:302.53573799999998] [22.399999999999999:324.71375799999998] [0:92.970139865692389] [22.399999999999999:295.13563500000004] [22.399999999999999:249.29458700000001] [22.399999999999999:324.71375799999998] [0:116.53386463160022] [23.200000000000003:159.49963871874999] none [25.600000000000001:324.71375799999998] [1.3929144002343703:128.71471884334804] [15:33.700000000000003] [15:33.700000000000003] [15:33.700000000000003] [15:33.700000000000003] [15:33.700000000000003] [15:33.700000000000003] [15:33.700000000000003] [15:33.4375] [15:32.71875] [15.333333333333334:31.620833333333334] [16.439843749999998:27.283072916666669] [31:98] [31:98] [31:98] [31:98] [31:98] [31:98] [31:98] [32.5:95.625] [33.666666666666664:95.083333333333329] [37.041666666666664:94] [59.309895833333336:91.638020833333329] [0:23.75] [0:6] [0:1] [1:4] [-1:1] [-1:1] [-0.97492791218182362:0.97492791218182362] [-0.90096886790241903:1] [-72.635950000000008:77.445233000000002] [0.43630911779503978:2.09406877563422] [-291.363968:296.779246] [-121.30707899999999:153.05878799999999] [-124.27709300000001:153.05878799999999] [-180.63157299999997:268.16051600000003] [-299.363968:299.97924600000005] [-70.384351250000009:75.467424499999993] [0:44.359338508129341] [-67.777903583333341:70.921986416666655] [0:38.631403568061003] [-64.848194500000005:62.415354583333333] [0:37.083675449251288] [-34.945017510416669:27.905951093750001] [0:30.68446053870321] [-12:11.5] [-8:4.8000000000000007] [-49:48] [-30:40] [0:23.75] [0:6] [0:1] [1:4] [-1:1] [-1:1] [-0.97492791218182362:0.97492791218182362] [-0.90096886790241903:1] [22.399999999999999:324.71375799999998] [22.399999999999999:324.71375799999998]
tree_sizes=1427 1427 1427 1417 1425 1426 1435 1431 1427 1426 1430 1426 1421 1441 1429 1430 1440 1442 1443 1444 1426 1447 1448 1428 1450 1447 1431 1435 1430 1421 1444 1422 1456 1436 1461 1436 1442

Tree=0
num_leaves=15
num_cat=0
split_feature=71 84 71 84 71 84 69 69 69 24 84 58 24 8
split_gain=619066 452686 394654 242408 265981 78711.9 56723.7 49648.1 35133.1 32182.6 28825.4 24168.1 28346.2 32063.9
threshold=-1.0000000180025095e-35 103.02903450000001 -2.8499999999999992 42.523274000000008 2.212499999999999 287.58038500000004 -26.30091713020833 -0.18351217708333298 11.840655182291668 281.72766850000005 272.69961450000005 -10.845522500000007 278.56941200000006 195.80514650000003
decision_type=2 2 2 2 2 2 2 2 2 2 2 2 2 2
left_child=1 -1 6 -2 7 11 -3 9 -6 -5 -9 -4 -13 -14
right_child=3 2 5 4 8 -7 -8 10 -10 -11 -12 12 13 -15
leaf_value=-1.0070931232373543 -0.99650101939339419 -3.5067787625321269 -1.9833045133797373 -1.2462248585628846 0.0046682493022329741 -2.9877276346976585 -2.5512800332436489 -0.40552669228427951 0.60552660389605584 -0.499272926210236 -1.6935959132710472 -1.4371848524353048 -1.1902020156673117 -0.040158262174312398
leaf_weight=2967 2678 208 148 503 470 79 657 848 525 201 45 1056 240 80
leaf_count=2967 2678 208 148 503 470 79 657 848 525 201 45 1056 240 80
internal_value=-1.04893 -1.42331 -1.92349 -0.66283 -0.318241 -1.45856 -2.78361 -0.718399 0.323047 -1.03248 -0.471083 -1.37807 -1.31234 -0.900444
internal_weight=10705 5435 2468 5270 2592 1603 865 1597 995 704 893 1524 1376 320
internal_count=10705 5435 2468 5270 2592 1603 865 1597 995 704 893 1524 1376 320
is_linear=0
shrinkage=1


Tree=1
num_leaves=15
num_cat=0
split_feature=71 84 71 84 71 84 24 84 69 69 24 49 8 58
split_gain=558842 408671 356441 218812 240109 69236.2 54047.8 45712.8 36987.1 31712.6 28469.7 23361.3 22710 22184.1
threshold=-1.0000000180025095e-35 103.02903450000001 -2.7999999999999985 42.523274000000008 2.212499999999999 287.58038500000004 257.54432450000007 272.35636400000004 -0.18351217708333298 11.840655182291668 281.72766850000005 2.5000000000000004 201.91442500000002 -1.1141225000000075
decision_type=2 2 2 2 2 2 2 2 2 2 2 2 2 2
left_child=1 -1 6 -2 7 -4 13 8 10 11 -5 -6 -8 -3
right_child=3 2 5 4 9 -7 12 -9 -10 -11 -12 -13 -14 -15
leaf_value=0.039743677737954453 0.049806453050095095 -2.8136512944396115 -0.30844148877384581 -0.12099772184850575 1.2638525251289923 -1.8366734428283498 -0.71766406351163348 -0.52992219049738698 0.61168873394006995 1.5718890208545577 0.63122658701090328 0.52388712067057841 -1.5203994110669241 -1.8296211394954316
leaf_weight=2967 2678 70 1512 428 302 77 162 145 847 525 177 168 201 446
leaf_count=2967 2678 70 1512 428 302 77 162 145 847 525 177 168 201 446
internal_value=-1.49461e-05 -0.355718 -0.830961 0.366823 0.694212 -0.383605 -1.63831 0.314014 0.398598 1.30351 0.099753 1.00103 -1.16511 -1.9683
internal_weight=10705 5435 2468 5270 2592 1589 879 1597 1452 995 605 470 363 516
internal_count=10705 5435 2468 5270 2592 1589 879 1597 1452 995 605 470 363 516
is_linear=0
shrinkage=0.05


Tree=2
num_leaves=15
num_cat=0
split_feature=71 84 71 84 71 84 84 69 69 69 24 67 71 31
split_gain=506081 429003 235797 151591 285387 52424.4 49992.9 48554.3 45372.3 29835.7 26142.3 23850.4 22280.2 21343.7
threshold=-0.9875000000000006 103.02903450000001 -2.8499999999999992 42.523274000000008 2.0124999999999997 263.70710200000008 290.2148160000001 -26.30091713020833 -0.18351217708333298 11.840655182291668 281.72766850000005 -3.5801233541666702 4.8500000000000005 18.012500000000003
decision_type=2 2 2 2 2 2 2 2 2 2 2 2 2 2
left_child=1 -1 7 -2 5 8 11 -3 10 12 -5 -4 -6 -9
right_child=3 2 6 4 9 -7 -8 13 -10 -11 -12 -13 -14 -15
leaf_value=0.034323591162717909 0.047452331750373528 -2.235086478456926 -0.72265810096449645 -0.12690687224810535 0.7725901372249746 -0.30088727203426646 -1.8340850412845613 -2.1509225305758028 0.56575583707778898 1.4874029161097519 0.57727011896258351 -0.22856436604557173 1.6321704035369973 -1.2449725019520288
leaf_weight=2532 3074 208 368 563 394 410 63 75 912 532 171 727 94 582
leaf_count=2532 3074 208 368 563 394 410 63 75 912 532 171 727 94 582
internal_value=-3.74815e-05 -0.399455 -0.942124 0.295808 0.543907 0.204465 -0.474924 -1.56631 0.330449 1.22724 0.0377075 -0.395124 0.941164 -1.3515
internal_weight=10705 4555 2023 6150 3076 2056 1158 865 1646 1020 734 1095 488 657
internal_count=10705 4555 2023 6150 3076 2056 1158 865 1646 1020 734 1095 488 657
is_linear=0
shrinkage=0.05


Tree=3
num_leaves=15
num_cat=0
split_feature=71 84 71 84 71 24 84 84 8 31 31 70 69 37
split_gain=457124 334282 291079 179061 195088 61657 39817 38040.9 37940.1 31137.1 45054 29535.2 26915.3 24898.7
threshold=-1.0000000180025095e-35 103.789889 -2.1374999999999988 42.523274000000008 2.0124999999999997 257.54432450000007 272.35636400000004 287.58038500000004 201.91442500000002 21.112500000000004 22.437500000000004 18.044551323038437 11.840655182291668 48.375000000000007
decision_type=2 2 2 2 2 2 2 2 2 2 2 2 2 2
left_child=1 -1 5 -2 6 -3 9 -4 -7 -5 11 -11 -6 -12
right_child=3 2 7 4 12 8 -8 -9 -10 10 13 -13 -14 -15
leaf_value=0.034578913438107005 0.044945327945946315 -1.7411741861556509 -0.23040517522771312 -0.026529789294383321 0.89435184998590123 -0.5190647921559578 -0.52092424434336659 -1.5723555218089711 -1.4025261052880422 0.83665299035302287 1.5062662902332489 2.2955196169919745 1.4131723034379071 0.25499201728853221
leaf_weight=2977 2678 561 1354 386 488 241 141 54 248 195 41 42 532 767
leaf_count=2977 2678 561 1354 386 488 241 141 54 248 195 41 42 532 767
internal_value=-5.30167e-05 -0.32176 -0.753177 0.331724 0.627886 -1.38286 0.278163 -0.282951 -0.969067 0.357208 0.498842 1.10375 1.16607 0.320268
internal_weight=10705 5435 2458 5270 2592 1050 1572 1408 489 1431 1045 237 1020 808
internal_count=10705 5435 2458 5270 2592 1050 1572 1408 489 1431 1045 237 1020 808
is_linear=0
shrinkage=0.05


Tree=4
num_leaves=15
num_cat=0
split_feature=71 84 71 84 71 84 69 84 69 65 58 51 69 84
split_gain=414518 351171 188277 124203 231617 44269.4 41818 41591.5 39317.8 25410 24591.6 24275.5 21500.1 19807.3
threshold=-0.9875000000000006 107.16221950000001 -2.8499999999999992 42.523274000000008 2.0124999999999997 263.70710200000008 -26.462434338541666 292.35207400000007 -1.0000000180025095e-35 22.823637208333341 -16.395701000000013 3.5000000000000004 11.532673921875002 284.32638350000008
decision_type=2 2 2 2 2 2 2 2 2 2 2 2 2 2
left_child=1 -1 6 -2 5 8 -3 10 11 12 -4 -5 -6 -7
right_child=3 2 7 4 9 13 -8 -9 -10 -11 -12 -13 -14 -15
leaf_value=0.022974173819408625 0.04290070201517121 -2.10440183924048 -1.2058252708214088 0.2604792881462919 0.71620094850196026 -0.16033917886258509 -1.2394677041891979 -1.8353838574652579 0.52399706774507782 1.6077649014667401 -0.30409481326738996 -0.32464163280092184 1.233816733446466 -1.3070225732667107
leaf_weight=2578 3074 180 81 455 401 369 668 50 902 205 998 289 414 41
leaf_count=2578 3074 180 81 455 401 369 668 50 902 205 998 289 414 41
internal_value=-4.44476e-05 -0.361528 -0.862676 0.267704 0.492274 0.186476 -1.42532 -0.43918 0.302248 1.10788 -0.372841 0.0330637 0.980327 -0.277909
internal_weight=10705 4555 1977 6150 3076 2056 848 1129 1646 1020 1079 744 815 410
internal_count=10705 4555 1977 6150 3076 2056 848 1129 1646 1020 1079 744 815 410
is_linear=0
shrinkage=0.05


Tree=5
num_leaves=15
num_cat=0
split_feature=71 84 71 84 71 24 84 80 69 65 46 58 69 24
split_gain=374341 266302 261439 175232 122052 52144.4 39613.5 34015.3 28193.4 23733.4 23731 19908.1 18282.2 18231
threshold=1.0000000180025095e-35 107.85329450000002 -2.1374999999999988 42.523274000000008 2.212499999999999 257.54432450000007 282.33339050000006 -0.68322629814330815 -0.12570920833333388 22.823637208333341 82.848958333333357 -2.4998689999999892 11.532673921875002 257.91047800000007
decision_type=2 2 2 2 2 2 2 2 2 2 2 2 2 2
left_child=1 -1 5 -2 8 11 10 -7 -5 12 -4 -3 13 -6
right_child=3 2 6 4 9 7 -8 -9 -10 -11 -12 -13 -14 -15
leaf_value=0.038230418580316963 0.040553456878815869 -2.3569362263930471 0.039739084176959177 0.054395320510957391 1.3117765876981948 -0.26420135119348576 -1.2129161839834368 -1.1658281384712383 0.52927429300667217 1.5522678197319828 -0.35414027859724462 -1.4640701288283493 1.1709846961194452 0.49494132495397153
leaf_weight=3278 2480 75 682 551 89 156 98 321 722 200 869 478 411 295
leaf_count=3278 2480 75 682 551 89 156 98 321 722 200 869 478 411 295
internal_value=-6.12476e-05 -0.26401 -0.633706 0.331084 0.648614 -1.25829 -0.243054 -0.872126 0.323934 1.06327 -0.181031 -1.5892 0.938453 0.687175
internal_weight=10705 5957 2679 4748 2268 1030 1649 477 1273 995 1551 553 795 384
internal_count=10705 5957 2679 4748 2268 1030 1649 477 1273 995 1551 553 795 384
is_linear=0
shrinkage=0.05


Tree=6
num_leaves=15
num_cat=0
split_feature=71 84 71 84 71 84 84 24 69 65 44 67 36 47
split_gain=340738 288241 166925 103131 186315 38099.8 36508.6 35927 32662 20713.1 19761.5 27562.7 19630.3 19111.1
threshold=-0.93749999999999989 99.505993500000017 -2.8499999999999992 42.523274000000008 2.0124999999999997 263.70710200000008 292.35207400000007 257.54432450000007 -6.0566992656249985 22.823637208333341 53.031250000000007 -2.4885673333333322 20.954296875000004 73.654947916666671
decision_type=2 2 2 2 2 2 2 2 2 2 2 2 2 2
left_child=1 -1 7 -2 5 8 10 -3 13 -6 -4 -12 -10 -5
right_child=3 2 6 4 9 -7 -8 -9 12 -11 11 -13 -14 -15
leaf_value=0.03459319380666033 0.038746553715853407 -1.5483815316224598 0.74886455535888674 0.79043409844360701 0.88539499373166075 -0.25924523430100332 -1.685311013810775 -0.89369995521860091 -0.15974487493052181 1.4518870757621469 -0.66581679638091573 -0.15432108487883534 0.44948770906127511 -0.37746326077694831
leaf_weight=2507 3063 523 41 40 815 407 50 359 148 205 436 665 1205 241
leaf_count=2507 3063 523 41 40 815 407 50 359 148 205 436 665 1205 241
internal_value=-6.55887e-05 -0.326181 -0.762083 0.243896 0.449099 0.173149 -0.375724 -1.28322 0.280943 1.00056 -0.316962 -0.357296 0.382777 -0.209001
internal_weight=10705 4581 2074 6124 3061 2041 1192 882 1634 1020 1142 1101 1353 281
internal_count=10705 4581 2074 6124 3061 2041 1192 882 1634 1020 1142 1101 1353 281
is_linear=0
shrinkage=0.05


Tree=7
num_leaves=15
num_cat=0
split_feature=71 84 71 84 71 84 69 84 69 51 69 25 47 44
split_gain=307613 260852 149205 92276.1 169415 34501.7 34449.1 33131.7 30896.8 20461.4 20147.8 19069.6 18808.1 17677.1
threshold=-0.9875000000000006 99.505993500000017 -2.8499999999999992 42.523274000000008 2.0124999999999997 263.70710200000008 -26.462434338541666 290.2148160000001 -0.18351217708333298 3.5000000000000004 11.840655182291668 100.73766235953788 77.423177083333357 53.031250000000007
decision_type=2 2 2 2 2 2 2 2 2 2 2 2 2 2
left_child=1 -1 6 -2 5 8 -3 13 9 -5 11 12 -6 -4
right_child=3 2 7 4 10 -7 -8 -9 -10 -11 -12 -13 -14 -15
leaf_value=0.032375845655452651 0.036815832609083596 -1.8318416559177899 0.71231284411180595 0.23280240349686332 1.273016662545543 -0.24734524473312272 -1.0564184919845845 -1.4659506427589806 0.45899693799635594 -0.30841000358132942 1.1642548219781321 0.42664286882504543 0.086011593717904331 -0.33433422911853727
leaf_weight=2495 3074 183 41 450 182 410 699 63 912 284 532 265 41 1074
leaf_count=2495 3074 183 41 450 182 410 699 63 912 284 532 265 41 1074
internal_value=-6.85886e-05 -0.311469 -0.727736 0.230584 0.424151 0.162617 -1.2192 -0.359044 0.264822 0.0232613 0.950646 0.715872 1.05614 -0.295244
internal_weight=10705 4555 2060 6150 3076 2056 882 1178 1646 734 1020 488 223 1115
internal_count=10705 4555 2060 6150 3076 2056 882 1178 1646 734 1020 488 223 1115
is_linear=0
shrinkage=0.05


Tree=8
num_leaves=15
num_cat=0
split_feature=71 84 71 84 71 24 84 8 69 24 46 65 58 24
split_gain=278934 199998 192439 130821 88270.4 40455.4 31815.8 31083.2 21893 19506.2 19235 19050.5 18063.5 16625.4
threshold=1.0000000180025095e-35 107.85329450000002 -2.0499999999999985 42.523274000000008 2.212499999999999 257.54432450000007 282.33339050000006 205.88845150000003 -0.12570920833333388 267.02599300000003 82.848958333333357 22.823637208333341 -2.4998689999999892 284.15934500000009
decision_type=2 2 2 2 2 2 2 2 2 2 2 2 2 2
left_child=1 -1 5 -2 8 12 10 9 13 -7 -4 -6 -3 -5
right_child=3 2 6 4 11 7 -8 -9 -10 -11 -12 -13 -14 -15
leaf_value=0.034013360073109997 0.034750006555405798 -2.099898140054 0.044939903872339551 -0.049232697473252367 0.80107113387079998 -0.92922667623848043 -1.0783549560215135 -1.1519374732944805 0.4649598777410735 -0.017489167398307474 -0.31098570402398112 1.3505851446099544 -1.2532047291899411 0.83228358606497455
leaf_weight=3278 2480 75 681 492 795 92 98 239 722 159 856 200 479 59
leaf_count=3278 2480 75 681 492 795 92 98 239 722 159 856 200 479 59
internal_value=-6.89937e-05 -0.227913 -0.548297 0.285779 0.560137 -1.07829 -0.209427 -0.744769 0.284012 -0.354033 -0.153359 0.912771 -1.37141 0.0464951
internal_weight=10705 5957 2679 4748 2268 1044 1635 490 1273 251 1537 995 554 551
internal_count=10705 5957 2679 4748 2268 1044 1635 490 1273 251 1537 995 554 551
is_linear=0
shrinkage=0.05


Tree=9
num_leaves=15
num_cat=0
split_feature=71 84 71 84 71 32 69 70 36 69 84 47 62 67
split_gain=252784 213515 122918 76604.6 136225 31557.2 30071.5 29689.7 33544 31246 27387.7 22009.3 17791.3 17047.2
threshold=-0.93749999999999989 99.505993500000017 -2.7999999999999985 42.523274000000008 2.212499999999999 28.137500000000003 -26.462434338541666 8.1032710679429751 20.954296875000004 4.7862959218749994 295.90254450000003 70.747395833333357 241.29629500000001 -3.0762550208333326
decision_type=2 2 2 2 2 2 2 2 2 2 2 2 2 2
left_child=1 -1 6 -2 5 7 -3 8 -5 -9 13 -7 -6 -4
right_child=3 2 10 4 12 11 -8 9 -10 -11 -12 -13 -14 -15
leaf_value=0.029536607458391352 0.033239742049427007 -1.6705039529696757 -0.52476060440796701 -0.24954199448800349 0.79486035799117039 1.5322452194112188 -0.9479444432840618 -0.33741938227999818 0.45379312523858328 0.23983420939060662 -1.5903068234280844 0.20842388081053895 1.5007616963126873 -0.12455453957180279
leaf_weight=2507 3063 183 424 217 895 67 713 552 765 406 40 59 100 714
leaf_count=2507 3063 183 424 217 895 67 713 552 765 406 40 59 100 714
internal_value=-8.10861e-05 -0.280971 -0.656139 0.210048 0.386902 0.15526 -1.09722 0.105216 0.298276 -0.0927846 -0.320002 0.918883 0.867241 -0.273995
internal_weight=10705 4581 2074 6124 3061 2066 896 1940 982 958 1178 126 995 1138
internal_count=10705 4581 2074 6124 3061 2066 896 1940 982 958 1178 126 995 1138
is_linear=0
shrinkage=0.05


Tree=10
num_leaves=15
num_cat=0
split_feature=71 84 71 84 71 24 8 84 69 69 70 46 49 21
split_gain=228798 165170 156521 107404 71148.2 34627.2 37832.7 27945.5 18394.5 17526.2 16998 16961.6 16907.1 16033.5
threshold=1.0000000180025095e-35 107.85329450000002 -2.0499999999999985 42.523274000000008 2.212499999999999 266.90505200000007 201.91442500000002 292.35207400000007 -0.22629248437500016 11.840655182291668 13.035708839423913 82.848958333333357 2.5000000000000004 78.93321241139175
decision_type=2 2 2 2 2 2 2 2 2 2 2 2 2 2
left_child=1 -1 5 -2 8 10 -7 11 -5 12 -3 -4 -6 -11
right_child=3 2 7 4 9 6 -8 -9 -10 13 -12 -13 -14 -15
leaf_value=0.03159561454631319 0.03135188843443816 -0.82472774390182735 0.025408902390058382 0.040385836421938645 0.82308659410417673 -0.032115727017176222 -1.0317362725254029 -1.4811153186530603 0.42429567694060633 0.89948163849909213 -1.373458200090387 -0.30299211926815528 0.19625831125359211 1.6626754643473154
leaf_weight=3278 2480 216 701 547 302 168 216 40 726 442 444 894 168 83
leaf_count=3278 2480 216 701 547 302 168 216 40 726 442 444 894 168 83
internal_value=-8.0079e-05 -0.206434 -0.497588 0.258807 0.507401 -0.975569 -0.595622 -0.191972 0.259493 0.823994 -1.19539 -0.158735 0.599921 1.02307
internal_weight=10705 5957 2679 4748 2268 1044 384 1635 1273 995 660 1595 470 525
internal_count=10705 5957 2679 4748 2268 1044 384 1635 1273 995 660 1595 470 525
is_linear=0
shrinkage=0.05


Tree=11
num_leaves=15
num_cat=0
split_feature=71 84 71 84 71 32 70 36 69 84 47 30 69 58
split_gain=207881 175547 101322 62535.7 111187 28686 26180 29470.5 25540.2 24777.1 19812 19268.7 17901.1 16651.2
threshold=-0.9875000000000006 99.505993500000017 -3.3625000000000003 42.523274000000008 2.0124999999999997 28.137500000000003 8.1032710679429751 20.954296875000004 4.7862959218749994 295.90254450000003 70.747395833333357 20.587500000000002 -14.779579244791664 0.83083999999999503
decision_type=2 2 2 2 2 2 2 2 2 2 2 2 2 2
left_child=1 -1 12 -2 5 6 7 -5 -8 11 -7 -4 -3 -13
right_child=3 2 9 4 -6 10 8 -9 -10 -11 -12 13 -14 -15
leaf_value=0.026002330040407685 0.030015597231019805 -1.4061874095679952 -0.52390493113312486 -0.23006799181267859 0.77540738980270318 1.4557010187586741 -0.31849692449691447 0.41998275980624733 0.206612244877208 -1.4318769514560701 0.2062952964055923 -0.24150983759848632 -0.87139011047465709 0.44087767238692888
leaf_weight=2495 3074 293 621 226 1020 66 551 754 398 51 61 638 354 103
leaf_count=2495 3074 293 621 226 1020 66 551 754 398 51 61 638 354 103
internal_value=-8.03318e-05 -0.256071 -0.597556 0.18953 0.34888 0.137001 0.0888547 0.269991 -0.0982863 -0.35983 0.861893 -0.318666 -1.11537 -0.146191
internal_weight=10705 4555 2060 6150 3076 2056 1929 980 949 1413 127 1362 647 741
internal_count=10705 4555 2060 6150 3076 2056 1929 980 949 1413 127 1362 647 741
is_linear=0
shrinkage=0.05


Tree=12
num_leaves=15
num_cat=0
split_feature=71 84 71 84 71 84 24 37 70 36 84 30 70 24
split_gain=187670 158539 90962.6 56453.5 100358 27735.9 28662 36822.9 28234.6 24063.6 22614.9 18980.1 25698.2 18297.2
threshold=-0.9875000000000006 101.06908500000002 -3.0124999999999988 42.523274000000008 2.212499999999999 282.33339050000006 281.72766850000005 53.125000000000007 8.1032710679429751 20.954296875000004 295.90254450000003 21.937500000000004 18.044551323038437 266.90505200000007
decision_type=2 2 2 2 2 2 2 2 2 2 2 2 2 2
left_child=1 -1 13 -2 5 6 8 -8 9 -5 -4 12 -9 -3
right_child=3 2 10 4 -6 -7 7 11 -10 -11 -12 -13 -14 -15
leaf_value=0.023328498903360438 0.028515305333990396 -1.1926758264142885 -0.28757203317557772 -0.219064272214469 0.7442426213104677 -0.95409755288508902 1.4817989778518676 0.36499960024223155 -0.23921655160562 0.38626250912747856 -1.3828890369862927 0.13004700763637125 1.8191556775292685 -0.62645862505237748
leaf_weight=2507 3074 500 1295 225 995 56 74 106 556 601 48 421 42 205
leaf_count=2507 3074 500 1295 225 995 56 74 106 556 601 48 421 42 205
internal_value=-8.31456e-05 -0.243312 -0.569564 0.180074 0.331477 0.133856 0.164398 0.439897 0.0359927 0.221308 -0.327719 0.302032 0.787105 -1.02915
internal_weight=10705 4555 2048 6150 3076 2081 2025 643 1382 826 1343 569 148 705
internal_count=10705 4555 2048 6150 3076 2081 2025 643 1382 826 1343 569 148 705
is_linear=0
shrinkage=0.05


Tree=13
num_leaves=15
num_cat=0
split_feature=71 84 71 84 71 24 8 84 47 69 65 58 24 43
split_gain=169886 124179 117682 79868.9 52316 27613.4 24040.9 23550.5 17463.7 16746.1 15698.1 15090.2 13085.6 15368.3
threshold=1.0000000180025095e-35 107.85329450000002 -2.0124999999999988 42.523274000000008 2.3874999999999997 257.54432450000007 205.88845150000003 275.36804450000005 77.584635416666671 -0.22629248437500016 22.823637208333341 -2.4998689999999892 281.04792900000001 66.875000000000014
decision_type=2 2 2 2 2 2 2 2 2 2 2 2 2 2
left_child=1 -1 5 -2 9 11 8 -4 -7 12 -6 -3 -5 -14
right_child=3 2 7 4 10 6 -8 -9 -10 -11 -12 -13 13 -15
leaf_value=0.028497949016515717 0.026859560304954618 -1.7491075603585493 -0.094934939767861382 -0.13371620407038773 0.61817135823319969 0.12427648028855942 -0.92870936040456109 -0.68190212635078584 -0.71243653761339376 0.38741169932501979 1.1267646925946333 -0.97908412034468106 1.0611172585633764 0.063428162891140658
leaf_weight=3278 2480 75 1439 387 740 147 239 193 107 772 193 479 56 120
leaf_count=3278 2480 75 1439 387 740 147 239 193 107 772 193 479 56 120
internal_value=-7.86319e-05 -0.177893 -0.430346 0.223003 0.437375 -0.843829 -0.569718 -0.164725 -0.229609 0.236337 0.724473 -1.08629 0.0288592 0.385076
internal_weight=10705 5957 2679 4748 2268 1047 493 1632 254 1335 933 554 563 176
internal_count=10705 5957 2679 4748 2268 1047 493 1632 254 1335 933 554 563 176
is_linear=0
shrinkage=0.05


Tree=14
num_leaves=15
num_cat=0
split_feature=71 84 71 84 71 84 24 37 70 36 84 73 30 70
split_gain=154189 129920 76081.8 46454.5 81518.8 24095.4 24117.6 33622.7 24800.4 20638.7 19275.7 17671.3 17189.9 23530
threshold=-0.9875000000000006 99.505993500000017 -3.3625000000000003 42.523274000000008 2.0124999999999997 284.32638350000008 281.72766850000005 51.375000000000007 8.1032710679429751 20.954296875000004 295.90254450000003 -10.624999999999998 21.937500000000004 18.044551323038437
decision_type=2 2 2 2 2 2 2 2 2 2 2 2 2 2
left_child=1 -1 -3 -2 5 6 8 -8 9 -5 -4 -11 13 -9
right_child=3 2 10 4 -6 -7 7 12 -10 11 -12 -13 -14 -15
leaf_value=0.022112448080681649 0.025731636194678827 -0.96303138832768631 -0.27202986910838772 -0.20655470618450669 0.66577167369819357 -1.0663813557653199 1.4765084835199209 0.32937092544441976 -0.23067376787935873 -0.27640709402237801 -1.2538482613861561 0.47128689576853255 0.11087930721906125 1.707298558408564
leaf_weight=2495 3074 647 1362 225 1020 41 64 107 558 93 51 504 421 43
leaf_count=2495 3074 647 1362 225 1020 41 64 107 558 93 51 504 421 43
internal_value=-8.33099e-05 -0.220551 -0.514324 0.163215 0.300556 0.119134 0.143773 0.398518 0.0263502 0.200895 -0.308329 0.354545 0.275322 0.733068
internal_weight=10705 4555 2060 6150 3076 2056 2015 635 1380 822 1413 597 571 150
internal_count=10705 4555 2060 6150 3076 2056 2015 635 1380 822 1413 597 571 150
is_linear=0
shrinkage=0.05


Tree=15
num_leaves=15
num_cat=0
split_feature=71 84 71 84 71 24 84 69 8 67 69 22 71 47
split_gain=139195 117363 66005 41940.6 73589.9 24354.2 22088.2 21379.5 21241.5 16960 15725.2 15266.6 15784.6 14906
threshold=-0.9875000000000006 103.02903450000001 -2.0499999999999985 42.523274000000008 2.212499999999999 257.54432450000007 272.35636400000004 -1.3059802708333337 205.88845150000003 -3.191651499999999 11.840655182291668 139.88877832291669 3.9875000000000012 77.584635416666671
decision_type=2 2 2 2 2 2 2 2 2 2 2 2 2 2
left_child=1 -1 5 -2 6 -3 7 -5 13 -4 11 12 -6 -7
right_child=3 2 9 4 10 8 -8 -9 -10 -11 -12 -13 -14 -15
leaf_value=0.017333884408386433 0.02444547334046868 -0.98845562706717915 -0.48512815250669128 -0.038829110253657498 0.323304592541938 0.13890884262103362 -0.37657200168136784 0.3062884765956469 -0.83414053326502202 -0.039564403012111976 0.82727144242621997 -0.18605176767367604 0.99386932433801989 -0.63499211682894519
leaf_weight=2532 3074 565 322 741 252 148 204 1136 251 631 525 83 135 106
leaf_count=2532 3074 565 322 741 252 148 204 1136 251 631 525 83 135 106
internal_value=-7.66221e-05 -0.20955 -0.493388 0.155079 0.285577 -0.76276 0.11635 0.170095 -0.508795 -0.190462 0.639035 0.427461 0.559181 -0.185281
internal_weight=10705 4555 2023 6150 3076 1070 2081 1877 505 953 995 470 387 254
internal_count=10705 4555 2023 6150 3076 1070 2081 1877 505 953 995 470 387 254
is_linear=0
shrinkage=0.05


Tree=16
num_leaves=15
num_cat=0
split_feature=71 84 71 84 69 69 22 71 84 70 24 43 31 74
split_gain=126605 93688.1 87190.5 59639.7 39242.5 23008.8 22079.9 20905.2 19508 18408.7 17241.2 17756.4 16373.5 15226.6
threshold=1.0000000180025095e-35 107.85329450000002 -2.0124999999999988 42.523274000000008 11.840655182291668 -26.462434338541666 148.13106922916668 3.9000000000000008 275.36804450000005 8.1012924249459495 283.21306650000002 70.375000000000014 18.012500000000003 -2.6249999999999996
decision_type=2 2 2 2 2 2 2 2 2 2 2 2 2 2
left_child=1 -1 5 -2 7 -3 13 9 -4 -5 -11 -12 -7 -6
right_child=3 2 8 4 6 12 -8 -9 -10 10 11 -13 -14 -15
leaf_value=0.025690942906927101 0.023009280387743112 -1.2432341436325516 -0.080708543339739369 0.32692608671712142 1.3013582004565061 -1.3143224755922953 0.31119960258176049 0.76018497417157394 -0.61491906847756783 -0.21053267055902253 0.94595111651079999 -0.10411530393011431 -0.55146025646883856 0.6851168298207152
leaf_weight=3278 2480 180 1439 795 151 77 260 168 193 422 76 84 790 312
leaf_count=3278 2480 180 1439 795 151 77 260 168 193 422 76 84 790 312
internal_value=-7.72389e-05 -0.153579 -0.372859 0.192503 0.377747 -0.728767 0.68159 0.235212 -0.144222 0.170658 -0.0429964 0.397444 -0.620648 0.888466
internal_weight=10705 5957 2679 4748 2268 1047 723 1545 1632 1377 582 160 867 463
internal_count=10705 5957 2679 4748 2268 1047 723 1545 1632 1377 582 160 867 463
is_linear=0
shrinkage=0.05


Tree=17
num_leaves=15
num_cat=0
split_feature=71 84 71 84 71 84 24 37 70 84 30 36 67 46
split_gain=114353 96048.7 59493.4 34827.6 60245.9 20143.6 19547 28976.5 20595.4 19251.7 18823.4 17350.6 15788.3 17265.4
threshold=-0.93749999999999989 99.505993500000017 -3.9875000000000003 42.523274000000008 2.0124999999999997 284.32638350000008 281.72766850000005 52.875000000000007 8.2420240502277053 299.97504500000008 20.762500000000003 20.844531250000003 -4.5676767916666661 82.171875000000014
decision_type=2 2 2 2 2 2 2 2 2 2 2 2 2 2
left_child=1 -1 -3 -2 5 6 8 -8 11 10 -4 -5 -12 -14
right_child=3 2 9 4 -6 -7 7 -9 -10 -11 12 -13 13 -15
leaf_value=0.019263964848209653 0.022041542251295274 -0.89326666796971177 -0.42953939209316144 -0.2299873520439463 0.57409089988546336 -0.98026628082706824 1.3005006382862727 0.23430248576648149 -0.22230863409961149 -1.3016091627544828 -0.44132888795569614 0.30332407748080792 0.40104406049827912 -0.17060027361226793
leaf_weight=2507 3063 537 742 200 1020 41 71 562 534 44 210 633 226 315
leaf_count=2507 3063 537 742 200 1020 41 71 562 534 44 210 633 226 315
internal_value=-7.21614e-05 -0.188995 -0.440622 0.141258 0.260506 0.103586 0.126283 0.355754 0.0198428 -0.281998 -0.251098 0.175156 -0.0744589 0.0685006
internal_weight=10705 4581 2074 6124 3061 2041 2000 633 1367 1537 1493 833 751 541
internal_count=10705 4581 2074 6124 3061 2041 2000 633 1367 1537 1493 833 751 541
is_linear=0
shrinkage=0.05


Tree=18
num_leaves=15
num_cat=0
split_feature=71 84 71 84 69 24 8 22 71 58 70 45 46 30
split_gain=103589 77341.2 71548.9 48828 33561.2 20201 25674.1 19532 17937.6 17592.3 16120.8 15807.8 15589.2 14734.3
threshold=1.0000000180025095e-35 107.85329450000002 -2.0124999999999988 42.523274000000008 11.840655182291668 266.90505200000007 201.91442500000002 148.13106922916668 4.2625000000000002 -10.845522500000007 8.1012924249459495 73.885416666666671 82.171875000000014 18.962500000000002
decision_type=2 2 2 2 2 2 2 2 2 2 2 2 2 2
left_child=1 -1 5 -2 8 -3 -7 -6 10 -4 11 -5 -11 -13
right_child=3 2 9 4 7 6 -8 -9 -10 12 -12 13 -14 -15
leaf_value=0.023954582663628432 0.020757646822054894 -0.82876703729319401 -0.70110150077342992 -0.012970526036718544 0.81727125797870359 0.085387040150546767 -0.73338914538308775 0.27446024685926823 0.80257451047694672 0.11446301960269728 -0.033973852051345663 -0.43559357475402749 -0.21396274627743517 0.53061638636639574
leaf_weight=3278 2480 660 124 264 463 171 216 260 117 598 609 42 910 513
leaf_count=3278 2480 660 124 264 463 171 216 260 117 598 609 42 910 513
internal_value=-7.70267e-05 -0.138926 -0.33816 0.17412 0.341735 -0.660567 -0.372317 0.622718 0.209928 -0.131044 0.160843 0.305572 -0.0837354 0.456846
internal_weight=10705 5957 2679 4748 2268 1047 387 723 1545 1632 1428 819 1508 555
internal_count=10705 5957 2679 4748 2268 1047 387 723 1545 1632 1428 819 1508 555
is_linear=0
shrinkage=0.05


Tree=19
num_leaves=15
num_cat=0
split_feature=71 84 71 62 57 84 84 69 84 44 8 24 67 44
split_gain=93903 78663.4 49633.8 29684.5 26142.1 19772.6 22797.3 35961 17932.1 17454.7 18666.6 18390.8 13640.7 13617.6
threshold=-0.9875000000000006 99.505993500000017 -3.9875000000000003 232.80492650000002 1.0689193591312962 276.10256350000003 42.523274000000008 -1.3059802708333337 96.187470500000018 53.031250000000007 256.80026200000003 248.07883750000005 -1.5976659999999983 89.281250000000014
decision_type=2 2 2 2 2 2 2 2 2 2 2 2 2 2
left_child=1 -1 -3 5 -5 6 -2 -8 -9 -4 11 -11 -12 -13
right_child=3 2 9 4 -6 -7 7 8 -10 10 12 13 -14 -15
leaf_value=0.01669682926932672 0.019877962589263918 -0.81366206925608164 0.75140028056644259 0.23793100315843013 1.0459389495320859 -0.50805679396902581 -0.069493378888546675 0.65909564194857007 0.26435448288254676 -0.54452676521085364 -0.95158665619805571 -0.044218372828083434 0.08210949694238058 -0.67447027453858599
leaf_weight=2495 3074 537 41 285 154 131 740 362 1404 316 154 878 40 94
leaf_count=2495 3074 537 41 285 154 131 740 362 1404 316 154 878 40 94
internal_value=-7.45314e-05 -0.172125 -0.400717 0.127362 0.523111 0.0968551 0.111145 0.223046 0.345597 -0.254677 -0.282999 -0.213776 -0.739125 -0.105799
internal_weight=10705 4555 2060 6150 439 5711 5580 2506 1766 1523 1482 1288 194 972
internal_count=10705 4555 2060 6150 439 5711 5580 2506 1766 1523 1482 1288 194 972
is_linear=0
shrinkage=0.05


Tree=20
num_leaves=15
num_cat=0
split_feature=71 84 71 84 69 24 69 84 43 29 73 71 70 36
split_gain=85345.7 63966.7 58096 40293.4 28754.1 18331 18315.4 16836.5 15866.5 16923.1 16378.1 15512.2 14425.9 17641.3
threshold=1.0000000180025095e-35 107.85329450000002 -2.0124999999999988 42.523274000000008 11.840655182291668 299.02505250000007 -26.462434338541666 292.35207400000007 77.625000000000014 22.562500000000004 -8.8749999999999982 4.8500000000000005 8.1012924249459495 24.780989583333341
decision_type=2 2 2 2 2 2 2 2 2 2 2 2 2 2
left_child=1 -1 6 -2 11 8 -3 -4 9 -6 -11 12 13 -5
right_child=3 2 7 4 5 -7 -8 -9 -10 10 -12 -13 -14 -15
leaf_value=0.02202481191113112 0.01872668497892024 -1.056546244403934 -0.094833918594068214 0.22977330938444318 1.5828804647628534 0.049232922734665702 -0.50146920031134024 -1.1211881418053697 0.46837622403546819 1.1304054745889089 0.12237247841225729 0.80745952312883584 -0.034588091625230105 1.2706998037737469
leaf_weight=3278 2480 180 1592 788 82 137 867 40 340 93 71 94 621 42
leaf_count=3278 2480 180 1592 788 82 137 867 40 340 93 71 94 621 42
internal_value=-7.32745e-05 -0.126104 -0.307295 0.158043 0.310306 0.570385 -0.597815 -0.120661 0.691932 0.997765 0.697387 0.188309 0.14767 0.283912
internal_weight=10705 5957 2679 4748 2268 723 1047 1632 586 246 164 1545 1451 830
internal_count=10705 5957 2679 4748 2268 723 1047 1632 586 246 164 1545 1451 830
is_linear=0
shrinkage=0.05


Tree=21
num_leaves=15
num_cat=0
split_feature=71 84 71 84 69 22 24 8 84 31 7 74 58 46
split_gain=77211.7 56020.8 50258.8 30592.8 34498.1 18206.9 17127 22462.4 16459.3 17912.2 28028.9 13251 12621.7 12707.5
threshold=-1.0000000180025095e-35 103.02903450000001 -2.0499999999999985 42.523274000000008 11.840655182291668 148.13106922916668 266.90505200000007 205.88845150000003 272.69961450000005 21.112500000000004 175.45021050000003 -2.6249999999999996 -10.845522500000007 82.171875000000014
decision_type=2 2 2 2 2 2 2 2 2 2 2 2 2 2
left_child=1 -1 6 -2 8 11 -3 -8 9 -5 -11 -6 -4 -14
right_child=3 2 12 4 5 -7 7 -9 -10 10 -12 -13 13 -15
leaf_value=0.014145291806269259 0.017761698603274086 -0.71959756610221415 -0.58601385043185994 -0.055729493344916364 1.1110289092679881 0.22409231042989874 0.1233198610459583 -0.63381898807485904 -0.38741596094332637 0.51586376565752978 0.025037620414055425 0.54419194710278329 0.12733989941218224 -0.19406668368733138
leaf_weight=2967 2678 673 126 534 156 280 173 224 135 641 532 314 518 754
leaf_count=2967 2678 673 126 534 156 280 173 224 135 641 532 314 518 754
internal_value=-5.60971e-05 -0.132272 -0.308228 0.136299 0.258715 0.54437 -0.565976 -0.304401 0.142173 0.184259 0.293466 0.734293 -0.11069 -0.0631822
internal_weight=10705 5435 2468 5270 2592 750 1070 397 1842 1707 1173 470 1398 1272
internal_count=10705 5435 2468 5270 2592 750 1070 397 1842 1707 1173 470 1398 1272
is_linear=0
shrinkage=0.05


Tree=22
num_leaves=15
num_cat=0
split_feature=71 84 71 62 57 44 67 54 24 84 84 69 84 22
split_gain=69959.1 58616.4 40940.5 23831 22430.2 19093.4 17300.4 16825.7 25821.5 16607.9 16484.7 28127.3 14957 14869.5
threshold=-0.9875000000000006 97.008338000000023 -3.9875000000000003 225.41628950000003 1.0689193591312962 53.031250000000007 -3.7711683541666656 1.0000000180025095e-35 282.91039900000004 275.02512300000006 42.523274000000008 -1.3059802708333337 96.187470500000018 128.60093064062502
decision_type=2 2 2 2 2 2 2 2 2 2 2 2 2 2
left_child=1 -1 -3 9 -5 -4 -7 8 13 10 -2 -12 -13 -8
right_child=3 2 5 4 -6 6 7 -9 -10 -11 11 12 -14 -15
leaf_value=0.016981114043821254 0.017051992587926914 -0.71525643198536004 0.75025785386562349 0.21358545935124412 0.9300121327838714 -0.47561550942636011 -0.41172029832711898 0.075091944657929843 0.24867829917404888 -0.45753531517993129 -0.077544167916819784 0.58460026970415402 0.22324903814291189 -1.2701424189976285
leaf_weight=2460 3074 545 49 352 158 522 264 521 132 139 694 362 1371 62
leaf_count=2460 3074 545 49 352 158 522 264 521 132 139 694 362 1371 62
internal_value=-5.27032e-05 -0.148557 -0.342851 0.109943 0.436923 -0.211532 -0.243408 -0.119237 -0.33998 0.0803039 0.0939748 0.191357 0.299024 -0.578363
internal_weight=10705 4555 2095 6150 510 1550 1501 979 458 5640 5501 2427 1733 326
internal_count=10705 4555 2095 6150 510 1550 1501 979 458 5640 5501 2427 1733 326
is_linear=0
shrinkage=0.05


Tree=23
num_leaves=15
num_cat=0
split_feature=71 84 71 84 69 24 69 84 84 66 31 71 70 36
split_gain=63694.9 48250.4 42113.2 30141 22120.8 15645.9 15354.6 14490.1 14439.3 17967.1 13351.9 13267.9 12412.3 15431.4
threshold=1.0000000180025095e-35 111.4332035 -2.0124999999999988 42.523274000000008 11.840655182291668 299.02505250000007 -26.462434338541666 292.35207400000007 249.14793600000004 2.8572886261265169 18.012500000000003 4.9875000000000016 8.1012924249459495 24.804166666666671
decision_type=2 2 2 2 2 2 2 2 2 2 2 2 2 2
left_child=1 -1 6 -2 11 8 -3 -4 9 -6 -8 12 13 -5
right_child=3 2 7 4 5 -7 10 -9 -10 -11 -12 -13 -14 -15
leaf_value=0.017211573972297816 0.016050745046508743 -0.94272268250417179 -0.084324736261291403 0.20121263492741776 0.5168049873713001 0.015110814495795016 -1.0547453767978228 -1.0367366971766077 0.12338592065924144 1.1830136735482435 -0.36637855208250569 0.7403412448432577 -0.044571256515486407 1.196862055615681
leaf_weight=3336 2480 177 1557 790 313 137 77 40 122 151 770 92 623 40
leaf_count=3336 2480 177 1557 790 313 137 77 40 122 151 770 92 623 40
internal_value=-5.16951e-05 -0.108929 -0.269427 0.136544 0.268236 0.496349 -0.519564 -0.108814 0.608639 0.735688 -0.430127 0.161235 0.124084 0.250578
internal_weight=10705 5957 2621 4748 2268 723 1024 1597 586 464 847 1545 1453 830
internal_count=10705 5957 2621 4748 2268 723 1024 1597 586 464 847 1545 1453 830
is_linear=0
shrinkage=0.05


Tree=24
num_leaves=15
num_cat=0
split_feature=71 84 71 62 57 44 67 70 84 8 84 69 73 36
split_gain=57539.5 48302.2 35390.4 20771.6 19157 18938.5 17846.9 16047.9 14797.4 11404.9 11286.9 23881 14226.7 17016.1
threshold=-0.9875000000000006 87.746388500000009 -3.9875000000000003 225.41628950000003 1.0689193591312962 53.031250000000007 -3.191651499999999 6.005958402809825e-07 282.33339050000006 256.37658150000004 42.523274000000008 -1.0000000180025095e-35 -4.8749999999999991 22.72096354166667
decision_type=2 2 2 2 2 2 2 2 2 2 2 2 2 2
left_child=1 -1 -3 8 -5 -4 9 -8 10 -7 -2 -12 13 -13
right_child=3 2 5 4 -6 6 7 -9 -10 -11 11 12 -14 -15
leaf_value=0.020456314779087978 0.015386181575496023 -0.6516792336333469 0.66280033567122054 0.19857334534204948 0.86067436286863297 -0.30914556831121448 -0.55683965912790268 -7.5068917490193269e-05 -0.78437132024765022 -0.81511401484409962 -0.051124436371659837 -0.060419476736134216 0.13024564790120077 0.53791578941319684
leaf_weight=2387 3074 550 62 352 158 443 153 811 49 149 884 146 854 633
leaf_count=2387 3074 550 62 352 158 443 153 811 49 149 884 146 854 633
internal_value=-4.6866e-05 -0.134726 -0.305514 0.0997089 0.404978 -0.187514 -0.2218 -0.0889267 0.0720379 -0.437652 0.0796825 0.15817 0.27143 0.425842
internal_weight=10705 4555 2168 6150 510 1618 1556 964 5640 592 5591 2517 1633 779
internal_count=10705 4555 2168 6150 510 1618 1556 964 5640 592 5591 2517 1633 779
is_linear=0
shrinkage=0.05


Tree=25
num_leaves=15
num_cat=0
split_feature=71 84 71 84 71 58 24 80 36 36 84 66 24 4
split_gain=52299.5 40013.5 34396.8 24777.4 18562 13782.9 13737.6 14296.6 12464.1 17024.2 14997.7 17471.7 12491.1 11810.3
threshold=1.0000000180025095e-35 111.4332035 -2.0124999999999988 42.523274000000008 3.5124999999999997 -10.845522500000007 257.54432450000007 -0.63405362205439475 22.514973958333339 21.875781250000006 272.69961450000005 2.8572886261265169 297.46106850000007 263.50747500000006
decision_type=2 2 2 2 2 2 2 2 2 2 2 2 2 2
left_child=1 -1 6 -2 8 -4 -3 -8 9 -5 11 -10 -13 -7
right_child=3 2 5 4 -6 13 7 -9 10 -11 -12 12 -14 -15
leaf_value=0.0161633809335733 0.014479532591617189 -0.64357740324347334 -0.61049031258606523 0.17238204836783311 0.5303456694118992 -0.086486881639912194 0.078245728098683895 -0.48461050549522044 0.16756431635594082 -0.45994316507017974 -0.30929175607591602 0.68117350942001653 -0.10980737089353093 0.62973590195178986
leaf_weight=3336 2480 542 121 299 450 1417 179 303 841 164 110 346 58 59
leaf_count=3336 2480 542 121 299 450 1417 179 303 841 164 110 346 58 59
internal_value=-4.82721e-05 -0.0987071 -0.244864 0.123727 0.243127 -0.0997084 -0.470927 -0.275854 0.171781 -0.0521035 0.248264 0.297735 0.567626 -0.0574504
internal_weight=10705 5957 2621 4748 2268 1597 1024 482 1818 463 1355 1245 404 1476
internal_count=10705 5957 2621 4748 2268 1597 1024 482 1818 463 1355 1245 404 1476
is_linear=0
shrinkage=0.05


Tree=26
num_leaves=15
num_cat=0
split_feature=71 84 71 62 9 44 67 54 24 22 84 22 36 69
split_gain=47259.6 39724.7 29927.2 17906.4 17627.3 16432.3 15746.1 15393 19439.8 14433.3 12864.1 11434 17323.9 10348.4
threshold=-0.9875000000000006 87.746388500000009 -3.9875000000000003 225.41628950000003 267.14005600000007 53.031250000000007 -3.0762550208333326 1.0000000180025095e-35 282.91039900000004 128.60093064062502 278.81235800000007 135.20423319270836 22.816927083333336 13.995033531250003
decision_type=2 2 2 2 2 2 2 2 2 2 2 2 2 2
left_child=1 -1 -3 10 13 -4 11 8 9 -8 -2 12 -7 -5
right_child=3 2 5 4 -6 6 7 -9 -10 -11 -12 -13 -14 -15
leaf_value=0.018626096923609375 0.073881942241426343 -0.595311893280697 0.6235511572351532 0.34940925989058313 -0.34752132653781814 -0.34747944172993089 -0.32405889368046337 0.12481285487571039 0.23622739045796071 -1.1774830100966283 -0.55326081551162598 -0.67888234112607815 0.72902891158702832 0.90866615200814393
leaf_weight=2387 5558 550 62 327 72 342 272 483 131 60 82 227 41 111
leaf_count=2387 5558 550 62 327 72 342 272 483 131 60 82 227 41 111
internal_value=-4.77923e-05 -0.122105 -0.276988 0.0903588 0.373792 -0.168481 -0.20042 -0.0725482 -0.27826 -0.481365 0.0646674 -0.398284 -0.230641 0.492886
internal_weight=10705 4555 2168 6150 510 1618 1556 946 463 332 5640 610 383 438
internal_count=10705 4555 2168 6150 510 1618 1556 946 463 332 5640 610 383 438
is_linear=0
shrinkage=0.05


Tree=27
num_leaves=15
num_cat=0
split_feature=71 84 71 84 84 69 24 84 66 67 58 47 24 73
split_gain=43378.4 33087.6 28372.8 21859.7 18612.6 16956.9 13858.2 12222.7 15230.5 11449.9 11588.4 13306.7 19597.1 14930.7
threshold=1.0000000180025095e-35 111.4332035 -3.9875000000000003 42.523274000000008 299.97504500000008 11.840655182291668 299.02505250000007 256.81891500000006 2.8572886261265169 3.3024458124999998 -16.000932500000001 76.986979166666671 258.25111550000003 15.125000000000002
decision_type=2 2 2 2 2 2 2 2 2 2 2 2 2 2
left_child=1 -1 -3 -2 9 -5 7 8 -7 10 -4 12 -12 -13
right_child=3 2 4 5 -6 6 -8 -9 -10 -11 11 13 -14 -15
leaf_value=0.014556042530403941 0.010063239015527716 -0.56767534024437605 -0.56652195832133301 0.13115309736388556 -1.0357964908867552 0.43100079598038327 -0.028067133700866522 -0.01293656463535984 1.02180010384721 0.45227406197892767 -0.35608537962383208 -0.18448635647459377 0.18262006422700061 -1.0050359267425739
leaf_weight=3336 2480 485 149 1545 56 335 137 88 163 83 231 940 619 58
leaf_count=3336 2480 485 149 1545 56 335 137 88 163 83 231 940 619 58
internal_value=-4.98854e-05 -0.0899011 -0.222809 0.112676 -0.144274 0.224826 0.42454 0.530222 0.626035 -0.119785 -0.143776 -0.109403 0.0359725 -0.233132
internal_weight=10705 5957 2621 4748 2136 2268 723 586 498 2080 1997 1848 850 998
internal_count=10705 5957 2621 4748 2136 2268 723 586 498 2080 1997 1848 850 998
is_linear=0
shrinkage=0.05


Tree=28
num_leaves=15
num_cat=0
split_feature=71 84 71 84 84 71 84 31 31 47 37 9 70 36
split_gain=39166.1 29877.2 25606.4 19734.9 16831.6 16182.4 11624.3 14376.4 22902.3 13665.7 13267.1 18781.6 12174.7 11042.3
threshold=1.0000000180025095e-35 111.4332035 -3.9875000000000003 42.523274000000008 299.97504500000008 3.5124999999999997 97.008338000000023 21.112500000000004 22.787500000000005 69.587239583333357 52.375000000000007 260.54473700000011 18.044551323038437 18.666666666666668
decision_type=2 2 2 2 2 2 2 2 2 2 2 2 2 2
left_child=1 -1 -3 -2 13 6 9 -8 12 -5 -10 -12 -9 -4
right_child=3 2 4 5 -6 -7 7 8 10 -11 11 -13 -14 -15
leaf_value=0.013828457744470037 0.0095602802719045483 -0.53934996470180441 -0.89763451110232961 1.0786103913894118 -0.98491526193786094 0.48178180551813077 -0.19693901988552748 0.4038467992395508 0.85077916931132891 0.23412085177030328 0.07069472115164914 -0.80593331943858759 1.2501955523210413 -0.096853627063094874
leaf_weight=3336 2480 485 43 66 56 450 327 269 48 171 822 65 50 2037
leaf_count=3336 2480 485 43 66 56 450 327 269 48 171 822 65 50 2037
internal_value=-5.44574e-05 -0.0854317 -0.211727 0.107058 -0.137119 0.213618 0.147013 0.097902 0.174882 0.472839 0.04987 0.00561955 0.539996 -0.113832
internal_weight=10705 5957 2621 4748 2136 2268 1818 1581 1254 237 935 887 319 2080
internal_count=10705 5957 2621 4748 2136 2268 1818 1581 1254 237 935 887 319 2080
is_linear=0
shrinkage=0.05


Tree=29
num_leaves=15
num_cat=0
split_feature=67 84 62 47 58 84 36 71 73 30 84 70 69 35
split_gain=36244.1 34804.6 24819.9 22002.6 34968.6 15794.9 15746.2 13109 12261.5 12137.2 12060.9 11906.4 11642.4 10206.7
threshold=-2.4885673333333322 77.844594000000015 127.13975050000001 73.800781250000014 -14.974237 282.33339050000006 23.375520833333336 5.1000000000000005 11.625000000000002 18.962500000000002 273.02215500000005 14.093098137153982 -28.026467833333328 23.925520833333337
decision_type=2 2 2 2 2 2 2 2 2 2 2 2 2 2
left_child=1 -1 10 4 -3 7 -6 9 11 -4 12 -5 -2 -8
right_child=2 3 5 8 6 -7 13 -9 -10 -11 -12 -13 -14 -15
leaf_value=0.014112210346040583 -0.73787552118301392 -0.89686126893057549 -0.30876874336857857 -0.12081179595725607 1.2740864740950721 -0.61932406864412459 -0.10481212994566672 0.96116169085235981 -0.62515291951097662 0.3330539459058498 -0.31306744277522919 -0.50377106863589149 0.043885077707349542 0.70063225167292753
leaf_weight=1720 47 67 80 456 41 45 107 75 417 835 254 366 6134 61
leaf_count=1720 47 67 80 456 41 45 107 75 417 835 254 366 6134 61
internal_value=-4.76633e-05 -0.139826 0.0604962 -0.314488 0.0889695 0.287628 0.407767 0.329436 -0.404362 0.276662 0.0239255 -0.291731 0.0378222 0.190056
internal_weight=10705 3235 7470 1515 276 1035 209 990 1239 915 6435 822 6181 168
internal_count=10705 3235 7470 1515 276 1035 209 990 1239 915 6435 822 6181 168
is_linear=0
shrinkage=0.05


Tree=30
num_leaves=15
num_cat=0
split_feature=30 84 84 61 69 37 24 84 71 52 36 73 47 84
split_gain=32726.3 23923.5 21167.9 29905.2 20757.8 14631 16128.7 17130.8 12372.7 17227.2 10783.4 11637.3 9408.6 9916.55
threshold=19.812500000000004 89.094115000000016 275.36804450000005 168.01043050000001 -13.065936541666668 51.875000000000007 280.08090150000004 91.821440500000008 1.8125000000000002 0.097964660725097366 18.395963541666671 11.125000000000002 81.747395833333357 212.08591050000004
decision_type=2 2 2 2 2 2 2 2 2 2 2 2 2 2
left_child=1 -1 3 5 12 6 -2 -8 -7 -10 -6 -12 -3 -14
right_child=2 4 -4 -5 10 8 7 -9 9 -11 11 -13 13 -15
leaf_value=0.040219154939814775 0.024145756050129422 -0.86608379985678374 -0.32595199764349519 0.53785897121072201 -0.85838279894420089 -0.022528226859540239 0.17803611287106733 0.93392818155632895 0.00063671697208447732 0.2823080996415307 -0.057772486493300967 -0.58322172124385829 -0.70728335802031816 0.089983664923864948
leaf_weight=730 319 202 375 311 55 5227 160 141 1302 930 673 124 85 71
leaf_count=730 319 202 375 311 55 5227 160 141 1302 930 673 124 85 71
internal_value=-4.94996e-05 -0.185818 0.0410841 0.0575261 -0.322108 0.0389714 0.272155 0.534045 0.0195551 0.118074 -0.187469 -0.140152 -0.641121 -0.346163
internal_weight=10705 1940 8765 8390 1210 8079 620 301 7459 2232 852 797 358 156
internal_count=10705 1940 8765 8390 1210 8079 620 301 7459 2232 852 797 358 156
is_linear=0
shrinkage=0.05


Tree=31
num_leaves=15
num_cat=0
split_feature=67 84 62 47 58 36 65 84 73 70 69 60 84 30
split_gain=30559.4 29691.4 20896 18660.7 31350.9 14164.1 13020.7 11754.5 10333.6 10160.5 10118 9272.81 9148.91 8962.36
threshold=-2.4885673333333322 77.844594000000015 165.35995600000004 73.800781250000014 -14.974237 23.375520833333336 23.872059416666676 273.38934050000006 11.625000000000002 13.609515531059859 -28.026467833333328 50.048965500000008 282.33339050000006 18.962500000000002
decision_type=2 2 2 2 2 2 2 2 2 2 2 2 2 2
left_child=1 -1 7 4 -3 -6 12 10 9 -5 -2 -12 13 -4
right_child=2 3 6 8 5 -7 -8 -9 -10 -11 11 -13 -14 -15
leaf_value=0.013778682345243574 -0.68483134955167779 -0.85160156108219831 -0.34900156650049935 -0.1045103555147282 1.2053301075384732 0.17723216449720622 0.75758059390187271 -0.30851000887085134 -0.57518701064645461 -0.45697535571077125 0.029651094146665342 0.30272282819468077 -0.51216271477086206 0.30031774111912679
leaf_weight=1720 47 67 57 439 41 168 124 253 417 383 5966 327 41 655
leaf_count=1720 47 67 57 439 41 168 124 253 417 383 5966 327 41 655
internal_value=-5.32552e-05 -0.128403 0.0555402 -0.289726 0.081831 0.383696 0.284685 0.0250209 -0.372493 -0.269092 0.0383771 0.0438864 0.205909 0.247919
internal_weight=10705 3235 7470 1515 276 209 877 6593 1239 822 6340 6293 753 712
internal_count=10705 3235 7470 1515 276 209 877 6593 1239 822 6340 6293 753 712
is_linear=0
shrinkage=0.05


Tree=32
num_leaves=15
num_cat=0
split_feature=84 36 84 70 84 84 71 37 70 70 42 69 47 29
split_gain=27862.7 26600.1 25317.5 23538.6 18304.2 13259.8 21140 27413.7 16096.1 17621.7 12736.6 12561.3 12533.9 11996.5
threshold=287.58038500000004 22.479947916666671 87.746388500000009 13.282359788870467 194.37496400000003 42.523274000000008 1.5874999999999988 51.875000000000007 20.217528983325611 8.1614393328295396 77.375000000000014 7.8546095677083345 78.319010416666671 22.012500000000003
decision_type=2 2 2 2 2 2 2 2 2 2 2 2 2 2
left_child=1 2 -1 -4 -5 -3 7 -7 9 10 -9 -11 -6 -8
right_child=-2 5 3 4 12 6 13 8 -10 11 -12 -13 -14 -15
leaf_value=0.028909452705761809 -0.68133904524902644 0.0069299628080140493 -0.080733407034465701 -0.69696442264763792 -0.48548565601479815 0.72475180685629748 0.5446309908405137 -0.053521737599649524 0.70023911108573289 -0.33482773985674302 0.39939857163235315 0.053776352229814042 0.051910119082146725 0.20536383413694206
leaf_weight=2380 147 3167 1326 347 210 135 390 339 74 566 285 328 223 788
leaf_count=2380 147 3167 1326 347 210 135 390 339 74 566 285 328 223 788
internal_value=-5.55252e-05 0.00949368 -0.0828289 -0.209059 -0.426829 0.0777041 0.154832 0.0433796 -0.0148188 -0.0501148 0.153649 -0.192352 -0.209239 0.318052
internal_weight=10705 10558 4486 2106 780 6072 2905 1727 1592 1518 624 894 433 1178
internal_count=10705 10558 4486 2106 780 6072 2905 1727 1592 1518 624 894 433 1178
is_linear=0
shrinkage=0.05


Tree=33
num_leaves=15
num_cat=0
split_feature=30 84 84 17 69 37 24 84 42 62 58 71 52 63
split_gain=25873.3 18882.5 16377.6 24628.1 15868.1 11618.2 13117.7 14142 9584.43 13108.7 9275.77 8982 13300.4 8889.94
threshold=19.812500000000004 89.094115000000016 275.36804450000005 55.471742571304539 -13.065936541666668 51.125000000000007 280.08090150000004 91.821440500000008 83.125000000000014 187.91055150000003 -10.038873500000006 1.8125000000000002 0.097964660725097366 2.1693420000000043
decision_type=2 2 2 2 2 2 2 2 2 2 2 2 2 2
left_child=1 -1 3 5 -3 6 -2 -8 9 -6 -5 -7 -13 -9
right_child=2 4 -4 10 8 11 7 13 -10 -11 -12 12 -14 -15
leaf_value=0.035587801374928202 0.013526149558828483 -0.56523714180773743 -0.28632298812141366 -0.13615011222778806 -0.1619119424517427 -0.021485389408398531 0.16132068400661792 1.3563138898936185 -0.37395840657716539 0.45790410314997038 0.52489348726904828 -0.0043021142980806427 0.24480545217486843 0.51239483997954105
leaf_weight=730 297 358 375 62 405 5186 154 54 340 107 353 1293 914 77
leaf_count=730 297 358 375 62 405 5186 154 54 340 107 353 1293 914 77
internal_value=-5.09603e-05 -0.165228 0.0365232 0.0509855 -0.286311 0.0314174 0.246311 0.488003 -0.168584 -0.03174 0.426045 0.0144692 0.0989267 0.86791
internal_weight=10705 1940 8765 8390 1210 7975 582 285 852 512 415 7393 2207 131
internal_count=10705 1940 8765 8390 1210 7975 582 285 852 512 415 7393 2207 131
is_linear=0
shrinkage=0.05


Tree=34
num_leaves=15
num_cat=0
split_feature=84 36 84 69 84 47 36 25 47 84 71 37 70 70
split_gain=24513.9 22076.6 21830.3 19811.4 16938.2 15788.7 11089.5 12352.8 10714.5 10608.3 18388.1 23080.2 14574 16016.5
threshold=292.35207400000007 22.479947916666671 87.746388500000009 -10.466263937499997 195.32548950000003 77.584635416666671 18.395963541666671 103.14478863480169 75.115885416666671 42.523274000000008 1.5874999999999988 51.875000000000007 20.217528983325611 8.0129088345045254
decision_type=2 2 2 2 2 2 2 2 2 2 2 2 2 2
left_child=1 2 -1 4 -4 -6 -5 8 -8 -3 11 -11 13 -13
right_child=-2 9 3 6 5 -7 7 -9 -10 10 -12 12 -14 -15
leaf_value=0.027520671757533623 -0.75663333969577307 0.0060697998452756436 -0.67953906226434613 -0.815688835144043 -0.64020187790577232 0.032010029218672367 -0.74657957827591381 -0.44205232948188294 0.031796880692779882 0.66094326023149363 0.29073938449917391 0.14253916508635492 0.66345114429791774 -0.18459479588888481
leaf_weight=2380 105 3167 317 49 129 266 45 180 1136 135 1178 634 74 910
leaf_count=2380 105 3167 317 49 129 266 45 180 1136 135 1178 634 74 910
internal_value=-4.02048e-05 0.00752502 -0.076445 -0.193009 -0.407816 -0.188585 -0.0843271 -0.0574164 0.00153164 0.0695203 0.138054 0.0353441 -0.0172296 -0.0502612
internal_weight=10705 10600 4502 2122 712 395 1410 1361 1181 6098 2931 1753 1618 1544
internal_count=10705 10600 4502 2122 712 395 1410 1361 1181 6098 2931 1753 1618 1544
is_linear=0
shrinkage=0.05


Tree=35
num_leaves=15
num_cat=0
split_feature=67 84 62 47 58 36 84 60 9 24 84 24 63 73
split_gain=22807.3 21980.7 16368.5 13254.8 26000.2 13260.2 10834.9 11918.9 8398.7 8243.08 8540.45 17109.9 11982 8142.78
threshold=-2.4885673333333322 77.844594000000015 226.92036650000003 73.725260416666671 -14.974237 23.375520833333336 275.02512300000006 72.692718000000013 248.46202850000003 274.65417650000006 42.523274000000008 276.63258750000006 -1.0000000180025095e-35 11.625000000000002
decision_type=2 2 2 2 2 2 2 2 2 2 2 2 2 2
left_child=1 -1 6 4 -3 -6 7 9 -4 -2 -11 -12 -13 -5
right_child=2 3 8 13 5 -7 -8 -9 -10 10 11 12 -14 -15
leaf_value=0.011403949767274579 -0.015101540898292718 -0.78895032579329483 0.68962309885888351 -0.22741719691840945 1.1499780471186811 0.14406730526586972 -0.28168466187473457 0.35720712718544112 0.20458657617370288 0.0037675247075753069 1.1504334965679381 0.83953348896542535 0.1198292835429064 -0.49880609932939335
leaf_weight=1720 4096 66 125 827 40 165 268 286 311 1150 44 60 1130 417
leaf_count=1720 4096 66 125 827 40 165 268 286 311 1150 44 60 1130 417
internal_value=-4.94507e-05 -0.110931 0.0479778 -0.249735 0.0669287 0.344972 0.0295265 0.0418933 0.344905 0.0279237 0.101822 0.193124 0.156791 -0.318717
internal_weight=10705 3235 7470 1515 271 205 7034 6766 436 6480 2384 1234 1190 1244
internal_count=10705 3235 7470 1515 271 205 7034 6766 436 6480 2384 1234 1190 1244
is_linear=0
shrinkage=0.05


Tree=36
num_leaves=15
num_cat=0
split_feature=84 30 84 69 61 84 9 58 36 69 84 42 66 22
split_gain=21419.6 18939.7 13258.2 13100 11319.1 12566.1 12280.8 12596.4 8995.28 8907.53 11644.8 8733.44 9038.95 8169.09
threshold=292.35207400000007 19.812500000000004 87.746388500000009 -13.065936541666668 74.012692500000014 273.02215500000005 266.11977550000006 -10.038873500000006 18.395963541666671 11.840655182291668 42.523274000000008 83.125000000000014 1.8384426005994599 148.13106922916668
decision_type=2 2 2 2 2 2 2 2 2 2 2 2 2 2
left_child=1 2 -1 -4 9 6 7 -6 -5 -3 -11 12 -10 -12
right_child=-2 4 3 8 5 -7 -8 -9 11 10 13 -13 -14 -15
leaf_value=0.033455103638350067 -0.70726583775062613 -0.0064316156891632628 -0.4936698744729669 -0.74267359759126395 0.0091732126542891576 -0.12702825244040217 -0.23429601622255225 0.50685734974298002 -0.13241343960753479 0.0019734402004953312 0.45973836078835639 -0.28908714515350337 0.31199327796294368 0.087662205651210523
leaf_weight=726 105 6372 351 55 173 226 94 479 278 735 340 317 193 261
leaf_count=726 105 6372 351 55 173 226 94 479 278 735 340 317 193 261
internal_value=-3.36284e-05 0.00703803 -0.135027 -0.237412 0.0384744 0.199172 0.298032 0.375019 -0.130256 0.0181868 0.13552 -0.086624 0.0499647 0.298569
internal_weight=10705 10600 1920 1194 8680 972 746 652 843 7708 1336 788 471 601
internal_count=10705 10600 1920 1194 8680 972 746 652 843 7708 1336 788 471 601
is_linear=0
shrinkage=0.05


end of trees

feature_importances:
consumo_alvo_semana_anterior=129
temperatura_externa_c_diferenca_semana_atual=88
correcao_semanal_media_1440m=49
consumo_max_1440m=36
correcao_semanal_std_1440m=22
temperatura_externa_c_media_1440m=21
consumo_diferenca_dia_atual=16
umidade_relativa_pct_media_1440m=15
correcao_semanal_media_360m=13
consumo_lag_1440m=11
temperatura_externa_c_lag_360m=10
umidade_relativa_pct_atual=9
tendencia_consumo_360m=9
consumo_mean_1440m=8
temperatura_externa_c_lag_720m=8
umidade_relativa_pct_diferenca_semana_atual=8
umidade_relativa_pct_media_60m=7
umidade_relativa_pct_media_360m=6
correcao_semanal_media_180m=6
consumo_lag_10080m=4
correcao_semanal_std_180m=4
umidade_relativa_pct_lag_720m=3
umidade_relativa_pct_lag_1440m=3
consumo_razao_semana_atual=3
consumo_std_1440m=2
temperatura_externa_c_lag_180m=2
temperatura_externa_c_lag_1440m=2
origem_dia_semana=2
origem_mes=2
origem_hora_sin=2
origem_semana_sin=2
tendencia_consumo_60m=2
tendencia_consumo_180m=2
correcao_semanal_media_60m=2
umidade_relativa_pct_tendencia_1h=2
alvo_hora_cos=2
consumo_lag_120m=1
consumo_lag_720m=1
consumo_std_180m=1
consumo_std_360m=1
temperatura_externa_c_media_360m=1
umidade_relativa_pct_media_180m=1

parameters:
[boosting: gbdt]
[objective: regression]
[metric: l1]
[tree_learner: serial]
[device_type: cpu]
[data_sample_strategy: bagging]
[data: ]
[valid: ]
[num_iterations: 400]
[learning_rate: 0.05]
[num_leaves: 15]
[num_threads: 2]
[seed: 20260905]
[deterministic: 1]
[force_col_wise: 1]
[force_row_wise: 0]
[histogram_pool_size: -1]
[max_depth: -1]
[min_data_in_leaf: 40]
[min_sum_hessian_in_leaf: 0.001]
[bagging_fraction: 1]
[pos_bagging_fraction: 1]
[neg_bagging_fraction: 1]
[bagging_freq: 0]
[bagging_seed: 23218]
[bagging_by_query: 0]
[feature_fraction: 1]
[feature_fraction_bynode: 1]
[feature_fraction_seed: 28090]
[extra_trees: 0]
[extra_seed: 14360]
[early_stopping_round: 0]
[early_stopping_min_delta: 0]
[first_metric_only: 0]
[max_delta_step: 0]
[lambda_l1: 0]
[lambda_l2: 1]
[linear_lambda: 0]
[min_gain_to_split: 0]
[drop_rate: 0.1]
[max_drop: 50]
[skip_drop: 0.5]
[xgboost_dart_mode: 0]
[uniform_drop: 0]
[drop_seed: 16970]
[top_rate: 0.2]
[other_rate: 0.1]
[min_data_per_group: 100]
[max_cat_threshold: 32]
[cat_l2: 10]
[cat_smooth: 10]
[max_cat_to_onehot: 4]
[top_k: 20]
[monotone_constraints: ]
[monotone_constraints_method: basic]
[monotone_penalty: 0]
[feature_contri: ]
[forcedsplits_filename: ]
[refit_decay_rate: 0.9]
[cegb_tradeoff: 1]
[cegb_penalty_split: 0]
[cegb_penalty_feature_lazy: ]
[cegb_penalty_feature_coupled: ]
[path_smooth: 0]
[interaction_constraints: ]
[verbosity: -1]
[saved_feature_importance_type: 0]
[use_quantized_grad: 0]
[num_grad_quant_bins: 4]
[quant_train_renew_leaf: 0]
[stochastic_rounding: 1]
[linear_tree: 0]
[max_bin: 255]
[max_bin_by_feature: ]
[min_data_in_bin: 3]
[bin_construct_sample_cnt: 200000]
[data_random_seed: 5037]
[is_enable_sparse: 1]
[enable_bundle: 1]
[use_missing: 1]
[zero_as_missing: 0]
[feature_pre_filter: 1]
[pre_partition: 0]
[two_round: 0]
[header: 0]
[label_column: ]
[weight_column: ]
[group_column: ]
[ignore_column: ]
[categorical_feature: ]
[forcedbins_filename: ]
[precise_float_parser: 0]
[parser_config_file: ]
[objective_seed: 15411]
[num_class: 1]
[is_unbalance: 0]
[scale_pos_weight: 1]
[sigmoid: 1]
[boost_from_average: 1]
[reg_sqrt: 0]
[alpha: 0.9]
[fair_c: 1]
[poisson_max_delta_step: 0.7]
[tweedie_variance_power: 1.5]
[lambdarank_truncation_level: 30]
[lambdarank_norm: 1]
[label_gain: ]
[lambdarank_position_bias_regularization: 0]
[eval_at: ]
[multi_error_top_k: 1]
[auc_mu_weights: ]
[num_machines: 1]
[local_listen_port: 12400]
[time_out: 120]
[machine_list_filename: ]
[machines: ]
[gpu_platform_id: -1]
[gpu_device_id: -1]
[gpu_device_id_list: ]
[gpu_use_dp: 0]
[num_gpu: 1]

end of parameters

pandas_categorical:[]
