tree
version=v4
num_class=1
num_tree_per_iteration=1
label_index=0
max_feature_idx=84
objective=regression
feature_names=consumo_atual_kw consumo_lag_15m consumo_lag_30m consumo_lag_60m consumo_lag_120m consumo_lag_180m consumo_lag_360m consumo_lag_720m consumo_lag_1440m consumo_lag_10080m consumo_mean_60m consumo_min_60m consumo_max_60m consumo_std_60m consumo_mean_180m consumo_min_180m consumo_max_180m consumo_std_180m consumo_mean_360m consumo_min_360m consumo_max_360m consumo_std_360m consumo_mean_1440m consumo_min_1440m consumo_max_1440m consumo_std_1440m temperatura_externa_c_atual temperatura_externa_c_lag_15m temperatura_externa_c_lag_60m temperatura_externa_c_lag_180m temperatura_externa_c_lag_360m temperatura_externa_c_lag_720m temperatura_externa_c_lag_1440m temperatura_externa_c_media_60m temperatura_externa_c_media_180m temperatura_externa_c_media_360m temperatura_externa_c_media_1440m umidade_relativa_pct_atual umidade_relativa_pct_lag_15m umidade_relativa_pct_lag_60m umidade_relativa_pct_lag_180m umidade_relativa_pct_lag_360m umidade_relativa_pct_lag_720m umidade_relativa_pct_lag_1440m umidade_relativa_pct_media_60m umidade_relativa_pct_media_180m umidade_relativa_pct_media_360m umidade_relativa_pct_media_1440m origem_hora origem_dia_semana origem_fim_de_semana origem_mes origem_hora_sin origem_hora_cos origem_semana_sin origem_semana_cos consumo_diferenca_semana_atual consumo_razao_semana_atual consumo_diferenca_dia_atual tendencia_consumo_15m tendencia_consumo_60m tendencia_consumo_180m tendencia_consumo_360m correcao_semanal_media_60m correcao_semanal_std_60m correcao_semanal_media_180m correcao_semanal_std_180m correcao_semanal_media_360m correcao_semanal_std_360m correcao_semanal_media_1440m correcao_semanal_std_1440m temperatura_externa_c_diferenca_semana_atual temperatura_externa_c_tendencia_1h umidade_relativa_pct_diferenca_semana_atual umidade_relativa_pct_tendencia_1h alvo_hora alvo_dia_semana alvo_fim_de_semana alvo_mes alvo_hora_sin alvo_hora_cos alvo_semana_sin alvo_semana_cos consumo_alvo_dia_anterior consumo_alvo_semana_anterior
feature_infos=[22.399999999999999:324.71375799999998] [22.399999999999999:324.71375799999998] [22.399999999999999:324.71375799999998] [22.399999999999999:324.71375799999998] [22.399999999999999:324.71375799999998] [22.399999999999999:324.71375799999998] [22.399999999999999:324.71375799999998] [22.399999999999999:324.71375799999998] [22.399999999999999:324.71375799999998] [22.399999999999999:324.71375799999998] [22.399999999999999:321.24876725000001] [22.399999999999999:318.278571] [22.399999999999999:324.71375799999998] [0:82.540869055199337] [22.399999999999999:313.28577408333337] [22.399999999999999:302.53573799999998] [22.399999999999999:324.71375799999998] [0:92.970139865692389] [22.399999999999999:295.13563500000004] [22.399999999999999:249.29458700000001] [22.399999999999999:324.71375799999998] [0:116.53386463160022] [23.200000000000003:159.49963871874999] none [25.600000000000001:324.71375799999998] [1.3929144002343703:128.71471884334804] [15:33.700000000000003] [15:33.700000000000003] [15:33.700000000000003] [15:33.700000000000003] [15:33.700000000000003] [15:33.700000000000003] [15:33.700000000000003] [15:33.4375] [15:32.71875] [15.333333333333334:31.620833333333334] [16.439843749999998:27.283072916666669] [31:98] [31:98] [31:98] [31:98] [31:98] [31:98] [31:98] [32.5:95.625] [33.666666666666664:95.083333333333329] [37.041666666666664:94] [59.309895833333336:91.638020833333329] [0:23.75] [0:6] [0:1] [1:4] [-1:1] [-1:1] [-0.97492791218182362:0.97492791218182362] [-0.90096886790241903:1] [-72.635950000000008:77.445233000000002] [0.43630911779503978:2.09406877563422] [-291.363968:296.779246] [-121.30707899999999:153.05878799999999] [-124.27709300000001:153.05878799999999] [-180.63157299999997:268.16051600000003] [-299.363968:299.97924600000005] [-70.384351250000009:75.467424499999993] [0:44.359338508129341] [-67.777903583333341:70.921986416666655] [0:38.631403568061003] [-64.848194500000005:62.415354583333333] [0:37.083675449251288] [-34.945017510416669:27.905951093750001] [0:30.68446053870321] [-12:11.5] [-8:4.8000000000000007] [-49:48] [-30:40] [0:23.75] [0:6] [0:1] [1:4] [-1:1] [-1:1] [-0.97492791218182362:0.97492791218182362] [-0.90096886790241903:1] [22.399999999999999:324.71375799999998] [22.399999999999999:324.71375799999998]
tree_sizes=1421 1435 1429 1434 1429 1434 1435 1431 1444 1440 1458 1442 1440 1441 1450 1435 1451 1431 1450 1437 1442 1446 1421 1450 1450 1442 1442 1441 1450 1448 1439 1437 1436 1449 1444 1442 1446 1438 1463 1461 1433 1439 1428 1443 1445 1433 1455 1451 1459

Tree=0
num_leaves=15
num_cat=0
split_feature=71 84 71 84 69 24 84 84 58 12 6 30 69 63
split_gain=582920 407060 322658 285288 152240 101090 86596.7 54591.5 39684.3 36924.8 36867.7 52040.1 34196.3 30716.1
threshold=1.0000000180025095e-35 103.37176100000001 -2.8499999999999992 42.523274000000008 11.26756466666667 264.18653100000006 287.58038500000004 272.35636400000004 -10.845522500000007 121.14967050000001 97.995967000000022 21.062500000000004 -26.30091713020833 3.0074183749999972
decision_type=2 2 2 2 2 2 2 2 2 2 2 2 2 2
left_child=1 -1 5 -2 7 12 8 10 -4 -7 11 -5 -3 -10
right_child=3 2 6 4 -6 9 -8 -9 13 -11 -12 -13 -14 -15
leaf_value=-1.0551027719220167 -1.0627683188005932 -3.5723293105741272 -2.3421628121477571 -0.73107933621435217 0.30291479383142672 -1.1844245783856118 -3.0320614682163294 -1.6194110916341971 -1.4434126035480463 -2.5518337192278961 -0.90152600192785692 0.015504702872975784 -2.7662122782075356 -0.14745137813663789
leaf_weight=3129 2567 205 121 429 731 120 92 116 1751 83 390 515 410 46
leaf_count=3129 2567 205 121 429 731 120 92 116 1751 83 390 515 410 46
internal_value=-1.11868 -1.44806 -1.8827 -0.705452 -0.285116 -2.71932 -1.5416 -0.58234 -1.46915 -1.7478 -0.491852 -0.323011 -3.03846 -1.40972
internal_weight=10705 5957 2828 4748 2181 818 2010 1450 1918 203 1334 944 615 1797
internal_count=10705 5957 2828 4748 2181 818 2010 1450 1918 203 1334 944 615 1797
is_linear=0
shrinkage=1


Tree=1
num_leaves=15
num_cat=0
split_feature=71 84 71 84 71 24 84 84 69 58 51 12 73 69
split_gain=527220 386790 255015 213817 176713 91228.6 87569.3 53064.7 39193.8 36819.9 36780.7 33367.1 32450.8 30894.9
threshold=-1.0000000180025095e-35 103.37176100000001 -2.8499999999999992 42.523274000000008 2.1000000000000001 264.18653100000006 282.33339050000006 287.58038500000004 -0.27905442708333383 -2.9547955000000026 3.5000000000000004 121.14967050000001 3.8750000000000004 -26.30091713020833
decision_type=2 2 2 2 2 2 2 2 2 2 2 2 2 2
left_child=1 -1 5 -2 6 13 8 9 10 12 -5 -7 -4 -3
right_child=3 2 7 4 -6 11 -8 -9 -10 -11 -12 -13 -14 -15
leaf_value=0.051355920782785516 0.053091769494703525 -2.3315617778926221 -0.22324481106767752 0.44228638207152093 1.2152372290927298 -0.062483973985861155 -1.4568178379908205 -1.751618096669515 0.64078656881514573 -0.28994480288493052 -0.37074815468188932 -1.362348527372593 -1.3826269203480686 -1.5653555165758752
leaf_weight=2883 2765 205 98 340 978 120 63 74 890 1404 234 83 158 410
leaf_count=2883 2765 205 98 340 978 120 63 74 890 1404 234 83 158 410
internal_value=-2.48005e-05 -0.345517 -0.793711 0.356283 0.690788 -1.52095 0.354318 -0.449961 0.433198 -0.390916 0.110772 -0.598029 -0.941397 -1.82413
internal_weight=10705 5435 2552 5270 2505 818 1527 1734 1464 1660 574 203 256 615
internal_count=10705 5435 2552 5270 2505 818 1527 1734 1464 1660 574 203 256 615
is_linear=0
shrinkage=0.05


Tree=2
num_leaves=15
num_cat=0
split_feature=71 84 71 84 69 24 84 84 6 30 58 12 69 63
split_gain=476980 333465 261968 233511 129724 83376.6 71034.3 45328.3 33130.8 45628.3 32425.9 29845.9 27884 27229.2
threshold=1.0000000180025095e-35 104.01284850000002 -2.8499999999999992 42.523274000000008 11.26756466666667 264.18653100000006 287.58038500000004 272.35636400000004 97.995967000000022 21.062500000000004 -10.845522500000007 121.14967050000001 -13.065936541666668 3.0074183749999972
decision_type=2 2 2 2 2 2 2 2 2 2 2 2 2 2
left_child=1 -1 5 -2 7 12 10 8 9 -5 -4 -7 -3 -12
right_child=3 2 6 4 -6 11 -8 -9 -10 -11 13 -13 -14 -15
leaf_value=0.056577790476317696 0.050464169971203877 -2.0292461679222877 -1.1118943602585596 0.34014879777031237 1.2968124835217587 -0.059385594599379976 -1.7349542456288494 -0.46528392027840654 0.17388130322937162 1.0391262531338274 -0.29750209539916656 -1.293102630936956 -1.3319707099030647 0.9226810453261467
leaf_weight=3138 2567 355 120 429 731 120 92 116 390 515 1747 82 257 46
leaf_count=3138 2567 355 120 429 731 120 92 116 390 515 1747 82 257 46
internal_value=-6.27647e-05 -0.298008 -0.6926 0.373734 0.754019 -1.44856 -0.385123 0.479671 0.562128 0.722173 -0.319335 -0.564104 -1.73909 -0.265701
internal_weight=10705 5957 2819 4748 2181 814 2005 1450 1334 944 1913 202 612 1793
internal_count=10705 5957 2819 4748 2181 814 2005 1450 1334 944 1913 202 612 1793
is_linear=0
shrinkage=0.05


Tree=3
num_leaves=15
num_cat=0
split_feature=71 84 71 84 71 84 24 84 69 51 58 73 12 69
split_gain=431873 316346 212285 175277 147747 74114.1 73972.9 43494.4 33258.2 32380.3 32288.4 30792.7 27711.3 26658
threshold=-1.0000000180025095e-35 101.20536200000002 -2.8499999999999992 42.523274000000008 2.1000000000000001 282.33339050000006 264.18653100000006 287.58038500000004 -0.27905442708333383 3.5000000000000004 -1.7172850000000037 3.8750000000000004 121.14967050000001 -13.065936541666668
decision_type=2 2 2 2 2 2 2 2 2 2 2 2 2 2
left_child=1 -1 6 -2 5 8 13 10 9 -5 11 -4 -8 -3
right_child=3 2 7 4 -6 -7 12 -9 -10 -11 -12 -13 -14 -15
leaf_value=0.050271490800706621 0.04789396075024091 -1.9260411090505489 -0.20933928785986511 0.40425670141534459 1.1048054492892081 -1.3485548118129373 -0.05687170399688795 -1.5796138655742009 0.58140406234769459 -0.35858418219821886 -0.24824682840514509 -1.2639839697518997 -1.2353273948851755 -1.2545674979430537
leaf_weight=2852 2765 358 118 340 978 63 121 74 890 234 1392 168 84 268
leaf_count=2852 2765 358 118 340 978 63 121 74 890 234 1392 168 84 268
internal_value=-8.03822e-05 -0.312775 -0.713495 0.322403 0.625264 0.31761 -1.37124 -0.400915 0.390181 0.09319 -0.348024 -0.831096 -0.543404 -1.64103
internal_weight=10705 5435 2583 5270 2505 1527 831 1752 1464 574 1678 286 205 626
internal_count=10705 5435 2583 5270 2505 1527 831 1752 1464 574 1678 286 205 626
is_linear=0
shrinkage=0.05


Tree=4
num_leaves=15
num_cat=0
split_feature=71 84 71 84 69 24 84 84 6 30 43 58 22 63
split_gain=390223 273672 212584 191094 110592 67950.7 59223.7 37600.2 29769.1 40032.6 26273.2 26148.5 25234.4 24574.2
threshold=1.0000000180025095e-35 104.01284850000002 -2.8499999999999992 42.523274000000008 11.26756466666667 264.18653100000006 292.35207400000007 272.35636400000004 97.995967000000022 21.062500000000004 88.875000000000014 -10.845522500000007 148.13106922916668 3.0074183749999972
decision_type=2 2 2 2 2 2 2 2 2 2 2 2 2 2
left_child=1 -1 5 -2 7 10 11 8 9 -5 -3 -4 -6 -13
right_child=3 2 6 4 12 -7 -8 -9 -10 -11 -12 13 -14 -15
leaf_value=0.051625897331675386 0.04554817732945781 -1.6892023445866535 -1.0127123135611538 0.29774727437558562 1.4087145129323524 -0.50960133146916708 -1.8470762990415097 -0.43189502172172073 0.13588315683471805 0.95237282078799823 -0.65373729198343222 -0.2828879634487575 0.79428437674844243 0.87603767615683548
leaf_weight=3138 2567 541 120 429 461 202 63 116 390 515 71 1776 270 46
leaf_count=3138 2567 541 120 429 461 202 63 116 390 515 71 1776 270 46
internal_value=-0.00011042 -0.269601 -0.627069 0.337987 0.682003 -1.30806 -0.350084 0.428707 0.50381 0.655509 -1.57034 -0.300595 1.18317 -0.253164
internal_weight=10705 5957 2819 4748 2181 814 2005 1450 1334 944 612 1942 731 1822
internal_count=10705 5957 2819 4748 2181 814 2005 1450 1334 944 612 1942 731 1822
is_linear=0
shrinkage=0.05


Tree=5
num_leaves=15
num_cat=0
split_feature=71 84 71 84 71 84 24 84 30 84 58 73 52 12
split_gain=353815 258723 172882 143721 122844 64921.1 60312 36056.3 33797.6 28072.8 27612.4 27369.5 27178.9 25074.3
threshold=-1.0000000180025095e-35 101.20536200000002 -2.8499999999999992 42.523274000000008 2.212499999999999 258.94589250000007 264.18653100000006 287.58038500000004 19.762500000000003 284.32638350000008 -1.7172850000000037 3.8750000000000004 0.77259657388510639 121.14967050000001
decision_type=2 2 2 2 2 2 2 2 2 2 2 2 2 2
left_child=1 -1 6 -2 5 8 -3 10 -5 -7 11 -4 -10 -8
right_child=3 2 7 4 -6 9 13 -9 12 -11 -12 -13 -14 -15
leaf_value=0.04517840680441354 0.043201789589610899 -1.4827153309633099 -0.17604478901925208 -0.169113164396757 1.0099557528673486 -0.13397764665324516 -0.029010216891765597 -1.4366336301167806 0.38867270409032773 -1.4187572910785677 -0.22302999392376474 -1.1701029870460724 0.93482321116736622 -1.1497676478764591
leaf_weight=2852 2765 626 118 181 960 286 121 74 687 49 1392 168 342 84
leaf_count=2852 2765 626 118 181 960 286 121 74 687 49 1392 168 342 84
internal_value=-0.000113608 -0.283143 -0.645533 0.291775 0.566022 0.289704 -1.2391 -0.363448 0.460176 -0.325564 -0.315293 -0.76201 0.570923 -0.491599
internal_weight=10705 5435 2583 5270 2505 1545 831 1752 1210 335 1678 286 1029 205
internal_count=10705 5435 2583 5270 2505 1545 831 1752 1210 335 1678 286 1029 205
is_linear=0
shrinkage=0.05


Tree=6
num_leaves=15
num_cat=0
split_feature=71 84 71 84 69 84 69 7 84 22 36 70 63 36
split_gain=319386 233826 151753 129714 111657 66448.7 55479.5 37384.6 32180 29078.2 28050.7 40410.5 31100.8 25642.9
threshold=-1.0000000180025095e-35 103.37176100000001 -2.8499999999999992 42.523274000000008 11.26756466666667 273.02215500000005 -14.779579244791664 122.87923900000001 295.90254450000003 148.13106922916668 20.795963541666669 8.1012924249459495 4.6262223749999984 25.780468750000001
decision_type=2 2 2 2 2 2 2 2 2 2 2 2 2 2
left_child=1 -1 6 -2 5 10 -3 -8 -4 -6 -5 -12 -13 -11
right_child=3 2 8 4 9 -7 7 -9 -10 13 11 12 -14 -15
leaf_value=0.039538178237958521 0.041042483091052684 -1.6524858694914042 -0.31821199063740291 -0.21607206002227031 1.2932378142850864 -0.68120139266217228 -1.1818365614503303 -0.26622785472853938 -1.7203521047319688 0.085616171434521673 0.69722195589850688 -0.098294061062747379 0.68932956006881352 1.0388337586888639
leaf_weight=2883 2765 352 1693 159 462 151 280 186 41 119 869 388 184 173
leaf_count=2883 2765 352 1693 159 462 151 280 186 41 119 869 388 184 173
internal_value=-0.000131125 -0.269037 -0.617514 0.277193 0.537733 0.318355 -1.17852 -0.817732 -0.352338 1.04609 0.413055 0.482575 0.155828 0.651983
internal_weight=10705 5435 2552 5270 2505 1751 818 466 1734 754 1600 1441 572 292
internal_count=10705 5435 2552 5270 2505 1751 818 466 1734 754 1600 1441 572 292
is_linear=0
shrinkage=0.05


Tree=7
num_leaves=15
num_cat=0
split_feature=71 84 71 84 69 24 84 24 84 17 43 58 84 68
split_gain=288995 203747 155238 141631 84930.4 51301.8 45861.2 31999.8 37843.3 28754.9 23582.3 21516.6 21487 25737.4
threshold=1.0000000180025095e-35 104.01284850000002 -2.8499999999999992 42.523274000000008 11.26756466666667 264.18653100000006 292.35207400000007 253.43744300000003 260.0556155000001 1.1692635583363182e-06 88.875000000000014 -10.845522500000007 244.96119200000001 6.3233071835179979
decision_type=2 2 2 2 2 2 2 2 2 2 2 2 2 2
left_child=1 -1 5 -2 7 10 11 9 -9 -5 -3 -4 13 -6
right_child=3 2 6 4 12 -7 -8 8 -10 -11 -12 -13 -14 -15
leaf_value=0.045115032284151181 0.039061081848133394 -1.4627810389796665 -0.90618375933859951 1.3875658336232921 1.7341073298336642 -0.42875147419316434 -1.6211071975529194 0.37624834279858121 -0.35491842310420346 0.4622044692126413 -0.48490348358949026 -0.2172273237493709 0.52348009071845025 0.96527583058653532
leaf_weight=3138 2567 541 120 121 151 202 63 830 224 275 71 1822 167 413
leaf_count=3138 2567 541 120 121 151 202 63 830 224 275 71 1822 167 413
internal_value=-0.000135077 -0.232052 -0.54049 0.290823 0.586989 -1.12243 -0.303791 0.365029 0.220669 0.747737 -1.35031 -0.260244 1.02617 1.17382
internal_weight=10705 5957 2819 4748 2181 814 2005 1450 1054 396 612 1942 731 564
internal_count=10705 5957 2819 4748 2181 814 2005 1450 1054 396 612 1942 731 564
is_linear=0
shrinkage=0.05


Tree=8
num_leaves=15
num_cat=0
split_feature=71 84 71 84 71 84 27 69 22 69 36 25 24 36
split_gain=261872 191290 129408 106492 94102.1 48874.4 33393.2 32473.1 37934.7 30126.1 24274.9 22091.8 51189.2 27005.2
threshold=-1.0000000180025095e-35 101.20536200000002 -3.5624999999999996 42.523274000000008 1.8625000000000009 282.33339050000006 19.012500000000003 11.26756466666667 136.22269246875001 -14.779579244791664 21.329817708333337 109.00154112320878 278.11863750000003 21.286979166666669
decision_type=2 2 2 2 2 2 2 2 2 2 2 2 2 2
left_child=1 -1 9 -2 5 -5 10 8 -6 -3 -4 12 13 -8
right_child=3 2 6 4 7 -7 11 -9 -10 -11 -12 -13 -14 -15
leaf_value=0.038689101329076575 0.037017084226087654 -1.6101758122025875 -0.55495263362911218 0.25112965992063802 0.85660429701413199 -1.2727759701013566 0.081879037434404556 1.0508451173497233 0.047090013507614492 -0.83282195942557369 -1.423836435448556 -0.74684533165451494 0.40753195505985335 -0.48882518446771428
leaf_weight=2852 2765 284 356 1220 364 54 274 627 240 229 104 211 278 847
leaf_count=2852 2765 284 356 1220 364 54 274 627 240 229 104 211 278 847
internal_value=-0.000128059 -0.243622 -0.555227 0.250988 0.487058 0.18559 -0.378686 0.798653 0.535552 -1.26547 -0.754058 -0.271035 -0.19879 -0.349382
internal_weight=10705 5435 2583 5270 2505 1274 2070 1231 604 513 460 1610 1399 1121
internal_count=10705 5435 2583 5270 2505 1274 2070 1231 604 513 460 1610 1399 1121
is_linear=0
shrinkage=0.05


Tree=9
num_leaves=15
num_cat=0
split_feature=71 84 71 84 71 24 84 30 8 84 52 43 58 73
split_gain=236396 172701 118134 96117.4 85448.4 50022.2 48006.5 27887.4 24377.4 23372 23164.4 23139.4 22428 25398.7
threshold=-1.0000000180025095e-35 101.20536200000002 -2.5124999999999988 42.523274000000008 2.212499999999999 264.18653100000006 258.94589250000007 19.762500000000003 211.45088300000003 287.58038500000004 0.77259657388510639 72.375000000000014 -1.7172850000000037 3.8750000000000004
decision_type=2 2 2 2 2 2 2 2 2 2 2 2 2 2
left_child=1 -1 5 -2 6 -3 7 -5 -7 12 -9 -8 13 -4
right_child=3 2 9 4 -6 8 11 10 -10 -11 -12 -13 -14 -15
leaf_value=0.036755324614322731 0.035166898020694677 -1.2181685910563038 -0.094072109201680063 -0.19258942563741743 0.83296814934659702 -0.084140571541077389 -1.3947642616572835 0.31134687353678181 -1.1592662817723043 -1.1933229284722413 0.81534402947818574 -0.1394431194574651 -0.15630901096636959 -1.0822503038142857
leaf_weight=2852 2765 653 114 181 960 184 41 687 73 66 342 294 1342 151
leaf_count=2852 2765 653 114 181 960 184 41 687 73 66 342 294 1342 151
internal_value=-0.000141081 -0.231488 -0.527566 0.238447 0.462723 -0.985767 0.232278 0.378876 -0.392836 -0.277895 0.479485 -0.296773 -0.239579 -0.659099
internal_weight=10705 5435 2583 5270 2505 910 1545 1210 257 1673 1029 335 1607 265
internal_count=10705 5435 2583 5270 2505 910 1545 1210 257 1673 1029 335 1607 265
is_linear=0
shrinkage=0.05


Tree=10
num_leaves=15
num_cat=0
split_feature=71 84 71 84 69 24 84 24 84 17 65 2 69 73
split_gain=213647 151660 115985 104747 65902.6 46569.9 36534.2 27257.1 29928.9 24775.2 22795.3 20849.5 19659.2 19636.8
threshold=1.0000000180025095e-35 104.01284850000002 -2.5124999999999988 42.523274000000008 11.26756466666667 264.18653100000006 275.36804450000005 253.43744300000003 257.75375800000006 1.1692635583363182e-06 -1.0000000180025095e-35 120.49142050000002 -26.462434338541666 1.0000000180025095e-35
decision_type=2 2 2 2 2 2 2 2 2 2 2 2 2 2
left_child=1 -1 5 -2 7 12 10 9 -9 -5 13 -7 -3 -4
right_child=3 2 6 4 -6 11 -8 8 -10 -11 -12 -13 -14 -15
leaf_value=0.03956788640787369 0.033500996027780103 -1.6336958897965297 -0.0064229970122069383 1.2561660348391923 0.89156700752744245 -0.014028680720221924 -0.84204236634990637 0.32411719671305833 -0.30220717681152748 0.39751871129821825 -0.017044948176412011 -0.95552338272012693 -0.99525644854973949 -0.5756512406502915
leaf_weight=3138 2567 167 225 121 731 160 227 805 249 275 1014 92 471 463
leaf_count=3138 2567 167 225 121 731 160 227 805 249 275 1014 92 471 463
internal_value=-0.000155895 -0.19956 -0.465668 0.250013 0.504712 -0.937536 -0.247586 0.309203 0.176006 0.662386 -0.167853 -0.360167 -1.16467 -0.389773
internal_weight=10705 5957 2819 4748 2181 890 1929 1450 1054 396 1702 252 638 688
internal_count=10705 5957 2819 4748 2181 890 1929 1450 1054 396 1702 252 638 688
is_linear=0
shrinkage=0.05


Tree=11
num_leaves=15
num_cat=0
split_feature=71 84 71 84 71 84 26 84 36 36 25 24 32 79
split_gain=193305 140912 93810.4 78644.4 72304.3 39760.3 29199 26158.4 20674 21516.4 20627.5 46141.3 23815.2 21903.4
threshold=-1.0000000180025095e-35 104.01284850000002 -3.7624999999999988 42.523274000000008 1.7624999999999995 282.33339050000006 19.012500000000003 263.32487150000003 21.329817708333337 18.395963541666671 108.78301200260144 278.11863750000003 20.512500000000003 -0.79335334029123528
decision_type=2 2 2 2 2 2 2 2 2 2 2 2 2 2
left_child=1 -1 -3 -2 5 -5 8 -6 9 -4 11 12 -8 -12
right_child=3 2 6 4 7 -7 10 -9 -10 -11 13 -13 -14 -15
leaf_value=0.029478743359547002 0.031713030520161251 -1.1254164703589971 -1.5171408694723381 0.20840204486586542 0.78034343632052794 -1.1911548206266367 -0.048962198102474215 0.12977714560475651 -1.3042823341879108 -0.35814932726462873 -1.4281705234361732 0.41705645293734234 -0.5111523257598688 -0.3411907800980683
leaf_weight=2891 2765 461 45 1199 1073 52 499 181 104 320 68 272 631 144
leaf_count=2891 2765 461 45 1199 1073 52 499 181 104 320 68 272 631 144
internal_value=-0.000159308 -0.20936 -0.480682 0.215591 0.41846 0.149322 -0.337521 0.68662 -0.684477 -0.504793 -0.23634 -0.166552 -0.307276 -0.694913
internal_weight=10705 5435 2544 5270 2505 1251 2083 1254 469 365 1614 1402 1130 212
internal_count=10705 5435 2544 5270 2505 1251 2083 1254 469 365 1614 1402 1130 212
is_linear=0
shrinkage=0.05


Tree=12
num_leaves=15
num_cat=0
split_feature=71 84 71 84 69 24 84 8 70 63 36 65 70 36
split_gain=174522 124207 100695 85562.9 56615.4 47819.4 31158.3 25673.5 24470.3 27420.2 22386.7 20124 18496.4 21445.2
threshold=1.0000000180025095e-35 101.20536200000002 -2.1374999999999988 42.523274000000008 11.26756466666667 264.18653100000006 275.36804450000005 211.45088300000003 8.1012924249459495 4.6262223749999984 20.795963541666669 -1.0000000180025095e-35 17.347621184740525 24.780989583333341
decision_type=2 2 2 2 2 2 2 2 2 2 2 2 2 2
left_child=1 -1 5 -2 8 -3 11 -7 10 -10 -5 -4 -6 -14
right_child=3 2 6 4 12 7 -8 -9 9 -11 -12 -13 13 -15
leaf_value=0.039079668140294462 0.030241563876748458 -1.0511671570156611 -0.34065125088551129 -0.27400205227580349 1.2489314787452286 -0.065957292234856385 -0.76871237875358989 -1.0344989705593028 -0.1917736243105139 0.54440210353150886 0.53794715555871953 0.020962178337983826 1.1482508574709571 0.46146295269145371
leaf_weight=3096 2567 691 629 95 184 252 208 93 419 180 756 988 162 385
leaf_count=3096 2567 691 629 95 184 252 208 93 419 180 756 988 162 385
internal_value=-0.000180433 -0.180404 -0.417847 0.225925 0.456121 -0.811319 -0.194162 -0.329278 0.274923 0.0299864 0.447091 -0.119826 0.814675 0.666587
internal_weight=10705 5957 2861 4748 2181 1036 1825 345 1450 599 851 1617 731 547
internal_count=10705 5957 2861 4748 2181 1036 1825 345 1450 599 851 1617 731 547
is_linear=0
shrinkage=0.05


Tree=13
num_leaves=15
num_cat=0
split_feature=71 84 71 84 71 84 26 30 52 69 43 36 36 25
split_gain=158144 115131 77769.4 64396.3 60223 36427.7 25180.6 23162.6 20182.9 18761.9 18735 18557.1 18363.6 18318.1
threshold=-1.0000000180025095e-35 104.01284850000002 -3.7624999999999988 42.523274000000008 2.212499999999999 258.94589250000007 19.012500000000003 19.762500000000003 0.77259657388510639 -14.779579244791664 72.375000000000014 21.329817708333337 18.395963541666671 108.78301200260144
decision_type=2 2 2 2 2 2 2 2 2 2 2 2 2 2
left_child=1 -1 9 -2 5 7 11 -5 -9 -3 -7 12 -4 -8
right_child=3 2 6 4 -6 10 13 8 -10 -11 -12 -13 -14 -15
leaf_value=0.026497309351079735 0.028584786402687853 -1.2879213005850167 -1.3915170752483865 -0.20788615271960806 0.68937100600266643 -1.2637389753546033 -0.14458780050827344 0.24765606527974784 0.71793183549456629 -0.63372207363577271 -0.13413187649432509 -1.213569460943164 -0.3209097774768962 -0.64246448056921013
leaf_weight=2891 2765 272 45 181 960 41 1402 687 342 189 294 104 320 212
leaf_count=2891 2765 272 45 181 960 41 1402 687 342 189 294 104 320 212
internal_value=-0.000169989 -0.189391 -0.43464 0.194974 0.378548 0.185095 -0.304294 0.312802 0.404503 -1.02167 -0.275732 -0.626482 -0.456344 -0.210342
internal_weight=10705 5435 2544 5270 2505 1545 2083 1210 1029 461 335 469 365 1614
internal_count=10705 5435 2544 5270 2505 1545 2083 1210 1029 461 335 469 365 1614
is_linear=0
shrinkage=0.05


Tree=14
num_leaves=15
num_cat=0
split_feature=71 84 71 84 69 24 84 8 22 51 69 36 43 36
split_gain=142765 104002 74512.4 58117.9 55750.7 39845.9 37034.7 22949.2 20236.9 18846.4 27907 18696.2 18078.7 16841.7
threshold=-1.0000000180025095e-35 101.20536200000002 -2.1374999999999988 42.523274000000008 11.26756466666667 264.18653100000006 273.02215500000005 211.45088300000003 148.13106922916668 3.5000000000000004 -0.18351217708333298 26.109635416666674 88.875000000000014 21.329817708333337
decision_type=2 2 2 2 2 2 2 2 2 2 2 2 2 2
left_child=1 -1 5 -2 6 12 9 -7 -6 -5 -11 -10 -3 -12
right_child=3 2 -4 4 8 7 -8 -9 11 10 13 -13 -14 -15
leaf_value=0.028189382110348594 0.027156064204133603 -1.0477909492633644 -0.18976373858621268 0.37895917857481837 0.92471092058583038 -0.048795848171200917 -0.54152177662028034 -0.96444412748864361 -0.0069670605998441246 -0.41899109460872497 0.84783647327164469 0.79179888562592748 -0.23613996175648291 -0.029962890890651735
leaf_weight=2852 2765 613 1547 1172 462 252 151 93 147 210 103 145 78 115
leaf_count=2852 2765 613 1547 1172 462 252 151 93 147 210 103 145 78 115
internal_value=-0.000187319 -0.179973 -0.409735 0.185226 0.359622 -0.737707 0.204623 -0.297697 0.718825 0.275335 -0.00864294 0.391029 -0.956646 0.386755
internal_weight=10705 5435 2583 5270 2505 1036 1751 345 754 1600 428 292 691 218
internal_count=10705 5435 2583 5270 2505 1036 1751 345 754 1600 428 292 691 218
is_linear=0
shrinkage=0.05


Tree=15
num_leaves=15
num_cat=0
split_feature=71 84 71 84 69 24 84 24 51 17 8 46 34 25
split_gain=129160 93004.7 70941.2 63358.7 43511 37325.1 26667.7 22149.1 22432.2 21066.7 19097.9 18804.7 17945.1 17177.3
threshold=1.0000000180025095e-35 105.889583 -2.1374999999999988 42.523274000000008 11.26756466666667 264.18653100000006 295.90254450000003 253.43744300000003 3.5000000000000004 1.1692635583363182e-06 211.45088300000003 82.848958333333357 21.021875000000005 98.16314542257372
decision_type=2 2 2 2 2 2 2 2 2 2 2 2 2 2
left_child=1 -1 5 -2 7 -3 11 9 -9 -5 -7 12 13 -4
right_child=3 2 6 4 -6 10 -8 8 -10 -11 -12 -13 -14 -15
leaf_value=0.030531272937143545 0.02594411589460581 -0.91550928237522788 -0.19986657935778568 1.0992521697380504 0.70674679849224931 -0.045542151634767658 -1.3780535891320971 0.24685959154366152 -0.28472966469956107 0.30798216882833296 -0.90628717671865699 -0.27773356367370455 -0.16233336263185727 0.61430531881508699
leaf_weight=3162 2567 672 95 121 731 249 44 790 264 275 86 1054 395 200
leaf_count=3162 2567 672 95 121 731 249 44 790 264 275 86 1054 395 200
internal_value=-0.000180221 -0.155223 -0.365303 0.194333 0.392421 -0.700764 -0.176086 0.23358 0.113566 0.551919 -0.268549 -0.144988 0.0578931 0.352325
internal_weight=10705 5957 2795 4748 2181 1007 1788 1450 1054 396 335 1744 690 295
internal_count=10705 5957 2795 4748 2181 1007 1788 1450 1054 396 335 1744 690 295
is_linear=0
shrinkage=0.05


Tree=16
num_leaves=15
num_cat=0
split_feature=71 84 71 84 84 31 84 84 36 71 75 58 58 76
split_gain=116913 85054.3 59229.7 47648.3 50823.6 32230.5 21524.8 21254.9 18918.2 18847.5 18262.9 18113.8 17325.1 16792.3
threshold=-1.0000000180025095e-35 104.01284850000002 -3.7624999999999988 42.523274000000008 252.77660250000002 21.162500000000005 287.58038500000004 282.33339050000006 18.395963541666671 2.9500000000000015 12.875000000000002 32.567133500000018 -0.65915800000000491 4.5000000000000009
decision_type=2 2 2 2 2 2 2 2 2 2 2 2 2 2
left_child=1 -1 -3 -2 5 -5 8 -6 -4 10 -7 -12 -10 -14
right_child=3 2 6 4 7 9 -8 -9 12 -11 11 -13 13 -15
leaf_value=0.022686726223715398 0.024485597448640345 -0.88595899114651344 -1.2283050081004288 -0.049908206687133583 0.039362184720446614 0.16152628886302833 -1.0166403124771184 -0.87926570416598671 -0.5211531378480907 0.77048150950114702 0.67162864881290107 -0.29938412949724019 -0.085045193973034158 -0.68870255281925208
leaf_weight=2891 2765 461 45 270 556 428 89 70 348 573 556 52 1477 124
leaf_count=2891 2765 461 45 270 556 428 89 70 348 573 556 52 1477 124
internal_value=-0.000176526 -0.162872 -0.373666 0.167611 0.32552 0.455455 -0.259917 -0.0645983 -0.225649 0.540237 0.412271 0.588226 -0.201881 -0.1322
internal_weight=10705 5435 2544 5270 2505 1879 2083 626 1994 1609 1036 608 1949 1601
internal_count=10705 5435 2544 5270 2505 1879 2083 626 1994 1609 1036 608 1949 1601
is_linear=0
shrinkage=0.05


Tree=17
num_leaves=15
num_cat=0
split_feature=71 84 71 84 69 24 84 56 58 51 24 84 20 45
split_gain=105636 76312.6 58369.7 51829.9 37131.1 31837.8 23254.4 21062.4 18822.2 18584.4 21382.6 18357.7 18204.7 26025.2
threshold=1.0000000180025095e-35 105.889583 -2.1374999999999988 42.523274000000008 -0.12570920833333388 264.18653100000006 273.02215500000005 27.694647000000021 -10.845522500000007 3.5000000000000004 266.28453700000006 274.29007000000007 95.096375000000009 77.822916666666671
decision_type=2 2 2 2 2 2 2 2 2 2 2 2 2 2
left_child=1 -1 5 -2 9 -3 8 11 -4 10 -5 12 13 -6
right_child=3 2 6 4 7 -7 -8 -9 -10 -11 -12 -13 -14 -15
leaf_value=0.027860659728762456 0.023423612691067464 -0.83331151904495382 -0.75377929968265256 -0.47005476283707792 1.48446994798128 -0.23585539959991972 -0.58948531191000775 1.0323222576418229 -0.03737733074239033 -0.36106260168457527 0.44263884842245682 -0.43300150715913932 0.314169564845309 0.53037670992443342
leaf_weight=3162 2567 672 97 83 85 335 266 154 1425 213 272 60 873 441
leaf_count=3162 2567 672 97 83 85 335 266 154 1425 213 272 60 873 441
internal_value=-0.000186213 -0.1404 -0.330697 0.175724 0.354886 -0.634986 -0.159063 0.477244 -0.0835 0.00718525 0.228528 0.417988 0.454768 0.68708
internal_weight=10705 5957 2795 4748 2181 1007 1788 1613 1522 568 355 1459 1399 526
internal_count=10705 5957 2795 4748 2181 1007 1788 1613 1522 568 355 1459 1399 526
is_linear=0
shrinkage=0.05


Tree=18
num_leaves=15
num_cat=0
split_feature=71 84 71 84 84 24 45 71 24 25 49 51 35 22
split_gain=95712.1 69454 52072.6 39045.7 44180.2 28000.9 22913.9 22446.8 19293.2 44425.2 20771.2 20140.8 18696.4 18674.5
threshold=-1.0000000180025095e-35 101.20536200000002 -3.7624999999999988 42.523274000000008 252.77660250000002 280.08090150000004 73.343750000000014 3.0124999999999997 278.11863750000003 107.98559925686267 3.5000000000000004 1.5000000000000002 20.976041666666671 136.95541188020837
decision_type=2 2 2 2 2 2 2 2 2 2 2 2 2 2
left_child=1 -1 -3 -2 5 6 -5 -8 10 -10 -4 -12 -6 -14
right_child=3 2 8 4 12 -7 7 -9 9 -11 11 -13 13 -15
leaf_value=0.022727894956553522 0.022075122462306779 -0.81126818053800853 -0.23026000905207186 -0.24578683988828409 -0.63327925091906767 0.64751917301108708 0.26826745383537631 1.0425113307417564 0.46339448276405221 -0.44179930521382227 0.095263079955475408 -0.91141956933806179 0.67164784399884769 -0.087586231009629367
leaf_weight=2852 2765 469 1279 189 118 769 816 105 281 260 63 231 100 408
leaf_count=2852 2765 469 1279 189 118 769 816 105 281 260 63 231 100 408
internal_value=-0.000176243 -0.147382 -0.335145 0.151638 0.294583 0.415729 0.254709 0.357571 -0.229181 0.0283536 -0.317716 -0.69611 -0.0691333 0.0628952
internal_weight=10705 5435 2583 5270 2505 1879 1110 921 2114 541 1573 294 626 508
internal_count=10705 5435 2583 5270 2505 1879 1110 921 2114 541 1573 294 626 508
is_linear=0
shrinkage=0.05


Tree=19
num_leaves=15
num_cat=0
split_feature=71 84 71 84 69 69 84 70 63 36 46 83 47 34
split_gain=86463.7 62720.8 48873.1 42449.5 32624.5 27584.2 21191.5 18454.5 18953 17400 16310.3 16008.4 20194 15424.2
threshold=1.0000000180025095e-35 105.07400350000002 -2.1374999999999988 42.523274000000008 11.26756466666667 -26.30091713020833 295.90254450000003 8.1012924249459495 4.6262223749999984 24.497135416666669 82.848958333333357 167.91772700000004 76.917968750000014 21.021875000000005
decision_type=2 2 2 2 2 2 2 2 2 2 2 2 2 2
left_child=1 -1 5 -2 7 -3 10 9 -9 -5 13 -7 -13 -4
right_child=3 2 6 4 -6 11 -8 8 -10 -11 -12 12 -14 -15
leaf_value=0.026189997947671347 0.02114956213213573 -1.0925417185117658 0.34682511939868532 0.27570302059381574 0.59328626358952841 -0.66532755213686168 -1.213949218723509 -0.21329917286440919 0.39874999927799348 1.2293769186618282 -0.23851918919034817 0.17959349018448356 -0.53489565762185864 -0.12855580670980934
leaf_weight=3149 2567 206 295 801 731 404 44 419 180 50 1058 177 222 402
leaf_count=3149 2567 206 295 801 731 404 44 419 180 50 1058 177 222 402
internal_value=-0.000168029 -0.127022 -0.298788 0.15898 0.321121 -0.577156 -0.142426 0.183598 -0.0290198 0.333113 -0.114886 -0.443746 -0.218285 0.0728542
internal_weight=10705 5957 2808 4748 2181 1009 1799 1450 599 851 1755 803 399 697
internal_count=10705 5957 2808 4748 2181 1009 1799 1450 599 851 1755 803 399 697
is_linear=0
shrinkage=0.05


Tree=20
num_leaves=15
num_cat=0
split_feature=71 84 71 84 84 69 22 7 24 68 76 47 47 58
split_gain=78443.1 56710 43050.5 32046.3 38763.1 25007.6 24594.7 19815.6 17857.3 17738.4 22541.5 15787.3 14921.4 13878.4
threshold=-1.0000000180025095e-35 101.20536200000002 -2.1374999999999988 42.523274000000008 257.75375800000006 11.26756466666667 126.29556024479167 130.82220350000003 277.22543400000006 6.3233071835179979 2.5000000000000004 77.179687500000014 78.128906250000014 89.259344000000013
decision_type=2 2 2 2 2 2 2 2 2 2 2 2 2 2
left_child=1 -1 6 -2 5 -5 12 -6 -9 -7 -11 -8 13 -3
right_child=3 2 -4 4 7 9 11 8 -10 10 -12 -13 -14 -15
leaf_value=0.020282856678956442 0.019896628592898688 -1.2301937642005774 -0.13589973912111999 0.24258136344312159 0.5964257851380993 1.0356550253565249 -0.016337639733637666 -0.64548218122656864 0.0093212647601788826 -0.10698107284708665 0.66854087692849784 -0.59787631328433277 -0.54558305966009957 -0.20740265889865594
leaf_weight=2852 2765 207 1547 1342 80 184 254 174 257 129 339 215 320 40
leaf_count=2852 2765 207 1547 1342 80 184 254 174 257 129 339 215 320 40
internal_value=-0.000164374 -0.133431 -0.303094 0.137274 0.266774 0.366305 -0.552385 -0.12157 -0.255913 0.620203 0.455003 -0.283633 -0.773796 -1.06606
internal_weight=10705 5435 2583 5270 2505 1994 1036 511 431 652 468 469 567 247
internal_count=10705 5435 2583 5270 2505 1994 1036 511 431 652 468 469 567 247
is_linear=0
shrinkage=0.05


Tree=21
num_leaves=15
num_cat=0
split_feature=71 84 22 84 84 69 51 58 56 47 69 84 70 54
split_gain=71052.8 56221.8 43548 35790.6 29923.5 38315.9 32124.7 26310.2 19375.3 18251.7 16088.4 15042.8 14273.2 22694.3
threshold=-0.9875000000000006 84.775400500000018 126.05083759895835 282.33339050000006 42.523274000000008 -0.27905442708333383 3.5000000000000004 -1.0000000180025095e-35 27.694647000000021 76.397135416666671 -26.462434338541666 163.36260400000003 15.169894325524382 0.87837969732492682
decision_type=2 2 2 2 2 2 2 2 2 2 2 2 2 2
left_child=1 -1 10 4 -2 6 12 -4 -7 -9 -3 -11 13 -6
right_child=3 2 7 -5 5 8 -8 9 -10 11 -12 -13 -14 -15
leaf_value=0.021923541990728337 0.018615674907476142 -1.0592303029975001 -0.54613289989805602 -0.80460069854965521 0.1811838798087799 0.32030515082485012 -0.36726286431444261 0.21459288734973941 0.90329831878985134 -0.78564185046901303 -0.50836183177730587 -0.1100488312289245 -0.201943635702618 1.0912390499279416
leaf_weight=2329 3114 170 345 104 325 1831 391 416 154 95 615 585 145 86
leaf_count=2329 3114 170 345 104 325 1831 391 416 154 95 615 585 145 86
internal_value=-0.000160325 -0.149821 -0.329442 0.110692 0.126567 0.241174 -0.0205138 -0.16601 0.365967 -0.0459663 -0.628854 -0.205448 0.223555 0.373795
internal_weight=10705 4555 2226 6150 6046 2932 947 1441 1985 1096 785 680 556 411
internal_count=10705 4555 2226 6150 6046 2932 947 1441 1985 1096 785 680 556 411
is_linear=0
shrinkage=0.05


Tree=22
num_leaves=15
num_cat=0
split_feature=71 84 71 84 69 24 84 70 12 36 32 84 8 69
split_gain=64335 47507.9 36136.4 31617.7 25504.9 20713.2 17919.2 15191.8 16150.6 15375.1 14878.7 14459.5 14225.2 13505.6
threshold=1.0000000180025095e-35 105.889583 -2.1374999999999988 42.523274000000008 11.26756466666667 268.37109800000002 295.90254450000003 8.1012924249459495 260.2303940000001 24.497135416666669 20.162500000000005 77.882384000000016 258.94589250000007 -13.746666145833332
decision_type=2 2 2 2 2 2 2 2 2 2 2 2 2 2
left_child=1 -1 5 -2 7 13 -4 9 -9 -5 -6 -12 -7 -3
right_child=3 2 6 4 10 12 -8 8 -10 -11 11 -13 -14 -15
leaf_value=0.02317654436814575 0.018167630511095222 -0.84265120774116431 -0.099205373657832621 0.23719169754335226 1.1539884500387239 0.094488887122397003 -1.109915715124872 -0.15385977722890676 0.53934765404440688 1.133504165387621 1.2380117868001645 0.36657841199690788 -0.74799312321997402 -0.41424054044796477
leaf_weight=3162 2567 380 1744 801 81 198 44 499 100 50 51 599 66 363
leaf_count=3162 2567 380 1744 801 81 198 44 499 100 50 51 599 66 363
internal_value=-0.000159931 -0.109583 -0.25973 0.137121 0.277054 -0.499153 -0.124684 0.155466 -0.0374263 0.291123 0.517692 0.436749 -0.118159 -0.634185
internal_weight=10705 5957 2795 4748 2181 1007 1788 1450 599 851 731 650 264 743
internal_count=10705 5957 2795 4748 2181 1007 1788 1450 599 851 731 650 264 743
is_linear=0
shrinkage=0.05


Tree=23
num_leaves=15
num_cat=0
split_feature=71 84 22 84 84 71 58 47 6 36 69 84 31 35
split_gain=58720 46307.8 36464.8 31501.6 29172.9 31841.9 23186.6 16227.7 15008.1 17113.5 16919.3 14069.5 14596.7 13740.2
threshold=-0.9875000000000006 84.775400500000018 126.05083759895835 275.02512300000006 42.523274000000008 1.7624999999999995 -1.0000000180025095e-35 76.397135416666671 96.187470500000018 22.733854166666671 8.2327959375000024 260.0556155000001 21.062500000000004 22.655208333333338
decision_type=2 2 2 2 2 2 2 2 2 2 2 2 2 2
left_child=1 -1 -3 4 -2 11 -4 -8 9 -7 -10 12 -6 -11
right_child=3 2 6 -5 5 8 7 -9 10 13 -12 -13 -14 -15
leaf_value=0.019669505300184176 0.016733121262029124 -0.57319625235631011 -0.50651073109660016 -0.49113573416775691 -0.13355733733509947 -0.020050632106812346 0.20869996030144933 -0.18736380768161018 -0.16577862636638541 0.97185508424401701 0.43368342721581954 -0.24280369952069344 0.24953579381803898 0.47090501483446545
leaf_weight=2329 3114 785 345 216 325 96 416 680 174 256 360 258 1050 301
leaf_count=2329 3114 785 345 216 325 96 416 680 174 256 360 258 1050 301
internal_value=-0.000145226 -0.136199 -0.299215 0.100629 0.122248 0.238717 -0.149667 -0.0369798 0.435676 0.596384 0.238408 0.095371 0.158955 0.702473
internal_weight=10705 4555 2226 6150 5934 2820 1441 1096 1187 653 534 1633 1375 557
internal_count=10705 4555 2226 6150 5934 2820 1441 1096 1187 653 534 1633 1375 557
is_linear=0
shrinkage=0.05


Tree=24
num_leaves=15
num_cat=0
split_feature=71 84 22 84 84 69 51 58 56 47 84 24 51 47
split_gain=53004.3 41799.5 32912.7 28566.1 22636.9 29888.4 27922.6 20932.9 15791.9 14648.5 13751.3 13583.6 13440.9 19383.2
threshold=-0.9875000000000006 84.775400500000018 126.05083759895835 282.33339050000006 42.523274000000008 -0.27905442708333383 3.5000000000000004 -1.0000000180025095e-35 25.342195999999998 76.397135416666671 97.110596500000014 256.28648850000008 1.5000000000000002 78.128906250000014
decision_type=2 2 2 2 2 2 2 2 2 2 2 2 2 2
left_child=1 -1 12 4 -2 6 -6 -4 10 -9 -7 -11 -3 -14
right_child=3 2 7 -5 5 8 -8 9 -10 11 -12 -13 13 -15
leaf_value=0.018686452386461102 0.015896734259006111 0.037330824019533866 -0.48125838747495692 -0.72210217003311428 0.20589880510442349 0.59715555184121649 -0.3449242017355425 0.19828998543572227 0.76535639795809163 0.21901447818410108 0.21556464444257972 -0.3033643990474606 -0.92194533082842833 -0.38790262482793686
leaf_weight=2329 3114 88 345 104 556 279 391 416 180 163 1526 517 299 398
leaf_count=2329 3114 88 345 104 556 279 391 416 180 163 1526 517 299 398
internal_value=-0.000137727 -0.1294 -0.284278 0.0956061 0.109789 0.20947 -0.0216505 -0.1422 0.319688 -0.0351299 0.274845 -0.178009 -0.544573 -0.61799
internal_weight=10705 4555 2226 6150 6046 2932 947 1441 1985 1096 1805 680 785 697
internal_count=10705 4555 2226 6150 6046 2932 947 1441 1985 1096 1805 680 785 697
is_linear=0
shrinkage=0.05


Tree=25
num_leaves=15
num_cat=0
split_feature=71 84 22 84 84 31 6 58 45 24 66 24 47 47
split_gain=47847 37733.8 29789.9 26861.1 32089.9 24631.9 19115.7 18468.2 18010.8 16744.9 18886.9 18134.1 16201.5 19381.4
threshold=-0.9875000000000006 84.775400500000018 125.64656252604168 263.70710200000008 42.523274000000008 21.112500000000004 93.886427500000011 -1.0000000180025095e-35 81.677083333333357 280.08090150000004 5.667750500032926 283.25600400000002 76.108072916666671 70.365885416666671
decision_type=2 2 2 2 2 2 2 2 2 2 2 2 2 2
left_child=1 -1 -3 4 -2 -6 9 -4 -5 10 -7 -11 13 -13
right_child=3 2 7 8 5 6 -8 -9 -10 11 -12 12 -14 -15
leaf_value=0.017752530941891567 0.015102152639273465 -0.52650479491962521 -0.45681561536601345 0.079107560426519632 -0.10781956539100296 0.41462457293210131 0.14780057459606569 -0.040978929081086253 -0.51524646396459695 1.3723794938251377 -0.26146623814298259 0.72198180722888938 1.1697504062478135 -0.068686004042409474
leaf_weight=2329 3114 750 349 227 394 625 904 1127 289 79 123 177 81 137
leaf_count=2329 3114 750 349 227 394 625 904 1127 289 79 123 177 81 137
internal_value=-0.00013499 -0.122948 -0.270101 0.0908318 0.122465 0.255077 0.322349 -0.139546 -0.254129 0.451249 0.303249 0.683672 0.542812 0.377886
internal_weight=10705 4555 2226 6150 5634 2520 2126 1476 516 1222 748 474 395 314
internal_count=10705 4555 2226 6150 5634 2520 2126 1476 516 1222 748 474 395 314
is_linear=0
shrinkage=0.05


Tree=26
num_leaves=15
num_cat=0
split_feature=35 84 69 84 21 49 24 84 25 79 47 30 36 36
split_gain=44065.5 31974.3 31752.6 26566.7 22769.5 18368.1 17241.5 17558.5 24871 23239.5 22183.7 18263.6 16613.5 20990
threshold=19.946354166666669 91.073221500000017 -10.466263937499997 275.36804450000005 1.4402954876835646e-05 4.5000000000000009 278.91518350000007 42.523274000000008 110.83232094980485 -0.77259657388510594 70.266927083333357 22.237500000000004 18.395963541666671 21.329817708333337
decision_type=2 2 2 2 2 2 2 2 2 2 2 2 2 2
left_child=1 -1 -3 4 5 -2 -6 -8 9 10 -9 -10 -4 -14
right_child=3 2 12 -5 6 -7 7 8 11 -11 -12 -13 13 -15
leaf_value=0.039259135298963785 0.4685486777028457 -0.73565790962940092 -0.94851172966743591 -0.36469347469983698 -0.020130969036021271 0.062007084011875747 0.013586482966247088 1.3035334584634166 -0.79539713772137965 0.24199319597769609 0.39104609617865399 0.11664064192190403 0.03837707129312181 -0.53972998378713699
leaf_weight=782 590 399 66 371 4799 525 1247 120 74 610 151 204 548 219
leaf_count=782 590 399 66 371 4799 525 1247 120 74 610 151 204 548 219
internal_value=-0.000119081 -0.210792 -0.369412 0.0487195 0.0671958 0.277355 0.0346389 0.143846 0.283863 0.41386 0.798406 -0.128113 -0.193312 -0.127177
internal_weight=10705 2014 1232 8691 8320 1115 7205 2406 1159 881 271 278 833 767
internal_count=10705 2014 1232 8691 8320 1115 7205 2406 1159 881 271 278 833 767
is_linear=0
shrinkage=0.05


Tree=27
num_leaves=15
num_cat=0
split_feature=71 84 70 84 84 71 70 49 70 7 33 36 36 22
split_gain=40507.5 30104.2 25194.1 21204.6 20241.5 18373.2 17200.5 34486.7 20288.2 24071.7 17536 18642.3 16738.9 13884.3
threshold=0.31250000000000006 105.07400350000002 21.618102480494496 42.523274000000008 299.97504500000008 3.0124999999999997 20.217528983325611 3.5000000000000004 14.093098137153982 148.24740800000004 19.996875000000003 21.329817708333337 18.395963541666671 140.03678016666672
decision_type=2 2 2 2 2 2 2 2 2 2 2 2 2 2
left_child=1 -1 4 -2 6 -5 8 -8 10 -10 11 12 -3 -7
right_child=3 2 -4 5 -6 13 7 -9 9 -11 -12 -13 -14 -15
leaf_value=0.020947064324058004 0.014886193367711395 -0.89364322277537578 -0.63956550569384785 0.14253408099218362 -1.0827337754400153 0.82280280707600673 -0.19278649145238835 1.6309236911738791 -0.89074805912109056 -0.20890682156402934 0.053734899613648794 -0.63621978738658358 0.018297130752701399 0.29361932446794964
leaf_weight=3282 2454 56 292 1504 56 192 70 40 178 471 1101 228 429 352
leaf_count=3282 2454 56 292 1504 56 192 70 40 178 471 1101 228 429 352
internal_value=-0.000116533 -0.0829716 -0.1997 0.114037 -0.150621 0.232778 -0.129921 0.479099 -0.157304 -0.396997 -0.0713765 -0.264376 -0.0886212 0.481557
internal_weight=10705 6203 2921 4502 2629 2048 2573 110 2463 649 1814 713 485 544
internal_count=10705 6203 2921 4502 2629 2048 2573 110 2463 649 1814 713 485 544
is_linear=0
shrinkage=0.05


Tree=28
num_leaves=15
num_cat=0
split_feature=35 84 69 84 21 49 24 79 25 47 84 83 70 30
split_gain=36962.7 26866 26789.2 23412.2 21981 19831.5 14755.7 17214.1 38671.3 16995.5 14557.6 20743.3 19719.5 14857.8
threshold=19.946354166666669 91.073221500000017 -10.466263937499997 273.02215500000005 1.4402954876835646e-05 4.5000000000000009 280.08090150000004 -0.55557023301960229 110.9166603851633 70.266927083333357 95.689753500000009 206.80238000000003 8.1614393328295396 22.987500000000004
decision_type=2 2 2 2 2 2 2 2 2 2 2 2 2 2
left_child=1 -1 -3 4 5 -2 10 8 9 -8 11 -6 13 -12
right_child=3 2 -4 -5 6 -7 7 -9 -10 -11 12 -13 -14 -15
leaf_value=0.03614150915059379 0.48788952009195663 -0.67486936657130725 -0.17671319296699672 -0.30293986721132726 0.025119160807636893 0.056177542458167522 0.96472192311144256 0.061052363875402776 -0.40422659992925392 0.32227683534909946 0.23844023803881942 1.0827979952731031 -0.29590397724861867 -0.33724597180141258
leaf_weight=782 541 399 833 458 3392 523 187 1741 120 231 411 46 888 153
leaf_count=782 541 399 833 458 3392 523 187 1741 120 231 411 46 888 153
internal_value=-0.000117931 -0.193066 -0.338464 0.0446117 0.0639804 0.275937 0.0324883 0.137534 0.384461 0.611303 -0.0164867 0.0395815 -0.149179 0.0819496
internal_weight=10705 2014 1232 8691 8233 1064 7169 2279 538 418 4890 3438 1452 564
internal_count=10705 2014 1232 8691 8233 1064 7169 2279 538 418 4890 3438 1452 564
is_linear=0
shrinkage=0.05


Tree=29
num_leaves=15
num_cat=0
split_feature=71 84 71 84 71 46 47 34 52 84 24 22 47 24
split_gain=33955.8 24751.2 22438.6 18293.5 16566.3 15032.9 17353.3 17048.5 15651.7 14149.9 17337.8 12129.3 11945.5 11784.5
threshold=0.31250000000000006 110.59851750000001 -2.0124999999999988 42.523274000000008 3.0124999999999997 82.848958333333357 82.634114583333357 21.293750000000006 0.41248606129204562 182.38804150000001 246.78300350000004 140.03678016666672 80.576822916666671 278.11863750000003
decision_type=2 2 2 2 2 2 2 2 2 2 2 2 2 2
left_child=1 -1 9 -2 -5 7 13 8 -4 -3 12 -6 -11 -7
right_child=3 2 5 4 11 6 -8 -9 -10 10 -12 -13 -14 -15
leaf_value=0.015464348074912943 0.012315115172969834 -0.62692966228092306 -0.044577222774918164 0.12901178053714818 0.76987366305731741 -0.36785886574400006 0.27579000122027425 -0.1471628395832367 0.61193663793760289 -0.79267246967012239 0.020545925485932866 0.2752601256177209 -0.16800751440483949 0.085925288313189477
leaf_weight=3375 2454 359 158 1504 192 756 163 370 212 164 326 352 144 176
leaf_count=3375 2454 359 158 1504 192 756 163 370 212 164 326 352 144 176
internal_value=-0.000106978 -0.0759662 -0.185048 0.104408 0.214697 -0.0813581 -0.198933 0.0926549 0.332223 -0.376387 -0.233754 0.450922 -0.50211 -0.282165
internal_weight=10705 6203 2828 4502 2048 1835 1095 740 370 993 634 544 308 932
internal_count=10705 6203 2828 4502 2048 1835 1095 740 370 993 634 544 308 932
is_linear=0
shrinkage=0.05


Tree=30
num_leaves=15
num_cat=0
split_feature=71 84 84 29 70 84 41 69 70 46 35 36 32 84
split_gain=31069.5 27409.7 25166.3 22775.3 13072 21844.2 20768 15179.2 20641.4 13048 12700.1 23576.5 11581.8 14017.1
threshold=1.7624999999999995 295.90254450000003 42.523274000000008 16.512500000000003 8.0129088345045254 104.01284850000002 82.625000000000014 -17.644610546874997 20.217528983325611 91.427083333333357 22.655208333333338 24.091666666666672 19.862500000000004 175.86332950000002
decision_type=2 2 2 2 2 2 2 2 2 2 2 2 2 2
left_child=1 3 -2 -1 9 -6 7 -7 -9 -5 11 -4 13 -8
right_child=2 -3 10 4 5 6 12 8 -10 -11 -12 -13 -14 -15
leaf_value=-0.7317745942685564 0.011569957929005793 -0.95059396872917812 0.33370068132632763 0.063760282465147811 0.010243374488439011 -0.52678300318583637 -0.95147160989482227 -0.044128767789092423 0.84171501323580744 -0.57168144032538659 0.18002584924840939 1.2053452655404193 -0.48423412050711612 0.051215410691809883
leaf_weight=117 1666 83 395 3034 2530 141 40 758 71 82 763 96 697 232
leaf_count=117 1666 83 395 3034 2530 141 40 758 71 82 763 96 697 232
internal_value=-0.0001014 -0.0522703 0.138956 -0.0424674 -0.0317397 -0.0865414 -0.212766 -0.0491179 0.0326623 0.0468601 0.308051 0.506228 -0.376363 -0.0991837
internal_weight=10705 7785 2920 7702 7585 4469 1939 970 829 3116 1254 491 969 272
internal_count=10705 7785 2920 7702 7585 4469 1939 970 829 3116 1254 491 969 272
is_linear=0
shrinkage=0.05


Tree=31
num_leaves=15
num_cat=0
split_feature=35 51 84 29 67 84 71 47 58 47 70 35 47 36
split_gain=28887 22897.9 19558.5 17343 17231.2 26724.5 13159.5 14060.9 14080.2 13795 19571.1 13427.8 17855.2 12089.4
threshold=19.686458333333338 2.5000000000000004 273.02215500000005 16.025000000000002 -0.40748697916666671 42.523274000000008 1.8625000000000009 68.507812500000014 -1.0000000180025095e-35 70.266927083333357 15.245372696951684 22.655208333333338 69.141927083333357 25.780468750000001
decision_type=2 2 2 2 2 2 2 2 2 2 2 2 2 2
left_child=1 -1 4 -3 -2 -6 7 13 -9 -10 -11 12 -8 -7
right_child=2 3 -4 -5 5 6 11 8 9 10 -12 -13 -14 -15
leaf_value=-0.67508725747817533 -0.043363783233696801 -0.77715410396773765 -0.27766563927742921 -0.075486852637340673 0.0088089710244168649 -0.4347414321879941 1.4359746662830866 -0.20627568471480917 0.86452149231355269 0.31587411166416213 -0.36482645475395747 0.2210924930433309 0.45651079701950376 0.3683824483654462
leaf_weight=211 3005 93 471 1401 3119 175 53 177 90 715 123 654 355 63
leaf_count=211 3005 93 471 1401 3119 175 53 177 90 715 123 654 355 63
internal_value=-0.00010363 -0.188748 0.0356509 -0.119656 0.0529839 0.105394 0.230598 0.126446 0.201521 0.279439 0.215646 0.362066 0.586945 -0.221498
internal_weight=10705 1705 9000 1494 8529 5524 2405 1343 1105 928 838 1062 408 238
internal_count=10705 1705 9000 1494 8529 5524 2405 1343 1105 928 838 1062 408 238
is_linear=0
shrinkage=0.05


Tree=32
num_leaves=15
num_cat=0
split_feature=84 71 84 83 70 84 84 31 6 69 47 70 36 24
split_gain=26823.1 26105.6 19040.7 17492.9 15506.3 13254 19552.2 17208.2 14642.8 12836.5 11405.5 31008.9 29200 14376.4
threshold=303.76010700000006 -0.9875000000000006 84.775400500000018 252.69003100000003 14.093098137153982 263.70710200000008 42.523274000000008 21.112500000000004 93.886427500000011 -1.3059802708333337 71.428385416666671 21.040396992618884 24.424479166666671 274.65417650000006
decision_type=2 2 2 2 2 2 2 2 2 2 2 2 2 2
left_child=1 2 -1 4 -4 6 -3 -8 10 -10 11 13 -12 -9
right_child=-2 5 3 -5 -6 -7 7 8 9 -11 12 -13 -14 -15
leaf_value=0.013860092722938712 -1.2463763486507329 0.010167084933747426 -0.13834017476917285 0.0763345900036317 -0.44192656406738035 -0.17716406532924395 -0.10580623826277265 0.31807850078339617 -0.22563208419071362 0.20939667788003777 0.34981798727421382 -0.3353629663586617 -0.68863831130663566 0.98006253271113819
leaf_weight=2329 42 3114 1011 479 721 489 394 125 225 679 700 78 74 245
leaf_count=2329 42 3114 1011 479 721 489 394 125 225 679 700 78 74 245
internal_value=-9.46349e-05 0.0049307 -0.0859143 -0.190972 -0.2649 0.0722922 0.0939713 0.197484 0.253715 0.100991 0.36652 0.567215 0.249774 0.757879
internal_weight=10705 10663 4540 2211 1732 6123 5634 2520 2126 904 1222 448 774 370
internal_count=10705 10663 4540 2211 1732 6123 5634 2520 2126 904 1222 448 774 370
is_linear=0
shrinkage=0.05


Tree=33
num_leaves=15
num_cat=0
split_feature=84 71 84 24 25 49 47 17 51 30 67 84 84 31
split_gain=24733.2 23205.9 16208.7 16238.8 29640.7 19242 17559.3 17316.9 13125.9 12007.1 11072.5 9844.82 17647.8 15532.9
threshold=292.35207400000007 -0.9875000000000006 84.775400500000018 278.11863750000003 109.2624300420939 3.5000000000000004 69.231770833333357 2.0018641137551049e-06 1.5000000000000002 16.862500000000004 -1.7710474166666679 263.70710200000008 42.523274000000008 21.112500000000004
decision_type=2 2 2 2 2 2 2 2 2 2 2 2 2 2
left_child=1 2 -1 5 6 7 -5 -4 -7 -9 -8 12 -3 -14
right_child=-2 11 3 4 -6 8 10 9 -10 -11 -12 -13 13 -15
leaf_value=0.013167385494640266 -0.76006721030428726 0.0096588937194305082 0.10140553192220612 1.2982028445532157 -0.5393064955450021 0.17652080598502207 -0.087636637648133786 -0.84345175443693654 -0.6843179529924005 -0.22264240456158702 0.55538820492163787 -0.15107242065196991 -0.10052931994547526 0.24104318820400061
leaf_weight=2329 105 3114 436 42 129 51 145 85 318 848 123 460 394 2126
leaf_count=2329 105 3114 436 42 129 51 145 85 318 848 123 460 394 2126
internal_value=-9.64489e-05 0.00750255 -0.0785219 -0.176574 0.0949683 -0.245178 0.359794 -0.158574 -0.565185 -0.280043 0.208451 0.0711129 0.0892772 0.18762
internal_weight=10705 10600 4506 2177 439 1738 310 1369 369 933 268 6094 5634 2520
internal_count=10705 10600 4506 2177 439 1738 310 1369 369 933 268 6094 5634 2520
is_linear=0
shrinkage=0.05


Tree=34
num_leaves=15
num_cat=0
split_feature=84 35 84 69 71 84 36 36 36 47 35 36 47 70
split_gain=22770.9 21626 16625.5 18495.2 11493.4 18456 11428.7 11647.1 17595.1 14930.9 11213.6 17303.3 11074.1 9004.52
threshold=303.76010700000006 19.946354166666669 91.073221500000017 -10.466263937499997 1.7624999999999995 42.523274000000008 18.395963541666671 21.329817708333337 20.748177083333335 80.070312500000014 22.655208333333338 24.066145833333337 81.669270833333357 8.0129088345045254
decision_type=2 2 2 2 2 2 2 2 2 2 2 2 2 2
left_child=1 2 -1 12 13 -6 -5 8 9 -8 11 -7 -4 -3
right_child=-2 4 3 6 5 10 7 -9 -10 -11 -12 -13 -14 -15
leaf_value=0.036574609973140791 -1.1483872552250707 0.07180843831666206 -0.76045427863434156 -0.74880876007364761 0.0098898840037185479 0.29725004806304756 -0.36878949020962415 -0.38397832376438945 0.49146610037596139 0.27109882715923639 0.14816342796711313 1.032194817637645 -0.22513502378105407 -0.054336877002507535
leaf_weight=782 42 2432 232 66 1616 367 242 209 161 145 763 102 167 3379
leaf_count=782 42 2432 232 66 1616 367 242 209 161 145 763 102 167 3379
internal_value=-9.62671e-05 0.00453395 -0.143438 -0.258571 0.0387926 0.121058 -0.122844 -0.0673527 0.0538836 -0.128957 0.266749 0.458945 -0.537521 -0.0015397
internal_weight=10705 10663 2004 1222 8659 2848 823 757 548 387 1232 469 399 5811
internal_count=10705 10663 2004 1222 8659 2848 823 757 548 387 1232 469 399 5811
is_linear=0
shrinkage=0.05


Tree=35
num_leaves=15
num_cat=0
split_feature=84 35 84 69 36 36 36 36 71 84 26 47 84 36
split_gain=20802.5 19397.4 14660.3 16311 10387.3 10264.8 15888.4 13640.6 9967.76 16733.9 10180.8 9716.59 9641.53 9290.96
threshold=295.90254450000003 19.946354166666669 91.073221500000017 -10.466263937499997 18.395963541666671 21.329817708333337 20.748177083333335 19.638802083333335 1.7624999999999995 42.523274000000008 22.662500000000005 81.669270833333357 93.816187500000012 22.678906250000008
decision_type=2 2 2 2 2 2 2 2 2 2 2 2 2 2
left_child=1 2 -1 11 -5 6 7 -6 -3 -10 13 -4 -12 -11
right_child=-2 8 3 4 5 -7 -8 -9 9 10 12 -13 -14 -15
leaf_value=0.034748215639385682 -0.77918825500151689 0.00092362102850705838 -0.71677299188854904 -0.711927138157745 0.3778767041788243 -0.36125973695351815 0.46704448522011072 -0.29758360500636627 0.0093956954878609208 -0.025939992181069793 0.48853759892962201 -0.21394527489319445 0.059410735068633369 0.56215397157413616
leaf_weight=782 84 5775 229 66 100 207 161 287 1616 83 164 167 635 349
leaf_count=782 84 5775 229 66 100 207 161 287 1616 83 164 167 635 349
internal_value=-9.76718e-05 0.00613682 -0.134156 -0.242626 -0.115229 -0.0621949 0.0512253 -0.122522 0.0386752 0.115225 0.254033 -0.505795 0.147992 0.449365
internal_weight=10705 10621 1999 1217 821 755 548 387 8622 2847 1231 396 799 432
internal_count=10705 10621 1999 1217 821 755 548 387 8622 2847 1231 396 799 432
is_linear=0
shrinkage=0.05


Tree=36
num_leaves=15
num_cat=0
split_feature=84 71 84 24 25 49 47 17 51 84 83 45 22 67
split_gain=19190.3 18030.2 13284.1 13561.4 26047.4 16917.5 16156.3 13333.1 10777.1 10576.5 17146.4 12795.3 14733.6 9909.43
threshold=303.76010700000006 -0.9875000000000006 84.775400500000018 278.11863750000003 109.2624300420939 3.5000000000000004 69.231770833333357 2.0018641137551049e-06 1.5000000000000002 260.0556155000001 239.71779450000002 81.677083333333357 136.98705236979171 -1.7710474166666679
decision_type=2 2 2 2 2 2 2 2 2 2 2 2 2 2
left_child=1 2 -1 5 6 7 -5 -4 -7 10 -3 12 -11 -8
right_child=-2 9 3 4 -6 8 13 -9 -10 11 -12 -13 -14 -15
leaf_value=0.011992816988977329 -1.0542498524798904 0.046710768711997835 0.080546159207342038 1.2374107829360075 -0.50309600648079211 0.15504234536156919 -0.086169129751977477 -0.24847994663652229 -0.62389589839734916 0.89156365583137598 0.30316557842510328 -0.36038665135536857 -0.060323472640956423 0.52117208025508355
leaf_weight=2329 42 4771 458 42 130 51 146 936 325 48 754 312 238 123
leaf_count=2329 42 4771 458 42 130 51 146 936 325 48 754 312 238 123
internal_value=-9.79557e-05 0.00415267 -0.0713451 -0.159096 0.0888271 -0.220882 0.337074 -0.140398 -0.518111 0.0601342 0.0817578 -0.139452 0.101984 0.192439
internal_weight=10705 10663 4540 2211 441 1770 311 1394 376 6123 5525 598 286 269
internal_count=10705 10663 4540 2211 441 1770 311 1394 376 6123 5525 598 286 269
is_linear=0
shrinkage=0.05


Tree=37
num_leaves=15
num_cat=0
split_feature=84 35 84 69 24 69 24 47 22 36 36 36 36 47
split_gain=17532.4 16526.3 12516.1 14085.7 9328.8 18731.3 10618.4 9060.69 9041.07 9554.92 8941.58 9022.17 14262.3 12450.4
threshold=299.97504500000008 19.946354166666669 91.073221500000017 -10.466263937499997 280.08090150000004 -14.27211109375 280.60822950000005 81.669270833333357 143.59122208333335 25.780468750000001 18.395963541666671 21.329817708333337 20.748177083333335 80.070312500000014
decision_type=2 2 2 2 2 2 2 2 2 2 2 2 2 2
left_child=1 2 -1 7 8 -6 -7 -4 -3 -10 -5 12 13 -12
right_child=-2 4 3 10 5 6 -8 -9 9 -11 11 -13 -14 -15
leaf_value=0.031734176363023912 -0.82517635226249697 0.010811186541239411 -0.66940559300877833 -0.65958060186300704 1.0177960354302611 0.66425928141025814 0.075463470493608284 -0.18537509544652753 -0.77107146795500414 -0.017829231933710426 -0.33375634035658969 -0.33549882759827948 0.44383928852161553 0.25056137193300548
leaf_weight=782 63 5819 232 66 55 78 2517 167 76 93 242 209 161 145
leaf_count=782 63 5819 232 66 55 78 2517 167 76 93 242 209 161 145
internal_value=-9.16057e-05 0.00486992 -0.124455 -0.22435 0.034884 0.112972 0.0934104 -0.467786 0.000312682 -0.359109 -0.105905 -0.0568254 0.0498746 -0.114744
internal_weight=10705 10642 2004 1222 8638 2650 2595 399 5988 169 823 757 548 387
internal_count=10705 10642 2004 1222 8638 2650 2595 399 5988 169 823 757 548 387
is_linear=0
shrinkage=0.05


Tree=38
num_leaves=15
num_cat=0
split_feature=71 84 84 29 70 84 41 46 83 58 47 81 47 30
split_gain=16086.4 14792.7 14087.9 11990.9 8529.38 14441.4 15124.6 10126.2 10733.3 9940.86 10442.6 10379.4 9273.43 9243.39
threshold=1.7624999999999995 303.76010700000006 42.523274000000008 16.025000000000002 8.0129088345045254 100.45845300000002 82.625000000000014 91.427083333333357 133.99193100000005 -0.214467500000012 79.860677083333357 1.0000000180025095e-35 76.490885416666671 22.712500000000002
decision_type=2 2 2 2 2 2 2 2 2 2 2 2 2 2
left_child=1 3 -2 -1 7 -6 -7 8 -5 10 -8 -11 -13 -10
right_child=2 -3 -4 4 5 6 9 -9 13 11 -12 12 -14 -15
leaf_value=-0.59377783930048034 0.0046590243950575573 -0.96246393059575286 0.22648121663305698 -0.008289837044075184 0.010313505014505037 -0.031872643085610955 -0.76742765280187775 -0.50739741412002637 0.28721410469274222 -0.47594789489668865 0.0009746309811786071 0.32586827940411039 -0.19662408812495707 -0.084915497858810557
leaf_weight=93 1666 42 1254 2159 2504 997 185 82 685 256 58 107 397 220
leaf_count=93 1666 42 1254 2159 2504 997 185 82 685 256 58 107 397 220
internal_value=-9.31121e-05 -0.0376313 0.0999659 -0.0324911 -0.0255909 -0.069709 -0.169852 0.0375731 0.0523186 -0.306838 -0.584771 -0.217321 -0.0852725 0.196758
internal_weight=10705 7785 2920 7743 7650 4504 2000 3146 3064 1003 243 760 504 905
internal_count=10705 7785 2920 7743 7650 4504 2000 3146 3064 1003 243 760 504 905
is_linear=0
shrinkage=0.05


Tree=39
num_leaves=15
num_cat=0
split_feature=84 67 84 70 51 84 84 24 76 69 79 25 36 36
split_gain=15102.3 14466.9 10185.7 7919.87 11623 7653.99 17271.3 15321.3 22539.4 20935.4 17312.3 19951.9 10615.6 16783.1
threshold=282.33339050000006 -0.40748697916666671 99.767267000000018 8.1614393328295396 3.5000000000000004 42.523274000000008 95.689753500000009 280.08090150000004 3.5000000000000004 4.482996427083334 -0.79335334029123528 110.83232094980485 20.748177083333335 21.177473958333337
decision_type=2 2 2 2 2 2 2 2 2 2 2 2 2 2
left_child=1 2 -1 4 -4 -3 -7 8 12 -10 11 -9 -8 -14
right_child=-2 5 3 -5 -6 6 7 10 9 -11 -12 -13 13 -15
leaf_value=0.0047494762914672773 -0.39911719673726681 0.0027028941318693461 0.13728121998445952 -0.23148532875421199 -0.36897951033571441 0.42254613810877262 -0.22398864517071801 0.71670997172565309 -0.82393417487574094 0.0045718025434517157 0.079718561660221177 -0.29119827244125429 0.56751961705393228 0.043457997495464057
leaf_weight=2175 231 3443 407 1174 156 388 267 258 153 151 681 60 180 981
leaf_count=2175 231 3443 407 1174 156 388 267 258 153 151 681 60 180 981
internal_value=-0.000101408 0.00873599 -0.0673599 -0.157603 -0.00340256 0.0541047 0.110827 0.0664018 -0.0235563 -0.413741 0.222233 0.526222 0.0597396 0.125126
internal_weight=10705 10474 3912 1737 563 6562 3119 2731 1732 304 999 318 1428 1161
internal_count=10705 10474 3912 1737 563 6562 3119 2731 1732 304 999 318 1428 1161
is_linear=0
shrinkage=0.05


Tree=40
num_leaves=15
num_cat=0
split_feature=84 71 84 84 30 49 24 79 25 47 24 69 47 69
split_gain=14082.8 12723.5 14702 9949.59 9957.56 9727.8 7816.46 15583.4 25026.9 8557.85 13144.1 14408.1 8457.1 8237.82
threshold=292.35207400000007 -2.0124999999999988 81.617065000000011 182.38804150000001 16.862500000000004 1.5000000000000002 280.08090150000004 -0.60876142900872077 110.83232094980485 70.266927083333357 296.45735250000007 2.402247156250001 77.040364583333357 16.123967609375004
decision_type=2 2 2 2 2 2 2 2 2 2 2 2 2 2
left_child=1 2 -1 5 -5 -4 -3 8 9 -8 11 -11 -12 -10
right_child=-2 6 3 4 -6 -7 7 -9 13 10 12 -13 -14 -15
leaf_value=0.0069784113675099239 -0.57355629498103888 0.005300768118631425 -0.055106354284454401 -0.77187994289398199 -0.034762786439027298 -0.55124031900237491 0.69633430126239548 0.031938152584855613 -0.74205689549978293 0.3658348307126601 1.2631292737861897 -0.51702550882878506 0.26564885937586064 0.031660403650667933
leaf_weight=1610 105 5577 141 49 549 331 239 1667 55 139 46 68 40 89
leaf_count=1610 105 5577 141 49 549 331 239 1667 55 139 46 68 40 89
internal_value=-9.80164e-05 0.00563603 -0.0885148 -0.232073 -0.0963498 -0.403461 0.0375023 0.114116 0.316418 0.474524 0.291839 0.0747217 0.807571 -0.266936
internal_weight=10705 10600 2680 1070 598 472 7920 2343 676 532 293 207 86 144
internal_count=10705 10600 2680 1070 598 472 7920 2343 676 532 293 207 86 144
is_linear=0
shrinkage=0.05


Tree=41
num_leaves=15
num_cat=0
split_feature=73 84 65 8 36 84 76 17 84 35 22 22 84 47
split_gain=13210.8 11365.3 16355.3 16636.9 13086.7 12520.9 10772.8 10739.1 10647.4 9788.69 11064.3 12545 12768.4 10865.6
threshold=0.37500000000000006 94.590699000000015 1.5622008333333339 70.619905000000017 24.459765625000006 224.68805500000005 4.5000000000000009 1.0781840591110191e-06 303.76010700000006 19.101041666666671 146.76454146875002 137.21175876562504 177.68268750000001 68.585937500000014
decision_type=2 2 2 2 2 2 2 2 2 2 2 2 2 2
left_child=7 -2 3 6 -4 -5 8 9 -3 -1 11 12 -11 -13
right_child=1 2 4 5 -6 -7 -8 -9 -10 10 -12 13 -14 -15
leaf_value=-0.43657931349317858 0.010569431056163226 -0.032851667586134718 0.61658313645691176 -0.33622090219212347 -0.17915406482087243 -1.090937770288142 -0.46585382137509346 0.016931826528510437 -0.85045538935356024 -0.057539152205456051 -0.1046995510619186 1.1255030672997237 0.37780369386051982 0.37929428633880108
leaf_weight=59 2719 1388 121 450 89 62 180 4473 40 299 213 71 384 157
leaf_count=59 2719 1388 121 450 89 62 180 4473 40 299 213 71 384 157
internal_value=-9.58185e-05 -0.0588784 -0.13989 -0.181605 0.280091 -0.429561 -0.102436 0.0523793 -0.0563328 0.186281 0.219335 0.295129 0.187416 0.615566
internal_weight=10705 5049 2330 2120 210 512 1608 5656 1428 1183 1124 911 683 228
internal_count=10705 5049 2330 2120 210 512 1608 5656 1428 1183 1124 911 683 228
is_linear=0
shrinkage=0.05


Tree=42
num_leaves=15
num_cat=0
split_feature=84 24 69 69 84 84 46 47 79 25 36 69 31 24
split_gain=12505.3 12434.4 16880.1 10382.6 14303.5 16135.6 9903.11 12229.8 9857.17 22579.8 9780.79 9348.65 8650 10863.6
threshold=275.36804450000005 280.08090150000004 -14.27211109375 -11.581825156249996 81.617065000000011 179.65985950000001 81.380208333333357 76.152343750000014 -0.55557023301960229 110.83232094980485 24.045572916666668 13.489907265625002 23.062500000000004 283.25600400000002
decision_type=2 2 2 2 2 2 2 2 2 2 2 2 2 2
left_child=1 3 -3 4 -1 -6 -7 -8 9 10 -4 -11 -12 -14
right_child=-2 2 8 -5 5 6 7 -9 -10 11 12 -13 13 -15
leaf_value=0.0080885287862414289 -0.2605023273861044 0.96410108932426997 0.15448837236472174 0.011092247415997493 -0.54002394830555533 0.26616690967204998 -0.88374878048896799 -0.1034063082095535 0.023574903428268471 -0.85478437527710094 1.1698476512642468 -0.031858298327710671 0.92536138364497367 0.24273610755016928
leaf_weight=937 441 55 255 5867 342 137 59 310 1814 48 50 117 84 189
leaf_count=937 441 55 255 5867 342 137 59 310 1814 48 50 117 84 189
internal_value=-9.58268e-05 0.011117 0.105289 -0.0210382 -0.126593 -0.275243 -0.0955686 -0.230228 0.0864471 0.239708 0.386851 -0.274962 0.569252 0.455385
internal_weight=10705 10264 2612 7652 1785 848 506 369 2557 743 578 165 323 273
internal_count=10705 10264 2612 7652 1785 848 506 369 2557 743 578 165 323 273
is_linear=0
shrinkage=0.05


Tree=43
num_leaves=15
num_cat=0
split_feature=84 35 84 69 47 36 36 30 36 36 71 84 35 47
split_gain=11512.2 10856.2 8359.42 9000.93 9270.5 6944.54 7659.89 6535.8 9531.72 12240.6 6093.6 10842.5 8590.17 12951.9
threshold=303.76010700000006 19.946354166666669 84.775400500000018 -13.065936541666668 81.669270833333357 18.395963541666671 19.638802083333335 19.162500000000005 21.502343750000005 20.795963541666669 1.7624999999999995 42.523274000000008 22.655208333333338 69.141927083333357
decision_type=2 2 2 2 2 2 2 2 2 2 2 2 2 2
left_child=1 2 -1 4 -4 -5 -7 -8 9 -9 -3 -12 13 -13
right_child=-2 10 3 5 -6 6 7 8 -10 -11 11 12 -14 -15
leaf_value=0.029277660448634609 -0.81655928398980659 -0.0018881497295877743 -0.62681566278267775 -0.58446562895134313 -0.11939278536859682 0.34400462545676247 -0.27620001803978778 -0.13838389172179935 -0.29172345816145001 0.57486339707450929 0.0021758627179564003 1.0675684471229283 0.095320070708782789 0.26799379410425128
leaf_weight=758 42 5811 193 66 169 104 330 119 145 120 1616 57 763 412
leaf_count=758 42 5811 193 66 169 104 330 119 145 120 1616 57 763 412
internal_value=-8.59397e-05 0.0032063 -0.101635 -0.181234 -0.390906 -0.0950284 -0.0548729 -0.113373 0.0269111 0.220635 0.0274791 0.0873792 0.199047 0.367235
internal_weight=10705 10663 2004 1246 362 884 818 714 384 239 8659 2848 1232 469
internal_count=10705 10663 2004 1246 362 884 818 714 384 239 8659 2848 1232 469
is_linear=0
shrinkage=0.05


Tree=44
num_leaves=15
num_cat=0
split_feature=84 67 84 84 24 76 69 79 25 70 36 36 36 31
split_gain=10750 11094.6 7562.42 12957.8 14389.6 19003.4 16988.1 12838.4 11969.4 9470.22 8645.6 12145.5 12136.4 13773.8
threshold=275.36804450000005 -0.40748697916666671 42.523274000000008 95.689753500000009 280.08090150000004 3.5000000000000004 4.482996427083334 -0.79335334029123528 110.83232094980485 21.618102480494496 20.748177083333335 21.177473958333337 22.709635416666668 22.562500000000004
decision_type=2 2 2 2 2 2 2 2 2 2 2 2 2 2
left_child=1 -1 -3 -4 5 9 -7 8 -6 10 -5 -12 -13 -14
right_child=-2 2 3 4 7 6 -8 -9 -10 -11 11 12 13 -15
leaf_value=-0.056539371234874417 -0.2415239160804592 0.00036637277460890161 0.3783358660303619 -0.18746188222629648 0.62982023856893654 -0.75981452021022777 -0.0072396074813839643 0.095076274215294937 -0.19258825977643332 -0.58891485661820131 0.52373638070245698 -0.17150293758525384 0.8353971756123878 0.11259557393992328
leaf_weight=3867 441 3443 388 233 255 148 151 636 53 53 178 322 76 461
leaf_count=3867 441 3443 388 233 255 148 151 636 53 53 178 322 76 461
internal_value=-8.38579e-05 0.0103123 0.0507268 0.109404 0.0686076 -0.0217389 -0.381043 0.223701 0.488137 0.0596908 0.0872006 0.149035 0.0708713 0.216254
internal_weight=10705 10264 6397 2954 2566 1622 299 944 308 1323 1270 1037 859 537
internal_count=10705 10264 6397 2954 2566 1622 299 944 308 1323 1270 1037 859 537
is_linear=0
shrinkage=0.05


Tree=45
num_leaves=15
num_cat=0
split_feature=84 35 84 69 47 36 36 30 36 36 21 21 46 55
split_gain=10134.7 9439.1 7267.76 7765.46 8293.8 6139.88 6954 5765.52 8166.83 10588 5674.69 10567.3 8349.74 11025.5
threshold=299.97504500000008 19.946354166666669 84.775400500000018 -13.065936541666668 81.669270833333357 18.395963541666671 19.638802083333335 19.162500000000005 21.502343750000005 20.666406250000005 1.4402954876835646e-05 9.1621876858736614e-06 75.963541666666671 -0.22252093395631442
decision_type=2 2 2 2 2 2 2 2 2 2 2 2 2 2
left_child=1 2 -1 4 -4 -5 -7 -8 9 -9 11 -3 13 -13
right_child=-2 10 3 5 -6 6 7 8 -10 -11 -12 12 -14 -15
leaf_value=0.028021911748719305 -0.62738889806205411 0.0126878697299532 -0.58614297230372725 -0.5483993830075905 -0.10625017251600238 0.32961383395961352 -0.25910887295208601 -0.21072149080957506 -0.26936197365595871 0.46927243208347946 0.0090665682013955553 1.2783185089959039 0.17618396385815382 0.31972727255469707
leaf_weight=758 63 836 193 66 169 104 330 93 145 146 7306 44 359 93
leaf_count=758 63 836 193 66 169 104 330 93 145 146 7306 44 359 93
internal_value=-7.7938e-05 0.0036943 -0.0940427 -0.168263 -0.363015 -0.088192 -0.0504361 -0.106177 0.0255802 0.204897 0.0263774 0.121249 0.303833 0.634628
internal_weight=10705 10642 2004 1246 362 884 818 714 384 239 8638 1332 496 137
internal_count=10705 10642 2004 1246 362 884 818 714 384 239 8638 1332 496 137
is_linear=0
shrinkage=0.05


Tree=46
num_leaves=15
num_cat=0
split_feature=73 52 51 70 84 24 24 47 22 73 69 84 56 24
split_gain=9743.79 9106.21 11032.7 10704.6 10432.3 9476.54 13499.7 9805.78 9429.08 14718 8544.3 8535.02 17210.6 9542.41
threshold=1.0000000180025095e-35 0.25881904510252091 3.5000000000000004 21.618102480494496 248.28803400000001 285.09337800000009 266.28453700000006 66.059895833333357 35.903667541666671 -0.37499999999999994 13.932436000000003 114.75245900000002 -1.0000000180025095e-35 283.32550850000001
decision_type=2 2 2 2 2 2 2 2 2 2 2 2 2 2
left_child=1 -1 3 5 -4 6 8 -7 9 -3 -8 -2 -13 -14
right_child=11 2 4 -5 -6 7 10 -9 -10 -11 -12 12 13 -15
leaf_value=-0.0087179792304820213 0.004037246568183178 0.65595930799289992 0.063528844653842745 -0.17448426127635144 -0.39828322006634881 0.45842288060830189 0.36285042815845725 -0.26309848795073076 -0.062845433830237676 -0.3040076047704931 0.95224190104533646 -0.38315957761118691 -0.11302134545527459 0.17940550913783632
leaf_weight=3261 2995 134 456 184 166 64 700 170 354 56 67 500 1239 359
leaf_count=3261 2995 134 456 184 166 64 700 170 354 56 67 500 1239 359
internal_value=-7.39684e-05 0.0453654 0.120355 0.185292 -0.0601615 0.228224 0.280508 -0.0646483 0.089754 0.372911 0.415509 -0.0501429 -0.127453 -0.0472548
internal_weight=10705 5612 2351 1729 622 1545 1311 234 544 190 767 5093 2098 1598
internal_count=10705 5612 2351 1729 622 1545 1311 234 544 190 767 5093 2098 1598
is_linear=0
shrinkage=0.05


Tree=47
num_leaves=15
num_cat=0
split_feature=84 24 69 84 76 70 7 69 22 12 30 17 45 70
split_gain=9360.54 8366.39 15293.4 9589.87 19925.3 16399.6 13491.7 10842.9 13100.4 10092.7 9586.11 9528.64 14976.9 7232.11
threshold=303.76010700000006 280.08090150000004 -14.27211109375 94.590699000000015 3.5000000000000004 15.02453855844171 263.35991450000006 4.482996427083334 131.20599068750002 123.68183300000001 19.762500000000003 1.1692635583363182e-06 83.135416666666671 10.751727581016356
decision_type=2 2 2 2 2 2 2 2 2 2 2 2 2 2
left_child=1 3 -3 6 5 10 -1 8 13 -7 -5 12 -12 -6
right_child=-2 2 -4 4 7 9 -8 -9 -10 -11 11 -13 -14 -15
leaf_value=0.016094614295990111 -0.73629394365951084 0.89632960004465922 0.061351668244623847 -0.15856268742157797 0.24850818940321917 -0.11100613082622578 0.87679607958897299 0.0078202055767178542 -0.74409384750402896 -0.53356816506913984 0.55347247538251843 0.0053851971592548866 0.041803638790936577 -0.37337372090986798
leaf_weight=4468 42 55 2666 490 63 422 45 163 220 212 244 1097 344 174
leaf_count=4468 42 55 2666 490 63 422 45 163 220 212 244 1097 344 174
internal_value=-6.57453e-05 0.00290292 0.0785523 -0.0230219 -0.0860414 -0.0293679 0.0248692 -0.342348 -0.466988 -0.252922 0.0358831 0.0924887 0.254708 -0.207714
internal_weight=10705 10663 2721 7942 3429 2809 4513 620 457 634 2175 1685 588 237
internal_count=10705 10663 2721 7942 3429 2809 4513 620 457 634 2175 1685 588 237
is_linear=0
shrinkage=0.05


Tree=48
num_leaves=15
num_cat=0
split_feature=84 67 84 25 47 7 70 51 80 84 84 56 63 31
split_gain=8826.8 7779.88 5537.39 5716.76 6753.32 11657 6545.66 6648.15 6233.81 5132.67 11924.3 10226.4 8391.35 8248.35
threshold=282.33339050000006 -0.40748697916666671 99.767267000000018 109.03423916388498 69.231770833333357 134.71279850000002 15.105780810542793 2.5000000000000004 -0.58216583101416131 42.523274000000008 95.689753500000009 25.342195999999998 16.769705500000011 21.862500000000004
decision_type=2 2 2 2 2 2 2 2 2 2 2 2 2 2
left_child=1 2 -1 4 5 -4 7 -6 -8 -3 -11 12 13 -12
right_child=-2 9 3 -5 6 -7 8 -9 -10 10 11 -13 -14 -15
leaf_value=0.0040583628423037765 -0.30511198056026778 -0.0021271986932445645 0.94409901092692117 -0.55199639141145684 0.1400683567043611 -0.23000091354955329 -0.092610616603199011 -0.13152053363544688 -0.43601841916801132 0.34542209421383857 -0.15093112175108017 0.51958252148585282 -0.37191167088345656 0.090637259179347479
leaf_weight=2175 231 3443 40 71 325 43 267 729 262 388 425 110 123 2073
leaf_count=2175 231 3443 40 71 325 43 267 729 262 388 425 110 123 2073
internal_value=-6.22216e-05 0.00669402 -0.0491094 -0.115648 -0.096732 0.340334 -0.119849 -0.0477229 -0.263193 0.0399642 0.0864137 0.0495028 0.0295835 0.0494938
internal_weight=10705 10474 3912 1737 1666 83 1583 1054 529 6562 3119 2731 2621 2498
internal_count=10705 10474 3912 1737 1666 83 1583 1054 529 6562 3119 2731 2621 2498
is_linear=0
shrinkage=0.05


end of trees

feature_importances:
consumo_alvo_semana_anterior=169
temperatura_externa_c_diferenca_semana_atual=73
temperatura_externa_c_media_1440m=51
correcao_semanal_media_1440m=51
consumo_max_1440m=45
umidade_relativa_pct_media_1440m=35
correcao_semanal_std_1440m=23
consumo_mean_1440m=18
consumo_diferenca_dia_atual=18
temperatura_externa_c_media_360m=15
origem_mes=15
consumo_std_1440m=14
temperatura_externa_c_lag_360m=14
temperatura_externa_c_lag_720m=8
umidade_relativa_pct_diferenca_semana_atual=8
consumo_max_60m=7
consumo_std_180m=7
umidade_relativa_pct_media_360m=7
origem_dia_semana=7
correcao_semanal_media_60m=7
alvo_hora_sin=7
consumo_lag_360m=6
consumo_lag_1440m=6
correcao_semanal_media_360m=6
alvo_dia_semana=6
consumo_lag_720m=5
umidade_relativa_pct_lag_1440m=5
umidade_relativa_pct_media_180m=5
origem_hora_sin=5
consumo_diferenca_semana_atual=5
consumo_alvo_dia_anterior=5
consumo_std_360m=4
temperatura_externa_c_atual=3
temperatura_externa_c_lag_180m=3
temperatura_externa_c_lag_1440m=3
temperatura_externa_c_media_180m=3
correcao_semanal_media_180m=3
umidade_relativa_pct_lag_360m=2
correcao_semanal_std_360m=2
consumo_lag_30m=1
consumo_max_360m=1
temperatura_externa_c_lag_15m=1
temperatura_externa_c_media_60m=1
origem_semana_sin=1
origem_semana_cos=1
correcao_semanal_std_180m=1
alvo_hora=1
alvo_hora_cos=1
alvo_semana_sin=1

parameters:
[boosting: gbdt]
[objective: regression]
[metric: l1]
[tree_learner: serial]
[device_type: cpu]
[data_sample_strategy: bagging]
[data: ]
[valid: ]
[num_iterations: 400]
[learning_rate: 0.05]
[num_leaves: 15]
[num_threads: 2]
[seed: 20260905]
[deterministic: 1]
[force_col_wise: 1]
[force_row_wise: 0]
[histogram_pool_size: -1]
[max_depth: -1]
[min_data_in_leaf: 40]
[min_sum_hessian_in_leaf: 0.001]
[bagging_fraction: 1]
[pos_bagging_fraction: 1]
[neg_bagging_fraction: 1]
[bagging_freq: 0]
[bagging_seed: 23218]
[bagging_by_query: 0]
[feature_fraction: 1]
[feature_fraction_bynode: 1]
[feature_fraction_seed: 28090]
[extra_trees: 0]
[extra_seed: 14360]
[early_stopping_round: 0]
[early_stopping_min_delta: 0]
[first_metric_only: 0]
[max_delta_step: 0]
[lambda_l1: 0]
[lambda_l2: 1]
[linear_lambda: 0]
[min_gain_to_split: 0]
[drop_rate: 0.1]
[max_drop: 50]
[skip_drop: 0.5]
[xgboost_dart_mode: 0]
[uniform_drop: 0]
[drop_seed: 16970]
[top_rate: 0.2]
[other_rate: 0.1]
[min_data_per_group: 100]
[max_cat_threshold: 32]
[cat_l2: 10]
[cat_smooth: 10]
[max_cat_to_onehot: 4]
[top_k: 20]
[monotone_constraints: ]
[monotone_constraints_method: basic]
[monotone_penalty: 0]
[feature_contri: ]
[forcedsplits_filename: ]
[refit_decay_rate: 0.9]
[cegb_tradeoff: 1]
[cegb_penalty_split: 0]
[cegb_penalty_feature_lazy: ]
[cegb_penalty_feature_coupled: ]
[path_smooth: 0]
[interaction_constraints: ]
[verbosity: -1]
[saved_feature_importance_type: 0]
[use_quantized_grad: 0]
[num_grad_quant_bins: 4]
[quant_train_renew_leaf: 0]
[stochastic_rounding: 1]
[linear_tree: 0]
[max_bin: 255]
[max_bin_by_feature: ]
[min_data_in_bin: 3]
[bin_construct_sample_cnt: 200000]
[data_random_seed: 5037]
[is_enable_sparse: 1]
[enable_bundle: 1]
[use_missing: 1]
[zero_as_missing: 0]
[feature_pre_filter: 1]
[pre_partition: 0]
[two_round: 0]
[header: 0]
[label_column: ]
[weight_column: ]
[group_column: ]
[ignore_column: ]
[categorical_feature: ]
[forcedbins_filename: ]
[precise_float_parser: 0]
[parser_config_file: ]
[objective_seed: 15411]
[num_class: 1]
[is_unbalance: 0]
[scale_pos_weight: 1]
[sigmoid: 1]
[boost_from_average: 1]
[reg_sqrt: 0]
[alpha: 0.9]
[fair_c: 1]
[poisson_max_delta_step: 0.7]
[tweedie_variance_power: 1.5]
[lambdarank_truncation_level: 30]
[lambdarank_norm: 1]
[label_gain: ]
[lambdarank_position_bias_regularization: 0]
[eval_at: ]
[multi_error_top_k: 1]
[auc_mu_weights: ]
[num_machines: 1]
[local_listen_port: 12400]
[time_out: 120]
[machine_list_filename: ]
[machines: ]
[gpu_platform_id: -1]
[gpu_device_id: -1]
[gpu_device_id_list: ]
[gpu_use_dp: 0]
[num_gpu: 1]

end of parameters

pandas_categorical:[]
