tree
version=v4
num_class=1
num_tree_per_iteration=1
label_index=0
max_feature_idx=84
objective=regression
feature_names=consumo_atual_kw consumo_lag_15m consumo_lag_30m consumo_lag_60m consumo_lag_120m consumo_lag_180m consumo_lag_360m consumo_lag_720m consumo_lag_1440m consumo_lag_10080m consumo_mean_60m consumo_min_60m consumo_max_60m consumo_std_60m consumo_mean_180m consumo_min_180m consumo_max_180m consumo_std_180m consumo_mean_360m consumo_min_360m consumo_max_360m consumo_std_360m consumo_mean_1440m consumo_min_1440m consumo_max_1440m consumo_std_1440m temperatura_externa_c_atual temperatura_externa_c_lag_15m temperatura_externa_c_lag_60m temperatura_externa_c_lag_180m temperatura_externa_c_lag_360m temperatura_externa_c_lag_720m temperatura_externa_c_lag_1440m temperatura_externa_c_media_60m temperatura_externa_c_media_180m temperatura_externa_c_media_360m temperatura_externa_c_media_1440m umidade_relativa_pct_atual umidade_relativa_pct_lag_15m umidade_relativa_pct_lag_60m umidade_relativa_pct_lag_180m umidade_relativa_pct_lag_360m umidade_relativa_pct_lag_720m umidade_relativa_pct_lag_1440m umidade_relativa_pct_media_60m umidade_relativa_pct_media_180m umidade_relativa_pct_media_360m umidade_relativa_pct_media_1440m origem_hora origem_dia_semana origem_fim_de_semana origem_mes origem_hora_sin origem_hora_cos origem_semana_sin origem_semana_cos consumo_diferenca_semana_atual consumo_razao_semana_atual consumo_diferenca_dia_atual tendencia_consumo_15m tendencia_consumo_60m tendencia_consumo_180m tendencia_consumo_360m correcao_semanal_media_60m correcao_semanal_std_60m correcao_semanal_media_180m correcao_semanal_std_180m correcao_semanal_media_360m correcao_semanal_std_360m correcao_semanal_media_1440m correcao_semanal_std_1440m temperatura_externa_c_diferenca_semana_atual temperatura_externa_c_tendencia_1h umidade_relativa_pct_diferenca_semana_atual umidade_relativa_pct_tendencia_1h alvo_hora alvo_dia_semana alvo_fim_de_semana alvo_mes alvo_hora_sin alvo_hora_cos alvo_semana_sin alvo_semana_cos consumo_alvo_dia_anterior consumo_alvo_semana_anterior
feature_infos=[22.399999999999999:324.71375799999998] [22.399999999999999:324.71375799999998] [22.399999999999999:324.71375799999998] [22.399999999999999:324.71375799999998] [22.399999999999999:324.71375799999998] [22.399999999999999:324.71375799999998] [22.399999999999999:324.71375799999998] [22.399999999999999:324.71375799999998] [22.399999999999999:324.71375799999998] [22.399999999999999:324.71375799999998] [22.399999999999999:321.24876725000001] [22.399999999999999:318.278571] [22.399999999999999:324.71375799999998] [0:82.540869055199337] [22.399999999999999:313.28577408333337] [22.399999999999999:302.53573799999998] [22.399999999999999:324.71375799999998] [0:92.970139865692389] [22.399999999999999:295.13563500000004] [22.399999999999999:249.29458700000001] [22.399999999999999:324.71375799999998] [0:116.53386463160022] [23.200000000000003:159.49963871874999] none [25.600000000000001:324.71375799999998] [1.3929144002343703:128.71471884334804] [15:33.700000000000003] [15:33.700000000000003] [15:33.700000000000003] [15:33.700000000000003] [15:33.700000000000003] [15:33.700000000000003] [15:33.700000000000003] [15:33.4375] [15:32.71875] [15.333333333333334:31.620833333333334] [16.439843749999998:27.283072916666669] [31:98] [31:98] [31:98] [31:98] [31:98] [31:98] [31:98] [32.5:95.625] [33.666666666666664:95.083333333333329] [37.041666666666664:94] [59.309895833333336:91.638020833333329] [0:23.75] [0:6] [0:1] [1:4] [-1:1] [-1:1] [-0.97492791218182362:0.97492791218182362] [-0.90096886790241903:1] [-72.635950000000008:77.445233000000002] [0.43630911779503978:2.09406877563422] [-291.363968:296.779246] [-121.30707899999999:153.05878799999999] [-124.27709300000001:153.05878799999999] [-180.63157299999997:268.16051600000003] [-299.363968:299.97924600000005] [-70.384351250000009:75.467424499999993] [0:44.359338508129341] [-67.777903583333341:70.921986416666655] [0:38.631403568061003] [-64.848194500000005:62.415354583333333] [0:37.083675449251288] [-34.945017510416669:27.905951093750001] [0:30.68446053870321] [-12:11.5] [-8:4.8000000000000007] [-49:48] [-30:40] [0:23.75] [0:6] [0:1] [1:4] [-1:1] [-1:1] [-0.97492791218182362:0.97492791218182362] [-0.90096886790241903:1] [22.399999999999999:324.71375799999998] [22.399999999999999:324.71375799999998]
tree_sizes=1421 1428 1433 1434 1434 1427 1430 1433 1425 1433 1442 1419 1437 1440 1437 1447 1439 1450 1431 1433 1443 1445 1438 1448 1436 1451 1446 1438 1443 1456 1448 1450 1445 1440 1452 1460

Tree=0
num_leaves=15
num_cat=0
split_feature=71 84 71 84 71 69 84 84 83 69 58 63 51 69
split_gain=595840 445260 336744 234527 224794 74286 66956.1 65155.5 50980 44634.4 37098.1 35988.7 31998.6 28926.8
threshold=-1.0000000180025095e-35 103.26667750000001 -2.5124999999999988 42.523274000000008 2.212499999999999 -26.30091713020833 290.2148160000001 273.90393550000005 257.68170650000008 -0.18351217708333298 -10.845522500000007 23.254554000000009 3.5000000000000004 11.840655182291668
decision_type=2 2 2 2 2 2 2 2 2 2 2 2 2 2
left_child=1 -1 5 -2 7 -3 10 9 -7 12 -4 13 -5 -6
right_child=3 2 6 4 11 8 -8 -9 -10 -11 -12 -13 -14 -15
leaf_value=-1.0250210386995591 -1.0203673932109953 -3.5306507976740491 -2.2504051146442743 -0.6805256333282923 -0.24128867033175061 -2.5852925499182442 -3.0040002006466793 -1.7994009209578747 -1.1147813452535396 -0.39379031295436173 -1.3472282926650541 0.8791308625135803 -1.4365429355182324 0.37541892487803863
leaf_weight=2944 2703 208 123 387 353 637 69 127 65 870 1389 185 218 427
leaf_count=2944 2703 208 123 387 353 637 69 127 65 870 1389 185 218 427
internal_value=-1.07405 -1.44134 -1.93319 -0.695264 -0.35309 -2.69896 -1.49167 -0.716618 -2.44939 -0.622961 -1.42143 0.249409 -0.95309 0.0977428
internal_weight=10705 5435 2491 5270 2567 910 1581 1602 702 1475 1512 965 605 780
internal_count=10705 5435 2491 5270 2567 910 1581 1602 702 1475 1512 965 605 780
is_linear=0
shrinkage=1


Tree=1
num_leaves=15
num_cat=0
split_feature=71 84 71 84 71 24 84 84 69 58 63 83 24 69
split_gain=537910 401986 303972 211715 202974 68435.7 60765.4 60714.7 47402.2 33832.1 32513.4 32171.8 28157.7 26594.3
threshold=-1.0000000180025095e-35 103.26667750000001 -2.5124999999999988 42.523274000000008 2.212499999999999 257.54432450000007 282.33339050000006 287.58038500000004 -0.18351217708333298 -10.845522500000007 23.254554000000009 252.73851850000003 281.72766850000005 -26.462434338541666
decision_type=2 2 2 2 2 2 2 2 2 2 2 2 2 2
left_child=1 -1 5 -2 6 13 8 9 12 -4 -6 -7 -5 -3
right_child=3 2 7 4 10 11 -8 -9 -10 -11 -12 -13 -14 -15
leaf_value=0.046578378794502932 0.050999501457757501 -2.4172729654745626 -1.1180117176665414 -0.13348146682518697 1.1133493015915872 -1.2724965436133089 -1.4135021135210992 -1.7667515897131587 0.6324693029375561 -0.2553462475920581 1.8560468507069414 -0.17047787713394924 0.58034399620997601 -1.6499737985472642
leaf_weight=2944 2703 175 123 473 780 281 47 76 888 1382 185 87 194 367
leaf_count=2944 2703 175 123 473 780 281 47 76 888 1382 185 87 194 367
internal_value=-1.43093e-05 -0.348992 -0.81633 0.359888 0.684994 -1.54388 0.33956 -0.39685 0.39342 -0.326545 1.25751 -1.01313 0.0746959 -1.90171
internal_weight=10705 5435 2491 5270 2567 910 1602 1581 1555 1505 965 368 667 542
internal_count=10705 5435 2491 5270 2567 910 1602 1581 1555 1505 965 368 667 542
is_linear=0
shrinkage=0.05


Tree=2
num_leaves=15
num_cat=0
split_feature=71 84 71 84 71 24 84 84 31 42 69 25 8 58
split_gain=485614 362946 274437 191104 183253 61789.4 55663.2 55558.5 35117.5 37142.7 30978.1 32890.5 30529 29855.7
threshold=-1.0000000180025095e-35 103.26667750000001 -2.5124999999999988 42.523274000000008 2.212499999999999 257.54432450000007 270.38757000000004 292.35207400000007 21.012500000000003 68.875000000000014 11.840655182291668 103.83785543165358 200.46031700000003 -11.200341999999997
decision_type=2 2 2 2 2 2 2 2 2 2 2 2 2 2
left_child=1 -1 5 -2 6 -3 8 13 -5 -10 11 -6 -7 -4
right_child=3 2 7 4 10 12 -8 -9 9 -11 -12 -13 -14 -15
leaf_value=0.044250250167018897 0.048450471364931601 -1.8070022538532442 -1.0679448690356279 -0.036045545346657687 1.1680500104427338 -0.57426085602837029 -0.4887371555488696 -1.9389635822989726 0.25479701994891474 0.83697000618166317 1.451256153568989 0.22390336991460236 -1.5012050599827396 -0.25503778302456503
leaf_weight=2944 2703 542 122 315 299 215 186 54 520 581 532 134 153 1405
leaf_count=2944 2703 542 122 315 299 215 186 54 520 581 532 134 153 1405
internal_value=-4.1228e-05 -0.331622 -0.775687 0.341919 0.650796 -1.46699 0.322571 -0.377107 0.429411 0.562492 1.19478 0.877055 -0.962672 -0.320642
internal_weight=10705 5435 2491 5270 2567 910 1602 1581 1416 1101 965 433 368 1527
internal_count=10705 5435 2491 5270 2567 910 1602 1581 1416 1101 965 433 368 1527
is_linear=0
shrinkage=0.05


Tree=3
num_leaves=15
num_cat=0
split_feature=71 84 71 84 71 83 84 69 84 69 63 65 51 7
split_gain=438401 327680 249599 172511 165437 68161.5 52332.1 52163.5 45320.4 40703.8 28856.1 26688.8 26031.1 23646.5
threshold=-1.0000000180025095e-35 103.26667750000001 -2.1374999999999988 42.523274000000008 2.212499999999999 257.68170650000008 282.33339050000006 -14.046401536458331 292.35207400000007 -0.18351217708333298 23.254554000000009 4.2706661666666674 3.5000000000000004 174.11692250000002
decision_type=2 2 2 2 2 2 2 2 2 2 2 2 2 2
left_child=1 -1 5 -2 6 7 9 -3 11 12 -6 -4 -5 -9
right_child=3 2 8 4 10 -7 -8 13 -10 -11 -12 -13 -14 -15
leaf_value=0.042038489223437323 0.046028840790927061 -1.9030098507422526 -0.30577523647975657 0.30736212184679812 0.99954125828535401 -0.021300007615770614 -1.3203716089328132 -1.3100325703205065 -1.8300388013323148 0.57796326934907871 1.6986764106699217 0.94582506905902519 -0.33388671431679584 -0.49122068174019984
leaf_weight=2944 2703 392 1377 411 780 90 47 429 47 888 185 43 256 113
leaf_count=2944 2703 392 1377 411 780 90 47 429 47 888 185 43 256 113
internal_value=-5.61817e-05 -0.315106 -0.737046 0.324855 0.618322 -1.33574 0.30646 -1.46224 -0.318518 0.356448 1.13519 -0.267236 0.0611142 -1.14054
internal_weight=10705 5435 2491 5270 2567 1024 1602 934 1467 1555 965 1420 667 542
internal_count=10705 5435 2491 5270 2567 1024 1602 934 1467 1555 965 1420 667 542
is_linear=0
shrinkage=0.05


Tree=4
num_leaves=15
num_cat=0
split_feature=71 84 71 84 71 24 84 8 69 69 25 84 31 42
split_gain=397623 286861 262224 191335 108676 63638.8 57832.2 49608.2 28088.4 27956.7 29193.5 26945.6 26793.8 32360.7
threshold=1.0000000180025095e-35 101.19925800000001 -2.1374999999999988 42.523274000000008 2.212499999999999 264.18653100000006 282.33339050000006 200.46031700000003 -26.462434338541666 11.840655182291668 103.83785543165358 268.65182900000008 21.112500000000004 68.875000000000014
decision_type=2 2 2 2 2 2 2 2 2 2 2 2 2 2
left_child=1 -1 5 -2 11 8 -4 -7 -3 10 -6 12 -5 -14
right_child=3 2 6 4 9 7 -8 -9 -10 -11 -12 -13 13 -15
leaf_value=0.055668873818536226 0.043727132820621128 -2.1091883961090261 -0.19628729144597912 0.0021116216734051708 1.0511759683092436 -0.20826468071669782 -1.3905474704621292 -1.3680742001672934 -1.3620799223846962 1.3220597840069774 0.16214850732573757 -0.2501955795724225 0.25163688227264763 0.87066452635614988
leaf_weight=3148 2528 176 1664 249 299 201 107 170 491 532 134 152 386 468
leaf_count=3148 2528 176 1664 249 299 201 107 170 491 532 134 152 386 468
internal_value=-6.69031e-05 -0.272101 -0.639316 0.341221 0.679817 -1.26995 -0.269186 -0.741963 -1.56208 1.07857 0.777057 0.37259 0.458563 0.591491
internal_weight=10705 5957 2809 4748 2220 1038 1771 371 667 965 433 1255 1103 854
internal_count=10705 5957 2809 4748 2220 1038 1771 371 667 965 433 1255 1103 854
is_linear=0
shrinkage=0.05


Tree=5
num_leaves=15
num_cat=0
split_feature=71 84 71 84 71 84 69 24 69 84 57 83 84 58
split_gain=360575 304901 154569 107811 179807 64019.2 44834.6 39841.5 34741.9 34568 32906.7 30038.9 29225.8 28112.4
threshold=-0.93749999999999989 101.19925800000001 -2.7999999999999985 42.523274000000008 2.0124999999999997 265.65126650000008 -26.30091713020833 281.72766850000005 -1.0046598958333335 287.58038500000004 0.965460606779173 257.68170650000008 292.35207400000007 -7.9983479999999991
decision_type=2 2 2 2 2 2 2 2 2 2 2 2 2 2
left_child=1 -1 6 -2 5 7 -3 8 -5 13 -9 -8 -7 -4
right_child=3 2 9 4 -6 12 11 10 -10 -11 -12 -13 -14 -15
leaf_value=0.03779436264190085 0.041542232706414765 -1.9338807728177025 -1.0171655231422478 -0.15114780332352484 1.0159999557539137 -0.23895711694658908 -1.1885465594211027 0.29533667736584424 0.4014535093967242 -1.5821579812002966 1.0797133341937695 0.052464284637460001 -1.6542640058005729 -0.26825070232252596
leaf_weight=2493 3069 209 142 502 987 336 597 272 654 60 264 53 40 1027
leaf_count=2493 3069 209 142 502 987 336 597 272 654 60 264 53 40 1027
internal_value=-7.81556e-05 -0.335553 -0.781121 0.250884 0.461103 0.195903 -1.29539 0.327038 0.16156 -0.420917 0.682963 -1.08743 -0.39351 -0.360014
internal_weight=10705 4581 2088 6124 3055 2068 859 1692 1156 1229 536 650 376 1169
internal_count=10705 4581 2088 6124 3055 2068 859 1692 1156 1229 536 650 376 1169
is_linear=0
shrinkage=0.05


Tree=6
num_leaves=15
num_cat=0
split_feature=71 84 71 84 69 24 84 20 71 70 22 24 8 36
split_gain=325909 236075 206685 156926 91567.7 52930.4 48310.5 42388.5 36184 34508.4 31970.8 25345.1 27757.8 24774.7
threshold=1.0000000180025095e-35 104.00788000000001 -2.1374999999999988 42.523274000000008 11.840655182291668 264.18653100000006 275.36804450000005 196.34908100000004 3.4000000000000008 8.1032710679429751 148.13106922916668 283.21306650000002 193.74836250000001 25.921354166666671
decision_type=2 2 2 2 2 2 2 2 2 2 2 2 2 2
left_child=1 -1 5 -2 8 -3 -4 -7 9 -5 -6 -11 -13 -12
right_child=3 2 6 4 10 7 -8 -9 -10 11 13 12 -14 -15
leaf_value=0.047080172835340911 0.039465349075962969 -1.417132091855823 -0.15790096391233366 0.50414324854051362 1.3385741786010781 -0.0063658042798271849 -0.97323466338289588 -1.1060632587509223 1.0731192259516331 -0.23477785386450548 0.10867651824893293 -0.044627032982024514 1.39145995172961 1.0693380624445437
leaf_weight=3187 2528 657 1545 820 448 147 205 216 172 371 120 80 57 152
leaf_count=3187 2528 657 1545 820 448 147 205 216 172 371 120 80 57 152
internal_value=-9.81139e-05 -0.246381 -0.583916 0.308884 0.615526 -1.1493 -0.253913 -0.661972 0.392607 0.303728 1.07875 -0.0201326 0.558622 0.647467
internal_weight=10705 5957 2770 4748 2220 1020 1750 363 1500 1328 720 508 137 272
internal_count=10705 5957 2770 4748 2220 1020 1750 363 1500 1328 720 508 137 272
is_linear=0
shrinkage=0.05


Tree=7
num_leaves=15
num_cat=0
split_feature=71 84 71 84 71 84 69 36 84 58 84 56 84 7
split_gain=296915 250056 121011 89016.7 145895 54641.3 39848.9 35156 28811.1 26548.1 26519.3 25387.4 21360.5 21206.7
threshold=-0.93749999999999989 102.77492200000002 -2.7999999999999985 42.523274000000008 2.0124999999999997 264.02500350000008 -14.779579244791664 20.938671875000004 287.58038500000004 -7.9983479999999991 292.35207400000007 24.027735500000016 93.752266000000006 128.33493900000005
decision_type=2 2 2 2 2 2 2 2 2 2 2 2 2 2
left_child=1 -1 6 -2 5 7 -3 -5 9 -4 -7 -6 -9 -8
right_child=3 2 8 4 11 10 13 12 -10 -11 -12 -13 -14 -15
leaf_value=0.031077152835401772 0.037426077559444729 -1.588942023386354 -0.9790699019922432 -0.24524129050200794 0.7875811390730606 -0.20351623315667813 -1.081427370972015 1.0274417452216149 -1.4516439950857007 -0.24656705860351075 -1.5452662049270258 1.417800861732651 0.34192685273275891 -0.35087177184801821
leaf_weight=2510 3069 340 140 245 784 367 373 124 60 1021 40 203 1292 137
leaf_count=2510 3069 340 140 245 784 367 373 124 60 1021 40 203 1292 137
internal_value=-8.55869e-05 -0.304509 -0.711049 0.227648 0.418667 0.179779 -1.16886 0.306987 -0.391645 -0.335663 -0.338848 0.918505 0.402641 -0.886251
internal_weight=10705 4581 2071 6124 3055 2068 850 1661 1221 1161 407 987 1416 510
internal_count=10705 4581 2071 6124 3055 2068 850 1661 1221 1161 407 987 1416 510
is_linear=0
shrinkage=0.05


Tree=8
num_leaves=15
num_cat=0
split_feature=71 84 71 84 71 84 69 24 69 84 57 84 83 63
split_gain=268055 226715 112268 79632.9 132804 49168.8 36841.9 33162.1 28775.4 26356.1 24830.5 24469.2 24202.3 22855.8
threshold=-0.9875000000000006 101.19925800000001 -2.7999999999999985 42.523274000000008 2.212499999999999 263.70710200000008 -26.462434338541666 281.72766850000005 -1.0046598958333335 292.35207400000007 0.965460606779173 290.2148160000001 256.80026200000003 23.254554000000009
decision_type=2 2 2 2 2 2 2 2 2 2 2 2 2 2
left_child=1 -1 6 -2 5 7 -3 8 -5 -4 -9 -7 -8 -6
right_child=3 2 9 4 13 11 12 10 -10 -11 -12 -13 -14 -15
leaf_value=0.031903444496026591 0.035557066822585949 -1.7595937265514654 -0.32186001851627644 -0.14143242247358231 0.76043290534937968 -0.17742477700898523 -1.031914457355493 0.26827361339416644 0.36231912326870058 -1.5834659011558045 0.95312637812739431 -1.4114199913872614 0.069797794818878184 1.3813378644085699
leaf_weight=2480 3080 176 1174 502 780 379 629 259 649 42 272 44 54 185
leaf_count=2480 3080 176 1174 502 780 379 629 259 649 42 272 44 54 185
internal_value=-0.000100216 -0.29079 -0.676296 0.215211 0.39538 0.172548 -1.11362 0.293715 0.14268 -0.366701 0.620215 -0.30881 -0.944835 0.880773
internal_weight=10705 4555 2075 6150 3070 2105 859 1682 1151 1216 531 423 683 965
internal_count=10705 4555 2075 6150 3070 2105 859 1682 1151 1216 531 423 683 965
is_linear=0
shrinkage=0.05


Tree=9
num_leaves=15
num_cat=0
split_feature=71 84 71 84 69 24 84 8 22 71 70 45 36 36
split_gain=243155 176742 152749 117302 73394.4 40290 37686.4 34347.4 26994.2 26805.2 29927.1 22853.8 21097.9 20827.6
threshold=1.0000000180025095e-35 105.86520100000001 -2.1374999999999988 42.523274000000008 11.840655182291668 264.18653100000006 295.90254450000003 201.30429100000001 148.13106922916668 3.4000000000000008 8.0129088345045254 82.989583333333357 25.97291666666667 20.906380208333335
decision_type=2 2 2 2 2 2 2 2 2 2 2 2 2 2
left_child=1 -1 5 -2 9 -3 11 -7 -6 10 13 -4 -10 -5
right_child=3 2 6 4 8 7 -8 -9 12 -11 -12 -13 -14 -15
leaf_value=0.03937483182632158 0.033845146581937123 -1.2290881281043617 0.035180792239323237 -0.28000568201144538 1.1852561127966921 -0.12246602526254424 -1.6193367765304894 -1.1059931063173731 0.068214352494478228 0.918044001217178 -0.031344614556335186 -0.33773433189020241 0.95161389090470827 0.54163235648355279
leaf_weight=3207 2528 653 700 86 448 197 46 161 124 172 539 993 148 703
leaf_count=3207 2528 653 700 86 448 197 46 161 124 172 539 993 148 703
internal_value=-0.000107184 -0.212837 -0.506869 0.266779 0.531896 -0.995299 -0.222503 -0.566627 0.946598 0.332341 0.255848 -0.183616 0.550613 0.451834
internal_weight=10705 5957 2750 4748 2220 1011 1739 358 720 1500 1328 1693 272 789
internal_count=10705 5957 2750 4748 2220 1011 1739 358 720 1500 1328 1693 272 789
is_linear=0
shrinkage=0.05


Tree=10
num_leaves=15
num_cat=0
split_feature=71 84 71 84 71 84 69 69 24 22 69 57 73 58
split_gain=220495 185061 92228.1 66252.4 106623 41833.8 32330.7 31292.2 28721.2 27713 26265.7 25895.3 23603.8 33287.4
threshold=-0.93749999999999989 101.19925800000001 -2.7999999999999985 42.523274000000008 1.9500000000000013 272.69961450000005 -26.462434338541666 11.840655182291668 281.72766850000005 136.98705236979171 -1.0046598958333335 0.965460606779173 1.1250000000000002 -0.214467500000012
decision_type=2 2 2 2 2 2 2 2 2 2 2 2 2 2
left_child=1 -1 6 -2 5 8 -3 9 10 -6 -5 -10 -4 -14
right_child=3 2 12 4 7 -7 -8 -9 11 -11 -12 -13 13 -15
leaf_value=0.028420820226407378 0.03203768120041111 -1.6117205560544119 -0.027632158841624399 -0.19215045544402887 0.68690793530198724 -0.57185308915591737 -0.84882047890102741 0.98407179856352611 0.18849636427116739 -0.061905280941690524 0.28622651686032347 0.90520084541083146 -1.0568594560578202 -0.3073740635038405
leaf_weight=2493 3069 176 421 531 430 193 683 598 276 173 622 232 195 613
leaf_count=2493 3069 176 421 531 430 193 683 598 276 173 622 232 195 613
internal_value=-0.000106273 -0.262444 -0.609574 0.196144 0.360938 0.123062 -1.00682 0.727741 0.204104 0.472327 0.0659403 0.516946 -0.331328 -0.489335
internal_weight=10705 4581 2088 6124 3055 1854 859 1201 1661 603 1153 508 1229 808
internal_count=10705 4581 2088 6124 3055 1854 859 1201 1661 603 1153 508 1229 808
is_linear=0
shrinkage=0.05


Tree=11
num_leaves=15
num_cat=0
split_feature=71 84 71 84 71 84 69 84 51 69 56 70 83 24
split_gain=199071 167779 79671.9 59278.9 97353 39659.6 29931.7 23598.7 23520.7 22445.8 19991.1 19952.4 19348 19337
threshold=-0.9875000000000006 102.77492200000002 -3.3625000000000003 42.523274000000008 2.212499999999999 285.86399050000006 -1.3059802708333337 287.58038500000004 3.5000000000000004 -14.779579244791664 23.29674 14.902992355253215 244.88150150000004 283.25600400000002
decision_type=2 2 2 2 2 2 2 2 2 2 2 2 2 2
left_child=1 -1 9 -2 5 6 8 12 11 -3 -6 -5 -4 -13
right_child=3 2 7 4 10 -7 -8 -9 -10 -11 -12 13 -14 -15
leaf_value=0.025024536212038703 0.030437828417104469 -1.4039712458214861 -0.48852739054054761 0.38671083379131699 0.63563781234357108 -1.1876698184068557 0.3387065586492079 -1.2376890932902311 -0.38527451531379486 -0.77414910616604871 1.1911121412576955 -0.61986636326853506 -0.10647745519664896 0.64173321898390612
leaf_weight=2496 3080 281 870 330 757 53 1246 77 319 295 208 117 536 40
leaf_count=2496 3080 281 870 330 757 53 1246 77 319 295 208 117 536 40
internal_value=-0.000108279 -0.250616 -0.584609 0.185441 0.340889 0.150101 0.185215 -0.390314 -0.052193 -1.08331 0.756476 0.166328 -0.34306 -0.296412
internal_weight=10705 4555 2059 6150 3070 2105 2052 1483 806 576 965 487 1406 157
internal_count=10705 4555 2059 6150 3070 2105 2052 1483 806 576 965 487 1406 157
is_linear=0
shrinkage=0.05


Tree=12
num_leaves=15
num_cat=0
split_feature=71 84 71 84 69 83 84 69 22 24 30 63 47 36
split_gain=180410 132357 114427 87117.6 56415.3 33883 31705 28140.8 23164.4 22238.6 26428.2 22949.1 18212.2 17824.3
threshold=1.0000000180025095e-35 105.86520100000001 -2.1374999999999988 42.523274000000008 11.840655182291668 257.68170650000008 275.36804450000005 -14.046401536458331 148.13106922916668 252.75107050000005 19.487500000000004 18.554911875000009 81.669270833333357 25.97291666666667
decision_type=2 2 2 2 2 2 2 2 2 2 2 2 2 2
left_child=1 -1 5 -2 9 7 -4 12 -6 10 -5 -11 -3 -10
right_child=3 2 6 4 8 -7 -8 -9 13 11 -12 -13 -14 -15
leaf_value=0.034901440520294737 0.029031019448385542 -1.5255362746753092 -0.1133853557626095 -0.16238077789545061 1.0428012653629406 0.076108850505244866 -0.77414898028217483 -0.71131489175207896 0.012396334630250931 0.10291790964912112 0.8786340738713968 0.83333890261749444 -0.79940556883811953 0.82393141176876616
leaf_weight=3207 2528 253 1534 79 448 88 205 533 124 1040 262 119 137 148
leaf_count=3207 2528 253 1534 79 448 88 205 533 124 1040 262 119 137 148
internal_value=-0.000116662 -0.183355 -0.437802 0.229771 0.458245 -0.860546 -0.191679 -0.949834 0.821821 0.283297 0.637691 0.178567 -1.27316 0.455367
internal_weight=10705 5957 2750 4748 2220 1011 1739 923 720 1500 341 1159 390 272
internal_count=10705 5957 2750 4748 2220 1011 1739 923 720 1500 341 1159 390 272
is_linear=0
shrinkage=0.05


Tree=13
num_leaves=15
num_cat=0
split_feature=71 84 71 84 71 84 83 69 69 24 22 70 36 57
split_gain=163967 137119 70405.5 49403.2 78285.2 34965.2 32699 25636.9 24744.1 23448 22891.5 20093.8 25141.6 19868.6
threshold=-0.93749999999999989 99.716735500000013 -2.1374999999999988 42.523274000000008 1.9500000000000013 263.70710200000008 257.68170650000008 -14.046401536458331 11.840655182291668 281.72766850000005 136.98705236979171 8.0129088345045254 20.938671875000004 0.965460606779173
decision_type=2 2 2 2 2 2 2 2 2 2 2 2 2 2
left_child=1 -1 6 -2 5 9 7 -3 10 11 -6 12 -5 -11
right_child=3 2 -4 4 8 -7 -8 -9 -10 13 -12 -13 -14 -15
leaf_value=0.025136640651718431 0.027412119945602234 -1.2096113040930678 -0.23521863273574453 -0.22421231865457397 0.59370389700221149 -0.31878967017657001 0.084609068385375449 -0.68045015668687103 0.85363613969035357 0.19469214334309876 -0.086708769052364368 -0.2118798317300947 0.44965503277691837 0.86198808675922389
leaf_weight=2483 3069 396 1054 196 430 381 92 556 598 230 173 364 466 217
leaf_count=2483 3069 396 1054 196 430 381 92 556 598 230 173 364 466 217
internal_value=-0.000112007 -0.226337 -0.523827 0.169122 0.311427 0.107597 -0.814696 -0.901602 0.62573 0.218026 0.398674 0.0861567 0.250104 0.519838
internal_weight=10705 4581 2098 6124 3055 1854 1044 952 1201 1473 603 1026 662 447
internal_count=10705 4581 2098 6124 3055 1854 1044 952 1201 1473 603 1026 662 447
is_linear=0
shrinkage=0.05


Tree=14
num_leaves=15
num_cat=0
split_feature=71 84 71 84 71 84 83 24 57 69 70 36 73 73
split_gain=148011 123776 63532.7 44597.7 70674.6 32999.9 29218 24292.2 22878 22782.7 22730.8 28168.3 22414.1 17538.5
threshold=-0.93749999999999989 101.19925800000001 -2.1374999999999988 42.523274000000008 2.0124999999999997 285.86399050000006 257.68170650000008 281.72766850000005 0.965460606779173 -13.746666145833332 8.0129088345045254 20.938671875000004 -8.1249999999999982 1.1250000000000002
decision_type=2 2 2 2 2 2 2 2 2 2 2 2 2 2
left_child=1 -1 6 -2 5 7 9 10 -9 -3 11 -5 -13 -4
right_child=3 2 13 4 -6 -7 -8 8 -10 -11 -12 12 -14 -15
leaf_value=0.022835213546704654 0.026041960485692135 -1.1419526840420555 0.057846907962587006 -0.25763189309524209 0.64378019668692577 -1.0903688517985521 0.078794923457114599 0.14526899197287074 0.75255037776610989 -0.64376072607181323 -0.20895454679792366 -0.18171817905602664 0.54415641387236224 -0.37212864632920728
leaf_weight=2493 3069 406 361 236 987 53 91 343 283 541 537 136 480 689
leaf_count=2493 3069 406 361 236 987 53 91 343 283 541 537 136 480 689
internal_value=-0.000105826 -0.215042 -0.498934 0.160684 0.29589 0.12962 -0.776173 0.162234 0.420569 -0.858326 0.0455882 0.206079 0.383864 -0.224385
internal_weight=10705 4581 2088 6124 3055 2068 1038 2015 626 947 1389 852 616 1050
internal_count=10705 4581 2088 6124 3055 2068 1038 2015 626 947 1389 852 616 1050
is_linear=0
shrinkage=0.05


Tree=15
num_leaves=15
num_cat=0
split_feature=71 84 71 84 69 84 24 8 22 24 30 47 63 46
split_gain=133941 99093.2 82897.2 64752.1 42834.9 27847.4 27090.8 22924.7 20008.7 18497.4 22091.6 18349.9 18287.7 17982.2
threshold=1.0000000180025095e-35 105.86520100000001 -2.0499999999999985 42.523274000000008 11.840655182291668 295.90254450000003 257.54432450000007 205.88845150000003 148.13106922916668 252.75107050000005 19.487500000000004 76.860677083333357 18.554911875000009 82.848958333333357
decision_type=2 2 2 2 2 2 2 2 2 2 2 2 2 2
left_child=1 -1 6 -2 9 13 -3 11 -6 10 -5 -8 -11 -4
right_child=3 2 5 4 8 -7 7 -9 -10 12 -12 -13 -14 -15
leaf_value=0.030855502997074472 0.024908394755087809 -0.96819593405629945 0.062358659418792262 -0.16560559414210729 0.91704473318241719 -1.3667262056723555 0.18947476574420175 -0.89917485181894685 0.37150281798981488 0.079494598799445079 0.78600468782835531 -0.60621575851049003 0.73150134380906828 -0.26985678068333813
leaf_weight=3207 2528 560 694 79 448 46 157 176 272 1040 262 133 119 984
leaf_count=3207 2528 560 694 79 448 46 157 176 272 1040 262 133 119 984
internal_value=-0.000108126 -0.157994 -0.378158 0.197973 0.394947 -0.166206 -0.733795 -0.450642 0.711752 0.242508 0.565704 -0.176275 0.147012 -0.132501
internal_weight=10705 5957 2750 4748 2220 1724 1026 466 720 1500 341 290 1159 1678
internal_count=10705 5957 2750 4748 2220 1724 1026 466 720 1500 341 290 1159 1678
is_linear=0
shrinkage=0.05


Tree=16
num_leaves=15
num_cat=0
split_feature=71 84 71 84 69 84 22 36 24 84 36 24 25 49
split_gain=121899 101904 53900.7 36509.6 58427 34664.3 25735.1 24294.4 23091.1 19069.1 17454.6 17236 33866.9 20163.4
threshold=-0.9875000000000006 99.716735500000013 -3.3625000000000003 42.523274000000008 11.840655182291668 272.35636400000004 148.13106922916668 20.844531250000003 256.79761150000007 295.90254450000003 26.141666666666669 278.11863750000003 109.2624300420939 3.5000000000000004
decision_type=2 2 2 2 2 2 2 2 2 2 2 2 2 2
left_child=1 -1 -3 -2 5 7 -6 -5 -9 11 -8 13 -13 -4
right_child=3 2 9 4 6 -7 10 8 -10 -11 -12 12 -14 -15
leaf_value=0.021071442110806068 0.023443614423797332 -0.85933014377254724 -0.26414786597906809 -0.24033357108632725 0.88272267705148177 -0.4620546937023165 0.037079976246722289 0.61944178239522518 0.17701863460636219 -1.3084123379654355 0.8041959621473751 0.32919846497200156 -0.71161535198038273 -0.83364696718121645
leaf_weight=2471 3080 587 887 269 455 216 216 371 1431 44 112 269 109 188
leaf_count=2471 3080 587 887 269 455 216 216 371 1431 44 112 269 109 188
internal_value=-0.000107776 -0.196135 -0.453564 0.145088 0.267082 0.139321 0.639594 0.202236 0.268399 -0.293989 0.30067 -0.262391 0.0279839 -0.364426
internal_weight=10705 4555 2084 6150 3070 2287 783 2071 1802 1497 328 1453 378 1075
internal_count=10705 4555 2084 6150 3070 2287 783 2071 1802 1497 328 1453 378 1075
is_linear=0
shrinkage=0.05


Tree=17
num_leaves=15
num_cat=0
split_feature=71 84 71 84 71 84 24 24 81 51 30 24 69 22
split_gain=110051 92004.1 48922.7 32958.2 53312.8 26620.1 20520.9 33824.8 29396.6 29347 19334.6 18848.5 17367.8 18563.4
threshold=-0.9875000000000006 99.716735500000013 -3.7624999999999988 42.523274000000008 1.9500000000000013 263.70710200000008 278.11863750000003 288.22990800000008 1.0000000180025095e-35 1.5000000000000002 22.012500000000003 281.72766850000005 11.840655182291668 136.98705236979171
decision_type=2 2 2 2 2 2 2 2 2 2 2 2 2 2
left_child=1 -1 -3 -2 5 11 8 -8 9 -4 -9 -5 13 -6
right_child=3 2 6 4 12 -7 7 10 -10 -11 -12 -13 -14 -15
leaf_value=0.020018295625384451 0.022271814222209682 -0.86178275694765771 -0.039613735540879991 0.065291183012317164 0.49898839055748523 -0.28456039290564755 0.48980259239078339 -0.87797416343882273 -0.19095864925294412 -0.92623051270085366 0.09841487601775914 0.45311271910678041 0.70446341383754474 -0.11357454329557803
leaf_weight=2471 3080 500 126 1038 430 383 193 110 702 360 93 448 598 173
leaf_count=2471 3080 500 126 1038 430 383 193 110 702 360 93 448 598 173
internal_value=-0.000110725 -0.186368 -0.430973 0.137849 0.253758 0.0866385 -0.294528 0.0171727 -0.398355 -0.69692 -0.432373 0.182438 0.51354 0.323348
internal_weight=10705 4555 2084 6150 3070 1869 1584 396 1188 486 203 1486 1201 603
internal_count=10705 4555 2084 6150 3070 1869 1584 396 1188 486 203 1486 1201 603
is_linear=0
shrinkage=0.05


Tree=18
num_leaves=15
num_cat=0
split_feature=71 84 71 84 69 69 84 31 71 70 22 46 36 51
split_gain=99969.7 74847 61324.7 48409.5 30769.2 22822.2 22521.7 20790.9 16040.1 19805.3 15944.5 15529.9 15464.7 15038
threshold=1.0000000180025095e-35 105.02005400000002 -2.0499999999999985 42.523274000000008 11.840655182291668 -26.462434338541666 295.90254450000003 18.012500000000003 3.4000000000000008 8.0129088345045254 148.13106922916668 82.848958333333357 25.649869791666671 1.5000000000000002
decision_type=2 2 2 2 2 2 2 2 2 2 2 2 2 2
left_child=1 -1 5 -2 8 -3 11 -7 9 -5 -6 -4 -11 -10
right_child=3 2 6 4 10 7 -8 -9 13 12 -12 -13 -14 -15
leaf_value=0.028114886265469319 0.021378600281564179 -1.1544152683189937 0.06495996562324996 0.31244417123679263 0.79306371971375755 -1.4090646243864491 -1.225151539015326 -0.45585863963719603 -0.1303060183591313 -0.20378216562162033 0.30626119465154389 -0.24298868991345879 0.49887985942199048 0.93742925786348286
leaf_weight=3198 2528 174 699 789 448 61 46 793 44 445 272 986 94 128
leaf_count=3198 2528 174 699 789 448 61 46 793 44 445 272 986 94 128
internal_value=-0.000109589 -0.136512 -0.327274 0.171018 0.341331 -0.63298 -0.145462 -0.525513 0.212127 0.153 0.60984 -0.115277 -0.0805431 0.665113
internal_weight=10705 5957 2759 4748 2220 1028 1731 854 1500 1328 720 1685 539 172
internal_count=10705 5957 2759 4748 2220 1028 1731 854 1500 1328 720 1685 539 172
is_linear=0
shrinkage=0.05


Tree=19
num_leaves=15
num_cat=0
split_feature=71 84 71 84 84 69 78 63 83 8 84 46 31 68
split_gain=90627.6 75337.1 36449.3 29260.5 40144.5 44445.7 24378.6 19867.1 18159.3 18571.1 16907.2 16314.3 24537.6 14960.4
threshold=-0.9875000000000006 104.00788000000001 -3.7624999999999988 275.02512300000006 42.523274000000008 -0.12570920833333388 3.5000000000000004 24.890670374999999 185.5640635 258.94589250000007 96.35669750000001 82.171875000000014 22.937500000000004 11.822577013351957
decision_type=2 2 2 2 2 2 2 2 2 2 2 2 2 2
left_child=1 -1 -3 4 -2 6 -6 10 -4 11 -7 12 -10 -9
right_child=3 2 8 -5 5 7 -8 13 9 -11 -12 -13 -14 -15
leaf_value=0.014263972357045927 0.020029657214870319 -0.77376000142063617 -0.49702722781934805 -0.46084502428968988 0.19760488445452171 0.71944564570715597 -0.32018772493005931 0.32637033235371016 1.0061410175859928 -1.0547819790975104 0.29557006274184333 -0.22392422949543911 -0.064049585971317477 1.2424677373949162
leaf_weight=2512 3080 483 584 205 610 282 361 72 74 52 1420 663 187 120
leaf_count=2512 3080 483 584 205 610 282 361 72 74 52 1420 663 187 120
internal_value=-0.000112792 -0.169136 -0.394536 0.125082 0.14536 0.280042 0.00496772 0.420988 -0.276701 -0.144493 0.366182 -0.0921799 0.242058 0.902402
internal_weight=10705 4555 2043 6150 5945 2865 971 1894 1560 976 1702 924 261 192
internal_count=10705 4555 2043 6150 5945 2865 971 1894 1560 976 1702 924 261 192
is_linear=0
shrinkage=0.05


Tree=20
num_leaves=15
num_cat=0
split_feature=71 84 71 84 69 84 69 31 58 46 60 22 21 81
split_gain=82346.7 61647.5 51085.4 39927.6 26256.7 19937.1 19242.4 18550.7 14587.3 14234.6 15653.8 14153.4 13774 19413.6
threshold=1.0000000180025095e-35 108.18287950000003 -2.0499999999999985 42.523274000000008 11.840655182291668 295.90254450000003 -26.462434338541666 18.012500000000003 -10.845522500000007 82.848958333333357 63.265649499999988 148.13106922916668 9.7600226787990613e-06 0.87837969732492682
decision_type=2 2 2 2 2 2 2 2 2 2 2 2 2 2
left_child=1 -1 6 -2 -5 8 -3 -8 -4 10 -10 12 -6 -14
right_child=3 2 5 4 11 -7 7 -9 9 -11 -12 -13 13 -15
leaf_value=0.023200985317581975 0.019309005420544534 -1.058871630021504 -0.67372289189270562 0.19053372338007477 -0.034029275087534255 -1.1478349351522297 -1.3291877285639446 -0.41456042830235307 0.040273801546858522 -0.19139319869535615 0.92264892491427342 0.27199624816033369 1.0378253255166165 0.23737746391875239
leaf_weight=3244 2528 174 104 1500 52 46 59 779 585 912 54 272 293 103
leaf_count=3244 2528 174 104 1500 52 46 59 779 585 912 54 272 293 103
internal_value=-0.000105157 -0.123902 -0.299741 0.155208 0.309883 -0.132247 -0.58086 -0.480463 -0.103343 -0.064688 0.116166 0.557919 0.730522 0.83075
internal_weight=10705 5957 2713 4748 2220 1701 1012 838 1655 1551 639 720 448 396
internal_count=10705 5957 2713 4748 2220 1701 1012 838 1655 1551 639 720 448 396
is_linear=0
shrinkage=0.05


Tree=21
num_leaves=15
num_cat=0
split_feature=71 84 35 84 84 69 65 78 69 36 36 63 47 84
split_gain=74434.4 61712.4 34616.9 25832.3 33433.4 38051.3 24263.1 21945.8 18624.9 18189.2 25803.2 17145.2 15486.8 14611.6
threshold=-0.9875000000000006 99.716735500000013 19.946354166666669 275.02512300000006 42.523274000000008 -0.18351217708333298 -3.8802609583333334 3.5000000000000004 -10.293456088541664 21.329817708333337 18.395963541666671 24.890670374999999 81.669270833333357 96.35669750000001
decision_type=2 2 2 2 2 2 2 2 2 2 2 2 2 2
left_child=1 -1 8 4 -2 7 -4 -6 12 10 -10 13 -3 -7
right_child=3 2 6 -5 5 11 -8 -9 9 -11 -12 -13 -14 -15
leaf_value=0.015740120227065866 0.01802849830435066 -1.1014222839062124 -0.48710460199681282 -0.43717911302844448 0.18290659338503037 0.66305013747076269 -0.022672699110714036 -0.30937694683981443 -1.1333465758236974 -0.8116678216207176 0.063945313007570809 0.8326650737519401 -0.44182332980093258 0.26909006393157808
leaf_weight=2471 3080 241 431 205 609 282 806 359 54 161 247 192 144 1423
leaf_count=2471 3080 241 431 205 609 282 806 359 54 161 247 192 144 1423
internal_value=-0.000109737 -0.15329 -0.353621 0.11335 0.132404 0.255314 -0.184754 0.000203634 -0.599734 -0.384375 -0.153893 0.385422 -0.856499 0.3346
internal_weight=10705 4555 2084 6150 5945 2865 1237 968 847 462 301 1897 385 1705
internal_count=10705 4555 2084 6150 5945 2865 1237 968 847 462 301 1897 385 1705
is_linear=0
shrinkage=0.05


Tree=22
num_leaves=15
num_cat=0
split_feature=71 84 71 84 69 84 24 8 47 24 30 84 31 22
split_gain=67818.8 50957.7 41338.3 32914.8 22429.2 18266 16534.1 17691.2 14472.9 13213.8 18082.7 12728.6 12607.5 12519.7
threshold=1.0000000180025095e-35 108.18287950000003 -2.0499999999999985 42.523274000000008 11.840655182291668 269.42642150000006 257.54432450000007 205.88845150000003 76.860677083333357 252.75107050000005 19.962500000000002 260.0556155000001 23.212500000000002 148.13106922916668
decision_type=2 2 2 2 2 2 2 2 2 2 2 2 2 2
left_child=1 -1 6 -2 9 -4 -3 8 12 10 -5 -11 -8 -6
right_child=3 2 5 4 13 -7 7 -9 -10 11 -12 -13 -14 -15
leaf_value=0.021278203533968112 0.017442869508440855 -0.70855361043924481 -0.037242317885554148 -0.1407877047546208 0.67282783009559399 -0.43960020412268319 0.91486020771896137 -0.69668999768367845 -0.44306350597215971 0.16937317911742464 0.66962620309753884 -0.256116041935187 -0.045988194042673486 0.24167774412422799
leaf_weight=3244 2528 555 1345 95 448 356 50 174 130 944 246 215 103 272
leaf_count=3244 2528 555 1345 95 448 356 50 174 130 944 246 215 103 272
internal_value=-0.000116856 -0.112464 -0.272332 0.140832 0.281268 -0.12166 -0.525215 -0.3015 -0.0569233 0.170965 0.4441 0.0902902 0.271916 0.51051
internal_weight=10705 5957 2713 4748 2220 1701 1012 457 283 1500 341 1159 153 720
internal_count=10705 5957 2713 4748 2220 1701 1012 457 283 1500 341 1159 153 720
is_linear=0
shrinkage=0.05


Tree=23
num_leaves=15
num_cat=0
split_feature=71 84 35 84 84 69 65 51 69 36 36 84 47 70
split_gain=61284.1 50557.8 29377.7 22284.6 23149.7 32237.9 21328.4 18107.8 15952.4 16030.1 22503.1 14869.2 14168.1 13970.4
threshold=-0.9875000000000006 99.716735500000013 19.946354166666669 284.32638350000008 42.523274000000008 -0.18351217708333298 -3.8802609583333334 3.5000000000000004 -10.293456088541664 21.329817708333337 18.395963541666671 249.14793600000004 81.669270833333357 14.771635923836518
decision_type=2 2 2 2 2 2 2 2 2 2 2 2 2 2
left_child=1 -1 8 4 -2 7 -4 13 12 10 -10 -7 -3 -6
right_child=3 2 6 -5 5 11 -8 -9 9 -11 -12 -13 -14 -15
leaf_value=0.013889953692091032 0.016221147662476648 -1.0189360094218214 -0.44834533648530916 -0.82540064910426736 0.30007312198520819 0.40961814341248903 -0.012917094112661249 -0.27627915796354674 -1.0462434161793102 -0.74898370161284644 0.07183355350167521 0.091757167195375994 -0.38852602957715765 -0.21524801951002434
leaf_weight=2471 3080 241 431 63 455 1475 806 402 54 161 247 491 144 184
leaf_count=2471 3080 241 431 63 455 1475 806 402 54 161 247 491 144 184
internal_value=-0.000111297 -0.139104 -0.320428 0.102839 0.112581 0.211241 -0.16487 -0.0137505 -0.54715 -0.34787 -0.131552 0.330321 -0.784764 0.151582
internal_weight=10705 4555 2084 6150 6087 3007 1237 1041 847 462 301 1966 385 639
internal_count=10705 4555 2084 6150 6087 3007 1237 1041 847 462 301 1966 385 639
is_linear=0
shrinkage=0.05


Tree=24
num_leaves=15
num_cat=0
split_feature=71 84 71 84 36 84 42 84 69 83 47 47 24 70
split_gain=55883.7 42232.9 33799.6 27148.8 20296.5 22854.9 17578.5 15906 15225.4 15178.8 14108.7 20433 15488.5 22104.7
threshold=1.0000000180025095e-35 110.56227050000001 -2.0499999999999985 42.523274000000008 22.658854166666671 273.02215500000005 57.125000000000007 295.90254450000003 -1.0000000180025095e-35 257.68170650000008 70.747395833333357 75.882812500000014 274.65417650000006 20.47732442556347
decision_type=2 2 2 2 2 2 2 2 2 2 2 2 2 2
left_child=1 -1 9 -2 -5 6 8 -4 -6 -3 12 -12 -8 -14
right_child=3 2 7 4 5 -7 10 -9 -10 -11 11 -13 13 -15
leaf_value=0.01792760690684625 0.015760334172518466 -0.54485186625970528 -0.087241214686681737 -0.0068145487467582162 -0.36003985623600393 -0.32016450091580717 0.03194883098682532 -1.0203113889440576 0.29779419125479228 0.1250499092676538 0.11325882873839915 0.69029181113035198 1.1318277932814185 0.22656756887310428
leaf_weight=3286 2528 895 1637 554 111 120 64 46 410 93 353 271 243 94
leaf_count=3286 2528 895 1637 554 111 120 64 46 410 93 353 271 243 94
internal_value=-0.000124776 -0.102108 -0.249734 0.127822 0.255365 0.342501 0.39411 -0.113335 0.15722 -0.481732 0.514249 0.364565 0.745688 0.880739
internal_weight=10705 5957 2671 4748 2220 1666 1546 1683 521 988 1025 624 401 337
internal_count=10705 5957 2671 4748 2220 1666 1546 1683 521 988 1025 624 401 337
is_linear=0
shrinkage=0.05


Tree=25
num_leaves=15
num_cat=0
split_feature=71 84 24 25 49 30 47 84 84 36 7 69 58 47
split_gain=50489.3 41535.2 28215.9 35030.2 26260.4 23350.3 22449.6 18949.1 19343.8 26638.6 27526.6 22574.3 15651.1 14333.3
threshold=-0.93749999999999989 83.436470500000013 278.11863750000003 109.2624300420939 3.5000000000000004 16.862500000000004 78.783854166666671 284.32638350000008 42.523274000000008 22.658854166666671 190.59982400000004 8.2327959375000024 -1.7172850000000037 70.747395833333357
decision_type=2 2 2 2 2 2 2 2 2 2 2 2 2 2
left_child=1 -1 4 6 5 -3 -4 8 -2 -10 13 -12 -7 -11
right_child=7 2 3 -5 -6 12 -8 -9 9 10 11 -13 -14 -15
leaf_value=0.019712305934644268 0.014604892216695637 -0.99047326901129318 0.76557015134529638 -0.58725586243539252 -0.75050669440329276 -0.63911498672058509 -0.080588538189729053 -0.7621448491117917 -0.018261107693533951 0.70065744387621398 -0.15622567619272584 0.32903305530662502 -0.14313128140020751 0.32148429866944095
leaf_weight=2371 3069 104 164 139 363 185 149 63 994 424 443 520 1106 611
leaf_count=2371 3069 104 164 139 363 185 149 63 994 424 443 520 1106 611
internal_value=-0.000117085 -0.125651 -0.281543 0.0706732 -0.37209 -0.273153 0.363792 0.0937926 0.102814 0.193258 0.298444 0.105873 -0.214645 0.477343
internal_weight=10705 4581 2210 452 1758 1395 313 6124 6061 2992 1998 963 1291 1035
internal_count=10705 4581 2210 452 1758 1395 313 6124 6061 2992 1998 963 1291 1035
is_linear=0
shrinkage=0.05


Tree=26
num_leaves=15
num_cat=0
split_feature=71 84 71 84 36 84 6 84 69 31 71 37 24 22
split_gain=45917.3 35017.4 27272.5 22322.9 16585.9 19700.3 14809.5 14510.5 13780.7 13482.1 12581.8 12934.7 14259.8 12622.7
threshold=1.0000000180025095e-35 105.02005400000002 -2.0499999999999985 42.523274000000008 22.658854166666671 274.29007000000007 95.068245000000005 269.42642150000006 -26.462434338541666 18.012500000000003 5.1000000000000005 72.625000000000014 281.04792900000001 148.27345940104172
decision_type=2 2 2 2 2 2 2 2 2 2 2 2 2 2
left_child=1 -1 8 -2 -5 6 10 -4 -3 -10 11 12 -6 -13
right_child=3 2 7 4 5 -7 -8 -9 9 -11 -12 13 -14 -15
leaf_value=0.020040401509702526 0.014242673080492605 -0.83181759483473638 -0.028030993207281682 -0.0054960075188595975 -0.11570679646399287 -0.34361254074438308 0.14448916318108659 -0.38582155004448454 -1.0544910657790401 -0.28759183146819589 1.2878361884090637 0.6931494450421356 0.46502598237666642 0.0014457136774674441
leaf_weight=3198 2528 174 1375 554 179 107 544 356 61 793 44 459 256 77
leaf_count=3198 2528 174 1375 554 179 107 544 356 61 793 44 459 256 77
internal_value=-0.000120462 -0.0925636 -0.223045 0.115857 0.23151 0.310279 0.355349 -0.101795 -0.426914 -0.34354 0.468109 0.429677 0.22634 0.593969
internal_weight=10705 5957 2759 4748 2220 1666 1559 1731 1028 854 1015 971 435 536
internal_count=10705 5957 2759 4748 2220 1666 1559 1731 1028 854 1015 971 435 536
is_linear=0
shrinkage=0.05


Tree=27
num_leaves=15
num_cat=0
split_feature=71 84 24 25 49 47 30 84 84 36 7 69 58 7
split_gain=41588.5 34319 24932.9 31631 23256.8 20034.4 19349 16332.1 19226.8 24781.2 21951.9 19294.5 13914.6 13444.4
threshold=-0.9875000000000006 83.436470500000013 278.11863750000003 109.2624300420939 3.5000000000000004 78.783854166666671 16.862500000000004 275.02512300000006 42.523274000000008 22.658854166666671 194.57328850000002 8.2327959375000024 -1.7172850000000037 174.11692250000002
decision_type=2 2 2 2 2 2 2 2 2 2 2 2 2 2
left_child=1 -1 4 5 6 13 -3 8 -2 -10 -11 -12 -8 -4
right_child=7 2 3 -5 -6 -7 12 -9 9 10 11 -13 -14 -15
leaf_value=0.017751545179122488 0.013108419285012855 -0.90129338832128614 1.2717874929966297 -0.55377945733665346 -0.69826445584262187 -0.067647938872377078 -0.5958788900761991 -0.35304458772275349 -0.011217099034338734 0.45818932790397887 -0.14963024108731127 0.32196874231984562 -0.12676033031968384 0.34955686893010018
leaf_weight=2360 3080 104 67 138 363 149 184 205 978 1007 384 496 1093 97
leaf_count=2360 3080 104 67 138 363 149 184 205 978 1007 384 496 1093 97
internal_value=-0.00011643 -0.114616 -0.256877 0.0743708 -0.342531 0.3522 -0.248588 0.0846926 0.0998438 0.193051 0.29887 0.116244 -0.194768 0.731746
internal_weight=10705 4555 2195 451 1744 313 1381 6150 5945 2865 1887 880 1277 164
internal_count=10705 4555 2195 451 1744 313 1381 6150 5945 2865 1887 880 1277 164
is_linear=0
shrinkage=0.05


Tree=28
num_leaves=15
num_cat=0
split_feature=71 84 71 84 69 83 11 84 69 47 70 36 37 16
split_gain=37771.1 29105 28653.5 18376.9 14770.4 14688.5 14371.5 12788.3 11498 12687.4 10949.8 19650.4 17551.6 17435.6
threshold=1.0000000180025095e-35 86.742280500000007 -2.1374999999999988 42.523274000000008 11.840655182291668 258.60530300000011 263.79675750000007 295.90254450000003 -14.046401536458331 81.669270833333357 8.1012924249459495 24.593229166666671 72.375000000000014 266.38679650000006
decision_type=2 2 2 2 2 2 2 2 2 2 2 2 2 2
left_child=1 -1 5 -2 10 8 7 -4 9 -3 11 12 -5 -12
right_child=3 2 6 4 -6 -7 -8 -9 -10 -11 13 -13 -14 -15
leaf_value=0.026543639470641846 0.012875658271340054 -0.86748787025913954 -0.076271761166428115 -0.16583929668431666 0.39602517567719653 0.20674529983459611 0.84899822415375137 -0.91180083542428125 -0.31326865114871477 -0.27925790418941893 -0.17509332099359179 1.1532393143393775 0.33713995276748143 0.436001721985246
leaf_weight=2979 2528 261 1808 255 720 91 40 46 589 143 502 54 538 151
leaf_count=2979 2528 261 1808 255 720 91 40 46 589 143 502 54 538 151
internal_value=-0.000115396 -0.0839584 -0.194469 0.105072 0.210007 -0.399358 -0.0770561 -0.0974826 -0.455054 -0.660481 0.120514 0.239023 0.175395 -0.0333328
internal_weight=10705 5957 2978 4748 2220 1084 1894 1854 993 404 1500 847 793 653
internal_count=10705 5957 2978 4748 2220 1084 1894 1854 993 404 1500 847 793 653
is_linear=0
shrinkage=0.05


Tree=29
num_leaves=15
num_cat=0
split_feature=73 84 65 67 16 35 84 69 84 84 49 24 52 24
split_gain=34420.6 27935.2 31200.6 19050.6 19373.6 17542.3 14831.3 23591.4 19180.4 14656.1 16309.6 16147.4 13967.6 14680.9
threshold=1.0000000180025095e-35 94.588452500000002 -4.4486704166666611 1.8767478958333339 272.70666550000004 16.682291666666668 42.523274000000008 -6.2117165312500005 263.70710200000008 299.97504500000008 4.5000000000000009 257.54432450000007 0.72947329433276253 278.84935850000005
decision_type=2 2 2 2 2 2 2 2 2 2 2 2 2 2
left_child=5 -2 -3 9 -5 -1 -7 -8 12 10 -4 -12 13 -9
right_child=1 2 3 4 -6 6 7 8 -10 -11 11 -13 -14 -15
leaf_value=-0.79531791252749306 0.013883941955336307 -0.51586389435836921 -0.079573097976957052 0.5546049566246043 -0.48759883268404813 0.011705384739203219 -0.16172216870760492 0.064348840776977972 -0.081344169323914098 -1.0548776962996826 -0.93155962412556015 0.0074476227760314944 0.49467837120072344 0.39808477824154487
leaf_weight=55 2750 648 1216 183 58 2753 438 759 393 45 119 74 632 582
leaf_count=55 2750 648 1216 183 58 2753 438 759 393 45 119 74 632 582
internal_value=-0.000106691 -0.0942119 -0.221037 -0.108086 0.302806 0.0852972 0.0941545 0.175071 0.237461 -0.176353 -0.147567 -0.573343 0.300973 0.20938
internal_weight=10705 5093 2343 1695 241 5612 5557 2804 2366 1454 1409 193 1973 1341
internal_count=10705 5093 2343 1695 241 5612 5557 2804 2366 1454 1409 193 1973 1341
is_linear=0
shrinkage=0.05


Tree=30
num_leaves=15
num_cat=0
split_feature=84 71 84 71 24 25 47 49 72 84 69 51 84 70
split_gain=31261.7 29652 21887.1 20738.7 14153.4 23018.8 14657.1 12695.5 12208.3 11242.4 18380.5 13625.4 12787 11436.1
threshold=299.97504500000008 -0.93749999999999989 83.436470500000013 -3.7624999999999988 278.11863750000003 109.2624300420939 78.783854166666671 3.5000000000000004 0.7624999999999994 42.523274000000008 -0.18351217708333298 3.5000000000000004 249.14793600000004 14.771635923836518
decision_type=2 2 2 2 2 2 2 2 2 2 2 2 2 2
left_child=1 2 -1 -4 7 6 8 -5 -6 -3 11 13 -12 -11
right_child=-2 9 3 4 5 -7 -8 -9 -10 10 12 -13 -14 -15
leaf_value=0.01486627657726583 -1.101866796426475 0.011077734938176525 -0.48305922534464119 -0.12904118148537722 0.42882764952317365 -0.45929477912287758 -0.012977982312440873 -0.5458517440465267 1.4315996601087291 0.25878726639039817 0.31123855729442712 -0.24673248087697397 0.021496037641942536 -0.20654650839932143
leaf_weight=2371 63 3069 511 1017 123 118 141 222 40 449 1470 411 514 186
leaf_count=2371 63 3069 511 1017 123 118 141 222 40 449 1470 411 514 186
internal_value=-0.000113327 0.0065119 -0.0901807 -0.204806 -0.118964 0.130901 0.360745 -0.204104 0.682135 0.0785389 0.146842 -0.0227543 0.236223 0.122374
internal_weight=10705 10642 4543 2172 1661 422 304 1239 163 6099 3030 1046 1984 635
internal_count=10705 10642 4543 2172 1661 422 304 1239 163 6099 3030 1046 1984 635
is_linear=0
shrinkage=0.05


Tree=31
num_leaves=15
num_cat=0
split_feature=73 84 84 65 24 49 24 35 6 31 16 70 51 47
split_gain=28975.3 23707.4 19160.2 26144.8 18072.2 31497.7 17545.4 15376.4 13535.9 11155.7 11740.8 13657.1 15071.9 17361.6
threshold=1.0000000180025095e-35 303.76010700000006 94.588452500000002 -4.4486704166666611 283.25600400000002 3.5000000000000004 297.26105400000006 16.682291666666668 24.000000000000004 21.112500000000004 194.26258050000004 21.040396992618884 2.5000000000000004 75.882812500000014
decision_type=2 2 2 2 2 2 2 2 2 2 2 2 2 2
left_child=7 2 -2 -4 5 -5 -6 -1 9 -9 -11 12 -12 -14
right_child=1 -3 3 4 6 -7 -8 8 -10 10 11 -13 13 -15
leaf_value=-0.74621185660362244 0.012493580060031623 -1.2695243892215549 -0.45575160838695794 -0.047616934244761731 0.49313375541152293 -0.67235204644442315 -0.15777431458875699 0.0099804738395727066 0.018385917154878164 0.16393272028025163 0.82903917675991079 -0.23635113936878982 -0.10759380874889238 0.96454007415859788
leaf_weight=55 2750 41 635 997 233 252 185 713 3153 1222 230 61 125 53
leaf_count=55 2750 41 635 997 233 252 185 713 3153 1222 230 61 125 53
internal_value=-0.000110964 -0.0864522 -0.0766016 -0.182995 -0.0788846 -0.174101 0.205363 0.0782469 0.0865397 0.175883 0.245787 0.458261 0.562436 0.215242
internal_weight=10705 5093 5052 2302 1667 1249 418 5612 5557 2404 1691 469 408 178
internal_count=10705 5093 5052 2302 1667 1249 418 5612 5557 2404 1691 469 408 178
is_linear=0
shrinkage=0.05


Tree=32
num_leaves=15
num_cat=0
split_feature=73 84 84 65 24 49 24 30 6 68 58 47 41 51
split_gain=26159.8 21452.8 17295.5 23598.8 16316.4 28439.2 15842.3 14116.5 11670.5 12191.6 14882 9988.7 9951.44 9512.93
threshold=1.0000000180025095e-35 303.76010700000006 94.588452500000002 -4.4486704166666611 283.25600400000002 3.5000000000000004 297.26105400000006 16.512500000000003 24.000000000000004 12.231051919379359 -16.000932500000001 82.790364583333357 73.875000000000014 3.5000000000000004
decision_type=2 2 2 2 2 2 2 2 2 2 2 2 2 2
left_child=7 2 -2 12 5 11 -6 -1 9 13 -11 -5 -4 -9
right_child=1 -3 3 4 6 -7 -8 8 -10 10 -12 -13 -14 -15
leaf_value=-0.78863570438103481 0.011869128123440339 -1.2075595007056283 0.30495582403138632 -0.12774594358411756 0.46858243578059888 -0.63886732252484024 -0.14992801359584254 0.18695794383086364 0.018171322998797729 -0.019631012499724567 0.76416117333314004 0.25762883027075473 -0.485691937633558 -0.052779184128294201
leaf_weight=46 2750 41 42 784 233 252 185 1596 3149 94 169 213 593 558
leaf_count=46 2750 41 42 784 233 252 185 1596 3149 94 169 213 593 558
internal_value=-0.000111029 -0.0821502 -0.0727797 -0.173864 -0.0749519 -0.165425 0.195135 0.0743425 0.0816149 0.164231 0.485009 -0.0452385 -0.433 0.124858
internal_weight=10705 5093 5052 2302 1667 1249 418 5612 5566 2417 263 997 635 2154
internal_count=10705 5093 5052 2302 1667 1249 418 5612 5566 2417 263 997 635 2154
is_linear=0
shrinkage=0.05


Tree=33
num_leaves=15
num_cat=0
split_feature=35 84 69 36 36 67 84 84 60 84 41 61 37 36
split_gain=24216.5 20318.1 16621.2 16221 17771.3 15917 16853.1 23811.2 14170.7 11902.8 10809.1 14671.3 10681.2 11402
threshold=19.946354166666669 84.687899000000016 -10.466263937499997 21.329817708333337 20.748177083333335 -2.9400345000000003 273.02215500000005 42.523274000000008 65.91915400000002 75.408333500000012 82.875000000000014 93.725752999999983 51.875000000000007 24.593229166666671
decision_type=2 2 2 2 2 2 2 2 2 2 2 2 2 2
left_child=1 -1 -3 4 -4 10 7 -7 9 -9 11 -2 13 -11
right_child=5 2 3 -5 -6 6 -8 8 -10 12 -12 -13 -14 -15
leaf_value=0.044912242152799133 -0.021987027933857359 -0.54505721638993465 -0.17862300808714407 -0.50678915622386522 0.43685823237587873 0.007433396640816662 -0.24424234238056852 0.83096752173420207 0.5873702879945657 0.10009357702325693 -0.22096701082392048 0.93677378151474933 0.12421328246324914 0.8859665137780901
leaf_weight=773 1488 403 446 234 158 3274 382 66 225 87 823 40 2208 98
leaf_count=773 1488 403 446 234 158 3274 382 66 225 87 823 40 2208 98
internal_value=-0.000112289 -0.156288 -0.281548 -0.154326 -0.0171637 0.0360928 0.0772948 0.0979478 0.208315 0.173407 -0.0750033 0.00370768 0.154932 0.518919
internal_weight=10705 2014 1241 838 604 8691 6340 5958 2684 2459 2351 1528 2393 185
internal_count=10705 2014 1241 838 604 8691 6340 5958 2684 2459 2351 1528 2393 185
is_linear=0
shrinkage=0.05


Tree=34
num_leaves=15
num_cat=0
split_feature=84 35 84 69 67 84 84 60 36 36 84 47 65 58
split_gain=23089.5 21048.1 16878.5 16566.8 15184.3 14873.7 14449.2 12303.6 10942.5 16047.2 10480.3 9656.08 9292.01 12450.6
threshold=299.97504500000008 19.946354166666669 84.687899000000016 -10.466263937499997 -2.4885673333333322 42.523274000000008 270.38757000000004 65.91915400000002 21.329817708333337 20.748177083333335 71.13744800000002 81.669270833333357 25.203740750000005 20.067717500000004
decision_type=2 2 2 2 2 2 2 2 2 2 2 2 2 2
left_child=1 2 -1 11 -3 -6 7 10 9 -5 -7 -4 13 -12
right_child=-2 4 3 8 5 6 -8 -9 -10 -11 12 -13 -14 -15
leaf_value=0.042669531579781567 -0.94695466645061976 -0.066391289243267981 -0.7129365382708519 -0.16971183844260723 0.0070589610065787739 0.96753799973464594 -0.11093945635886913 0.58642775613521259 -0.42547969510134342 0.41515269185117676 0.16625667405057865 -0.20965117973782404 0.58544125839090744 -0.34588512696680573
leaf_weight=773 63 2433 246 446 3247 40 416 196 223 158 2061 157 121 125
leaf_count=773 63 2433 246 446 3247 40 416 196 223 158 2061 157 121 125
internal_value=-9.62272e-05 0.00559757 -0.140396 -0.255386 0.0394593 0.080961 0.162026 0.206706 -0.127004 -0.0162842 0.174758 -0.517872 0.160599 0.136827
internal_weight=10705 10642 2003 1230 8639 6206 2959 2543 827 604 2347 403 2307 2186
internal_count=10705 10642 2003 1230 8639 6206 2959 2543 827 604 2347 403 2307 2186
is_linear=0
shrinkage=0.05


Tree=35
num_leaves=15
num_cat=0
split_feature=84 30 84 69 36 73 47 73 84 37 69 31 45 36
split_gain=20872.5 19089.4 14459.9 27371.3 10512.4 11573.9 9073.66 7845.68 14050.8 15631.1 13073.5 12561.7 9418.9 9228.42
threshold=299.97504500000008 20.337500000000002 93.752266000000006 -10.466263937499997 18.395963541666671 11.375000000000002 81.589843750000014 1.0000000180025095e-35 42.523274000000008 51.875000000000007 -0.12570920833333388 23.062500000000004 65.635416666666671 24.459765625000006
decision_type=2 2 2 2 2 2 2 2 2 2 2 2 2 2
left_child=1 2 -1 6 -5 -6 -4 8 -3 13 11 -11 -12 -10
right_child=-2 7 3 4 5 -7 -8 -9 9 10 12 -13 -14 -15
leaf_value=0.031724384647253433 -0.90034675281494858 0.0071497171308537513 -0.65485720159375727 -0.73860683057989396 0.02148722364206232 -0.4496813527139642 -0.1990570975825327 -0.010596559623229331 0.03972611592875587 0.32489549549793978 -0.22119091279947989 -0.19457709591314643 0.27583693367991835 0.88910393934633769
leaf_weight=1179 63 2323 337 55 1040 148 163 3380 44 160 103 419 1174 117
leaf_count=1179 63 2323 337 55 1040 148 163 3380 44 160 103 419 1174 117
internal_value=-9.24313e-05 0.00532111 -0.103506 -0.194945 -0.0691289 -0.0375394 -0.50696 0.04652 0.0909948 0.187509 0.146306 -0.0507141 0.235606 0.658654
internal_weight=10705 10642 2922 1743 1243 1188 500 7720 4340 2017 1856 579 1277 161
internal_count=10705 10642 2922 1743 1243 1188 500 7720 4340 2017 1856 579 1277 161
is_linear=0
shrinkage=0.05


end of trees

feature_importances:
consumo_alvo_semana_anterior=131
temperatura_externa_c_diferenca_semana_atual=73
correcao_semanal_media_1440m=52
consumo_max_1440m=34
temperatura_externa_c_media_1440m=26
umidade_relativa_pct_media_1440m=16
consumo_mean_1440m=12
consumo_alvo_dia_anterior=12
consumo_diferenca_dia_atual=11
correcao_semanal_std_1440m=11
temperatura_externa_c_lag_720m=9
origem_mes=9
temperatura_externa_c_lag_360m=8
correcao_semanal_media_60m=8
umidade_relativa_pct_diferenca_semana_atual=8
consumo_lag_1440m=7
origem_dia_semana=7
correcao_semanal_media_180m=7
consumo_std_1440m=6
temperatura_externa_c_media_360m=6
consumo_lag_720m=5
consumo_razao_semana_atual=5
umidade_relativa_pct_atual=4
umidade_relativa_pct_media_360m=4
consumo_lag_360m=3
consumo_max_180m=3
umidade_relativa_pct_lag_720m=3
tendencia_consumo_60m=3
correcao_semanal_media_360m=3
umidade_relativa_pct_lag_360m=2
umidade_relativa_pct_media_180m=2
consumo_diferenca_semana_atual=2
correcao_semanal_std_360m=2
alvo_mes=2
alvo_semana_sin=2
consumo_min_60m=1
consumo_max_360m=1
consumo_std_360m=1
origem_hora_sin=1
tendencia_consumo_180m=1
temperatura_externa_c_tendencia_1h=1

parameters:
[boosting: gbdt]
[objective: regression]
[metric: l1]
[tree_learner: serial]
[device_type: cpu]
[data_sample_strategy: bagging]
[data: ]
[valid: ]
[num_iterations: 400]
[learning_rate: 0.05]
[num_leaves: 15]
[num_threads: 2]
[seed: 20260905]
[deterministic: 1]
[force_col_wise: 1]
[force_row_wise: 0]
[histogram_pool_size: -1]
[max_depth: -1]
[min_data_in_leaf: 40]
[min_sum_hessian_in_leaf: 0.001]
[bagging_fraction: 1]
[pos_bagging_fraction: 1]
[neg_bagging_fraction: 1]
[bagging_freq: 0]
[bagging_seed: 23218]
[bagging_by_query: 0]
[feature_fraction: 1]
[feature_fraction_bynode: 1]
[feature_fraction_seed: 28090]
[extra_trees: 0]
[extra_seed: 14360]
[early_stopping_round: 0]
[early_stopping_min_delta: 0]
[first_metric_only: 0]
[max_delta_step: 0]
[lambda_l1: 0]
[lambda_l2: 1]
[linear_lambda: 0]
[min_gain_to_split: 0]
[drop_rate: 0.1]
[max_drop: 50]
[skip_drop: 0.5]
[xgboost_dart_mode: 0]
[uniform_drop: 0]
[drop_seed: 16970]
[top_rate: 0.2]
[other_rate: 0.1]
[min_data_per_group: 100]
[max_cat_threshold: 32]
[cat_l2: 10]
[cat_smooth: 10]
[max_cat_to_onehot: 4]
[top_k: 20]
[monotone_constraints: ]
[monotone_constraints_method: basic]
[monotone_penalty: 0]
[feature_contri: ]
[forcedsplits_filename: ]
[refit_decay_rate: 0.9]
[cegb_tradeoff: 1]
[cegb_penalty_split: 0]
[cegb_penalty_feature_lazy: ]
[cegb_penalty_feature_coupled: ]
[path_smooth: 0]
[interaction_constraints: ]
[verbosity: -1]
[saved_feature_importance_type: 0]
[use_quantized_grad: 0]
[num_grad_quant_bins: 4]
[quant_train_renew_leaf: 0]
[stochastic_rounding: 1]
[linear_tree: 0]
[max_bin: 255]
[max_bin_by_feature: ]
[min_data_in_bin: 3]
[bin_construct_sample_cnt: 200000]
[data_random_seed: 5037]
[is_enable_sparse: 1]
[enable_bundle: 1]
[use_missing: 1]
[zero_as_missing: 0]
[feature_pre_filter: 1]
[pre_partition: 0]
[two_round: 0]
[header: 0]
[label_column: ]
[weight_column: ]
[group_column: ]
[ignore_column: ]
[categorical_feature: ]
[forcedbins_filename: ]
[precise_float_parser: 0]
[parser_config_file: ]
[objective_seed: 15411]
[num_class: 1]
[is_unbalance: 0]
[scale_pos_weight: 1]
[sigmoid: 1]
[boost_from_average: 1]
[reg_sqrt: 0]
[alpha: 0.9]
[fair_c: 1]
[poisson_max_delta_step: 0.7]
[tweedie_variance_power: 1.5]
[lambdarank_truncation_level: 30]
[lambdarank_norm: 1]
[label_gain: ]
[lambdarank_position_bias_regularization: 0]
[eval_at: ]
[multi_error_top_k: 1]
[auc_mu_weights: ]
[num_machines: 1]
[local_listen_port: 12400]
[time_out: 120]
[machine_list_filename: ]
[machines: ]
[gpu_platform_id: -1]
[gpu_device_id: -1]
[gpu_device_id_list: ]
[gpu_use_dp: 0]
[num_gpu: 1]

end of parameters

pandas_categorical:[]
