tree
version=v4
num_class=1
num_tree_per_iteration=1
label_index=0
max_feature_idx=84
objective=regression
feature_names=consumo_atual_kw consumo_lag_15m consumo_lag_30m consumo_lag_60m consumo_lag_120m consumo_lag_180m consumo_lag_360m consumo_lag_720m consumo_lag_1440m consumo_lag_10080m consumo_mean_60m consumo_min_60m consumo_max_60m consumo_std_60m consumo_mean_180m consumo_min_180m consumo_max_180m consumo_std_180m consumo_mean_360m consumo_min_360m consumo_max_360m consumo_std_360m consumo_mean_1440m consumo_min_1440m consumo_max_1440m consumo_std_1440m temperatura_externa_c_atual temperatura_externa_c_lag_15m temperatura_externa_c_lag_60m temperatura_externa_c_lag_180m temperatura_externa_c_lag_360m temperatura_externa_c_lag_720m temperatura_externa_c_lag_1440m temperatura_externa_c_media_60m temperatura_externa_c_media_180m temperatura_externa_c_media_360m temperatura_externa_c_media_1440m umidade_relativa_pct_atual umidade_relativa_pct_lag_15m umidade_relativa_pct_lag_60m umidade_relativa_pct_lag_180m umidade_relativa_pct_lag_360m umidade_relativa_pct_lag_720m umidade_relativa_pct_lag_1440m umidade_relativa_pct_media_60m umidade_relativa_pct_media_180m umidade_relativa_pct_media_360m umidade_relativa_pct_media_1440m origem_hora origem_dia_semana origem_fim_de_semana origem_mes origem_hora_sin origem_hora_cos origem_semana_sin origem_semana_cos consumo_diferenca_semana_atual consumo_razao_semana_atual consumo_diferenca_dia_atual tendencia_consumo_15m tendencia_consumo_60m tendencia_consumo_180m tendencia_consumo_360m correcao_semanal_media_60m correcao_semanal_std_60m correcao_semanal_media_180m correcao_semanal_std_180m correcao_semanal_media_360m correcao_semanal_std_360m correcao_semanal_media_1440m correcao_semanal_std_1440m temperatura_externa_c_diferenca_semana_atual temperatura_externa_c_tendencia_1h umidade_relativa_pct_diferenca_semana_atual umidade_relativa_pct_tendencia_1h alvo_hora alvo_dia_semana alvo_fim_de_semana alvo_mes alvo_hora_sin alvo_hora_cos alvo_semana_sin alvo_semana_cos consumo_alvo_dia_anterior consumo_alvo_semana_anterior
feature_infos=[22.399999999999999:324.71375799999998] [22.399999999999999:324.71375799999998] [22.399999999999999:324.71375799999998] [22.399999999999999:324.71375799999998] [22.399999999999999:324.71375799999998] [22.399999999999999:324.71375799999998] [22.399999999999999:324.71375799999998] [22.399999999999999:324.71375799999998] [22.399999999999999:324.71375799999998] [22.399999999999999:324.71375799999998] [22.399999999999999:321.24876725000001] [22.399999999999999:318.278571] [22.399999999999999:324.71375799999998] [0:82.540869055199337] [22.399999999999999:313.28577408333337] [22.399999999999999:302.53573799999998] [22.399999999999999:324.71375799999998] [0:92.970139865692389] [22.399999999999999:295.13563500000004] [22.399999999999999:249.29458700000001] [22.399999999999999:324.71375799999998] [0:116.53386463160022] [23.200000000000003:159.49963871874999] none [25.600000000000001:324.71375799999998] [1.3929144002343703:128.71471884334804] [15:33.700000000000003] [15:33.700000000000003] [15:33.700000000000003] [15:33.700000000000003] [15:33.700000000000003] [15:33.700000000000003] [15:33.700000000000003] [15:33.4375] [15:32.71875] [15.333333333333334:31.620833333333334] [16.439843749999998:27.283072916666669] [31:98] [31:98] [31:98] [31:98] [31:98] [31:98] [31:98] [32.5:95.625] [33.666666666666664:95.083333333333329] [37.041666666666664:94] [59.309895833333336:91.638020833333329] [0:23.75] [0:6] [0:1] [1:4] [-1:1] [-1:1] [-0.97492791218182362:0.97492791218182362] [-0.90096886790241903:1] [-72.635950000000008:77.445233000000002] [0.43630911779503978:2.09406877563422] [-291.363968:296.779246] [-121.30707899999999:153.05878799999999] [-124.27709300000001:153.05878799999999] [-180.63157299999997:268.16051600000003] [-299.363968:299.97924600000005] [-70.384351250000009:75.467424499999993] [0:44.359338508129341] [-67.777903583333341:70.921986416666655] [0:38.631403568061003] [-64.848194500000005:62.415354583333333] [0:37.083675449251288] [-34.945017510416669:27.905951093750001] [0:30.68446053870321] [-12:11.5] [-8:4.8000000000000007] [-49:48] [-30:40] [0:23.75] [0:6] [0:1] [1:4] [-1:1] [-1:1] [-0.97492791218182362:0.97492791218182362] [-0.90096886790241903:1] [22.399999999999999:324.71375799999998] [22.399999999999999:324.71375799999998]
tree_sizes=1425 1431 1430 1434 1431 1428 1425 1432 1436 1434 1440 1433 1437 1439 1438 1445 1435 1446 1452 1441 1442 1445 1432 1438 1435 1438 1443 1446 1432 1442 1435 1431 1458 1424 1445 1435 1459

Tree=0
num_leaves=15
num_cat=0
split_feature=71 84 71 84 71 69 84 84 83 69 63 58 51 69
split_gain=599331 447692 345036 235689 232984 72130.4 67972.4 63343.4 47323.6 43572.1 36277 34439.7 31755.6 28794.8
threshold=-1.0000000180025095e-35 103.23470300000001 -2.5124999999999988 42.523274000000008 2.212499999999999 -26.30091713020833 287.58038500000004 273.90393550000005 257.68170650000008 -0.18351217708333298 23.254554000000009 -10.845522500000007 3.5000000000000004 11.840655182291668
decision_type=2 2 2 2 2 2 2 2 2 2 2 2 2 2
left_child=1 -1 5 -2 7 -3 11 9 -7 12 13 -4 -5 -6
right_child=3 2 6 4 10 8 -8 -9 -10 -11 -12 -13 -14 -15
leaf_value=-1.0194133964433494 -1.0143644244980523 -3.5246464751224194 -2.1894360647015718 -0.67882674351142402 -0.22575585529709996 -2.5875590011347285 -2.9414580763767768 -1.7781491242268448 -1.1499749387255775 -0.39503071626284425 0.88176024353637672 -1.3344035552716911 -1.4310032745964449 0.39228589480648401
leaf_weight=2949 2698 208 128 393 353 639 75 128 63 868 194 1373 217 419
leaf_count=2949 2698 208 128 393 353 639 75 128 63 868 194 1373 217 419
internal_value=-1.06773 -1.43609 -1.9302 -0.687837 -0.345467 -2.70489 -1.48213 -0.71492 -2.45885 -0.622422 0.267757 -1.40802 -0.946561 0.111139
internal_weight=10705 5435 2486 5270 2572 910 1576 1606 702 1478 966 1501 610 772
internal_count=10705 5435 2486 5270 2572 910 1576 1606 702 1478 966 1501 610 772
is_linear=0
shrinkage=1


Tree=1
num_leaves=15
num_cat=0
split_feature=71 84 71 84 71 24 84 84 69 63 8 58 24 69
split_gain=541060 404280 319171 212764 210368 66826.1 62189.6 57198.6 39580.5 32771.8 31869.9 30720.5 26150.4 25992.1
threshold=-1.0000000180025095e-35 101.17872750000002 -2.5124999999999988 42.523274000000008 2.212499999999999 257.54432450000007 287.58038500000004 273.90393550000005 -1.3059802708333337 23.254554000000009 200.46031700000003 -10.845522500000007 276.25245200000006 11.840655182291668
decision_type=2 2 2 2 2 2 2 2 2 2 2 2 2 2
left_child=1 -1 5 -2 7 -3 11 8 -5 13 -7 -4 -13 -6
right_child=3 2 6 4 9 10 -8 -9 -10 -11 -12 12 -14 -15
leaf_value=0.049929186860829075 0.050699432561379001 -1.907328039471631 -1.0500945044480836 0.054351886160717428 0.79999551857784823 -0.62010184845044503 -1.7812731956180774 -0.67517238014428194 0.60457925138267665 1.8525167946937757 -1.55022711455822 -0.37694740109514596 0.11326688131597895 1.3871900542993987
leaf_weight=2922 2698 547 129 488 353 209 75 128 990 194 167 1015 371 419
leaf_count=2922 2698 547 129 488 353 209 75 128 990 194 167 1015 371 419
internal_value=-1.39147e-05 -0.350012 -0.81488 0.36094 0.686233 -1.55398 -0.385124 0.33517 0.423067 1.26893 -1.03623 -0.314878 -0.245741 1.12008
internal_weight=10705 5435 2513 5270 2572 923 1590 1606 1478 966 376 1515 1386 772
internal_count=10705 5435 2513 5270 2572 923 1590 1606 1478 966 376 1515 1386 772
is_linear=0
shrinkage=0.05


Tree=2
num_leaves=15
num_cat=0
split_feature=71 84 71 84 71 24 84 84 8 69 63 24 69 24
split_gain=488457 365380 282559 192069 189946 71965.9 53572.3 48345.4 43646.5 42265.1 29605.3 28753.4 27713.7 26615.3
threshold=-1.0000000180025095e-35 103.23470300000001 -2.1374999999999988 42.523274000000008 2.212499999999999 257.54432450000007 282.33339050000006 292.35207400000007 201.91442500000002 -0.18351217708333298 23.254554000000009 281.72766850000005 -26.462434338541666 267.02599300000003
decision_type=2 2 2 2 2 2 2 2 2 2 2 2 2 2
left_child=1 -1 5 -2 6 12 9 -4 13 11 -6 -5 -3 -7
right_child=3 2 7 4 10 8 -8 -9 -10 -11 -12 -13 -14 -15
leaf_value=0.043855206126883879 0.048165398166991467 -2.3213428745162017 -0.28102822518527476 -0.14088424335653957 1.0642130432479362 -1.1688886985327434 -1.3641617645388067 -1.9464296139611141 -1.5284023954287955 0.59405948468971126 1.7603659625542472 0.57696615194968015 -1.5496766233778536 -0.14703201754955497
leaf_weight=2949 2698 176 1418 477 772 102 45 44 189 888 194 196 389 168
leaf_count=2949 2698 176 1418 477 772 102 45 44 189 888 194 196 389 168
internal_value=-2.74557e-05 -0.332577 -0.778955 0.342932 0.652 -1.4155 0.318411 -0.332446 -0.947044 0.367758 1.2057 0.0687235 -1.79373 -0.535956
internal_weight=10705 5435 2486 5270 2572 1024 1606 1462 459 1561 966 673 565 270
internal_count=10705 5435 2486 5270 2572 1024 1606 1462 459 1561 966 673 565 270
is_linear=0
shrinkage=0.05


Tree=3
num_leaves=15
num_cat=0
split_feature=71 84 71 84 71 84 69 84 31 42 83 58 69 25
split_gain=440978 329922 261642 173371 171490 52795 51500.5 48749.4 35079.7 34040.9 32130.1 28801.7 28580.1 30260.1
threshold=-1.0000000180025095e-35 100.33973250000001 -2.7999999999999985 42.523274000000008 2.212499999999999 287.58038500000004 -26.30091713020833 266.04154000000005 21.012500000000003 68.875000000000014 257.68170650000008 -10.845522500000007 11.840655182291668 103.83785543165358
decision_type=2 2 2 2 2 2 2 2 2 2 2 2 2 2
left_child=1 -1 6 -2 7 11 -3 8 -5 -10 -8 -4 13 -6
right_child=3 2 5 4 12 -7 10 -9 9 -11 -12 -13 -14 -15
leaf_value=0.046066303352736267 0.045758018422100276 -2.1234615597114743 -0.98787401336644387 -0.038943745165407287 1.1202794336744588 -1.6202916365861892 -1.3187263129044646 -0.33506626717068932 0.25192709875848474 0.82704280523753226 0.00016924034731060852 -0.23616079277046029 1.3936100644238716 0.21835188370554107
leaf_weight=2916 2698 210 139 317 302 79 603 252 479 558 50 1438 529 135
leaf_count=2916 2698 210 139 317 302 79 603 252 479 558 50 1438 529 135
internal_value=-5.57919e-05 -0.31603 -0.735045 0.325809 0.619448 -0.366784 -1.44045 0.30248 0.421297 0.56189 -1.21789 -0.303002 1.14556 0.842787
internal_weight=10705 5435 2519 5270 2572 1656 863 1606 1354 1037 653 1577 966 437
internal_count=10705 5435 2519 5270 2572 1656 863 1606 1354 1037 653 1577 966 437
is_linear=0
shrinkage=0.05


Tree=4
num_leaves=15
num_cat=0
split_feature=71 84 71 84 71 24 84 8 84 31 38 31 63 45
split_gain=400034 289158 261384 191537 114011 59686.8 53980.4 36837.8 27123.8 27626 33401.9 27470.7 26266.8 22532.2
threshold=1.0000000180025095e-35 105.83267250000002 -2.1374999999999988 42.523274000000008 2.212499999999999 257.54432450000007 282.33339050000006 205.88845150000003 268.31435900000002 21.112500000000004 51.875000000000007 22.387500000000003 23.254554000000009 82.989583333333357
decision_type=2 2 2 2 2 2 2 2 2 2 2 2 2 2
left_child=1 -1 5 -2 8 -3 13 -7 9 -5 -11 -12 -6 -4
right_child=3 2 6 4 12 7 -8 -9 -10 10 11 -13 -14 -15
leaf_value=0.048805865257357556 0.043469821174466426 -1.6342445979327231 0.011843649057158526 0.0018483080514348469 0.95530597654883342 -0.48287427841237296 -1.3700771161543979 -1.4039156775111739 -0.24718093426335941 1.8091089738989776 1.0828263098216919 0.35858112212252791 1.6105193170293786 -0.36471719180406542
leaf_weight=3215 2519 559 689 259 772 269 105 183 157 52 165 630 194 937
leaf_count=3215 2519 559 689 259 772 269 105 183 157 52 165 630 194 937
internal_value=-6.58785e-05 -0.272923 -0.650031 0.342255 0.679742 -1.28841 -0.276652 -0.85805 0.366553 0.453819 0.591859 0.510068 1.08842 -0.205244
internal_weight=10705 5957 2742 4748 2229 1011 1731 452 1263 1106 847 795 966 1626
internal_count=10705 5957 2742 4748 2229 1011 1731 452 1263 1106 847 795 966 1626
is_linear=0
shrinkage=0.05


Tree=5
num_leaves=15
num_cat=0
split_feature=71 84 71 84 71 84 69 36 84 84 83 58 73 69
split_gain=364044 308923 153034 109099 185013 59869.8 45394.5 38911.1 32239.7 29103.3 28008.4 26206.3 27997.2 25985.3
threshold=-0.93749999999999989 102.74724850000001 -2.7999999999999985 42.523274000000008 2.0124999999999997 265.2444010000001 -26.462434338541666 20.938671875000004 292.35207400000007 287.58038500000004 257.68170650000008 -1.7172850000000037 1.3750000000000002 11.840655182291668
decision_type=2 2 2 2 2 2 2 2 2 2 2 2 2 2
left_child=1 -1 6 -2 5 7 -3 -5 11 -7 -8 12 -4 -6
right_child=3 2 8 4 13 9 10 -9 -10 -11 -12 -13 -14 -15
leaf_value=0.035199208465177066 0.041311454318189299 -2.0195831363484014 0.15896144933425463 -0.25753145759797053 0.74376375451437293 -0.2074916936752989 -1.2043775888521724 0.42205492962458113 -1.7744582331457803 -1.5487738246503084 0.024734227096333224 -0.26407454601791613 -1.1720895446533728 1.2620884868782882
leaf_weight=2514 3066 176 51 246 452 339 627 1440 42 45 50 950 171 536
leaf_count=2514 3066 176 51 246 452 339 627 1440 42 45 50 950 171 536
internal_value=-6.06248e-05 -0.337145 -0.789808 0.252106 0.463369 0.194486 -1.30276 0.322804 -0.428617 -0.368288 -1.1137 -0.378916 -0.866966 1.02595
internal_weight=10705 4581 2067 6124 3058 2070 853 1686 1214 384 677 1172 222 988
internal_count=10705 4581 2067 6124 3058 2070 853 1686 1214 384 677 1172 222 988
is_linear=0
shrinkage=0.05


Tree=6
num_leaves=15
num_cat=0
split_feature=71 84 71 84 71 84 69 24 69 57 84 84 83 58
split_gain=328664 279923 135422 97595.4 168281 54063.7 40970.6 38186 34937.6 30413.2 28951.5 26284.1 25291.2 24607.6
threshold=-0.9875000000000006 103.23470300000001 -2.7999999999999985 42.523274000000008 2.0124999999999997 265.2444010000001 -26.462434338541666 281.72766850000005 -1.0046598958333335 0.965460606779173 292.35207400000007 290.2148160000001 257.68170650000008 -1.7172850000000037
decision_type=2 2 2 2 2 2 2 2 2 2 2 2 2 2
left_child=1 -1 6 -2 5 7 -3 8 -5 -9 13 -7 -8 -4
right_child=3 2 10 4 -6 11 12 9 -10 -11 -12 -13 -14 -15
leaf_value=0.032025674938324443 0.0392484544816925 -1.9191745758056642 -0.8396883961302124 -0.16738017276038805 0.97475579618782382 -0.20832651972687488 -1.1447244078404484 0.27357891199351464 0.38503894125141447 1.0254432255519053 -1.6877986666768097 -1.5482540642342917 0.023521761683856741 -0.25246077656495175
leaf_weight=2509 3077 176 220 510 988 346 623 269 650 270 42 40 50 935
leaf_count=2509 3077 176 220 510 988 346 623 269 650 270 42 40 50 935
internal_value=-8.44977e-05 -0.321964 -0.755863 0.238329 0.437591 0.182705 -1.23859 0.304053 0.14223 0.65141 -0.412729 -0.350821 -1.05802 -0.364943
internal_weight=10705 4555 2046 6150 3073 2085 849 1699 1160 539 1197 386 673 1155
internal_count=10705 4555 2046 6150 3073 2085 849 1699 1160 539 1197 386 673 1155
is_linear=0
shrinkage=0.05


Tree=7
num_leaves=15
num_cat=0
split_feature=71 84 71 84 69 24 84 8 71 70 22 24 8 36
split_gain=298288 216770 192410 143063 84306.6 47187.8 42276.7 40805.9 34770.9 33473.4 30138.2 26261.1 27819.4 22233.1
threshold=1.0000000180025095e-35 105.83267250000002 -2.1374999999999988 42.523274000000008 11.840655182291668 266.90505200000007 275.36804450000005 200.46031700000003 3.4000000000000008 8.1032710679429751 148.13106922916668 283.21306650000002 209.58405150000002 25.921354166666671
decision_type=2 2 2 2 2 2 2 2 2 2 2 2 2 2
left_child=1 -1 5 -2 8 -3 -4 -7 9 -5 -6 -11 -13 -12
right_child=3 2 6 4 10 7 -8 -9 -10 11 13 12 -14 -15
leaf_value=0.042842534901510548 0.037270797281747779 -1.3548306456545678 -0.15075793426903761 0.48575198480075726 1.2835655615329742 -0.088532445892349057 -0.91244657236524829 -1.1782411474407766 1.0373488697835378 -0.24483658227448665 0.10254481214691291 0.039177320346884106 1.5173338028849388 1.0139077039925677
leaf_weight=3215 2519 668 1525 819 449 173 206 170 174 377 120 91 48 151
leaf_count=3215 2519 668 1525 819 449 173 206 170 174 377 120 91 48 151
internal_value=-0.000103691 -0.23572 -0.562231 0.295495 0.587168 -1.10995 -0.241878 -0.630476 0.374343 0.287217 1.03208 -0.0282293 0.556812 0.612213
internal_weight=10705 5957 2742 4748 2229 1011 1731 343 1509 1335 720 516 139 271
internal_count=10705 5957 2742 4748 2229 1011 1731 343 1509 1335 720 516 139 271
is_linear=0
shrinkage=0.05


Tree=8
num_leaves=15
num_cat=0
split_feature=71 84 71 84 71 84 24 69 20 51 56 65 69 47
split_gain=270511 228662 112248 81247.2 135662 46395.7 41486.3 35538.4 32640.4 28116.6 23286.1 22320.4 20058.6 20888.7
threshold=-0.93749999999999989 102.74724850000001 -2.2999999999999985 42.523274000000008 2.0124999999999997 272.69961450000005 264.18653100000006 -1.3059802708333337 197.98222750000002 3.5000000000000004 24.027735500000016 -3.5168624166666684 -13.493025630208331 81.589843750000014
decision_type=2 2 2 2 2 2 2 2 2 2 2 2 2 2
left_child=1 -1 6 -2 5 7 12 9 -8 -5 -6 -4 13 -3
right_child=3 2 11 4 10 -7 8 -9 -10 -11 -12 -13 -14 -15
leaf_value=0.029680660396044108 0.035372151706985981 -1.8454689900080365 -0.6944517619735161 0.21938176426540382 0.75111184879838655 -0.54100260467129047 0.010951317007151934 0.42078698665880437 -1.0013271819907599 -0.4228302554022319 1.3411657797382965 -0.18813954472782798 -0.98346808528941543 -1.0390524541525017
leaf_weight=2514 3066 227 301 442 772 206 129 1146 207 276 216 784 287 132
leaf_count=2514 3066 227 301 442 772 206 129 1146 207 276 216 784 287 132
internal_value=-9.08942e-05 -0.290663 -0.680109 0.217281 0.399595 0.169347 -1.06719 0.248099 -0.613805 -0.02773 0.881337 -0.32911 -1.3017 -1.55267
internal_weight=10705 4581 2067 6124 3058 2070 982 1864 336 718 988 1085 646 359
internal_count=10705 4581 2067 6124 3058 2070 982 1864 336 718 988 1085 646 359
is_linear=0
shrinkage=0.05


Tree=9
num_leaves=15
num_cat=0
split_feature=71 84 71 84 69 24 84 71 70 8 22 46 36 24
split_gain=244803 178774 162217 117526 71890.5 40341.8 38225.9 28502.2 29036.8 27644.1 26447.9 22649 21653.6 21541.9
threshold=1.0000000180025095e-35 101.17872750000002 -2.1374999999999988 42.523274000000008 11.840655182291668 257.54432450000007 295.90254450000003 3.4000000000000008 8.0129088345045254 205.88845150000003 148.13106922916668 82.848958333333357 20.906380208333335 283.21306650000002
decision_type=2 2 2 2 2 2 2 2 2 2 2 2 2 2
left_child=1 -1 5 -2 7 -3 11 8 12 -7 -6 -4 -5 -10
right_child=3 2 6 4 10 9 -8 -9 13 -11 -12 -13 -14 -15
leaf_value=0.044589044775649157 0.033640089510452185 -1.2807893769140599 0.037835743008874177 -0.30548848782392113 1.1784235012249815 -0.32767688118446281 -1.6675663026896392 0.93579282828952592 -0.20728890933279023 -1.1119000433071051 0.54972859359866777 -0.32939422736290019 0.5408092222202876 0.51151430716472013
leaf_weight=3155 2519 573 725 84 449 274 43 174 407 191 271 996 705 139
leaf_count=3155 2519 573 725 84 449 274 43 174 407 191 271 996 705 139
internal_value=-0.000104595 -0.213554 -0.504131 0.267685 0.532046 -0.999778 -0.212074 0.335528 0.256649 -0.651493 0.94288 -0.17476 0.450436 -0.0236963
internal_weight=10705 5957 2802 4748 2229 1038 1764 1509 1335 465 720 1721 789 546
internal_count=10705 5957 2802 4748 2229 1038 1764 1509 1335 465 720 1721 789 546
is_linear=0
shrinkage=0.05


Tree=10
num_leaves=15
num_cat=0
split_feature=71 84 71 84 71 84 69 51 84 69 56 71 67 70
split_gain=222601 187920 89513.9 66455.2 111420 41960.8 32285.9 26084.6 24675.9 23611.4 20350.3 19409.5 18933.7 17760.8
threshold=-0.9875000000000006 102.74724850000001 -3.3625000000000003 42.523274000000008 2.0124999999999997 285.86399050000006 -0.18351217708333298 3.5000000000000004 295.90254450000003 -14.779579244791664 24.027735500000016 -2.0499999999999985 -3.191651499999999 15.02453855844171
decision_type=2 2 2 2 2 2 2 2 2 2 2 2 2 2
left_child=1 -1 9 -2 5 6 7 13 11 -3 -6 -4 -13 -5
right_child=3 2 8 4 10 -7 -8 -9 -10 -11 -12 12 -14 -15
leaf_value=0.026065082097058292 0.031825509944312214 -1.474901820841209 -0.64903860965494475 0.37957897303143739 0.67595895719337962 -1.2781117215156557 0.37593417579242494 -0.33734009088948369 -1.539212699139372 -0.83263074403659254 1.2273362804255727 -0.54140190146673262 -0.084647644657151633 -0.22362795456780893
leaf_weight=2501 3077 280 440 393 772 49 1077 390 46 304 216 354 630 176
leaf_count=2501 3077 280 440 393 772 49 1077 390 46 304 216 354 630 176
internal_value=-0.000105894 -0.265005 -0.61926 0.196103 0.360531 0.153127 0.188183 -0.0228417 -0.410727 -1.14256 0.797622 -0.373219 -0.249351 0.192933
internal_weight=10705 4555 2054 6150 3073 2085 2036 959 1470 584 988 1424 984 569
internal_count=10705 4555 2054 6150 3073 2085 2036 959 1470 584 988 1424 984 569
is_linear=0
shrinkage=0.05


Tree=11
num_leaves=15
num_cat=0
split_feature=71 84 71 84 69 69 84 83 71 70 22 24 8 31
split_gain=201169 147508 125683 96670 61179.8 34665.2 32984.6 25927.5 23301.3 25194.6 23262.9 19483.3 25667.1 19249.4
threshold=1.0000000180025095e-35 105.83267250000002 -2.1374999999999988 42.523274000000008 11.840655182291668 -26.462434338541666 275.36804450000005 258.60530300000011 3.4000000000000008 8.0129088345045254 148.13106922916668 283.21306650000002 193.74836250000001 18.012500000000003
decision_type=2 2 2 2 2 2 2 2 2 2 2 2 2 2
left_child=1 -1 5 -2 8 -3 -4 13 9 -5 -6 -11 -13 -7
right_child=3 2 6 4 10 7 -8 -9 -10 11 -12 12 -14 -15
leaf_value=0.036174703374984608 0.030368109955674127 -1.545594783872366 -0.12355963884418596 0.41030725867098461 1.0822454508543016 -1.6900644199664776 -0.79633834978997498 0.067984295175189072 0.84385051129119748 -0.20591305448746711 0.49281938937081793 -0.10733226074860146 1.2595000861585142 -0.78308686401229355
leaf_weight=3215 2519 175 1525 789 449 64 206 83 174 407 271 80 59 689
leaf_count=3215 2519 175 1525 789 449 64 206 83 174 407 271 80 59 689
internal_value=-0.000120421 -0.193614 -0.462957 0.242633 0.482393 -0.905631 -0.204038 -0.76998 0.301113 0.229795 0.861383 -0.031328 0.477686 -0.862313
internal_weight=10705 5957 2742 4748 2229 1011 1731 836 1509 1335 720 546 139 753
internal_count=10705 5957 2742 4748 2229 1011 1731 836 1509 1335 720 546 139 753
is_linear=0
shrinkage=0.05


Tree=12
num_leaves=15
num_cat=0
split_feature=71 84 71 84 71 84 24 69 57 69 73 58 31 63
split_gain=183313 154267 77194.2 54868.4 91421.1 36328.4 28809.3 26987 26876.2 26532.4 21046.3 26763.1 19940.5 17934.5
threshold=-0.9875000000000006 99.635315500000019 -2.7999999999999985 42.523274000000008 2.0124999999999997 284.32638350000008 281.72766850000005 -1.0046598958333335 0.965460606779173 -26.462434338541666 1.1250000000000002 -1.5548045000000028 18.012500000000003 29.843507499999998
decision_type=2 2 2 2 2 2 2 2 2 2 2 2 2 2
left_child=1 -1 9 -2 5 6 7 -5 -8 -3 -4 -12 -11 -6
right_child=3 2 10 4 13 -7 8 -9 -10 12 11 -13 -14 -15
leaf_value=0.026267532121107245 0.028664206021632988 -1.4632434246926334 -0.014518592751615845 -0.18772859433508748 0.64379800763856965 -1.117028596491686 0.14732666822355464 0.25209072524358833 0.80175566664720721 -1.5989255926502286 -0.96270002352131412 -0.28637326818069386 -0.68562171474066225 1.3044145092368127
leaf_weight=2475 3077 178 421 651 871 55 335 749 295 66 193 601 621 117
leaf_count=2475 3077 178 421 651 871 55 335 749 295 66 193 601 621 117
internal_value=-0.000119205 -0.240508 -0.557805 0.177935 0.327342 0.139471 0.174047 0.0475867 0.454551 -0.918597 -0.300401 -0.451774 -0.775559 0.723269
internal_weight=10705 4555 2080 6150 3073 2085 2030 1400 630 865 1215 794 687 988
internal_count=10705 4555 2080 6150 3073 2085 2030 1400 630 865 1215 794 687 988
is_linear=0
shrinkage=0.05


Tree=13
num_leaves=15
num_cat=0
split_feature=71 84 71 84 71 84 69 22 24 84 57 47 70 36
split_gain=165510 138838 65235.2 49976.3 82080.5 34585.5 25161.9 26238.5 23029.2 20931.3 20710.4 22853.2 19660.6 25175.6
threshold=-0.93749999999999989 107.25761450000002 -3.3625000000000003 42.523274000000008 1.9500000000000013 263.70710200000008 11.840655182291668 136.98705236979171 281.72766850000005 287.58038500000004 0.965460606779173 70.747395833333357 7.8207851708806606 20.938671875000004
decision_type=2 2 2 2 2 2 2 2 2 2 2 2 2 2
left_child=1 -1 -3 -2 5 8 7 -6 12 -4 -10 -12 13 -5
right_child=3 2 9 4 6 -7 -8 -9 10 -11 11 -13 -14 -15
leaf_value=0.017077163321596398 0.027231838532523374 -0.99288333080768221 -0.31316391307577834 -0.23472493348584675 0.61236682987716651 -0.32015291790286549 0.86491370028667969 -0.11582587074483018 0.17730727015416428 -1.1364969350942751 1.4108393704242046 0.38944064551828111 -0.20756753902612679 0.44894194894543482
leaf_weight=2561 3066 565 1374 190 437 381 596 172 231 81 100 122 372 457
leaf_count=2561 3066 565 1374 190 437 381 596 172 231 81 100 122 372 457
internal_value=-0.000127776 -0.227415 -0.537242 0.169901 0.312888 0.10388 0.633941 0.40685 0.213776 -0.359748 0.509981 0.853794 0.0817257 0.248122
internal_weight=10705 4581 2020 6124 3058 1853 1205 609 1472 1455 453 222 1019 647
internal_count=10705 4581 2020 6124 3058 1853 1205 609 1472 1455 453 222 1019 647
is_linear=0
shrinkage=0.05


Tree=14
num_leaves=15
num_cat=0
split_feature=71 84 71 84 71 84 83 69 69 51 67 47 63 84
split_gain=149449 126181 65086.3 44731.4 74971.2 31981.4 29540.9 26334.4 24564.4 20935.3 17584.1 16936 16571.8 15380.7
threshold=-0.9875000000000006 99.635315500000019 -2.2999999999999985 42.523274000000008 2.212499999999999 285.86399050000006 258.60530300000011 -14.046401536458331 -0.18351217708333298 3.5000000000000004 -3.191651499999999 81.669270833333357 23.254554000000009 269.42642150000006
decision_type=2 2 2 2 2 2 2 2 2 2 2 2 2 2
left_child=1 -1 6 -2 5 8 7 11 9 -5 -4 -3 -6 -12
right_child=3 2 10 4 12 -7 -8 -9 -10 -11 13 -13 -14 -15
leaf_value=0.024101170355842264 0.025872126250219781 -1.4327031637840122 -0.50037215602647522 0.16633551797034063 0.55492361209934815 -1.1214500912427903 0.12456037300972292 -0.64522802045050653 0.32068686891054327 -0.30771592433690609 0.059446229897216755 -0.72769290269249021 1.073430833037083 -0.47643122641973523
leaf_weight=2475 3077 252 396 575 772 49 80 531 1093 390 506 134 194 181
leaf_count=2475 3077 252 396 575 772 49 80 531 1093 390 506 134 194 181
internal_value=-0.000118459 -0.217171 -0.504134 0.16065 0.295552 0.128203 -0.795475 -0.875788 0.158487 -0.0253703 -0.235442 -1.19047 0.660057 -0.0822256
internal_weight=10705 4555 2080 6150 3073 2107 997 917 2058 965 1083 386 966 687
internal_count=10705 4555 2080 6150 3073 2107 997 917 2058 965 1083 386 966 687
is_linear=0
shrinkage=0.05


Tree=15
num_leaves=15
num_cat=0
split_feature=71 84 71 84 69 83 69 84 24 30 22 63 36 45
split_gain=135497 100944 84576.5 65210.9 43899.2 26552.8 26154.1 25635.2 19619.5 25306.2 19017.4 18984.5 17400.3 16706.9
threshold=1.0000000180025095e-35 105.83267250000002 -2.1374999999999988 42.523274000000008 11.840655182291668 258.60530300000011 -14.046401536458331 295.90254450000003 252.75107050000005 19.487500000000004 148.13106922916668 18.554911875000009 25.921354166666671 82.989583333333357
decision_type=2 2 2 2 2 2 2 2 2 2 2 2 2 2
left_child=1 -1 5 -2 8 6 -3 13 9 -5 -6 -10 -12 -4
right_child=3 2 7 4 10 -7 -8 -9 11 -11 12 -13 -14 -15
leaf_value=0.031164427184905519 0.024763519663422828 -1.1334705433634389 0.046177064134033656 -0.19359100879986346 0.91663493808317531 0.11072007880679198 -0.59355494565950762 -1.3609619443389505 0.076119124708031977 0.82356887170497117 -0.065350653226525821 0.72349874565275174 0.73956054315755249 -0.27228018353642719
leaf_weight=3215 2519 390 711 80 449 83 538 43 1049 254 120 126 151 977
leaf_count=3215 2519 390 711 80 449 83 538 43 1049 254 120 126 151 977
internal_value=-0.000125902 -0.158926 -0.381738 0.199102 0.396022 -0.744874 -0.821435 -0.169338 0.242476 0.580087 0.717048 0.146096 0.384212 -0.138195
internal_weight=10705 5957 2742 4748 2229 1011 928 1731 1509 334 720 1175 271 1688
internal_count=10705 5957 2742 4748 2229 1011 928 1731 1509 334 720 1175 271 1688
is_linear=0
shrinkage=0.05


Tree=16
num_leaves=15
num_cat=0
split_feature=71 84 71 84 71 84 24 58 24 69 22 66 65 31
split_gain=122899 103287 54171.1 36884.7 60872.1 28799 21770.2 20462.1 20148.3 19817.8 21781 19798.1 18905.4 18794.8
threshold=-0.9875000000000006 99.635315500000019 -3.7624999999999988 42.523274000000008 1.9500000000000013 263.70710200000008 243.11060200000003 -1.7172850000000037 281.72766850000005 11.840655182291668 136.98705236979171 9.5047955917847506 -3.5168624166666684 25.187500000000004
decision_type=2 2 2 2 2 2 2 2 2 2 2 2 2 2
left_child=1 -1 -3 -2 5 8 -4 11 -5 10 -6 12 -8 -10
right_child=3 2 6 4 9 -7 7 -9 13 -11 -12 -13 -14 -15
leaf_value=0.021339007459358225 0.023283147027133889 -0.9050569312057819 -0.69530058919473936 0.066665001558882178 0.5308649857464719 -0.29672406332319951 -1.0260478354638651 -0.10428796960065333 0.80581568481443933 0.75004635405160458 -0.13247920934627685 0.4123709298504723 -0.16111412195846289 0.16128529415492943
leaf_weight=2475 3077 508 298 1031 437 383 179 953 214 596 172 44 98 240
leaf_count=2475 3077 508 298 1031 437 383 179 953 214 596 172 44 98 240
internal_value=-0.000120202 -0.19695 -0.456579 0.145671 0.26817 0.08934 -0.311168 -0.220842 0.189043 0.545089 0.343606 -0.565473 -0.721723 0.466198
internal_weight=10705 4555 2080 6150 3073 1868 1572 1274 1485 1205 609 321 277 454
internal_count=10705 4555 2080 6150 3073 1868 1572 1274 1485 1205 609 321 277 454
is_linear=0
shrinkage=0.05


Tree=17
num_leaves=15
num_cat=0
split_feature=71 84 71 84 69 24 8 84 24 30 22 63 36 11
split_gain=111108 83240.5 69149.1 53513.6 35477.5 23878.9 25446.5 23010.8 17394 22736.8 16672.7 16069.5 15232 14118.1
threshold=1.0000000180025095e-35 104.97042200000001 -2.1374999999999988 42.523274000000008 11.840655182291668 266.90505200000007 200.46031700000003 275.36804450000005 252.75107050000005 19.962500000000002 148.13106922916668 18.554911875000009 26.141666666666669 263.79675750000007
decision_type=2 2 2 2 2 2 2 2 2 2 2 2 2 2
left_child=1 -1 5 -2 8 -3 -7 13 9 -5 -6 -10 -12 -4
right_child=3 2 7 4 10 6 -8 -9 11 -11 12 -13 -14 -15
leaf_value=0.029285501808503846 0.022362140544823241 -0.84816019747723659 -0.11230459336559871 -0.11034322047663719 0.83411615945316031 0.091236615794045586 -0.76589280316649488 -0.64896761090787136 0.065525604100809209 0.79961513671790208 0.017844859886703628 0.66112440168769582 0.77627888236750375 0.82826763420570204
leaf_weight=3205 2519 668 1493 96 449 174 171 206 1049 238 158 126 113 40
leaf_count=3205 2519 668 1493 96 449 174 171 206 1049 238 158 126 113 40
internal_value=-0.000116756 -0.143917 -0.345567 0.180292 0.358679 -0.673754 -0.334587 -0.154115 0.220642 0.538522 0.647275 0.129902 0.335784 -0.0872387
internal_weight=10705 5957 2752 4748 2229 1013 345 1739 1509 334 720 1175 271 1533
internal_count=10705 5957 2752 4748 2229 1013 345 1739 1509 334 720 1175 271 1533
is_linear=0
shrinkage=0.05


Tree=18
num_leaves=15
num_cat=0
split_feature=71 84 71 84 71 84 24 25 81 51 47 36 84 36
split_gain=101200 84280.8 45483.4 30750.2 48554.4 24881.5 18743.5 31751.5 29167.7 25713.4 21689.2 17933.7 17339.6 16121.7
threshold=-0.93749999999999989 99.635315500000019 -3.7624999999999988 42.523274000000008 1.9500000000000013 263.70710200000008 278.11863750000003 109.2624300420939 1.0000000180025095e-35 1.5000000000000002 75.173177083333357 20.938671875000004 93.71008350000001 21.826562500000005
decision_type=2 2 2 2 2 2 2 2 2 2 2 2 2 2
left_child=1 -1 -3 -2 5 11 8 10 9 -4 -8 -5 -13 -14
right_child=3 2 6 4 -6 -7 7 -9 -10 -11 -12 12 13 -15
leaf_value=0.018893013300105496 0.020939394159234615 -0.82292657674771452 -0.051230590445019542 -0.22023642404746469 0.49193891440155246 -0.27539979001282866 0.82037747447856335 -0.669362640576595 -0.17249406304986528 -0.88815653833968577 -0.06942544206516979 0.84168386179300259 0.59023869944264018 0.10329577696545285
leaf_weight=2488 3066 508 123 237 1205 381 118 117 704 362 161 113 208 914
leaf_count=2488 3066 508 123 237 1205 381 118 117 704 362 161 113 208 914
internal_value=-0.000103259 -0.177829 -0.411575 0.13285 0.24501 0.0842549 -0.279299 0.0186227 -0.378455 -0.676447 0.308493 0.177469 0.253906 0.194012
internal_weight=10705 4581 2093 6124 3058 1853 1585 396 1189 485 279 1472 1235 1122
internal_count=10705 4581 2093 6124 3058 1853 1585 396 1189 485 279 1472 1235 1122
is_linear=0
shrinkage=0.05


Tree=19
num_leaves=15
num_cat=0
split_feature=71 84 71 84 84 69 51 36 47 73 81 84 69 47
split_gain=91409.4 76519.1 36665.9 28086.1 40593.1 45143.4 22147.8 17962.5 17293.5 20434.9 19521 16610.9 15324.7 23383.8
threshold=-0.9875000000000006 107.25761450000002 -3.7624999999999988 274.29007000000007 42.523274000000008 -0.18351217708333298 3.5000000000000004 22.678906250000008 76.108072916666671 -4.3749999999999991 0.87837969732492682 295.90254450000003 20.979532442708337 70.485677083333357
decision_type=2 2 2 2 2 2 2 2 2 2 2 2 2 2
left_child=1 -1 -3 4 -2 6 -6 -7 9 10 12 -4 13 -9
right_child=3 2 11 -5 5 7 -8 8 -10 -11 -12 -13 -14 -15
leaf_value=0.012050078769655451 0.019892604811730677 -0.7820449133919708 -0.24988324785462762 -0.43584854280532792 0.18532526639755817 0.15349474939789479 -0.31051380016644237 1.1889194365178526 0.88840891574999137 0.20203808709820945 0.040140809801195852 -1.168542392118195 0.19039738720655441 0.42696775181861651
leaf_weight=2548 3077 479 1478 214 615 465 354 252 251 535 118 50 99 170
leaf_count=2548 3077 479 1478 214 615 465 354 252 251 535 118 50 99 170
internal_value=-9.94129e-05 -0.169851 -0.400675 0.125634 0.145946 0.281557 0.00404945 0.423757 0.511778 0.430568 0.621288 -0.280689 0.752582 0.883707
internal_weight=10705 4555 2007 6150 5936 2859 969 1890 1425 1174 639 1528 521 422
internal_count=10705 4555 2007 6150 5936 2859 969 1890 1425 1174 639 1528 521 422
is_linear=0
shrinkage=0.05


Tree=20
num_leaves=15
num_cat=0
split_feature=71 84 71 84 69 83 69 84 46 24 30 47 22 36
split_gain=82708.6 62428.4 55933.9 39892.8 28315.2 21008.8 21067.8 19903.7 14906.8 14761.5 19080.7 14679.6 13971.8 12879.3
threshold=1.0000000180025095e-35 100.33973250000001 -2.1374999999999988 42.523274000000008 11.840655182291668 258.60530300000011 -14.046401536458331 295.90254450000003 82.848958333333357 252.75107050000005 19.487500000000004 81.747395833333357 148.13106922916668 18.395963541666671
decision_type=2 2 2 2 2 2 2 2 2 2 2 2 2 2
left_child=1 -1 5 -2 9 6 11 8 -4 10 -5 -3 -6 -8
right_child=3 2 7 4 12 -7 13 -9 -10 -11 -12 -13 -14 -15
leaf_value=0.028743612788743014 0.019203686612466027 -1.1542921221915348 0.074667379475072224 -0.19246697354038467 0.73840145241510546 0.15615653088104658 -1.148153800169627 -1.1743592010853303 -0.22279714621016278 0.10270075945435175 0.69053842454272163 -0.50875849281640162 0.28240276286378502 -0.37040968751488257
leaf_weight=3148 2519 259 728 80 449 87 59 43 997 1175 254 137 271 499
leaf_count=3148 2519 259 728 80 449 87 59 43 997 1175 254 137 271 499
internal_value=-9.27573e-05 -0.124161 -0.295469 0.155561 0.309582 -0.586062 -0.653842 -0.124133 -0.097288 0.186274 0.479097 -0.932808 0.567398 -0.454551
internal_weight=10705 5957 2809 4748 2229 1041 954 1768 1725 1509 334 396 720 558
internal_count=10705 5957 2809 4748 2229 1041 954 1768 1725 1509 334 396 720 558
is_linear=0
shrinkage=0.05


Tree=21
num_leaves=15
num_cat=0
split_feature=71 84 30 69 84 84 69 78 36 36 25 24 63 34
split_gain=75196.1 62601.7 30952.4 29259.6 24913.9 33914.1 37824.6 19622.5 18994.9 25120.7 17047.3 24982.1 15655.2 15507.7
threshold=-0.9875000000000006 107.25761450000002 20.912500000000005 -12.816781651041664 274.29007000000007 42.523274000000008 -0.18351217708333298 3.5000000000000004 21.329817708333337 18.666666666666668 110.04075070800977 275.10399300000006 28.110912375000009 20.998958333333338
decision_type=2 2 2 2 2 2 2 2 2 2 2 2 2 2
left_child=1 -1 3 -3 5 -2 7 -7 9 -5 11 -4 -8 -13
right_child=4 2 10 8 -6 6 12 -9 -10 -11 -12 13 -14 -15
leaf_value=0.010466012989436472 0.017851952044626116 -0.84774354461498636 -0.23405767641523703 -0.92265698588970635 -0.41488106407485037 0.17439290195133186 0.34303468588604052 -0.29177060720748177 -0.62777926661718686 0.11875631161839575 -0.67424184727016845 0.95157528854906559 0.8594838258631019 0.07715084176643619
leaf_weight=2548 3077 454 552 71 214 613 1730 356 288 295 129 79 160 139
leaf_count=2548 3077 454 552 71 214 613 1730 356 288 295 129 79 160 139
internal_value=-0.000100629 -0.154063 -0.362843 -0.539613 0.113938 0.133069 0.257023 0.00300529 -0.324744 -0.0852301 -0.14462 -0.055132 0.387187 0.396928
internal_weight=10705 4555 2007 1108 6150 5936 2859 969 654 366 899 770 1890 218
internal_count=10705 4555 2007 1108 6150 5936 2859 969 654 366 899 770 1890 218
is_linear=0
shrinkage=0.05


Tree=22
num_leaves=15
num_cat=0
split_feature=71 84 71 84 69 83 84 69 47 70 36 16 37 73
split_gain=68145.7 51785.2 46186.8 32901.3 24438 17913.8 17413.8 17342.8 13416.3 13195.5 22042.8 20445.3 19301 13073.4
threshold=1.0000000180025095e-35 99.635315500000019 -2.1374999999999988 42.523274000000008 11.840655182291668 258.60530300000011 295.90254450000003 -14.046401536458331 81.747395833333357 8.0129088345045254 24.652864583333336 266.38679650000006 72.375000000000014 -4.1249999999999991
decision_type=2 2 2 2 2 2 2 2 2 2 2 2 2 2
left_child=1 -1 5 -2 9 7 -4 8 -3 10 12 -11 -5 -13
right_child=3 2 6 4 -6 -7 -8 -9 -10 11 -12 13 -14 -15
leaf_value=0.027058855913593711 0.01735163977280969 -1.0593352392315865 -0.08791048135545998 -0.11579230808183777 0.52057079451853583 0.15344482849944721 -1.0952955238859763 -0.41427656379445488 -0.44289100501092449 -0.16022240001605825 1.2955219589746916 0.80190876623222584 0.40678928362304401 -0.12027758951919774
leaf_weight=3137 2519 259 1733 265 720 87 43 561 137 499 51 108 527 59
leaf_count=3137 2519 259 1733 265 720 87 43 561 137 499 51 108 527 59
internal_value=-0.000102418 -0.11272 -0.268166 0.141185 0.28106 -0.53193 -0.112904 -0.594331 -0.847723 0.166511 0.297809 0.00012024 0.23201 0.47733
internal_weight=10705 5957 2820 4748 2229 1044 1776 957 396 1509 843 666 792 167
internal_count=10705 5957 2820 4748 2229 1044 1776 957 396 1509 843 666 792 167
is_linear=0
shrinkage=0.05


Tree=23
num_leaves=15
num_cat=0
split_feature=71 84 35 84 84 69 65 73 36 51 84 70 47 54
split_gain=61857.3 51199.7 28813.9 22608 23312.1 31672 22298.8 16207.3 20957.9 16122.1 16055.8 14155.1 17986 14826.1
threshold=-0.9875000000000006 99.635315500000019 19.946354166666669 284.32638350000008 42.523274000000008 -0.18351217708333298 -3.8802609583333334 4.6250000000000009 18.395963541666671 3.5000000000000004 249.14793600000004 14.771635923836518 73.851562500000014 0.87837969732492682
decision_type=2 2 2 2 2 2 2 2 2 2 2 2 2 2
left_child=1 -1 7 4 -2 9 -4 8 -3 11 -7 13 -13 -6
right_child=3 2 6 -5 5 10 -8 -9 -10 -11 -12 12 -14 -15
leaf_value=0.013950188856072399 0.016004355658932583 -1.0593332661858088 -0.45547254153582606 -0.86259824415047959 0.14683427701650914 0.41210221520915546 -0.01165561468826465 -0.76514328734450787 -0.15460986231311699 -0.25910700909858247 0.081389147301242526 0.42781594638329223 -0.59056511218349139 0.84555582143754382
leaf_weight=2475 3077 78 437 59 366 1477 800 425 340 401 489 67 119 95
leaf_count=2475 3077 78 437 59 366 1477 800 425 340 401 489 67 119 95
internal_value=-9.85732e-05 -0.139739 -0.322534 0.103332 0.112829 0.211639 -0.168686 -0.54782 -0.325559 -0.0103678 0.329928 0.143959 -0.223403 0.292341
internal_weight=10705 4555 2080 6150 6091 3014 1237 843 418 1048 1966 647 186 461
internal_count=10705 4555 2080 6150 6091 3014 1237 843 418 1048 1966 647 186 461
is_linear=0
shrinkage=0.05


Tree=24
num_leaves=15
num_cat=0
split_feature=71 84 71 84 69 84 69 31 22 36 35 47 81 11
split_gain=55852.4 42753.7 34651.1 26972.3 21219.8 15102 14744 13839 12346 12644.1 12373.8 16812.3 15605.4 11811.3
threshold=1.0000000180025095e-35 104.97042200000001 -2.1374999999999988 42.523274000000008 11.840655182291668 275.36804450000005 -26.462434338541666 18.012500000000003 148.13106922916668 25.921354166666671 23.084375000000001 76.425781250000014 0.87837969732492682 263.79675750000007
decision_type=2 2 2 2 2 2 2 2 2 2 2 2 2 2
left_child=1 -1 6 -2 -5 13 -3 -8 10 -10 11 -6 -12 -4
right_child=3 2 5 4 8 -7 7 -9 9 -11 12 -13 -14 -15
leaf_value=0.022069917003788561 0.015684502542255417 -0.89578753633593977 -0.079819704521287838 0.14771914826862559 1.2268395433744006 -0.51193005183108764 -1.0927240509253282 -0.33150315139322517 -0.17236903823665845 0.51309250628477654 0.6532079576070966 0.45501884722138108 -0.35696884370098514 0.7804393824280762
leaf_weight=3205 2519 175 1493 1509 140 206 64 774 120 151 105 145 59 40
leaf_count=3205 2519 175 1493 1509 140 206 64 774 120 151 105 145 59 40
internal_value=-0.000103988 -0.102059 -0.246576 0.127807 0.254452 -0.111047 -0.478896 -0.390872 0.477632 0.210049 0.638309 0.837123 0.28983 -0.0568792
internal_weight=10705 5957 2752 4748 2229 1739 1013 838 720 271 449 285 164 1533
internal_count=10705 5957 2752 4748 2229 1739 1013 838 720 271 449 285 164 1533
is_linear=0
shrinkage=0.05


Tree=25
num_leaves=15
num_cat=0
split_feature=71 84 30 69 84 84 69 36 36 25 24 78 76 7
split_gain=50944.2 42181.6 22777.1 21501.3 20072.2 20001.9 27427 17745.8 19958.8 15269.1 21735.2 14530.1 13825.4 15717.2
threshold=-0.9875000000000006 110.50077200000001 20.912500000000005 -12.816781651041664 282.33339050000006 42.523274000000008 -0.18351217708333298 21.329817708333337 18.666666666666668 110.04075070800977 275.10399300000006 3.5000000000000004 1.5000000000000002 199.81461600000003
decision_type=2 2 2 2 2 2 2 2 2 2 2 2 2 2
left_child=1 -1 3 -3 5 -2 11 8 -5 10 -4 -7 -12 -14
right_child=4 2 9 7 -6 6 -8 -9 -10 -11 12 -13 13 -15
leaf_value=0.0057849332212711393 0.014362547559696332 -0.72030270274863151 -0.19529354731709539 -0.79377309973750798 -0.70852509343198378 0.13569582198322122 0.30613459573953838 -0.5669667663112764 0.14628797988088368 -0.6126741323276208 -0.07693610647072395 -0.24811068956705276 1.473656697117764 0.30848480114414367
leaf_weight=2589 3077 447 538 69 76 642 1956 278 291 129 89 399 45 80
leaf_count=2589 3077 447 538 69 76 642 1956 278 291 129 89 399 45 80
internal_value=-9.70474e-05 -0.126823 -0.301366 -0.454629 0.0937677 0.103921 0.195835 -0.267655 -0.0355901 -0.112313 -0.0257795 -0.0115085 0.399308 0.736313
internal_weight=10705 4555 1966 1085 6150 6074 2997 638 360 881 752 1041 214 125
internal_count=10705 4555 1966 1085 6150 6074 2997 638 360 881 752 1041 214 125
is_linear=0
shrinkage=0.05


Tree=26
num_leaves=15
num_cat=0
split_feature=71 84 71 84 69 83 84 69 47 46 31 7 47 47
split_gain=46138.5 35541.3 31224.3 22310.9 18417.5 13976 13670.4 12895.9 12126.6 11407.2 11365.4 20100.6 18092.6 13661.3
threshold=1.0000000180025095e-35 99.635315500000019 -2.1374999999999988 42.523274000000008 11.840655182291668 258.60530300000011 295.90254450000003 -14.046401536458331 81.747395833333357 82.848958333333357 21.012500000000003 99.960122500000026 74.417968750000014 70.266927083333357
decision_type=2 2 2 2 2 2 2 2 2 2 2 2 2 2
left_child=1 -1 5 -2 10 7 9 8 -3 -4 -5 12 -12 -13
right_child=3 2 6 4 -6 -7 -8 -9 -10 -11 11 13 -14 -15
leaf_value=0.02303388029431308 0.014182745761104993 -0.91295234425709804 0.077679127444634621 -0.11570752293238758 0.43925869039533699 0.16668688938635487 -0.96429088020866571 -0.33834180100669742 -0.32823477356654146 -0.18175507656748857 0.7901022389908815 -0.22330693509150296 0.18284630935148974 0.23442242106746269
leaf_weight=3137 2519 259 735 354 720 87 43 561 137 998 216 299 284 356
leaf_count=3137 2519 259 735 354 720 87 43 561 137 998 216 299 284 356
internal_value=-9.93506e-05 -0.092765 -0.221543 0.116157 0.231341 -0.438415 -0.0938831 -0.493541 -0.712 -0.0717425 0.13191 0.207837 0.446234 0.0254523
internal_weight=10705 5957 2820 4748 2229 1044 1776 957 396 1733 1509 1155 500 655
internal_count=10705 5957 2820 4748 2229 1044 1776 957 396 1733 1509 1155 500 655
is_linear=0
shrinkage=0.05


Tree=27
num_leaves=15
num_cat=0
split_feature=71 84 65 49 84 84 36 7 69 70 47 24 51 47
split_gain=41889 34482.8 20165.7 23106.1 18070.2 20892.3 26796.6 25434.6 19756.8 13750.7 13729.5 12667.5 11888.5 11185.4
threshold=-0.9875000000000006 110.50077200000001 -4.4486704166666611 4.5000000000000009 272.35636400000004 42.523274000000008 22.654296875000004 203.45898100000002 8.2327959375000024 15.897566054337501 75.976562500000014 246.78300350000004 2.5000000000000004 70.747395833333357
decision_type=2 2 2 2 2 2 2 2 2 2 2 2 2 2
left_child=1 -1 -3 11 5 -2 9 13 -9 10 -7 -4 -12 -8
right_child=4 2 3 -5 -6 6 7 8 -10 -11 12 -13 -14 -15
leaf_value=0.0048850075051936406 0.012855517111181283 -0.49612988602972319 -0.35591801206618062 -0.72461900820460512 -0.32461116632641573 0.45605514968999411 0.67254745019665851 -0.18524374734927024 0.30916645836377565 -0.58753436960672079 0.47617379428575868 0.020781510194674845 -0.13508504601926019 0.33881308530324272
leaf_weight=2589 3077 667 303 157 257 164 422 346 483 94 91 839 587 629
leaf_count=2589 3077 667 303 157 257 164 422 346 483 94 91 839 587 629
internal_value=-9.96905e-05 -0.115012 -0.272825 -0.157871 0.0850151 0.102931 0.201316 0.310099 0.10284 -0.0172771 0.0470072 -0.0793899 -0.0524625 0.473327
internal_weight=10705 4555 1966 1299 6150 5893 2816 1880 829 936 842 1142 678 1051
internal_count=10705 4555 1966 1299 6150 5893 2816 1880 829 936 842 1142 678 1051
is_linear=0
shrinkage=0.05


Tree=28
num_leaves=15
num_cat=0
split_feature=71 84 30 69 20 8 84 61 43 83 22 46 7 36
split_gain=37827.4 31247.3 23147.4 19569.3 16764.5 22772.9 16669.7 15337.2 14754.8 13651.9 14325.5 17609.3 14834.6 12086
threshold=-0.93749999999999989 90.323718500000012 20.912500000000005 -12.816781651041664 269.23038800000006 258.94589250000007 285.86399050000006 168.01043050000001 83.375000000000014 197.01993650000003 142.50335008854168 82.171875000000014 178.38685000000004 22.036197916666669
decision_type=2 2 2 2 2 2 2 2 2 2 2 2 2 2
left_child=1 -1 3 -3 5 9 7 -2 -5 -4 11 12 -11 -10
right_child=6 2 4 8 -6 -7 -8 -9 13 10 -12 -13 -14 -15
leaf_value=0.015738101838864867 0.069098864828453774 -0.64196607156993379 -0.30017490469220082 -0.39125059044738192 0.67762257083201083 -0.97981370985507965 -0.80178922944754927 0.40827481890949663 0.22681581434291631 1.4865296774132308 -0.3442995112034537 0.0030378621870995591 0.37019651946012339 -0.69082702287407816
leaf_weight=2400 5719 472 321 491 70 70 52 353 216 42 125 232 100 42
leaf_count=2400 5719 472 321 491 70 70 52 353 216 42 125 232 100 42
internal_value=-9.71239e-05 -0.108756 -0.245695 -0.390042 -0.0618888 -0.120748 0.0811886 0.0888811 -0.230642 -0.0463089 0.117273 0.272049 0.708466 0.0753416
internal_weight=10705 4581 2181 1221 960 890 6124 6072 749 820 499 374 142 258
internal_count=10705 4581 2181 1221 960 890 6124 6072 749 820 499 374 142 258
is_linear=0
shrinkage=0.05


Tree=29
num_leaves=15
num_cat=0
split_feature=84 71 84 71 65 84 69 70 36 43 37 36 31 22
split_gain=34946.1 32972.7 21331.5 26903.3 17541.5 16766.1 18844.4 14919.1 18158.6 16946.9 15135.7 16751.7 13189.4 17833.5
threshold=299.97504500000008 -1.0000000180025095e-35 86.714655000000008 -3.9875000000000003 4.2706661666666674 42.523274000000008 11.840655182291668 8.0129088345045254 24.652864583333336 60.375000000000007 72.375000000000014 20.906380208333335 22.487500000000004 143.82189563541669
decision_type=2 2 2 2 2 2 2 2 2 2 2 2 2 2
left_child=1 2 -1 -4 -5 -3 7 8 10 -9 -7 -12 -8 -14
right_child=-2 5 3 4 -6 6 12 9 -10 -11 11 -13 13 -15
leaf_value=0.016708669790261237 -1.164967206446454 0.0091277780391554701 -0.51344266029686614 -0.13015798778861631 0.70419487791565749 -0.12878431632060611 0.96351144429050639 0.45532275765274588 1.1355253852330722 -0.17039659377446992 -0.28351832187909171 0.40546817023496512 0.671975481906674 0.12796437514482917
leaf_weight=2772 63 2698 496 2058 64 287 90 129 51 645 103 589 232 428
leaf_count=2772 63 2698 496 2058 64 287 90 129 51 645 103 589 232 428
internal_value=-9.64377e-05 0.00690834 -0.0799611 -0.182285 -0.104674 0.0960586 0.187851 0.100174 0.224731 -0.0656571 0.176174 0.302656 0.398331 0.31992
internal_weight=10705 10642 5390 2618 2122 5252 2554 1804 1030 774 979 692 750 660
internal_count=10705 10642 5390 2618 2122 5252 2554 1804 1030 774 979 692 750 660
is_linear=0
shrinkage=0.05


Tree=30
num_leaves=15
num_cat=0
split_feature=84 67 84 62 68 47 58 64 69 24 24 84 69 83
split_gain=31591.3 30208.5 26507.3 20637.2 18065.2 17818 25516.8 13387 13245 12953 18435.5 10886.2 10211.6 10175.5
threshold=299.97504500000008 -2.4885673333333322 68.269408500000011 169.76704000000004 13.418503889109045 72.906250000000014 -14.716639499999998 1.397838349483546 -28.026467833333328 281.04792900000001 290.18302650000004 269.42642150000006 -13.493025630208331 259.33671700000008
decision_type=2 2 2 2 2 2 2 2 2 2 2 2 2 2
left_child=1 2 -1 8 9 6 -4 -8 -3 -5 -11 13 -7 -10
right_child=-2 3 5 4 -6 12 7 -9 11 10 -12 -13 -14 -15
leaf_value=0.010706611957381804 -1.1076289722695947 -0.79510691836476333 -0.96112452853809716 0.0055661892729532217 0.82185648538335399 -0.53202312682901531 0.092883425386566118 1.0007508793561641 0.033330628091725899 0.73849445866518904 -0.078949987396187749 -0.18262471054094259 -0.23755467371591679 0.23314970334366644
leaf_weight=1742 63 47 43 396 136 483 131 58 5314 189 108 512 760 723
leaf_count=1742 63 47 43 396 136 483 131 58 5314 189 108 512 760 723
internal_value=-8.18154e-05 0.00657825 -0.12138 0.0620271 0.297003 -0.277278 0.12453 0.375289 0.0324543 0.192966 0.441974 0.0385139 -0.352314 0.0572959
internal_weight=10705 10642 3217 7425 829 1475 232 189 6596 693 297 6549 1243 6037
internal_count=10705 10642 3217 7425 829 1475 232 189 6596 693 297 6549 1243 6037
is_linear=0
shrinkage=0.05


Tree=31
num_leaves=15
num_cat=0
split_feature=73 84 67 51 58 30 56 62 30 70 84 84 84 47
split_gain=29309.8 23993 26317.1 21532.8 18869.7 17385.2 14902.9 13732.7 22052.2 18095.3 14251.3 12128.7 12394.3 12672.4
threshold=0.87500000000000011 94.579745500000016 1.8767478958333339 2.5000000000000004 -1.7172850000000037 16.512500000000003 11.517540500000004 169.76704000000004 21.112500000000004 21.040396992618884 203.21740350000002 290.2148160000001 175.19930200000002 77.584635416666671
decision_type=2 2 2 2 2 2 2 2 2 2 2 2 2 2
left_child=5 -2 4 6 -3 -1 -4 -7 -9 10 -10 12 13 -6
right_child=1 2 3 -5 11 7 -8 8 9 -11 -12 -13 -14 -15
leaf_value=-0.87125216452404863 0.011934983326185578 -0.5483042291770619 0.2767211141197809 0.70409050142875429 -0.033532895981673375 0.052858877527508931 -0.95410713541998793 0.05580428028596366 1.0731362525830346 -0.20693852762381237 0.34664387511528605 -0.79644414316620926 -0.066935047330621097 -0.61914213829020748
leaf_weight=47 2672 460 55 134 150 4912 43 476 154 59 122 76 1105 240
leaf_count=47 2672 460 55 134 150 4912 43 476 154 59 122 76 1105 240
internal_value=-8.21997e-05 -0.0895323 -0.20929 0.294283 -0.26693 0.0764254 -0.267519 0.0843591 0.274847 0.584991 0.754416 -0.184245 -0.152612 -0.39457
internal_weight=10705 4935 2263 232 2031 5770 98 5723 811 335 276 1571 1495 390
internal_count=10705 4935 2263 232 2031 5770 98 5723 811 335 276 1571 1495 390
is_linear=0
shrinkage=0.05


Tree=32
num_leaves=15
num_cat=0
split_feature=71 84 71 84 36 84 42 44 67 83 32 24 70 69
split_gain=26762.1 20954.9 21391.2 14926.5 13369.6 15870.8 13859.1 12880 11118.3 11105.3 11086.9 10736.4 13930.5 9920.05
threshold=1.0000000180025095e-35 86.714655000000008 -2.2999999999999985 42.523274000000008 22.678906250000008 273.02215500000005 57.125000000000007 53.906250000000007 2.1362732083333338 266.15429100000006 22.262500000000003 297.46106850000007 11.950848750099635 -0.28348833333333345
decision_type=2 2 2 2 2 2 2 2 2 2 2 2 2 2
left_child=1 -1 9 -2 -5 6 13 -4 10 -3 -9 12 -8 -6
right_child=3 2 7 4 5 -7 11 8 -10 -11 -12 -13 -14 -15
leaf_value=0.022819845592783806 0.0050498919018972964 -0.38407285265672553 0.64869472198799016 -0.025479372200667247 -0.37963642975355083 -0.29728324616112367 0.29731684469345193 -0.050178563685691291 0.32487115069173728 0.38875428876098322 -0.33908420032500097 -0.060136055102131131 0.69507298215247582 0.18891872569034673
leaf_weight=2988 2519 988 60 573 93 120 542 1277 148 48 448 111 373 417
leaf_count=2988 2519 988 60 573 93 120 542 1277 148 48 448 111 373 417
internal_value=-8.54476e-05 -0.0706599 -0.164714 0.0884558 0.182669 0.254663 0.297949 -0.0663913 -0.0896324 -0.347926 -0.125363 0.403763 0.460044 0.084701
internal_weight=10705 5957 2969 4748 2229 1656 1536 1933 1873 1036 1725 1026 915 510
internal_count=10705 5957 2969 4748 2229 1656 1536 1933 1873 1036 1725 1026 915 510
is_linear=0
shrinkage=0.05


Tree=33
num_leaves=15
num_cat=0
split_feature=84 67 84 62 47 58 68 36 58 29 30 41 69 37
split_gain=26081.8 23775 20231.6 15540.2 14647.1 21701 14632.2 12069.4 11272 12288 11618.6 16480.9 10908.6 9360.37
threshold=299.97504500000008 -2.4885673333333322 63.145266500000005 169.76704000000004 72.906250000000014 -14.716639499999998 13.418503889109045 23.416796875000006 15.437057499999996 22.237500000000004 21.112500000000004 77.625000000000014 -28.026467833333328 57.875000000000007
decision_type=2 2 2 2 2 2 2 2 2 2 2 2 2 2
left_child=1 2 -1 12 5 -4 8 -7 10 -10 -5 -12 -3 -9
right_child=-2 3 4 6 -6 7 -8 13 9 -11 11 -13 -14 -15
leaf_value=0.0079262797552857017 -1.0064213679172098 -0.72152699194848546 -0.88058351738886409 0.050513770220843891 -0.31163961687443192 1.1118224575752167 0.7314110504177801 0.78595958555616985 0.13305534012774883 -0.72479068714838768 0.093741136188266669 0.90355566492787132 0.03500314703618642 -0.099568039842627271
leaf_weight=1741 63 47 43 261 1244 40 136 40 116 64 118 134 6549 109
leaf_count=1741 63 47 43 261 1244 40 136 40 116 64 118 134 6549 109
internal_value=-7.63383e-05 0.00597517 -0.107543 0.0551665 -0.243656 0.120648 0.259071 0.351877 0.165455 -0.174276 0.284766 0.526226 0.0295039 0.141812
internal_weight=10705 10642 3217 7425 1476 232 829 189 693 180 513 252 6596 149
internal_count=10705 10642 3217 7425 1476 232 829 189 693 180 513 252 6596 149
is_linear=0
shrinkage=0.05


Tree=34
num_leaves=15
num_cat=0
split_feature=84 35 84 69 67 84 84 60 36 36 84 36 71 41
split_gain=23767.9 21902 18194.6 16900.5 16097.5 16814.5 17674.6 13972.4 12762.3 16682.6 10874.2 9698.87 9596.37 9361.6
threshold=303.76010700000006 19.946354166666669 84.649661500000022 -10.466263937499997 -2.4885673333333322 42.523274000000008 269.76935550000002 65.91915400000002 21.329817708333337 20.748177083333335 75.408333500000012 18.395963541666671 5.1000000000000005 82.875000000000014
decision_type=2 2 2 2 2 2 2 2 2 2 2 2 2 2
left_child=1 2 -1 -4 13 -6 7 10 9 11 -7 -5 -12 -3
right_child=-2 4 3 8 5 6 -8 -9 -10 -11 12 -13 -14 -15
leaf_value=0.044647817904519452 -1.1732320272645287 0.0030078938950692086 -0.52966733414578082 -0.79237719275734642 0.0032640539181939877 0.81866438131017449 -0.118739668427652 0.62983378480033325 -0.45529032454556895 0.42752389673002161 0.14583795361856181 -0.08259248812623074 0.66752094660035299 -0.20166494521009493
leaf_weight=779 42 1571 402 54 3253 65 455 191 224 157 2167 388 91 866
leaf_count=779 42 1571 402 54 3253 65 455 191 224 157 2167 388 91 866
internal_value=-7.20152e-05 0.00465848 -0.144255 -0.26432 0.039135 0.0817973 0.167813 0.219701 -0.134224 -0.0136007 0.185723 -0.170901 0.167149 -0.0697765
internal_weight=10705 10663 2004 1225 8659 6222 2969 2514 823 599 2323 442 2258 2437
internal_count=10705 10663 2004 1225 8659 6222 2969 2514 823 599 2323 442 2258 2437
is_linear=0
shrinkage=0.05


Tree=35
num_leaves=15
num_cat=0
split_feature=73 84 84 67 51 35 58 56 6 84 84 30 31 22
split_gain=22121 18026.8 14313 17672.2 17851.9 13968.4 13795.2 12682 12440.2 11317.2 13407.1 13799.7 12897.6 16962
threshold=0.87500000000000011 303.76010700000006 93.71008350000001 1.8767478958333339 2.5000000000000004 16.682291666666668 -1.7172850000000037 11.517540500000004 24.000000000000004 268.31435900000002 42.523274000000008 21.062500000000004 23.112500000000004 143.30230728645839
decision_type=2 2 2 2 2 2 2 2 2 2 2 2 2 2
left_child=5 2 -2 6 7 -1 -4 -5 9 10 -7 -12 -13 -14
right_child=1 -3 3 4 -6 8 -8 -9 -10 -11 11 12 13 -15
leaf_value=-0.71950209824634459 0.0091632476460479888 -1.1092889142887932 -0.45570648098907401 0.24321791379627858 0.61961269234033201 0.001930791823983644 -0.13992159461260312 -0.89690997470593592 0.0092982350070421309 -0.13012353952236785 0.13461903307668285 0.76670440951218977 0.54079514092855874 -0.030127560446659724
leaf_weight=55 2669 41 445 54 135 626 1548 43 3227 299 823 207 309 224
leaf_count=55 2669 41 445 54 135 626 1548 43 3227 299 823 207 309 224
internal_value=-7.12786e-05 -0.0777811 -0.0689147 -0.162535 0.249701 0.0663948 -0.210624 -0.266194 0.0740827 0.158072 0.197479 0.275747 0.432311 0.301251
internal_weight=10705 4935 4894 2225 232 5770 1993 97 5715 2488 2189 1563 740 533
internal_count=10705 4935 4894 2225 232 5770 1993 97 5715 2488 2189 1563 740 533
is_linear=0
shrinkage=0.05


Tree=36
num_leaves=15
num_cat=0
split_feature=84 36 84 69 60 84 47 25 36 84 52 84 37 71
split_gain=20079.3 20405.1 17588.8 21597.1 15520.1 15159.1 19709.8 11494.3 11996.9 10208 9365.98 8417.58 18455 17023.4
threshold=275.36804450000005 22.479947916666671 90.323718500000012 -10.466263937499997 70.32803650000001 195.33364900000004 78.365885416666671 103.31378196793989 18.395963541666671 303.76010700000006 1.0000000180025095e-35 42.523274000000008 51.125000000000007 1.7624999999999995
decision_type=2 2 2 2 2 2 2 2 2 2 2 2 2 2
left_child=1 2 -1 5 11 -4 -7 8 -5 -2 -10 -3 -13 -14
right_child=9 4 3 7 -6 6 -8 -9 10 -11 -12 12 13 -15
leaf_value=0.023140876362319606 -0.25043986775400118 0.0034042745647521484 -0.66676841129437336 -0.72883416002446966 0.46390952936759811 -0.65810801221386483 0.10919565908395079 -0.47286766700446609 -0.30608782822655589 -1.0628986487901488 0.090399920160069758 0.59232113670025555 -0.022084739352768803 0.25631858140133124
leaf_weight=2419 399 3123 308 54 245 135 217 149 176 42 939 195 1403 901
leaf_count=2419 399 3123 308 54 245 135 217 149 176 42 939 195 1403 901
internal_value=-7.31147e-05 0.0141352 -0.0672911 -0.177841 0.0751609 -0.411088 -0.186113 -0.060817 -0.00793803 -0.330047 0.0275971 0.0581402 0.126515 0.0868514
internal_weight=10705 10264 4397 1978 5867 660 352 1318 1169 441 1115 5622 2499 2304
internal_count=10705 10264 4397 1978 5867 660 352 1318 1169 441 1115 5622 2499 2304
is_linear=0
shrinkage=0.05


end of trees

feature_importances:
consumo_alvo_semana_anterior=130
temperatura_externa_c_diferenca_semana_atual=77
correcao_semanal_media_1440m=54
consumo_max_1440m=28
temperatura_externa_c_media_1440m=28
umidade_relativa_pct_media_1440m=19
consumo_alvo_dia_anterior=13
consumo_mean_1440m=12
consumo_diferenca_dia_atual=12
correcao_semanal_std_1440m=11
temperatura_externa_c_lag_360m=10
temperatura_externa_c_lag_720m=10
origem_mes=10
consumo_lag_1440m=9
correcao_semanal_media_60m=9
correcao_semanal_media_360m=8
umidade_relativa_pct_diferenca_semana_atual=7
consumo_std_1440m=5
correcao_semanal_media_180m=5
consumo_lag_720m=4
temperatura_externa_c_media_360m=4
umidade_relativa_pct_atual=4
umidade_relativa_pct_media_360m=4
consumo_diferenca_semana_atual=4
consumo_razao_semana_atual=3
tendencia_consumo_360m=3
alvo_semana_sin=3
consumo_min_60m=2
consumo_max_360m=2
umidade_relativa_pct_lag_360m=2
umidade_relativa_pct_lag_720m=2
umidade_relativa_pct_lag_1440m=2
umidade_relativa_pct_media_180m=2
tendencia_consumo_60m=2
correcao_semanal_std_360m=2
alvo_mes=2
consumo_lag_360m=1
consumo_max_180m=1
temperatura_externa_c_lag_180m=1
temperatura_externa_c_lag_1440m=1
temperatura_externa_c_media_180m=1
umidade_relativa_pct_lag_15m=1
umidade_relativa_pct_media_60m=1
origem_dia_semana=1
origem_hora_sin=1
origem_semana_sin=1
tendencia_consumo_180m=1
correcao_semanal_std_60m=1
correcao_semanal_std_180m=1
alvo_dia_semana=1

parameters:
[boosting: gbdt]
[objective: regression]
[metric: l1]
[tree_learner: serial]
[device_type: cpu]
[data_sample_strategy: bagging]
[data: ]
[valid: ]
[num_iterations: 400]
[learning_rate: 0.05]
[num_leaves: 15]
[num_threads: 2]
[seed: 20260905]
[deterministic: 1]
[force_col_wise: 1]
[force_row_wise: 0]
[histogram_pool_size: -1]
[max_depth: -1]
[min_data_in_leaf: 40]
[min_sum_hessian_in_leaf: 0.001]
[bagging_fraction: 1]
[pos_bagging_fraction: 1]
[neg_bagging_fraction: 1]
[bagging_freq: 0]
[bagging_seed: 23218]
[bagging_by_query: 0]
[feature_fraction: 1]
[feature_fraction_bynode: 1]
[feature_fraction_seed: 28090]
[extra_trees: 0]
[extra_seed: 14360]
[early_stopping_round: 0]
[early_stopping_min_delta: 0]
[first_metric_only: 0]
[max_delta_step: 0]
[lambda_l1: 0]
[lambda_l2: 1]
[linear_lambda: 0]
[min_gain_to_split: 0]
[drop_rate: 0.1]
[max_drop: 50]
[skip_drop: 0.5]
[xgboost_dart_mode: 0]
[uniform_drop: 0]
[drop_seed: 16970]
[top_rate: 0.2]
[other_rate: 0.1]
[min_data_per_group: 100]
[max_cat_threshold: 32]
[cat_l2: 10]
[cat_smooth: 10]
[max_cat_to_onehot: 4]
[top_k: 20]
[monotone_constraints: ]
[monotone_constraints_method: basic]
[monotone_penalty: 0]
[feature_contri: ]
[forcedsplits_filename: ]
[refit_decay_rate: 0.9]
[cegb_tradeoff: 1]
[cegb_penalty_split: 0]
[cegb_penalty_feature_lazy: ]
[cegb_penalty_feature_coupled: ]
[path_smooth: 0]
[interaction_constraints: ]
[verbosity: -1]
[saved_feature_importance_type: 0]
[use_quantized_grad: 0]
[num_grad_quant_bins: 4]
[quant_train_renew_leaf: 0]
[stochastic_rounding: 1]
[linear_tree: 0]
[max_bin: 255]
[max_bin_by_feature: ]
[min_data_in_bin: 3]
[bin_construct_sample_cnt: 200000]
[data_random_seed: 5037]
[is_enable_sparse: 1]
[enable_bundle: 1]
[use_missing: 1]
[zero_as_missing: 0]
[feature_pre_filter: 1]
[pre_partition: 0]
[two_round: 0]
[header: 0]
[label_column: ]
[weight_column: ]
[group_column: ]
[ignore_column: ]
[categorical_feature: ]
[forcedbins_filename: ]
[precise_float_parser: 0]
[parser_config_file: ]
[objective_seed: 15411]
[num_class: 1]
[is_unbalance: 0]
[scale_pos_weight: 1]
[sigmoid: 1]
[boost_from_average: 1]
[reg_sqrt: 0]
[alpha: 0.9]
[fair_c: 1]
[poisson_max_delta_step: 0.7]
[tweedie_variance_power: 1.5]
[lambdarank_truncation_level: 30]
[lambdarank_norm: 1]
[label_gain: ]
[lambdarank_position_bias_regularization: 0]
[eval_at: ]
[multi_error_top_k: 1]
[auc_mu_weights: ]
[num_machines: 1]
[local_listen_port: 12400]
[time_out: 120]
[machine_list_filename: ]
[machines: ]
[gpu_platform_id: -1]
[gpu_device_id: -1]
[gpu_device_id_list: ]
[gpu_use_dp: 0]
[num_gpu: 1]

end of parameters

pandas_categorical:[]
