tree
version=v4
num_class=1
num_tree_per_iteration=1
label_index=0
max_feature_idx=84
objective=regression
feature_names=consumo_atual_kw consumo_lag_15m consumo_lag_30m consumo_lag_60m consumo_lag_120m consumo_lag_180m consumo_lag_360m consumo_lag_720m consumo_lag_1440m consumo_lag_10080m consumo_mean_60m consumo_min_60m consumo_max_60m consumo_std_60m consumo_mean_180m consumo_min_180m consumo_max_180m consumo_std_180m consumo_mean_360m consumo_min_360m consumo_max_360m consumo_std_360m consumo_mean_1440m consumo_min_1440m consumo_max_1440m consumo_std_1440m temperatura_externa_c_atual temperatura_externa_c_lag_15m temperatura_externa_c_lag_60m temperatura_externa_c_lag_180m temperatura_externa_c_lag_360m temperatura_externa_c_lag_720m temperatura_externa_c_lag_1440m temperatura_externa_c_media_60m temperatura_externa_c_media_180m temperatura_externa_c_media_360m temperatura_externa_c_media_1440m umidade_relativa_pct_atual umidade_relativa_pct_lag_15m umidade_relativa_pct_lag_60m umidade_relativa_pct_lag_180m umidade_relativa_pct_lag_360m umidade_relativa_pct_lag_720m umidade_relativa_pct_lag_1440m umidade_relativa_pct_media_60m umidade_relativa_pct_media_180m umidade_relativa_pct_media_360m umidade_relativa_pct_media_1440m origem_hora origem_dia_semana origem_fim_de_semana origem_mes origem_hora_sin origem_hora_cos origem_semana_sin origem_semana_cos consumo_diferenca_semana_atual consumo_razao_semana_atual consumo_diferenca_dia_atual tendencia_consumo_15m tendencia_consumo_60m tendencia_consumo_180m tendencia_consumo_360m correcao_semanal_media_60m correcao_semanal_std_60m correcao_semanal_media_180m correcao_semanal_std_180m correcao_semanal_media_360m correcao_semanal_std_360m correcao_semanal_media_1440m correcao_semanal_std_1440m temperatura_externa_c_diferenca_semana_atual temperatura_externa_c_tendencia_1h umidade_relativa_pct_diferenca_semana_atual umidade_relativa_pct_tendencia_1h alvo_hora alvo_dia_semana alvo_fim_de_semana alvo_mes alvo_hora_sin alvo_hora_cos alvo_semana_sin alvo_semana_cos consumo_alvo_dia_anterior consumo_alvo_semana_anterior
feature_infos=[22.399999999999999:324.71375799999998] [22.399999999999999:324.71375799999998] [22.399999999999999:324.71375799999998] [22.399999999999999:324.71375799999998] [22.399999999999999:324.71375799999998] [22.399999999999999:324.71375799999998] [22.399999999999999:324.71375799999998] [22.399999999999999:324.71375799999998] [22.399999999999999:324.71375799999998] [22.399999999999999:324.71375799999998] [22.399999999999999:321.24876725000001] [22.399999999999999:318.278571] [22.399999999999999:324.71375799999998] [0:82.540869055199337] [22.399999999999999:313.28577408333337] [22.399999999999999:302.53573799999998] [22.399999999999999:324.71375799999998] [0:92.970139865692389] [22.399999999999999:295.13563500000004] [22.399999999999999:249.29458700000001] [22.399999999999999:324.71375799999998] [0:116.53386463160022] [23.200000000000003:159.49963871874999] none [25.600000000000001:324.71375799999998] [1.3929144002343703:128.71471884334804] [15:33.700000000000003] [15:33.700000000000003] [15:33.700000000000003] [15:33.700000000000003] [15:33.700000000000003] [15:33.700000000000003] [15:33.700000000000003] [15:33.4375] [15:32.71875] [15.333333333333334:31.620833333333334] [16.439843749999998:27.283072916666669] [31:98] [31:98] [31:98] [31:98] [31:98] [31:98] [31:98] [32.5:95.625] [33.666666666666664:95.083333333333329] [37.041666666666664:94] [59.309895833333336:91.638020833333329] [0:23.75] [0:6] [0:1] [1:4] [-1:1] [-1:1] [-0.97492791218182362:0.97492791218182362] [-0.90096886790241903:1] [-72.635950000000008:77.445233000000002] [0.43630911779503978:2.09406877563422] [-291.363968:296.779246] [-121.30707899999999:153.05878799999999] [-124.27709300000001:153.05878799999999] [-180.63157299999997:268.16051600000003] [-299.363968:299.97924600000005] [-70.384351250000009:75.467424499999993] [0:44.359338508129341] [-67.777903583333341:70.921986416666655] [0:38.631403568061003] [-64.848194500000005:62.415354583333333] [0:37.083675449251288] [-34.945017510416669:27.905951093750001] [0:30.68446053870321] [-12:11.5] [-8:4.8000000000000007] [-49:48] [-30:40] [0:23.75] [0:6] [0:1] [1:4] [-1:1] [-1:1] [-0.97492791218182362:0.97492791218182362] [-0.90096886790241903:1] [22.399999999999999:324.71375799999998] [22.399999999999999:324.71375799999998]
tree_sizes=1416 1434 1420 1422 1424 1424 1433 1429 1444 1424 1436 1442 1428 1436 1438 1437 1439 1442 1450 1437 1446 1434 1453 1438 1445 1429 1441 1448 1435 1452 1450 1451 1462 1442 1429 1432 1438 1445 1441 1453 1452 1452

Tree=0
num_leaves=15
num_cat=0
split_feature=71 84 71 56 84 69 84 24 71 84 44 84 71 46
split_gain=689062 559045 303223 212016 179462 57900.5 118163 53419.5 48929.7 48010 32592.8 28563.1 23989.9 22722
threshold=-0.9875000000000006 103.57997850000001 -3.1499999999999999 16.209390000000003 42.523274000000008 11.840655182291668 42.523274000000008 248.07883750000005 3.9875000000000012 287.58038500000004 53.031250000000007 273.02215500000005 -2.8499999999999992 61.739583333333336
decision_type=2 2 2 2 2 2 2 2 2 2 2 2 2 2
left_child=1 -1 7 5 -5 11 -7 -3 13 10 -4 -2 -12 -6
right_child=3 2 9 4 8 6 -8 -9 -10 -11 12 -13 -14 -15
leaf_value=-1.0026598470057644 -0.8841581259500344 -3.322678620255533 -0.56607008283558535 -0.9794815954902234 -0.70879948234271162 -0.97946079383494689 0.2109685652861244 -2.4991231864676546 0.75584110584389053 -2.8361666250167747 -2.1694001597442316 -1.5319687035607523 -1.5006407446368937 0.14832123934095476
leaf_weight=2536 3878 355 81 399 97 476 370 465 354 74 158 177 886 399
leaf_count=2536 3878 355 81 399 97 476 370 465 354 74 158 177 886 399
internal_value=-1.0309 -1.49696 -2.11755 -0.685687 -0.104408 -0.833982 -0.457972 -2.85802 0.305818 -1.61003 -1.52785 -0.912552 -1.60284 -0.0183158
internal_weight=10705 4555 2019 6150 1249 4901 846 820 850 1199 1125 4055 1044 496
internal_count=10705 4555 2019 6150 1249 4901 846 820 850 1199 1125 4055 1044 496
is_linear=0
shrinkage=1


Tree=1
num_leaves=15
num_cat=0
split_feature=71 84 71 84 71 24 84 69 67 71 24 67 71 31
split_gain=627940 418679 421222 289661 190985 61041.6 48408.6 37608.2 33730.7 28463.2 22464.6 20321.9 18475.8 17269.5
threshold=1.0000000180025095e-35 102.84117200000001 -2.9875000000000003 42.523274000000008 2.212499999999999 248.07883750000005 287.58038500000004 -1.0000000180025095e-35 2.1362732083333338 3.9875000000000012 284.15934500000009 -8.3892958541666633 -4.3124999999999991 20.262500000000003
decision_type=2 2 2 2 2 2 2 2 2 2 2 2 2 2
left_child=1 -1 5 -2 7 12 8 10 -4 -6 -5 -7 -3 -11
right_child=3 2 6 4 9 11 -8 -9 -10 13 -12 -13 -14 -15
leaf_value=0.040069943913247169 0.045776223625490754 -2.4109700159395122 -0.33815258915939594 -0.023574365200106976 1.0799193558030198 -1.5250495115915934 -1.5367043289957167 0.64635026735630352 0.47375375947781972 1.0049779620240717 0.97364144603488967 -0.90531193139855715 -1.7175904170121297 1.7587375959488736
leaf_weight=3255 2420 218 1497 480 592 344 78 711 139 101 63 225 201 381
leaf_count=3255 2420 218 1497 480 592 344 78 711 139 101 63 225 201 381
internal_value=-1.12208e-05 -0.341869 -0.801822 0.428877 0.826927 -1.62356 -0.327479 0.407311 -0.268923 1.31604 0.0937018 -1.282 -2.08323 1.6032
internal_weight=10705 5957 2702 4748 2328 988 1714 1254 1636 1074 543 569 419 482
internal_count=10705 5957 2702 4748 2328 988 1714 1254 1636 1074 543 569 419 482
is_linear=0
shrinkage=0.05


Tree=2
num_leaves=15
num_cat=0
split_feature=71 84 71 84 71 24 84 69 67 69 70 24 67 16
split_gain=566908 378010 379591 261501 172410 54140 43584.3 33935.9 30634.5 27668.2 26149.5 20307 18885.2 17632
threshold=1.0000000180025095e-35 104.2862525 -2.9875000000000003 42.523274000000008 2.212499999999999 248.07883750000005 287.58038500000004 -1.0000000180025095e-35 2.1362732083333338 -3.5859041562499985 11.208217466635022 284.15934500000009 -8.3892958541666633 277.29195150000004
decision_type=2 2 2 2 2 2 2 2 2 2 2 2 2 2
left_child=1 -1 5 -2 7 -3 8 11 -4 -6 13 -5 -7 -11
right_child=3 2 6 4 9 12 -8 -9 -10 10 -12 -13 -14 -15
leaf_value=0.035256645198174098 0.04348835761834649 -1.9846747964477309 -0.32313926304739637 -0.022398091011110448 0.30579381774406178 -1.4628425453690923 -1.4608416955682297 0.61407815170359248 0.46114505362861302 0.87535292983560253 1.5282896162216146 0.92572003640234479 -0.86302468236287444 1.9176734153260577
leaf_weight=3278 2420 415 1488 480 73 339 78 711 135 353 602 63 224 46
leaf_count=3278 2420 415 1488 480 73 339 78 711 135 353 602 63 224 46
internal_value=-2.20247e-05 -0.324842 -0.765305 0.407491 0.785697 -1.54972 -0.313658 0.387009 -0.257659 1.25041 1.31893 0.089104 -1.22615 1.00001
internal_weight=10705 5957 2679 4748 2328 978 1701 1254 1623 1074 1001 543 563 399
internal_count=10705 5957 2679 4748 2328 978 1701 1254 1623 1074 1001 543 563 399
is_linear=0
shrinkage=0.05


Tree=3
num_leaves=15
num_cat=0
split_feature=71 84 71 12 84 71 69 73 24 84 44 9 84 68
split_gain=514496 415660 219648 165099 88295.7 174604 50976.5 46983 39661.9 36361.5 28853.8 26553.2 21559.2 20472.9
threshold=-0.9875000000000006 106.90462400000003 -3.1499999999999999 274.50906300000003 42.523274000000008 2.212499999999999 -1.0000000180025095e-35 -4.6249999999999991 248.07883750000005 283.32550850000001 53.031250000000007 250.49878250000003 272.69031050000007 12.070844363175487
decision_type=2 2 2 2 2 2 2 2 2 2 2 2 2 2
left_child=1 -1 8 4 -2 6 -6 -5 -3 10 -4 -7 -8 -9
right_child=3 2 9 7 5 11 12 13 -10 -11 -12 -13 -14 -15
leaf_value=0.016142050614609434 0.041236814000876622 -1.9877788011370034 0.48161875335384674 1.573751920899906 -0.09679347699427536 1.1849154318995387 0.49096481256785673 0.21548943000732726 -1.2718073274528128 -1.4593869710481295 -0.5007135438241116 0.32561739849032101 -0.53135849788784983 1.3902647472344913
leaf_weight=2575 3071 347 80 298 901 665 874 131 460 92 1001 105 54 51
leaf_count=2575 3071 347 80 298 901 665 874 131 460 92 1001 105 54 51
internal_value=-1.81703e-05 -0.402743 -0.947237 0.298277 0.222784 0.437204 0.171072 1.18771 -1.58175 -0.509733 -0.427638 1.06831 0.430968 0.550483
internal_weight=10705 4555 1980 6150 5670 2599 1829 480 807 1173 1081 770 928 182
internal_count=10705 4555 1980 6150 5670 2599 1829 480 807 1173 1081 770 928 182
is_linear=0
shrinkage=0.05


Tree=4
num_leaves=15
num_cat=0
split_feature=71 84 71 84 71 24 84 69 67 69 70 70 22 24
split_gain=465896 311437 313621 215131 139058 46300.4 36478.2 27596.6 26209.5 24419.9 22366.4 21629.2 17461 17427.7
threshold=1.0000000180025095e-35 102.22315200000001 -2.9875000000000003 42.523274000000008 2.2375000000000012 257.54432450000007 287.58038500000004 -1.0000000180025095e-35 2.1362732083333338 -3.4807346510416655 11.208217466635022 13.035708839423913 145.37535585416671 284.15934500000009
decision_type=2 2 2 2 2 2 2 2 2 2 2 2 2 2
left_child=1 -1 5 -2 7 11 8 13 -4 -6 -11 -3 -12 -5
right_child=3 2 6 4 9 -7 -8 -9 -10 10 12 -13 -14 -15
leaf_value=0.036046550792681535 0.03925384934629994 -1.163397970710482 -0.2921213547477941 -0.015396834896032855 0.25728880551300554 -1.0244413417686737 -1.3312992277166136 0.56015037437509585 0.41882251848952035 0.89952384095214599 1.6301936529906449 -1.9058058362717583 1.076016308525295 0.86273162729630715
leaf_weight=3245 2420 139 1502 482 75 457 78 713 141 394 338 395 263 63
leaf_count=3245 2420 139 1502 482 75 457 78 713 141 394 338 395 263 63
internal_value=-1.78578e-05 -0.294481 -0.689837 0.36941 0.71245 -1.39795 -0.281509 0.35562 -0.230891 1.13125 1.1968 -1.71509 1.38987 0.0875058
internal_weight=10705 5957 2712 4748 2328 991 1721 1258 1643 1070 995 534 601 545
internal_count=10705 5957 2712 4748 2328 991 1721 1258 1643 1070 995 534 601 545
is_linear=0
shrinkage=0.05


Tree=5
num_leaves=15
num_cat=0
split_feature=71 84 71 12 84 71 73 69 24 84 44 9 84 68
split_gain=422436 340763 183190 137358 72202.4 140401 40127.6 39959.4 32124.6 31004.2 25063.8 24970.2 19504 18127.2
threshold=-0.9875000000000006 103.57997850000001 -3.1499999999999999 274.50906300000003 42.523274000000008 2.0124999999999997 -4.6249999999999991 -1.0000000180025095e-35 248.07883750000005 283.32550850000001 53.031250000000007 249.30390550000001 272.69031050000007 12.231051919379359
decision_type=2 2 2 2 2 2 2 2 2 2 2 2 2 2
left_child=1 -1 8 4 -2 7 -5 -6 -3 10 -4 -7 -9 -8
right_child=3 2 9 6 5 11 13 12 -10 -11 -12 -13 -14 -15
leaf_value=0.020982640682050434 0.037247573873416213 -1.7853685704886582 0.46163639133659812 1.4382900821923412 -0.086442478464362343 1.0639714063704016 0.19031519482257189 0.44058553231119363 -1.1466305679405835 -1.3326330479675084 -0.44779216836786084 0.27606501296783487 -0.56740351266720723 1.3160436408252132
leaf_weight=2536 3071 355 81 298 895 679 134 856 465 92 1026 119 50 48
leaf_count=2536 3071 355 81 298 895 679 134 856 465 92 1026 119 50 48
internal_value=-1.67432e-05 -0.364937 -0.849448 0.270277 0.201419 0.395315 1.08155 0.150495 -1.425 -0.454969 -0.380892 0.946969 0.384393 0.49278
internal_weight=10705 4555 2019 6150 5670 2599 480 1801 820 1199 1107 798 906 182
internal_count=10705 4555 2019 6150 5670 2599 480 1801 820 1199 1107 798 906 182
is_linear=0
shrinkage=0.05


Tree=6
num_leaves=15
num_cat=0
split_feature=71 84 71 84 71 24 84 67 69 71 70 41 24 31
split_gain=382831 256046 256118 176955 112333 39045.3 30284.6 22444.1 22347.5 21528.2 18306 15565.7 15023 14407
threshold=1.0000000180025095e-35 102.22315200000001 -2.9875000000000003 42.523274000000008 2.2375000000000012 257.54432450000007 287.58038500000004 2.1362732083333338 -1.0000000180025095e-35 3.9875000000000012 13.035708839423913 82.875000000000014 284.15934500000009 20.262500000000003
decision_type=2 2 2 2 2 2 2 2 2 2 2 2 2 2
left_child=1 -1 5 -2 8 10 7 11 12 -6 -3 -4 -5 -11
right_child=3 2 6 4 9 -7 -8 -9 -10 13 -12 -13 -14 -15
leaf_value=0.032754107938479181 0.035430357847416612 -1.0493610238603184 -0.023471690021764375 -0.011567425924665671 0.81657775018130185 -0.9224316177706694 -1.2129433016611051 0.3909276479199319 0.50931656427331873 0.72903197524594332 -1.7318857248157564 -0.37331806725090511 0.80373471552738929 1.4127222414182121
leaf_weight=3245 2420 139 457 482 588 457 78 141 713 101 395 1045 63 381
leaf_count=3245 2420 139 457 482 588 457 78 141 713 101 395 1045 63 381
internal_value=-1.64705e-05 -0.266942 -0.625419 0.334863 0.645981 -1.26533 -0.256418 -0.210297 0.325261 1.0224 -1.55652 -0.26696 0.0839779 1.27127
internal_weight=10705 5957 2712 4748 2328 991 1721 1643 1258 1070 534 1502 545 482
internal_count=10705 5957 2712 4748 2328 991 1721 1643 1258 1070 534 1502 545 482
is_linear=0
shrinkage=0.05


Tree=7
num_leaves=15
num_cat=0
split_feature=71 84 71 12 84 71 69 73 24 84 36 69 84 31
split_gain=346932 279476 146942 114218 59074.3 112881 34594.8 34285.4 26407.4 25650.4 22842.4 21224.6 18016.8 17707.7
threshold=-0.9875000000000006 106.90462400000003 -3.1499999999999999 274.50906300000003 42.523274000000008 2.212499999999999 -1.0000000180025095e-35 -4.6249999999999991 248.07883750000005 283.32550850000001 24.714192708333339 11.840655182291668 263.98459450000001 21.112500000000004
decision_type=2 2 2 2 2 2 2 2 2 2 2 2 2 2
left_child=1 -1 8 4 -2 6 -6 13 -3 10 -4 -7 -8 -5
right_child=3 2 9 7 5 11 12 -9 -10 -11 -12 -13 -14 -15
leaf_value=0.012754960968726754 0.033643217436231984 -1.6275145536853302 -0.40673471927546134 0.55064487816795471 -0.077130766535547471 0.6138368710896106 0.44490028787172342 0.44061793765368684 -1.0432391443118099 -1.2169237977714948 0.58275661276232815 1.1426365350870646 -0.1969082507737509 1.5119332387917657
leaf_weight=2575 3071 347 1020 62 901 406 802 182 460 92 61 364 126 236
leaf_count=2575 3071 347 1020 62 901 406 802 182 460 92 61 364 126 236
internal_value=-1.84249e-05 -0.330722 -0.777197 0.244931 0.182141 0.357527 0.143539 0.984723 -1.29617 -0.419352 -0.350411 0.864973 0.35764 1.31444
internal_weight=10705 4555 1980 6150 5670 2599 1829 480 807 1173 1081 770 928 298
internal_count=10705 4555 1980 6150 5670 2599 1829 480 807 1173 1081 770 928 298
is_linear=0
shrinkage=0.05


Tree=8
num_leaves=15
num_cat=0
split_feature=71 84 71 84 71 24 84 56 43 69 70 67 69 83
split_gain=314823 210951 209649 145683 90774.8 34452.6 24589.7 20027.3 18689.1 17892.3 15398.6 14341.9 14122.3 13400.6
threshold=1.0000000180025095e-35 102.22315200000001 -2.8499999999999992 42.523274000000008 2.212499999999999 257.54432450000007 287.58038500000004 28.185099000000026 47.875000000000007 -1.0000000180025095e-35 13.035708839423913 -8.3892958541666633 -3.5859041562499985 246.65161950000001
decision_type=2 2 2 2 2 2 2 2 2 2 2 2 2 2
left_child=1 -1 5 -2 9 10 8 12 -4 -5 -3 -7 -6 -10
right_child=3 2 6 4 7 11 -8 -9 13 -11 -12 -13 -14 -15
leaf_value=0.029955925195014829 0.031978106504873226 -0.95587671931005191 0.49353328258583429 0.080302945672798054 0.065082396183050048 -1.0514369679668121 -1.0965515407232138 1.2310297211345171 -0.35213469329909608 0.46153056630903982 -1.5750783826365617 -0.48510928030009381 0.83888416224909068 -0.051353483326566751
leaf_weight=3245 2420 143 94 543 65 279 77 356 907 711 395 191 653 626
leaf_count=3245 2420 143 94 543 65 279 77 356 907 711 395 191 653 626
internal_value=-1.39294e-05 -0.242072 -0.567454 0.303667 0.585959 -1.13867 -0.229081 0.923166 -0.187378 0.296649 -1.41257 -0.82281 0.76902 -0.229424
internal_weight=10705 5957 2712 4748 2328 1008 1704 1074 1627 1254 538 470 718 1533
internal_count=10705 5957 2712 4748 2328 1008 1704 1074 1627 1254 538 470 718 1533
is_linear=0
shrinkage=0.05


Tree=9
num_leaves=15
num_cat=0
split_feature=71 84 56 71 84 39 69 84 73 84 84 43 24 24
split_gain=285746 252204 100606 91602.9 74465.6 32294.9 30597.7 51267.6 26287.5 24018.3 21445 21169.5 20899.1 20437.2
threshold=-1.1874999999999998 99.208772000000025 16.209390000000003 -3.6499999999999999 42.523274000000008 52.125000000000007 11.840655182291668 42.523274000000008 -5.8749999999999991 273.02215500000005 299.97504500000008 51.875000000000007 248.07883750000005 243.11060200000003
decision_type=2 2 2 2 2 2 2 2 2 2 2 2 2 2
left_child=1 -1 6 12 -4 -5 9 -8 -6 -2 13 -9 -3 -7
right_child=2 3 4 5 8 10 7 11 -10 -11 -12 -13 -14 -15
leaf_value=0.022890074608718582 0.076685131258500905 -1.5128371182229019 0.033509268902242186 0.81873468353372558 1.1081924792308853 -0.99067418481930203 0.03380104744943177 1.867443106820186 0.54722842744706413 -0.46298700436535811 -1.6607680460301841 0.67171254994546303 -0.9715203885726883 -0.37552819362862888
leaf_weight=2094 4533 328 399 45 476 165 491 41 378 215 40 346 413 741
leaf_count=2094 4533 328 399 45 476 165 491 41 378 215 40 346 413 741
internal_value=-2.41368e-05 -0.346355 0.192623 -0.792531 0.597617 -0.477342 0.102334 0.373319 0.860827 0.0521552 -0.539794 0.802879 -1.21285 -0.488527
internal_weight=10705 3826 6879 1732 1253 991 5626 878 854 4748 946 387 741 906
internal_count=10705 3826 6879 1732 1253 991 5626 878 854 4748 946 387 741 906
is_linear=0
shrinkage=0.05


Tree=10
num_leaves=15
num_cat=0
split_feature=71 84 71 84 71 24 84 71 67 68 42 69 48 58
split_gain=260265 173856 167776 122197 75306 28271.3 20539.5 17481.4 17108.1 16438.8 14905.2 14780.4 13961.1 13883.2
threshold=1.0000000180025095e-35 104.2862525 -2.8499999999999992 42.523274000000008 2.212499999999999 257.54432450000007 282.33339050000006 5.2625000000000002 2.1362732083333338 12.830171362394831 86.125000000000014 -1.0000000180025095e-35 14.375000000000002 -6.6937375000000108
decision_type=2 2 2 2 2 2 2 2 2 2 2 2 2 2
left_child=1 -1 5 -2 9 13 8 12 10 11 -4 -5 -6 -3
right_child=3 2 6 4 7 -7 -8 -9 -10 -11 -12 -13 -14 -15
leaf_value=0.024097354279674271 0.02726339321154201 -1.789815526341533 -0.12956344530502942 0.025127372349412719 0.82615937151940622 -0.74529630147882053 -0.86882944837478659 1.2102648160457612 0.37075137587195195 0.93869495653482371 -0.51089286529933087 0.38242673738012328 0.29036301717606205 -1.146677400708481
leaf_weight=3278 2420 110 1106 526 675 464 111 249 134 85 333 643 150 421
leaf_count=3278 2420 110 1106 526 675 464 111 249 134 85 333 643 150 421
internal_value=-2.66407e-05 -0.220114 -0.518826 0.27609 0.534628 -1.03326 -0.214435 0.841763 -0.167734 0.271118 -0.218101 0.221816 0.729211 -1.28302
internal_weight=10705 5957 2679 4748 2328 995 1684 1074 1573 1254 1439 1169 825 531
internal_count=10705 5957 2679 4748 2328 995 1684 1074 1573 1254 1439 1169 825 531
is_linear=0
shrinkage=0.05


Tree=11
num_leaves=15
num_cat=0
split_feature=71 84 71 12 84 71 84 73 69 69 24 84 36 25
split_gain=235316 188955 99133.4 80711.8 40587.3 77807.6 25129.5 25055.3 23355.9 21915.5 21626.8 19629.1 16928.7 16599.1
threshold=-0.9875000000000006 107.54264050000002 -3.6499999999999999 274.50906300000003 42.523274000000008 1.8125000000000002 292.35207400000007 -4.6249999999999991 11.840655182291668 -5.6817130104166624 243.11060200000003 272.33075800000006 24.714192708333339 103.78067124249111
decision_type=2 2 2 2 2 2 2 2 2 2 2 2 2 2
left_child=1 -1 13 4 -2 9 10 -5 -7 -6 -4 -11 -12 -3
right_child=3 2 6 7 5 8 -8 -9 -10 11 12 -13 -14 -15
leaf_value=0.0089030020375244281 0.025835087604355069 -1.2120427430602807 -0.82602776137531786 1.1054226947020129 -0.2510766761812071 0.42818733130930947 -1.3354996043443681 0.35860182015947961 0.91356820266792771 0.24979333579287366 -0.28668049064540224 -0.4150299549373167 0.56623227543407872 -0.48088812037654549
leaf_weight=2584 3071 610 182 298 389 588 64 182 432 1067 963 123 61 91
leaf_count=2584 3071 610 182 298 389 588 64 182 432 1067 963 123 61 91
internal_value=-3.04285e-05 -0.27239 -0.640986 0.201704 0.148922 0.294297 -0.377045 0.823587 0.634454 0.0743011 -0.325117 0.180786 -0.235369 -1.11795
internal_weight=10705 4555 1971 6150 5670 2599 1270 480 1020 1579 1206 1190 1024 701
internal_count=10705 4555 1971 6150 5670 2599 1270 480 1020 1579 1206 1190 1024 701
is_linear=0
shrinkage=0.05


Tree=12
num_leaves=15
num_cat=0
split_feature=71 84 56 84 84 24 69 84 71 56 43 9 6 49
split_gain=213508 206296 89781.7 54842.9 40496.4 38685.4 24127.6 37960.1 22198.1 19424.9 17194.5 17097.8 17040.4 15387.5
threshold=-2.3625000000000003 81.513918500000003 16.209390000000003 42.523274000000008 275.02512300000006 273.57706450000006 11.840655182291668 42.523274000000008 4.4125000000000023 -37.211869499999978 51.875000000000007 80.252033000000026 105.48800100000001 3.5000000000000004
decision_type=2 2 2 2 2 2 2 2 2 2 2 2 2 2
left_child=1 -1 4 -4 6 9 -2 -8 12 -3 -9 -12 -5 -11
right_child=2 5 3 8 -6 -7 7 10 -10 13 11 -13 -14 -15
leaf_value=0.035295137942431533 0.039773445561071902 -1.3678946754113621 0.02921019856471968 0.72907088959817212 -0.5600517219845853 -0.34467600467191506 0.029634181807141103 1.6092305236392552 1.0923663281438294 -0.73521465328394209 0.74934975197878639 -0.097068606268662927 0.12323231487563163 -1.3139698830090072
leaf_weight=1303 5776 285 400 400 258 274 500 44 292 509 273 76 164 151
leaf_count=1303 5776 285 400 400 258 274 500 44 292 509 273 76 164 151
internal_value=-3.42784e-05 -0.402165 0.123936 0.512703 0.0533816 -0.869415 0.0771935 0.318915 0.738336 -1.02104 0.685947 0.565279 0.553435 -0.869414
internal_weight=10705 2522 8183 1256 6927 1219 6669 893 856 945 393 349 564 660
internal_count=10705 2522 8183 1256 6927 1219 6669 893 856 945 393 349 564 660
is_linear=0
shrinkage=0.05


Tree=13
num_leaves=15
num_cat=0
split_feature=71 84 71 84 71 24 84 67 67 69 32 20 4 47
split_gain=196735 132272 132539 93140.1 56269.4 25417.3 16734.7 16638.6 16049.8 15336.5 14842.1 12410.6 19211.7 12285.6
threshold=1.0000000180025095e-35 94.310551500000017 -2.8499999999999992 42.523274000000008 2.212499999999999 248.07883750000005 292.35207400000007 2.1362732083333338 0.54564099999999927 -3.4807346510416655 28.275000000000002 275.10399300000006 266.29573600000009 80.070312500000014
decision_type=2 2 2 2 2 2 2 2 2 2 2 2 2 2
left_child=1 -1 5 -2 10 13 7 -4 -7 -6 -5 12 -11 -3
right_child=3 2 6 4 9 8 -8 -9 -10 11 -12 -13 -14 -15
leaf_value=0.032919617613356843 0.022793916857523251 -1.4509913109277897 -0.19588696078639065 0.18998210717678132 0.041074023023247724 -0.74490073204085805 -1.0259061969816685 0.34886710385175107 0.24110255388336049 0.74127274289938749 0.85690160171439256 1.0469907500379843 -0.2214115859646546 -0.90941740062501697
leaf_weight=3125 2420 212 1569 1165 75 575 55 153 44 633 89 310 56 224
leaf_count=3125 2420 212 1569 1165 75 575 55 153 44 633 89 310 56 224
internal_value=-3.24796e-05 -0.191382 -0.438814 0.240031 0.465746 -0.882475 -0.175066 -0.147311 -0.674537 0.731239 0.23796 0.782961 0.662821 -1.17547
internal_weight=10705 5957 2832 4748 2328 1055 1777 1722 619 1074 1254 999 689 436
internal_count=10705 5957 2832 4748 2328 1055 1777 1722 619 1074 1254 999 689 436
is_linear=0
shrinkage=0.05


Tree=14
num_leaves=15
num_cat=0
split_feature=71 84 71 84 71 24 84 37 83 25 67 36 32 19
split_gain=177604 119411 119656 84081.5 50790.3 22961.5 15722.7 14745.9 17712.4 16272.1 14495.4 14426.6 13414.8 12217.2
threshold=1.0000000180025095e-35 94.310551500000017 -2.8499999999999992 42.523274000000008 2.212499999999999 248.07883750000005 275.36804450000005 54.375000000000007 246.65161950000001 105.41539964256184 0.54564099999999927 23.255598958333341 28.275000000000002 186.07029200000002
decision_type=2 2 2 2 2 2 2 2 2 2 2 2 2 2
left_child=1 -1 5 -2 12 -3 7 9 -9 -4 -7 13 -5 -6
right_child=3 2 6 4 11 10 -8 8 -10 -11 -12 -13 -14 -15
leaf_value=0.03127416360204812 0.021654691684103271 -1.1169658633217523 -0.02629767317709554 0.18049114883444425 0.65848712842242874 -0.70772036087647505 -0.57378780208706281 -0.29558776846836904 0.068586059679326267 1.0890797119514615 0.22931531365132996 0.82479111711551867 0.81453257724228834 0.05548118372620256
leaf_weight=3125 2420 436 91 1165 225 575 208 897 531 50 44 715 89 134
leaf_count=3125 2420 436 91 1165 225 575 208 897 531 50 44 715 89 134
internal_value=-3.56509e-05 -0.181844 -0.41694 0.228058 0.442516 -0.838487 -0.166337 -0.111991 -0.160217 0.37411 -0.640851 0.694752 0.226104 0.434189
internal_weight=10705 5957 2832 4748 2328 1055 1777 1569 1428 141 619 1074 1254 359
internal_count=10705 5957 2832 4748 2328 1055 1777 1569 1428 141 619 1074 1254 359
is_linear=0
shrinkage=0.05


Tree=15
num_leaves=15
num_cat=0
split_feature=71 84 71 12 32 84 69 69 84 29 22 36 22 31
split_gain=161214 129805 68647.8 57482.4 26215 25392.3 54148.3 22604.1 22286 18506.2 18045.7 15992.3 15402 19811.3
threshold=-0.9875000000000006 107.54264050000002 -3.9875000000000003 272.35636400000004 28.137500000000003 42.523274000000008 11.840655182291668 -6.0566992656249985 299.97504500000008 19.012500000000003 136.53919730729169 20.972656250000004 148.27345940104172 21.262500000000003
decision_type=2 2 2 2 2 2 2 2 2 2 2 2 2 2
left_child=1 -1 -3 5 12 -2 7 -7 9 -4 11 -9 13 -5
right_child=3 2 8 4 -6 6 -8 10 -10 -11 -12 -13 -14 -15
leaf_value=0.0076832870921981116 0.020271959948392274 -0.95375051638561992 -0.63969571201228792 0.078705509288199985 1.0382603201702112 -0.23799118522377849 0.67101166220785324 -0.085494520136176852 -1.3719569848508251 -0.18231466422807519 0.0028667476859063172 0.45426999772256799 -0.43653427681509549 0.86708905841445638
leaf_weight=2584 3071 645 284 152 237 375 553 171 48 994 685 688 51 167
leaf_count=2584 3071 645 284 152 237 375 553 171 48 994 685 688 51 167
internal_value=-2.80145e-05 -0.225462 -0.530966 0.166949 0.628485 0.116303 0.235548 0.109775 -0.324749 -0.284376 0.194339 0.346845 0.363917 0.492853
internal_weight=10705 4555 1971 6150 607 5543 2472 1919 1326 1278 1544 859 370 319
internal_count=10705 4555 1971 6150 607 5543 2472 1919 1326 1278 1544 859 370 319
is_linear=0
shrinkage=0.05


Tree=16
num_leaves=15
num_cat=0
split_feature=71 84 12 71 39 69 84 36 73 84 84 62 24 49
split_gain=146261 130144 54138.5 50401.3 26908.9 24355.6 45496.6 22175.1 21947.6 15967.7 15745.5 16590.6 15134.9 14934.3
threshold=-1.1874999999999998 90.300388000000012 272.35636400000004 -3.9875000000000003 51.875000000000007 11.840655182291668 42.523274000000008 23.030078125000003 -4.8749999999999991 299.97504500000008 269.71189600000008 226.92036650000003 299.02505250000007 3.5000000000000004
decision_type=2 2 2 2 2 2 2 2 2 2 2 2 2 2
left_child=1 -1 5 -3 -5 10 -7 -4 -9 -6 11 -2 -8 -10
right_child=2 3 7 4 9 6 12 8 13 -11 -12 -13 -14 -15
leaf_value=0.027086110760057625 0.042824165475219063 -0.88663049890437484 -0.020467489365282962 0.80230175128624759 -0.35626480701157798 0.024632881483533882 0.76986690816192493 0.98796684556435077 0.081806139495456592 -1.3313154318115927 -0.33274742965287762 0.4935060621944265 0.16446633137006691 1.0585306092523612
leaf_weight=2026 4469 705 126 48 1004 727 426 307 159 43 264 213 137 51
leaf_count=2026 4469 705 126 48 1004 727 426 307 159 43 264 213 137 51
internal_value=-3.01989e-05 -0.24781 0.137797 -0.557064 -0.344262 0.0927078 0.286106 0.574266 0.71897 -0.397542 0.0422188 0.0634282 0.623102 0.322903
internal_weight=10705 3826 6879 1800 1095 6236 1290 643 517 1047 4946 4682 563 210
internal_count=10705 3826 6879 1800 1095 6236 1290 643 517 1047 4946 4682 563 210
is_linear=0
shrinkage=0.05


Tree=17
num_leaves=15
num_cat=0
split_feature=71 84 71 84 71 69 68 43 84 56 84 6 83 73
split_gain=133652 90678.5 81260.2 64076.5 40774.5 21367.4 16341.3 15700.3 15066.9 14608.4 12692.6 12313 11836.2 14991.1
threshold=1.0000000180025095e-35 104.2862525 -3.1499999999999999 42.523274000000008 3.9875000000000012 -1.0000000180025095e-35 10.13330921652207 47.875000000000007 273.02215500000005 -37.211869499999978 292.35207400000007 237.00254650000002 246.65161950000001 11.625000000000002
decision_type=2 2 2 2 2 2 2 2 2 2 2 2 2 2
left_child=1 -1 9 -2 5 6 -5 -4 -7 11 12 -3 13 -9
right_child=3 2 7 4 -6 8 -8 10 -10 -11 -12 -13 -14 -15
leaf_value=0.018631515359678132 0.017662353736095714 -1.2825820969291106 0.4126393887561326 -0.026402395746096693 0.79421412515498346 0.44401745457200575 1.0059868486916146 -0.22808846237163666 -0.29838218227641228 -0.63527196531636765 -0.90108801602427635 -0.51260181404650218 -0.037952523860993265 -0.77638477300332021
leaf_weight=3278 2420 205 101 588 482 1146 40 867 72 540 66 72 683 145
leaf_count=3278 2420 205 101 588 482 1146 40 867 72 540 66 72 683 145
internal_value=-2.15631e-05 -0.157737 -0.373466 0.197845 0.385061 0.277856 0.0408497 -0.190862 0.399923 -0.788892 -0.22569 -1.08501 -0.198875 -0.307338
internal_weight=10705 5957 2679 4748 2328 1846 628 1862 1218 817 1761 277 1695 1012
internal_count=10705 5957 2679 4748 2328 1846 628 1862 1218 817 1761 277 1695 1012
is_linear=0
shrinkage=0.05


Tree=18
num_leaves=15
num_cat=0
split_feature=71 84 71 84 71 84 37 69 24 83 45 22 36 69
split_gain=121064 85813.4 65784.2 50519.6 47083.7 18933.7 16986.9 15318.1 14951.6 13940.1 13585.8 12433.5 11874.2 11498.1
threshold=-0.062499999999999993 110.87207850000001 -3.9875000000000003 42.523274000000008 2.212499999999999 299.97504500000008 54.375000000000007 -1.0000000180025095e-35 281.72766850000005 246.65161950000001 88.343750000000014 142.83145680729169 21.286979166666669 -3.4807346510416655
decision_type=2 2 2 2 2 2 2 2 2 2 2 2 2 2
left_child=1 -1 12 -2 7 6 11 8 -5 -8 -11 -4 -3 -6
right_child=3 2 5 4 13 -7 9 -9 -10 10 -12 -13 -14 -15
leaf_value=0.0064022563038849279 0.016643018323306072 -1.0153031930875105 -0.056741294695064427 -0.16012081520581858 -0.016855279228797086 -1.2021742285514365 -0.37632702414160557 0.29237050840502782 0.36313613675736095 0.0028889332351845287 -0.82677504271268853 0.95720745909447769 -0.57053744528980876 0.62480712051761811
leaf_weight=3091 2664 368 74 520 75 48 897 848 184 572 53 50 262 999
leaf_count=3091 2664 368 74 520 75 48 897 848 184 572 53 50 262 999
internal_value=-2.98524e-05 -0.166207 -0.395688 0.170074 0.325659 -0.233202 -0.204232 0.149375 -0.0230394 -0.25012 -0.0686749 0.356496 -0.831534 0.580024
internal_weight=10705 5415 2324 5290 2626 1694 1646 1552 704 1522 625 124 630 1074
internal_count=10705 5415 2324 5290 2626 1694 1646 1552 704 1522 625 124 630 1074
is_linear=0
shrinkage=0.05


Tree=19
num_leaves=15
num_cat=0
split_feature=71 84 12 71 39 69 84 36 22 84 62 25 37 70
split_gain=109869 98598.3 42375.6 37393.4 22105.5 18830.4 34550.2 18692.7 19892.2 13337.9 14029.1 13153.4 13086.1 18394.1
threshold=-1.1874999999999998 90.300388000000012 272.35636400000004 -3.9875000000000003 51.875000000000007 11.840655182291668 42.523274000000008 23.030078125000003 148.27345940104172 270.03515600000009 226.92036650000003 107.69175705454224 56.375000000000007 18.044551323038437
decision_type=2 2 2 2 2 2 2 2 2 2 2 2 2 2
left_child=1 -1 5 -3 -5 9 -7 -4 12 10 -2 -8 -9 -14
right_child=2 3 7 4 -6 6 11 8 -10 -11 -12 -13 13 -15
leaf_value=0.024481402814652924 0.035290478614869128 -0.76784153481676298 -0.040309786277375824 0.73846083897337023 -0.34896420041955201 0.021722739855093615 0.81235722111212838 1.0764435221120379 -0.0029837436108577134 -0.3156039968807004 0.44696665901244376 0.32485410903071688 0.15339436656247607 1.1042099350836219
leaf_weight=2026 4474 705 126 48 1047 727 251 203 98 256 216 312 135 81
leaf_count=2026 4474 705 126 48 1047 727 251 203 98 256 216 312 135 81
internal_value=-3.75198e-05 -0.21479 0.119419 -0.483968 -0.300666 0.0795276 0.24958 0.505569 0.638428 0.0351337 0.0543416 0.543251 0.788098 0.513396
internal_weight=10705 3826 6879 1800 1095 6236 1290 643 517 4946 4690 563 419 216
internal_count=10705 3826 6879 1800 1095 6236 1290 643 517 4946 4690 563 419 216
is_linear=0
shrinkage=0.05


Tree=20
num_leaves=15
num_cat=0
split_feature=71 84 71 84 71 24 69 73 68 84 49 31 67 43
split_gain=100113 68547.5 67386.8 48564.7 32230.1 18264.6 16267.1 13681.9 13340.4 13202.4 12704.8 13015.8 11183.9 11175.6
threshold=1.0000000180025095e-35 94.310551500000017 -2.7999999999999985 42.523274000000008 3.9875000000000012 273.57706450000006 -1.0000000180025095e-35 10.875000000000002 10.13330921652207 273.02215500000005 3.5000000000000004 18.112500000000004 3.1851879791666664 45.625000000000007
decision_type=2 2 2 2 2 2 2 2 2 2 2 2 2 2
left_child=1 -1 5 -2 6 10 8 -7 -5 13 11 -3 -4 -8
right_child=3 2 12 4 -6 7 9 -9 -10 -11 -12 -13 -14 -15
leaf_value=0.024950249316487177 0.014365574177116071 -0.92963169678293456 -0.16062635980189727 -0.028633650711141462 0.69797406945855789 0.36415748033672574 1.1607842866579692 -0.48855073491318363 0.9041508484177474 -0.30802646759029939 -1.0362387674972797 -0.44089552761402495 0.31307968457005231 0.35477272779482366
leaf_weight=3125 2420 207 1628 588 482 69 44 143 40 72 244 407 134 1102
leaf_count=3125 2420 207 1628 588 482 69 44 143 40 72 244 407 134 1102
internal_value=-2.0407e-05 -0.13652 -0.314642 0.17123 0.334216 -0.627439 0.238911 -0.210612 0.0321224 0.345417 -0.730067 -0.606909 -0.124444 0.386704
internal_weight=10705 5957 2832 4748 2328 1070 1846 212 628 1218 858 614 1762 1146
internal_count=10705 5957 2832 4748 2328 1070 1846 212 628 1218 858 614 1762 1146
is_linear=0
shrinkage=0.05


Tree=21
num_leaves=15
num_cat=0
split_feature=71 84 56 84 84 69 47 73 30 49 24 38 24 16
split_gain=90623.5 88714.4 40435.9 25236.4 23662.4 23188 17858.4 13836.1 12937.5 12845.9 12833.9 30117.1 11570.5 10950.2
threshold=-2.3625000000000003 81.513918500000003 17.861913499999996 42.523274000000008 275.02512300000006 1.421810458333332 72.497395833333357 -6.6249999999999991 20.987500000000004 3.5000000000000004 278.84935850000005 51.625000000000007 245.00571850000003 272.70666550000004
decision_type=2 2 2 2 2 2 2 2 2 2 2 2 2 2
left_child=1 -1 4 -4 10 6 -3 -5 -9 12 -2 13 -8 -12
right_child=2 5 3 7 -6 -7 9 8 -10 -11 11 -13 -14 -15
leaf_value=0.024866954978852551 0.013712151926191535 0.12000345726535744 0.019129733007866891 0.7144589895635699 -0.43188309155554433 0.096967890650472233 -0.84815193086904594 0.93706411838531489 0.16146507682956615 -0.98066863585525843 0.45253863331307187 0.10482933506331554 -0.43494994540667914 1.2987961796351843
leaf_weight=1303 5076 72 383 411 260 118 265 64 315 283 88 1517 481 69
leaf_count=1303 5076 72 383 411 260 118 265 64 315 283 88 1517 481 69
internal_value=-1.73245e-05 -0.262005 0.0807494 0.35233 0.0352614 -0.568414 -0.639749 0.51364 0.294558 -0.692975 0.0533164 0.173327 -0.58267 0.830327
internal_weight=10705 2522 8183 1173 7010 1219 1101 790 379 1029 6750 1674 746 157
internal_count=10705 2522 8183 1173 7010 1219 1101 790 379 1029 6750 1674 746 157
is_linear=0
shrinkage=0.05


Tree=22
num_leaves=15
num_cat=0
split_feature=71 84 71 84 71 84 24 32 73 26 29 70 67 24
split_gain=83577.6 59614.9 46370.4 35971.7 34406.1 15831.6 14599 14394.7 13928 18292.7 13770.4 13520.9 12332.9 11399.9
threshold=-0.062499999999999993 114.93762400000001 -4.4750000000000005 42.523274000000008 1.8125000000000002 292.35207400000007 248.07883750000005 29.012500000000003 10.875000000000002 26.012500000000003 19.612500000000004 7.6163749287518039 -0.26532110416666649 275.10399300000006
decision_type=2 2 2 2 2 2 2 2 2 2 2 2 2 2
left_child=1 -1 -3 -2 7 6 -4 11 -8 10 -10 -5 -6 -13
right_child=3 2 5 4 12 -7 8 -9 9 -11 -12 13 -14 -15
leaf_value=0.0030386175187805393 0.011857674423444452 -0.77610904173557538 -0.46834867634489891 0.23489772425305439 -0.020749455771242927 -0.94996797177993086 -0.019226538946821987 0.87513926560228539 -1.0349681295099713 -1.0952603014806905 -0.052712651704551042 -0.37005937858773391 0.49461341035748507 0.056435802913640781
leaf_weight=3142 2664 468 365 536 128 70 1020 54 41 71 238 248 1238 422
leaf_count=3142 2664 468 365 536 128 70 1020 54 41 71 238 248 1238 422
internal_value=-1.06291e-05 -0.138084 -0.333076 0.141325 0.272611 -0.21784 -0.187772 0.0840605 -0.112732 -0.384404 -0.200239 0.0479434 0.446342 -0.101747
internal_weight=10705 5415 2273 5290 2626 1805 1735 1260 1370 350 279 1206 1366 670
internal_count=10705 5415 2273 5290 2626 1805 1735 1260 1370 350 279 1206 1366 670
is_linear=0
shrinkage=0.05


Tree=23
num_leaves=15
num_cat=0
split_feature=71 84 71 84 71 36 84 32 70 67 71 19 57 24
split_gain=75464.1 58986 38780.6 28404 38087 17405.9 14396.3 12270.8 14081.1 11131.7 10764.1 11039.7 10357.2 10178
threshold=-0.63749999999999918 77.844594000000015 -3.9875000000000003 42.523274000000008 1.8125000000000002 24.714192708333339 292.35207400000007 28.512500000000003 7.6163749287518039 -0.26532110416666649 5.1000000000000005 195.69339950000003 0.71188980370598176 248.07883750000005
decision_type=2 2 2 2 2 2 2 2 2 2 2 2 2 2
left_child=1 -1 12 -2 7 6 -4 8 -5 -6 11 -11 -3 -14
right_child=3 2 5 4 9 -7 -8 -9 -10 10 -12 -13 13 -15
leaf_value=0.022958926048903251 0.011113861311561111 -1.365464946238891 -0.20186735006612824 0.20114261131874678 -0.019720026481059173 0.44751482513919472 -0.9741072414413332 0.59454977891896621 -0.11313901990961001 0.4679400226246001 0.767614987615724 0.0098222612883824452 -0.815311828570353 -0.41523566551700042
leaf_weight=2518 2921 45 1488 633 128 99 62 100 813 838 244 156 276 384
leaf_count=2518 2921 45 1488 633 128 99 62 100 813 838 244 156 276 384
internal_value=-2.46284e-05 -0.145266 -0.325145 0.121292 0.231769 -0.192241 -0.233365 0.0617187 0.0244846 0.424042 0.469903 0.396124 -0.635295 -0.583521
internal_weight=10705 4872 2354 5833 2912 1649 1550 1546 1446 1366 1238 994 705 660
internal_count=10705 4872 2354 5833 2912 1649 1550 1546 1446 1366 1238 994 705 660
is_linear=0
shrinkage=0.05


Tree=24
num_leaves=15
num_cat=0
split_feature=71 84 71 84 71 69 47 84 36 49 22 36 73 65
split_gain=68466.5 47400.4 46618.8 33697.4 23189.6 19629.5 15169.9 13024.7 12737.4 11363.5 10919.1 10860.4 10069 11133.2
threshold=1.0000000180025095e-35 90.300388000000012 -2.3625000000000003 42.523274000000008 3.9875000000000012 1.421810458333332 72.497395833333357 274.29007000000007 22.514973958333339 4.5000000000000009 69.892344281250018 21.902864583333336 18.375000000000004 6.1791476249999997
decision_type=2 2 2 2 2 2 2 2 2 2 2 2 2 2
left_child=1 -1 5 -2 7 6 -3 8 11 -8 -10 -5 13 -4
right_child=3 2 12 4 -6 -7 9 -9 10 -11 -12 -13 -14 -15
leaf_value=0.022858635233483325 0.010924979308693185 0.13987998064250162 -0.09720358322699689 0.1769324460801488 0.58590087936747648 0.11777605024487281 -0.55063589034630078 -0.30098151363492986 0.76710466428614055 -1.0919145042246039 0.26793393767100243 -0.32703765844273724 -0.8238175429569351 0.47822264345007004
leaf_weight=3092 2420 72 1517 334 482 118 917 122 121 109 1113 156 44 88
leaf_count=3092 2420 72 1517 334 482 118 917 122 121 109 1113 156 44 88
internal_value=-2.98527e-05 -0.112912 -0.259397 0.14159 0.277356 -0.494139 -0.559948 0.19652 0.23188 -0.609147 0.317462 0.0161455 -0.0861 -0.0653756
internal_weight=10705 5957 2865 4748 2328 1216 1098 1846 1724 1026 1234 490 1649 1605
internal_count=10705 5957 2865 4748 2328 1216 1098 1846 1724 1026 1234 490 1649 1605
is_linear=0
shrinkage=0.05


Tree=25
num_leaves=15
num_cat=0
split_feature=56 71 84 84 73 67 58 47 71 35 43 19 54 32
split_gain=62243.9 31116.5 40226.3 30624.2 24361.6 10970.2 10371.4 10673.6 9827 9559.76 9381.4 15705 10716 9314.49
threshold=-9.1773025000000015 1.4500000000000013 42.523274000000008 121.18824000000002 13.875000000000002 -0.26532110416666649 -14.974237 71.597656250000014 4.9875000000000016 16.320833333333336 45.625000000000007 82.580294000000023 0.6078576107927941 23.412500000000005
decision_type=2 2 2 2 2 2 2 2 2 2 2 2 2 2
left_child=3 9 -3 -1 6 -4 -5 -8 10 -2 -7 -12 -13 -6
right_child=1 2 5 4 13 8 7 -9 -10 -11 11 12 -14 -15
leaf_value=-0.029841865285303134 -0.70306673496961603 0.01126419411928588 -0.021420661660562629 -0.66732467667109541 -1.0540321974978819 1.0611664780500261 0.54437860971202656 -0.22871697988493123 0.6788596618186189 -0.0086100514143673933 0.41002211635696695 0.12295555533901337 -0.72542541658641702 -0.55067514362398629
leaf_weight=818 49 1666 162 123 153 43 48 507 278 5586 829 154 48 241
leaf_count=818 49 1666 162 123 153 43 48 507 278 5586 829 154 48 241
internal_value=-3.12742e-05 0.0558022 0.180827 -0.260331 -0.436017 0.367282 -0.253699 -0.160996 0.413839 -0.0147725 0.344672 0.313789 -0.0812204 -0.748315
internal_weight=10705 8815 3180 1890 1072 1514 678 555 1352 5635 1074 1031 202 394
internal_count=10705 8815 3180 1890 1072 1514 678 555 1352 5635 1074 1031 202 394
is_linear=0
shrinkage=0.05


Tree=26
num_leaves=15
num_cat=0
split_feature=71 84 12 24 36 58 84 62 37 68 36 73 47 69
split_gain=57062.8 54667.7 22498.9 21383 17028.5 15926.3 15663 17404.2 14853.3 16550.6 11528.6 11166.1 9617.42 9195.72
threshold=-1.6125000000000005 81.513918500000003 272.35636400000004 248.07883750000005 24.714192708333339 -12.634897500000006 270.32723250000009 233.77775500000001 54.125000000000007 9.6348653762377676 23.080468750000005 10.875000000000002 76.986979166666671 11.840655182291668
decision_type=2 2 2 2 2 2 2 2 2 2 2 2 2 2
left_child=1 -1 6 -3 5 -5 7 13 10 11 -4 -10 -7 -2
right_child=2 3 8 4 -6 12 -8 -9 9 -11 -12 -13 -14 -15
leaf_value=0.021843885047748701 0.022155685327020586 -0.64130435802134911 -0.057904314637144516 -0.56999557272608925 0.73542970628255899 0.078456680003787319 -0.30050055391543751 0.52242888230465201 0.04072224807280761 0.49281043235101918 0.81560023073107013 -0.87055268330233437 -0.29892449455039122 0.17512445280373823
leaf_weight=1797 4884 523 46 346 41 270 301 203 168 201 207 41 448 1229
leaf_count=1797 4884 523 46 346 41 270 301 203 168 201 207 41 448 1229
internal_value=-3.51306e-05 -0.168308 0.079144 -0.378084 -0.253034 -0.291778 0.0512931 0.0681034 0.356611 0.169992 0.657179 -0.141339 -0.157101 0.0529332
internal_weight=10705 3425 7280 1628 1105 1064 6617 6316 663 410 253 209 718 6113
internal_count=10705 3425 7280 1628 1105 1064 6617 6316 663 410 253 209 718 6113
is_linear=0
shrinkage=0.05


Tree=27
num_leaves=15
num_cat=0
split_feature=71 84 71 84 71 84 35 84 70 43 80 46 69 68
split_gain=51791.2 36777.6 32111.5 26634 17857.7 13040.1 13736.6 11150.4 11079.6 13733.7 12699.2 12397.2 10796.7 10177.7
threshold=1.0000000180025095e-35 104.2862525 -4.6124999999999998 42.523274000000008 3.9875000000000012 295.90254450000003 19.376041666666669 278.29070450000006 7.8989148047799835 48.875000000000007 -0.32143946530316164 82.005208333333357 -1.0000000180025095e-35 10.13330921652207
decision_type=2 2 2 2 2 2 2 2 2 2 2 2 2 2
left_child=1 -1 -3 -2 7 6 -4 12 -8 -10 11 -11 13 -5
right_child=3 2 5 4 -6 -7 8 -9 9 10 -12 -13 -14 -15
leaf_value=0.014109516363010405 0.0069749162335045719 -0.60477952755887376 -0.3697623023194947 -0.032464511019643393 0.51460115127612527 -0.84138385989327935 0.099011138240584537 -0.47078928882112869 0.51495142082373302 0.099028307096348647 -0.54047143062958936 -0.31414577714057518 0.28378717697100048 0.78364731002508137
leaf_weight=3278 2420 482 474 559 482 66 636 64 68 353 228 372 1183 40
leaf_count=3278 2420 482 474 559 482 66 636 64 68 353 228 372 1183 40
internal_value=-3.26016e-05 -0.0982108 -0.235599 0.12314 0.24384 -0.154366 -0.132703 0.172903 -0.0647084 -0.166689 -0.215816 -0.113113 0.196272 0.023249
internal_weight=10705 5957 2679 4748 2328 2197 2131 1846 1657 1021 953 725 1782 599
internal_count=10705 5957 2679 4748 2328 2197 2131 1846 1657 1021 953 725 1782 599
is_linear=0
shrinkage=0.05


Tree=28
num_leaves=15
num_cat=0
split_feature=71 84 24 12 39 67 47 22 36 84 62 47 58 47
split_gain=47166.8 44181.9 19669.7 19325.7 15701.7 14728.6 13062.3 12314.9 14614.3 11986.3 13864.9 10124 9453.62 8542.54
threshold=-1.4000000000000001 87.746388500000009 248.07883750000005 272.35636400000004 51.625000000000007 -5.2843796458333339 64.023437500000014 148.27345940104172 23.030078125000003 270.32723250000009 233.77775500000001 76.152343750000014 -13.615783500000004 71.597656250000014
decision_type=2 2 2 2 2 2 2 2 2 2 2 2 2 2
left_child=1 -1 -3 9 -4 12 -5 8 -8 10 -2 13 -6 -10
right_child=3 2 4 6 5 -7 7 -9 11 -11 -12 -13 -14 -15
leaf_value=0.01869485579887693 0.049600568229646959 -0.58228119891449637 0.72206078260422268 0.93769980714290968 -0.66382063766679611 -0.073191728508456871 -0.11335963787940834 -0.32583015553653238 0.56167302364851801 -0.26773366439872637 0.47185223936589793 0.96642624696095791 -0.25023549085798308 -0.016286021746270876
leaf_weight=1908 5948 535 42 78 248 573 129 79 176 285 200 89 315 100
leaf_count=1908 5948 535 42 78 248 573 129 79 176 285 200 89 315 100
internal_value=-3.4977e-05 -0.146809 -0.331057 0.0749991 -0.216564 -0.251871 0.334394 0.250778 0.34346 0.0487013 0.0634113 0.50478 -0.433273 0.352965
internal_weight=10705 3621 1713 7084 1178 1136 651 573 494 6433 6148 365 563 276
internal_count=10705 3621 1713 7084 1178 1136 651 573 494 6433 6148 365 563 276
is_linear=0
shrinkage=0.05


Tree=29
num_leaves=15
num_cat=0
split_feature=71 84 71 84 69 68 84 24 70 53 70 58 32 55
split_gain=43315.6 31642.8 26367.1 20484.8 21274.5 15410.3 12346.3 13870.1 18288.7 17327.8 12085.2 11348.5 12152.5 10638.9
threshold=-0.062499999999999993 114.93762400000001 -4.6124999999999998 42.523274000000008 -1.0000000180025095e-35 11.822577013351957 248.19417800000002 299.02505250000007 11.208217466635022 -0.72947329433276253 7.707720604428558 -14.974237 28.012500000000003 -0.56174490092936669
decision_type=2 2 2 2 2 2 2 2 2 2 2 2 2 2
left_child=1 -1 -3 -2 5 10 7 8 -6 -10 -5 13 -13 -4
right_child=3 2 11 4 6 -7 -8 -9 9 -11 -12 12 -14 -15
leaf_value=0.0033879408123278169 0.0040239390428221692 -0.58915379861179229 -0.81710081901560483 0.13795192064071943 0.25054732845007227 0.92746117881366197 0.065386653716106788 -0.070183380716925217 1.0382077778473093 0.4410986864304805 -0.2497757087147329 -0.14271992164671563 0.42968182557431817 -0.17846942749619485
leaf_weight=3142 2664 439 116 403 649 41 431 156 184 363 399 1471 98 149
leaf_count=3142 2664 439 116 403 649 41 431 156 184 363 399 1471 98 149
internal_value=-2.65253e-05 -0.0994268 -0.241488 0.101722 0.200795 -0.00618997 0.298606 0.372849 0.430647 0.643482 -0.0550158 -0.157993 -0.106717 -0.460042
internal_weight=10705 5415 2273 5290 2626 843 1783 1352 1196 547 802 1834 1569 265
internal_count=10705 5415 2273 5290 2626 843 1783 1352 1196 547 802 1834 1569 265
is_linear=0
shrinkage=0.05


Tree=30
num_leaves=15
num_cat=0
split_feature=71 84 84 71 24 71 49 46 84 84 73 57 66 24
split_gain=39424.7 24772.3 24589.9 32194 14987 10315.2 10042.9 9622.71 12318.7 9592.87 10216.1 11964.6 13638.7 9434.77
threshold=0.95000000000000118 42.523274000000008 90.300388000000012 -2.3625000000000003 273.36919000000006 3.9875000000000012 3.5000000000000004 81.505208333333357 254.59883350000004 282.33339050000006 17.125000000000004 0.97887936093873973 1.3769630923293046 246.78300350000004
decision_type=2 2 2 2 2 2 2 2 2 2 2 2 2 2
left_child=2 -2 -1 4 6 7 13 -3 -9 10 11 -5 -13 -4
right_child=1 5 3 9 -6 -7 -8 8 -10 -11 -12 12 -14 -15
leaf_value=0.018443016158908612 0.0039120111181015329 0.098065005261664839 -0.59872888368197519 -0.08310362785819185 -0.049496390253142286 0.45414735933700218 -0.73985719037806896 0.50276846163880984 -0.15096495301359231 -0.50053472686558964 -0.6838519462890793 0.95157376453280451 0.11187368555424304 -0.22012595844134225
leaf_weight=3498 2041 979 273 1344 273 482 253 369 89 111 56 53 467 417
leaf_count=3498 2041 979 273 1344 273 482 253 369 89 111 56 53 467 417
internal_value=-1.93591e-05 0.125191 -0.0735384 -0.172605 -0.375966 0.254112 -0.470326 0.186746 0.375681 -0.0507244 -0.0244727 -0.00430698 0.199121 -0.370571
internal_weight=10705 3960 6745 3247 1216 1919 943 1437 458 2031 1920 1864 520 690
internal_count=10705 3960 6745 3247 1216 1919 943 1437 458 2031 1920 1864 520 690
is_linear=0
shrinkage=0.05


Tree=31
num_leaves=15
num_cat=0
split_feature=63 84 59 73 69 84 84 84 24 31 58 24 84 71
split_gain=35766.3 20471.2 20001 19538.8 10609.5 11795.3 15608.2 10588.6 11636.9 12066.9 8203.25 8125.89 7534.87 14586.2
threshold=-7.9347999999999983 120.12916100000002 0.28630499999999875 11.625000000000002 -1.3059802708333337 97.724453000000025 184.93638550000003 278.81235800000007 317.80419500000005 19.762500000000003 -14.974237 282.91039900000004 42.523274000000008 -0.062499999999999993
decision_type=2 2 2 2 2 2 2 2 2 2 2 2 2 2
left_child=1 -1 4 10 5 -2 -7 8 9 -4 -3 -12 -6 -14
right_child=2 3 7 -5 12 6 -8 -9 -10 -11 11 -13 13 -15
leaf_value=-0.013356686378122595 0.0052752188147283906 -0.56318841724141133 -0.13353630386888102 -0.57401495998156704 0.0065719116396930014 -0.53171457463730099 -0.07501079307069608 -0.31674805057371724 -0.45288048043247253 0.31652821568748352 -0.135511450996637 0.54495662592041005 -0.084636398194268103 0.24233308298791242
leaf_weight=934 1508 102 168 474 3108 281 557 91 58 1278 511 47 495 1093
leaf_count=934 1508 102 168 474 3108 281 557 91 58 1278 511 47 495 1093
internal_value=-2.25286e-05 -0.186746 0.0447021 -0.329418 0.00848013 -0.0783295 -0.228605 0.204518 0.236247 0.264182 -0.15315 -0.0773237 0.0518554 0.140423
internal_weight=10705 2068 8637 1134 7042 2346 838 1595 1504 1446 660 558 4696 1588
internal_count=10705 2068 8637 1134 7042 2346 838 1595 1504 1446 660 558 4696 1588
is_linear=0
shrinkage=0.05


Tree=32
num_leaves=15
num_cat=0
split_feature=71 84 84 30 84 69 71 37 25 9 58 45 54 62
split_gain=32619.1 20846.8 20575.6 18104.7 19432.9 13305.5 9057.37 8931.93 14960.6 12590.8 8925.26 8580.33 8960.68 8518.88
threshold=0.95000000000000118 42.523274000000008 287.58038500000004 19.962500000000002 84.599854500000006 -13.408790343750001 3.9875000000000012 51.875000000000007 105.36956620720093 272.94655100000006 -4.5573055000000045 86.447916666666671 1.0000000180025095e-35 187.91055150000003
decision_type=2 2 2 2 2 2 2 2 2 2 2 2 2 2
left_child=2 -2 3 4 -1 -6 11 8 -5 13 -11 12 -3 -9
right_child=1 6 -4 7 5 -7 -8 9 -10 10 -12 -13 -14 -15
leaf_value=0.024746523450583362 0.002606762522986571 0.24227838679439795 -0.64995958750715133 -0.012960277476527712 -0.57796030934367859 -0.2009409396968625 0.41956237536579311 -0.016040771611165183 0.92554914524559584 -0.67012209786179788 -0.096616714530258996 0.50381132570982601 -0.025177651203159453 0.2669805069086732
leaf_weight=632 2041 709 147 113 349 712 482 4166 67 119 157 168 560 283
leaf_count=632 2041 709 147 113 349 712 482 4166 67 119 157 168 560 283
internal_value=-2.9645e-05 0.113862 -0.0669028 -0.053816 -0.194742 -0.325383 0.232128 -0.00514465 0.339557 -0.0183452 -0.345415 0.169011 0.124325 0.00201811
internal_weight=10705 3960 6745 6598 1693 1061 1919 4905 180 4725 276 1437 1269 4449
internal_count=10705 3960 6745 6598 1693 1061 1919 4905 180 4725 276 1437 1269 4449
is_linear=0
shrinkage=0.05


Tree=33
num_leaves=15
num_cat=0
split_feature=63 84 59 73 24 69 73 69 84 49 84 84 31 30
split_gain=29806.1 17289.4 16969.6 16787.1 9406.53 16166 9587.3 9076.36 10297 10414.7 7380 7000.98 6717.58 6673.3
threshold=-7.9347999999999983 120.12916100000002 0.28630499999999875 11.625000000000002 299.02505250000007 11.973163848958334 -6.6249999999999991 -1.3059802708333337 77.844594000000015 4.5000000000000009 287.58038500000004 282.33339050000006 19.762500000000003 16.025000000000002
decision_type=2 2 2 2 2 2 2 2 2 2 2 2 2 2
left_child=1 -1 7 10 5 11 -7 8 -2 -10 13 12 -4 -3
right_child=2 3 4 -5 -6 6 -8 -9 9 -11 -12 -13 -14 -15
leaf_value=-0.011140152185129371 0.011528228028491664 -0.69855334262053181 -0.13309625026403052 -0.52831786416706294 -0.21501409483135198 0.79255759397769254 0.23259648779673237 0.047555719677292246 -0.14060173263734421 -0.657295410106848 -0.72238002689927816 -0.49626280998899824 0.21285552670439914 -0.045372124959106336
leaf_weight=934 1423 41 164 474 132 172 139 4696 813 110 49 41 947 570
leaf_count=934 1423 41 164 474 132 172 139 4696 813 110 49 41 947 570
internal_value=-2.75289e-05 -0.170485 0.0408009 -0.301601 0.188009 0.224494 0.543833 0.00743658 -0.0728562 -0.202824 -0.138223 0.137886 0.161714 -0.0902724
internal_weight=10705 2068 8637 1134 1595 1463 311 7042 2346 923 660 1152 1111 611
internal_count=10705 2068 8637 1134 1595 1463 311 7042 2346 923 660 1152 1111 611
is_linear=0
shrinkage=0.05


Tree=34
num_leaves=15
num_cat=0
split_feature=67 84 12 73 47 69 69 81 43 30 47 36 47 12
split_gain=27410.2 25336.5 20276.1 17472.7 10772.8 14215.2 10336 14889 10034 11270.8 6405.3 8946.16 7706.54 8264.94
threshold=-3.7711683541666656 77.844594000000015 252.87840800000001 11.625000000000002 72.420572916666671 -7.5074251354166668 -5.9078175052083326 -0.8783796973249266 47.625000000000007 20.087500000000002 64.023437500000014 26.024479166666669 75.361979166666671 275.73192000000006
decision_type=2 2 2 2 2 2 2 2 2 2 2 2 2 2
left_child=1 -1 6 4 5 -3 7 -2 -4 -10 11 -11 -12 -14
right_child=2 3 8 -5 -6 -7 -8 -9 9 10 12 -13 13 -15
leaf_value=0.016121658687725509 -0.67493503265050725 1.0498884466726606 0.61096103357053122 -0.48688922548862257 -0.21228309912904583 -0.055122143793666714 0.037607453285100456 -0.06638219500417579 0.54915925142751343 0.94503920628474314 -0.04281583477244047 -0.011944236520162606 0.082976610019158709 0.61835201689375374
leaf_weight=1463 115 40 151 594 719 100 5617 755 173 51 559 46 214 108
leaf_count=1463 115 40 151 594 719 100 5617 755 173 51 559 46 214 108
internal_value=-3.71318e-05 -0.130772 0.0489172 -0.278587 -0.134146 0.265802 0.0127622 -0.147506 0.228906 0.178297 0.1122 0.495721 0.0694597 0.263902
internal_weight=10705 2916 7789 1453 859 140 6487 870 1302 1151 978 97 881 322
internal_count=10705 2916 7789 1453 859 140 6487 870 1302 1151 978 97 881 322
is_linear=0
shrinkage=0.05


Tree=35
num_leaves=15
num_cat=0
split_feature=71 84 84 30 84 63 31 7 24 47 60 45 49 57
split_gain=25447 17769.4 17168.1 14724.4 15848.3 10215 8204.81 10076 11742.8 10156.8 12037.8 9331.14 8529.54 8037.3
threshold=0.95000000000000118 42.523274000000008 292.35207400000007 19.962500000000002 84.599854500000006 -37.787372624999996 21.112500000000004 97.954301000000015 299.02505250000007 69.381510416666671 7.9511820000000037 86.447916666666671 3.5000000000000004 1.1014188762699735
decision_type=2 2 2 2 2 2 2 2 2 2 2 2 2 2
left_child=2 -2 3 4 -1 -6 13 8 9 10 -8 -9 -11 -3
right_child=1 6 -4 -5 5 -7 7 11 -10 12 -12 -13 -14 -15
leaf_value=0.023248096398338323 -0.0021432016107466837 -0.076202015206934176 -0.69041176500888368 -0.0051770219192546589 -0.69255873192664541 -0.23253232566641022 0.48560533419803342 0.051842555389048167 -0.11576665975946061 0.46418104503113944 1.290393556634041 0.55205498297499234 -0.080199503149599477 0.34749858168896974
leaf_weight=632 2041 389 105 4932 138 938 134 558 93 313 72 111 93 156
leaf_count=632 2041 389 105 4932 138 938 134 558 93 313 72 111 93 156
internal_value=-2.42546e-05 0.10057 -0.0590897 -0.049004 -0.175481 -0.29212 0.209758 0.274835 0.406639 0.486084 0.771765 0.135538 0.339592 0.0454917
internal_weight=10705 3960 6745 6640 1708 1076 1919 1374 705 612 206 669 406 545
internal_count=10705 3960 6745 6640 1708 1076 1919 1374 705 612 206 669 406 545
is_linear=0
shrinkage=0.05


Tree=36
num_leaves=15
num_cat=0
split_feature=67 84 12 73 47 69 30 32 19 69 81 79 45 62
split_gain=23122.4 21523.5 17052.5 15546.4 9509.59 12695.4 8950.09 11726.2 10121.6 8948.25 13189.4 7118.61 6803.74 6121.67
threshold=-3.7711683541666656 77.844594000000015 252.87840800000001 11.625000000000002 72.420572916666671 -7.5074251354166668 20.012500000000003 28.012500000000003 204.96285400000002 -6.3806897187500011 -0.8783796973249266 -0.9733555533461492 45.145833333333336 225.41628950000003
decision_type=2 2 2 2 2 2 2 2 2 2 2 2 2 2
left_child=1 -1 9 4 5 -3 -4 11 -9 10 -2 -8 -10 -5
right_child=2 3 6 13 -6 -7 7 8 12 -11 -12 -13 -14 -15
leaf_value=0.015297675766006286 -0.63622470201346382 0.99663736500391154 0.5428890467158386 -0.50751086826773451 -0.19351183678333961 -0.0476702525842898 -0.35822997747648821 0.66576279330484833 0.65190990348160271 0.034227157344053315 -0.061101199974818679 0.10269312983371515 -0.019267553453964574 0.017150894469685023
leaf_weight=1463 115 40 174 532 719 100 95 173 49 5661 711 657 154 62
leaf_count=1463 115 40 174 532 719 100 95 173 49 5661 711 657 154 62
internal_value=-1.68779e-05 -0.120092 0.0449457 -0.25633 -0.120094 0.255656 0.210007 0.158223 0.385814 0.0117892 -0.141845 0.0440664 0.145142 -0.452811
internal_weight=10705 2916 7789 1453 859 140 1302 1128 376 6487 826 752 203 594
internal_count=10705 2916 7789 1453 859 140 1302 1128 376 6487 826 752 203 594
is_linear=0
shrinkage=0.05


Tree=37
num_leaves=15
num_cat=0
split_feature=71 84 84 30 84 69 36 45 9 25 47 47 19 62
split_gain=21508.2 17763.7 15677 12116.7 13692.8 10611.7 8330.4 7617.27 10650.7 9446.54 8954.66 7481.69 7226.46 7032.55
threshold=1.4500000000000013 42.523274000000008 292.35207400000007 19.962500000000002 84.599854500000006 -13.408790343750001 20.172395833333336 49.645833333333336 272.94655100000006 105.44105271275394 69.587239583333357 62.804687500000007 102.79124600000002 187.91055150000003
decision_type=2 2 2 2 2 2 2 2 2 2 2 2 2 2
left_child=2 -2 3 4 -1 6 -6 9 13 -5 -10 -3 -13 -9
right_child=1 11 -4 7 5 -7 -8 8 10 -11 -12 12 -14 -15
leaf_value=0.027766750301392071 -0.0040619119478935359 0.72652612548984896 -0.64997597068969937 0.10384035777949197 -0.35360777715094205 -0.15251426370461393 -0.94137271237679032 -0.010518935119995503 -0.9475415335761177 0.985350241653976 -0.18403396027363478 0.28487329055696248 0.047176722478535438 0.21243254763698355
leaf_weight=671 1668 72 105 111 278 764 77 4773 44 41 268 976 476 381
leaf_count=671 1668 72 105 111 278 764 77 4773 44 41 268 976 476 381
internal_value=-1.04156e-05 0.108701 -0.0462062 -0.0375618 -0.150808 -0.257819 -0.483381 -0.00145895 -0.0111968 0.346502 -0.294391 0.23204 0.207037 0.00600036
internal_weight=10705 3192 7513 7408 1790 1119 355 5618 5466 152 312 1524 1452 5154
internal_count=10705 3192 7513 7408 1790 1119 355 5618 5466 152 312 1524 1452 5154
is_linear=0
shrinkage=0.05


Tree=38
num_leaves=15
num_cat=0
split_feature=67 84 62 32 73 24 68 69 81 47 69 68 84 15
split_gain=19448.2 18269.6 14663.2 16561.1 13397.2 11288.5 10541.7 9239.5 10238.7 8445.97 11050.4 7550.02 7525.7 7274.97
threshold=-3.7711683541666656 77.844594000000015 57.116915499999998 28.512500000000003 11.625000000000002 299.02505250000007 9.8055000003107029 -10.12155789583333 -0.8783796973249266 72.420572916666671 -7.5074251354166668 1.4073022621231208 272.33075800000006 216.42415900000003
decision_type=2 2 2 2 2 2 2 2 2 2 2 2 2 2
left_child=1 -1 7 5 9 6 11 8 -2 10 -3 -4 -8 -5
right_child=2 4 3 13 -6 -7 12 -9 -10 -11 -12 -13 -14 -15
leaf_value=0.014599489496083792 -0.63822641269082114 0.93621527072859978 0.67299298685789111 0.33676906289553177 -0.41804884138853615 -0.33513552215490638 0.48016604612248381 0.023020503429659861 -0.085924093653569608 -0.17838277440110689 -0.038140972111706098 0.043827439417909599 -0.20270878656747496 0.92451827092604211
leaf_weight=1463 104 40 49 136 594 130 301 5482 420 719 100 1034 46 87
leaf_count=1463 104 40 49 136 594 130 301 5482 420 719 100 1034 46 87
internal_value=-1.38909e-05 -0.110137 0.041222 0.167089 -0.235655 0.109283 0.149891 0.00383446 -0.196548 -0.10919 0.244912 0.0728884 0.389318 0.569174
internal_weight=10705 2916 7789 1783 1453 1560 1430 6006 524 859 140 1083 347 223
internal_count=10705 2916 7789 1783 1453 1560 1430 6006 524 859 140 1083 347 223
is_linear=0
shrinkage=0.05


Tree=39
num_leaves=15
num_cat=0
split_feature=84 62 69 84 73 24 84 24 69 22 53 70 84 62
split_gain=18030.5 18644.6 14993.1 12242 13780.7 10075.7 9851.02 12744.3 11601.6 10223.1 13912 7834.15 7580.1 7476.65
threshold=275.36804450000005 233.77775500000001 -1.3059802708333337 80.564241500000009 14.875000000000002 283.25600400000002 42.523274000000008 322.54412650000006 11.840655182291668 148.13106922916668 -0.83146961230254512 15.169894325524382 303.76010700000006 22.634897499999997
decision_type=2 2 2 2 2 2 2 2 2 2 2 2 2 2
left_child=1 2 3 -1 5 11 -4 8 -8 10 -10 13 -2 -5
right_child=12 -3 6 4 -6 -7 7 -9 9 -11 -12 -13 -14 -15
leaf_value=0.014169089439416317 -0.24399902395938988 0.36291538534822632 -0.0014771031829114521 -0.18724964198451288 -0.40727176538114396 0.25819866890492649 0.081292752452066033 -0.50908330818017322 1.0619338178053135 0.060024610468954381 0.33504622870813244 -0.31262944119928898 -0.94442133497674208 0.078769800525970102
leaf_weight=2111 399 367 3347 553 433 183 1606 74 81 227 344 434 42 504
leaf_count=2111 399 367 3347 553 433 183 1606 74 81 227 344 434 42 504
internal_value=-6.02484e-06 0.0134579 0.000463969 -0.0709347 -0.156166 -0.0910106 0.0534975 0.132367 0.153605 0.331325 0.47575 -0.134016 -0.312692 -0.0604514
internal_weight=10705 10264 9897 4218 2107 1674 5679 2332 2258 652 425 1491 441 1057
internal_count=10705 10264 9897 4218 2107 1674 5679 2332 2258 652 425 1491 441 1057
is_linear=0
shrinkage=0.05


Tree=40
num_leaves=15
num_cat=0
split_feature=84 24 37 80 84 24 84 69 62 70 30 84 43 24
split_gain=16467.5 15188 16798.1 13696.9 17714.6 12236.2 10572.8 18579.8 11147 9699.35 8622.35 8505.6 12337.6 8471.21
threshold=282.33339050000006 274.65417650000006 51.125000000000007 -0.32143946530316164 228.24203700000001 275.84149600000006 95.995317000000014 -14.462286713541664 226.92036650000003 20.117847106825341 21.962500000000002 194.94260950000003 70.125000000000014 271.06541150000004
decision_type=2 2 2 2 2 2 2 2 2 2 2 2 2 2
left_child=1 6 -3 5 -5 -4 -1 11 13 -7 -11 -8 -13 -9
right_child=-2 2 3 4 -6 9 7 8 -10 10 -12 12 -14 -15
leaf_value=0.015267078788701356 -0.41666832783355795 0.40915347439750516 0.9767915763436481 -0.0060504755027363235 -1.032953773577546 0.090937611417803557 -0.56114086628175386 -0.020978596158878399 0.28009385782679752 0.98304912437826908 0.25380585675558714 -0.74260680980577665 -0.0030292738956876667 -0.26722329531600419
leaf_weight=4337 231 378 46 1800 42 996 276 1395 238 58 133 73 237 465
leaf_count=4337 231 378 46 1800 42 996 276 1395 238 58 133 73 237 465
internal_value=-7.37579e-06 0.00922082 0.0950605 0.0563296 -0.030013 0.185238 -0.0330036 -0.110979 -0.0413863 0.153767 0.479218 -0.359642 -0.179016 -0.0826503
internal_weight=10705 10474 3453 3075 1842 1233 7021 2684 2098 1187 191 586 310 1860
internal_count=10705 10474 3453 3075 1842 1233 7021 2684 2098 1187 191 586 310 1860
is_linear=0
shrinkage=0.05


Tree=41
num_leaves=15
num_cat=0
split_feature=84 62 69 84 73 84 24 84 83 24 69 70 72 84
split_gain=15297.3 15668.2 12608.1 10238.9 11554.2 8589.83 11369.6 10531.2 12044.9 8539.33 6954.02 6615.79 6653.76 6610.88
threshold=275.36804450000005 233.77775500000001 -1.3059802708333337 80.564241500000009 14.875000000000002 42.523274000000008 322.54412650000006 248.19417800000002 238.59598200000002 283.25600400000002 -9.293178385416665 7.707720604428558 0.2874999999999997 303.76010700000006
decision_type=2 2 2 2 2 2 2 2 2 2 2 2 2 2
left_child=1 2 3 -1 9 -4 7 8 -7 11 -11 -5 -13 -2
right_child=13 -3 5 4 -6 6 -8 -9 -10 10 -12 12 -14 -15
leaf_value=0.012839287373781467 -0.223882685943041 0.33274689521893619 -0.0022192970276155135 0.04468780614030559 -0.3728657608714453 0.12907194808151845 -0.4830963196530938 -0.067957403833799543 0.44229702653486264 0.75565154824095471 0.055169947271364456 -0.2912002493609907 -0.036789686702380531 -0.87794951657916231
leaf_weight=2111 399 367 3347 422 433 1396 74 469 393 47 136 639 430 42
leaf_count=2111 399 367 3347 422 433 1396 74 469 393 47 136 639 430 42
internal_value=-7.20131e-06 0.0123943 0.000482618 -0.0649915 -0.142939 0.0491155 0.122763 0.142824 0.198089 -0.0832788 0.238204 -0.12287 -0.188995 -0.28802
internal_weight=10705 10264 9897 4218 2107 5679 2332 2258 1789 1674 183 1491 1069 441
internal_count=10705 10264 9897 4218 2107 5679 2332 2258 1789 1674 183 1491 1069 441
is_linear=0
shrinkage=0.05


end of trees

feature_importances:
consumo_alvo_semana_anterior=138
temperatura_externa_c_diferenca_semana_atual=91
correcao_semanal_media_1440m=48
consumo_max_1440m=45
umidade_relativa_pct_diferenca_semana_atual=22
correcao_semanal_media_360m=19
umidade_relativa_pct_media_1440m=16
temperatura_externa_c_media_1440m=15
correcao_semanal_std_1440m=14
consumo_max_60m=12
tendencia_consumo_360m=12
correcao_semanal_std_360m=10
temperatura_externa_c_lag_1440m=9
umidade_relativa_pct_lag_1440m=9
consumo_mean_1440m=8
temperatura_externa_c_lag_360m=8
temperatura_externa_c_lag_720m=8
origem_dia_semana=8
consumo_diferenca_semana_atual=8
consumo_diferenca_dia_atual=7
umidade_relativa_pct_atual=6
consumo_lag_10080m=5
consumo_min_360m=5
consumo_std_1440m=5
umidade_relativa_pct_media_180m=5
consumo_alvo_dia_anterior=5
umidade_relativa_pct_lag_60m=4
umidade_relativa_pct_media_60m=3
umidade_relativa_pct_media_360m=3
consumo_razao_semana_atual=3
correcao_semanal_media_60m=3
alvo_semana_sin=3
consumo_lag_360m=2
consumo_max_180m=2
temperatura_externa_c_lag_180m=2
temperatura_externa_c_media_360m=2
origem_hora_cos=2
origem_semana_sin=2
tendencia_consumo_15m=2
alvo_hora_cos=2
consumo_lag_120m=1
consumo_lag_720m=1
consumo_min_180m=1
consumo_max_360m=1
temperatura_externa_c_atual=1
umidade_relativa_pct_lag_15m=1
umidade_relativa_pct_lag_360m=1
umidade_relativa_pct_lag_720m=1
origem_hora=1
origem_semana_cos=1
tendencia_consumo_60m=1
correcao_semanal_media_180m=1
correcao_semanal_std_180m=1
temperatura_externa_c_tendencia_1h=1
alvo_hora_sin=1

parameters:
[boosting: gbdt]
[objective: regression]
[metric: l1]
[tree_learner: serial]
[device_type: cpu]
[data_sample_strategy: bagging]
[data: ]
[valid: ]
[num_iterations: 400]
[learning_rate: 0.05]
[num_leaves: 15]
[num_threads: 2]
[seed: 20260905]
[deterministic: 1]
[force_col_wise: 1]
[force_row_wise: 0]
[histogram_pool_size: -1]
[max_depth: -1]
[min_data_in_leaf: 40]
[min_sum_hessian_in_leaf: 0.001]
[bagging_fraction: 1]
[pos_bagging_fraction: 1]
[neg_bagging_fraction: 1]
[bagging_freq: 0]
[bagging_seed: 23218]
[bagging_by_query: 0]
[feature_fraction: 1]
[feature_fraction_bynode: 1]
[feature_fraction_seed: 28090]
[extra_trees: 0]
[extra_seed: 14360]
[early_stopping_round: 0]
[early_stopping_min_delta: 0]
[first_metric_only: 0]
[max_delta_step: 0]
[lambda_l1: 0]
[lambda_l2: 1]
[linear_lambda: 0]
[min_gain_to_split: 0]
[drop_rate: 0.1]
[max_drop: 50]
[skip_drop: 0.5]
[xgboost_dart_mode: 0]
[uniform_drop: 0]
[drop_seed: 16970]
[top_rate: 0.2]
[other_rate: 0.1]
[min_data_per_group: 100]
[max_cat_threshold: 32]
[cat_l2: 10]
[cat_smooth: 10]
[max_cat_to_onehot: 4]
[top_k: 20]
[monotone_constraints: ]
[monotone_constraints_method: basic]
[monotone_penalty: 0]
[feature_contri: ]
[forcedsplits_filename: ]
[refit_decay_rate: 0.9]
[cegb_tradeoff: 1]
[cegb_penalty_split: 0]
[cegb_penalty_feature_lazy: ]
[cegb_penalty_feature_coupled: ]
[path_smooth: 0]
[interaction_constraints: ]
[verbosity: -1]
[saved_feature_importance_type: 0]
[use_quantized_grad: 0]
[num_grad_quant_bins: 4]
[quant_train_renew_leaf: 0]
[stochastic_rounding: 1]
[linear_tree: 0]
[max_bin: 255]
[max_bin_by_feature: ]
[min_data_in_bin: 3]
[bin_construct_sample_cnt: 200000]
[data_random_seed: 5037]
[is_enable_sparse: 1]
[enable_bundle: 1]
[use_missing: 1]
[zero_as_missing: 0]
[feature_pre_filter: 1]
[pre_partition: 0]
[two_round: 0]
[header: 0]
[label_column: ]
[weight_column: ]
[group_column: ]
[ignore_column: ]
[categorical_feature: ]
[forcedbins_filename: ]
[precise_float_parser: 0]
[parser_config_file: ]
[objective_seed: 15411]
[num_class: 1]
[is_unbalance: 0]
[scale_pos_weight: 1]
[sigmoid: 1]
[boost_from_average: 1]
[reg_sqrt: 0]
[alpha: 0.9]
[fair_c: 1]
[poisson_max_delta_step: 0.7]
[tweedie_variance_power: 1.5]
[lambdarank_truncation_level: 30]
[lambdarank_norm: 1]
[label_gain: ]
[lambdarank_position_bias_regularization: 0]
[eval_at: ]
[multi_error_top_k: 1]
[auc_mu_weights: ]
[num_machines: 1]
[local_listen_port: 12400]
[time_out: 120]
[machine_list_filename: ]
[machines: ]
[gpu_platform_id: -1]
[gpu_device_id: -1]
[gpu_device_id_list: ]
[gpu_use_dp: 0]
[num_gpu: 1]

end of parameters

pandas_categorical:[]
