tree
version=v4
num_class=1
num_tree_per_iteration=1
label_index=0
max_feature_idx=84
objective=regression
feature_names=consumo_atual_kw consumo_lag_15m consumo_lag_30m consumo_lag_60m consumo_lag_120m consumo_lag_180m consumo_lag_360m consumo_lag_720m consumo_lag_1440m consumo_lag_10080m consumo_mean_60m consumo_min_60m consumo_max_60m consumo_std_60m consumo_mean_180m consumo_min_180m consumo_max_180m consumo_std_180m consumo_mean_360m consumo_min_360m consumo_max_360m consumo_std_360m consumo_mean_1440m consumo_min_1440m consumo_max_1440m consumo_std_1440m temperatura_externa_c_atual temperatura_externa_c_lag_15m temperatura_externa_c_lag_60m temperatura_externa_c_lag_180m temperatura_externa_c_lag_360m temperatura_externa_c_lag_720m temperatura_externa_c_lag_1440m temperatura_externa_c_media_60m temperatura_externa_c_media_180m temperatura_externa_c_media_360m temperatura_externa_c_media_1440m umidade_relativa_pct_atual umidade_relativa_pct_lag_15m umidade_relativa_pct_lag_60m umidade_relativa_pct_lag_180m umidade_relativa_pct_lag_360m umidade_relativa_pct_lag_720m umidade_relativa_pct_lag_1440m umidade_relativa_pct_media_60m umidade_relativa_pct_media_180m umidade_relativa_pct_media_360m umidade_relativa_pct_media_1440m origem_hora origem_dia_semana origem_fim_de_semana origem_mes origem_hora_sin origem_hora_cos origem_semana_sin origem_semana_cos consumo_diferenca_semana_atual consumo_razao_semana_atual consumo_diferenca_dia_atual tendencia_consumo_15m tendencia_consumo_60m tendencia_consumo_180m tendencia_consumo_360m correcao_semanal_media_60m correcao_semanal_std_60m correcao_semanal_media_180m correcao_semanal_std_180m correcao_semanal_media_360m correcao_semanal_std_360m correcao_semanal_media_1440m correcao_semanal_std_1440m temperatura_externa_c_diferenca_semana_atual temperatura_externa_c_tendencia_1h umidade_relativa_pct_diferenca_semana_atual umidade_relativa_pct_tendencia_1h alvo_hora alvo_dia_semana alvo_fim_de_semana alvo_mes alvo_hora_sin alvo_hora_cos alvo_semana_sin alvo_semana_cos consumo_alvo_dia_anterior consumo_alvo_semana_anterior
feature_infos=[22.399999999999999:324.71375799999998] [22.399999999999999:324.71375799999998] [22.399999999999999:324.71375799999998] [22.399999999999999:324.71375799999998] [22.399999999999999:324.71375799999998] [22.399999999999999:324.71375799999998] [22.399999999999999:324.71375799999998] [22.399999999999999:324.71375799999998] [22.399999999999999:324.71375799999998] [22.399999999999999:324.71375799999998] [22.399999999999999:321.24876725000001] [22.399999999999999:318.278571] [22.399999999999999:324.71375799999998] [0:82.540869055199337] [22.399999999999999:313.28577408333337] [22.399999999999999:302.53573799999998] [22.399999999999999:324.71375799999998] [0:92.970139865692389] [22.399999999999999:295.13563500000004] [22.399999999999999:249.29458700000001] [22.399999999999999:324.71375799999998] [0:116.53386463160022] [23.200000000000003:159.49963871874999] none [25.600000000000001:324.71375799999998] [1.3929144002343703:128.71471884334804] [15:33.700000000000003] [15:33.700000000000003] [15:33.700000000000003] [15:33.700000000000003] [15:33.700000000000003] [15:33.700000000000003] [15:33.700000000000003] [15:33.4375] [15:32.71875] [15.333333333333334:31.620833333333334] [16.439843749999998:27.283072916666669] [31:98] [31:98] [31:98] [31:98] [31:98] [31:98] [31:98] [32.5:95.625] [33.666666666666664:95.083333333333329] [37.041666666666664:94] [59.309895833333336:91.638020833333329] [0:23.75] [0:6] [0:1] [1:4] [-1:1] [-1:1] [-0.97492791218182362:0.97492791218182362] [-0.90096886790241903:1] [-72.635950000000008:77.445233000000002] [0.43630911779503978:2.09406877563422] [-291.363968:296.779246] [-121.30707899999999:153.05878799999999] [-124.27709300000001:153.05878799999999] [-180.63157299999997:268.16051600000003] [-299.363968:299.97924600000005] [-70.384351250000009:75.467424499999993] [0:44.359338508129341] [-67.777903583333341:70.921986416666655] [0:38.631403568061003] [-64.848194500000005:62.415354583333333] [0:37.083675449251288] [-34.945017510416669:27.905951093750001] [0:30.68446053870321] [-12:11.5] [-8:4.8000000000000007] [-49:48] [-30:40] [0:23.75] [0:6] [0:1] [1:4] [-1:1] [-1:1] [-0.97492791218182362:0.97492791218182362] [-0.90096886790241903:1] [22.399999999999999:324.71375799999998] [22.399999999999999:324.71375799999998]
tree_sizes=1417 1424 1430 1426 1416 1422 1429 1432 1442 1435 1423 1448 1442 1435 1455 1444 1440 1443 1440 1452 1457 1447 1449 1447 1452 1441 1449 1444 1444 1433 1435 1443 1442 1448 1449 1435

Tree=0
num_leaves=15
num_cat=0
split_feature=71 84 71 84 69 24 84 51 24 69 25 24 53 8
split_gain=572756 409423 300002 283801 151898 121490 93560.3 50966 43582.9 34221.4 30459.5 66970.8 30684.4 27723.4
threshold=1.0000000180025095e-35 103.22879950000002 -2.8499999999999992 42.523274000000008 11.26756466666667 264.18653100000006 287.58038500000004 3.5000000000000004 253.43744300000003 -26.30091713020833 108.34402579467344 283.32550850000001 0.44228869021900119 187.95438150000004
decision_type=2 2 2 2 2 2 2 2 2 2 2 2 2 2
left_child=1 -1 5 -2 7 9 10 -5 -9 -3 11 -4 -12 -7
right_child=3 2 6 4 -6 13 -8 8 -10 -11 12 -13 -14 -15
leaf_value=-1.0567689881218403 -1.0689284215963941 -3.5857817328617667 -1.5261512234922658 -0.4030378526414593 0.29446270075452641 -1.2924710404212756 -3.1283727971034248 -0.39558650893222225 -1.4570113957638211 -2.7753899296310927 -2.8069907729436907 -0.53493313603274539 -1.5872442672052653 -2.744100774296089
leaf_weight=3123 2587 201 1521 1020 729 153 90 153 259 414 81 191 142 41
leaf_count=3123 2587 201 1521 1020 729 153 90 153 259 414 81 191 142 41
internal_value=-1.12516 -1.45166 -1.88668 -0.715556 -0.292744 -2.70004 -1.56113 -0.59246 -1.06203 -3.04381 -1.48723 -1.41529 -2.03582 -1.60599
internal_weight=10705 5957 2834 4748 2161 809 2025 1432 412 615 1935 1712 223 194
internal_count=10705 5957 2834 4748 2161 809 2025 1432 412 615 1935 1712 223 194
is_linear=0
shrinkage=1


Tree=1
num_leaves=15
num_cat=0
split_feature=71 84 71 84 69 24 84 51 24 69 25 24 53 32
split_gain=517074 369668 270885 256170 137107 109624 84552 45994.9 39357.1 30918.6 27534.9 60462.6 27734.1 26900.8
threshold=1.0000000180025095e-35 103.22879950000002 -2.8499999999999992 42.523274000000008 11.26756466666667 264.18653100000006 287.58038500000004 3.5000000000000004 253.43744300000003 -26.30091713020833 108.34402579467344 283.32550850000001 0.44228869021900119 20.262500000000003
decision_type=2 2 2 2 2 2 2 2 2 2 2 2 2 2
left_child=1 -1 5 -2 7 9 10 -5 -9 -3 11 -4 -12 -6
right_child=3 2 6 4 13 -7 -8 8 -10 -11 12 -13 -14 -15
leaf_value=0.064977242312693403 0.053425772375264524 -2.338195018957157 -0.38095013132813277 0.68605611506451825 2.1999877924010867 -0.45723964805022271 -1.904148140320411 0.69333639785937684 -0.3153179432337101 -1.5679125079703349 -1.598759967524831 0.56087394227506593 -0.43913693723978703 1.23614184856386
leaf_weight=3123 2587 201 1521 1020 83 194 90 153 259 414 81 191 142 646
leaf_count=3123 2587 201 1521 1020 83 194 90 153 259 414 81 191 142 646
internal_value=-3.35803e-05 -0.310249 -0.723616 0.389156 0.790859 -1.49649 -0.41426 0.506109 0.060027 -1.82305 -0.344015 -0.275609 -0.865602 1.34874
internal_weight=10705 5957 2834 4748 2161 809 2025 1432 412 615 1935 1712 223 729
internal_count=10705 5957 2834 4748 2161 809 2025 1432 412 615 1935 1712 223 729
is_linear=0
shrinkage=0.05


Tree=2
num_leaves=15
num_cat=0
split_feature=71 84 71 84 69 24 84 51 24 69 32 33 8 70
split_gain=466821 333754 244558 231262 123800 98966 76645.7 41508.7 35540.9 27934.6 25751.1 30703.5 25111 24810.7
threshold=1.0000000180025095e-35 103.22879950000002 -2.8499999999999992 42.523274000000008 11.26756466666667 264.18653100000006 292.35207400000007 3.5000000000000004 253.43744300000003 -26.30091713020833 22.037500000000005 19.996875000000003 187.95438150000004 8.0129088345045254
decision_type=2 2 2 2 2 2 2 2 2 2 2 2 2 2
left_child=1 -1 5 -2 7 9 10 13 -9 -3 11 -4 -7 -5
right_child=3 2 6 4 -6 12 -8 8 -10 -11 -12 -13 -14 -15
leaf_value=0.061729418620748613 0.050755515114232964 -2.2218640110280257 -0.54757030050040101 0.86352311764165857 1.2815416731853804 -0.13628158997623371 -2.0570621639934941 0.6588946829223401 -0.29961268862404933 -1.4897058020056373 -0.67063884846156163 -0.074253375495778359 -1.5175986934275856 0.36341663860299622
leaf_weight=3123 2587 201 523 587 729 153 66 153 259 414 445 991 41 433
leaf_count=3123 2587 201 523 587 729 153 66 153 259 414 445 991 41 433
internal_value=-4.82842e-05 -0.294804 -0.687579 0.369746 0.75142 -1.42194 -0.39364 0.480841 0.0570714 -1.73221 -0.336577 -0.238011 -0.434495 0.651787
internal_weight=10705 5957 2834 4748 2161 809 2025 1432 412 615 1959 1514 194 1020
internal_count=10705 5957 2834 4748 2161 809 2025 1432 412 615 1959 1514 194 1020
is_linear=0
shrinkage=0.05


Tree=3
num_leaves=15
num_cat=0
split_feature=71 84 71 84 69 24 84 51 69 69 32 76 25 24
split_gain=421444 301344 220826 208755 111739 89298.6 70301.9 37463.8 32957.8 25238.6 24444 24089.8 24032.1 54065.8
threshold=1.0000000180025095e-35 103.22879950000002 -2.8499999999999992 42.523274000000008 11.26756466666667 264.18653100000006 287.58038500000004 3.5000000000000004 -0.18351217708333298 -26.30091713020833 20.262500000000003 3.5000000000000004 108.34402579467344 277.22543400000006
decision_type=2 2 2 2 2 2 2 2 2 2 2 2 2 2
left_child=1 -1 5 -2 7 9 12 -5 -9 -3 -6 -12 13 -4
right_child=3 2 6 4 10 -7 -8 8 -10 -11 11 -13 -14 -15
leaf_value=0.058643937745774304 0.048218717688616866 -2.1113208109789556 -0.37715290590072237 0.61925763775039033 2.027983670007615 -0.41319423529486632 -1.7325801356808173 -0.38345575717176311 0.5089610127961548 -1.415400028521397 0.81106317374716286 1.427336862397651 -0.7972489637173048 0.35536376486323074
leaf_weight=3123 2587 201 1406 1020 83 194 90 210 202 414 334 312 223 306
leaf_count=3123 2587 201 1406 1020 83 194 90 210 202 414 334 312 223 306
internal_value=-7.26521e-05 -0.280136 -0.653353 0.35129 0.713915 -1.35117 -0.37404 0.456854 0.0542613 -1.64591 1.21755 1.11045 -0.30999 -0.246093
internal_weight=10705 5957 2834 4748 2161 809 2025 1432 412 615 729 646 1935 1712
internal_count=10705 5957 2834 4748 2161 809 2025 1432 412 615 729 646 1935 1712
is_linear=0
shrinkage=0.05


Tree=4
num_leaves=15
num_cat=0
split_feature=71 84 71 84 71 25 84 84 30 35 36 84 69 1
split_gain=382556 284679 179007 157668 130863 81910 75785.8 37759.2 33599 29453.2 31092.8 27698 26693.6 25422.2
threshold=-1.0000000180025095e-35 101.16263750000002 -2.8499999999999992 42.523274000000008 2.212499999999999 99.096793758798285 263.70710200000008 295.90254450000003 19.762500000000003 22.621354166666674 24.091666666666672 284.32638350000008 -13.065936541666668 120.49142050000002
decision_type=2 2 2 2 2 2 2 2 2 2 2 2 2 2
left_child=1 -1 5 -2 6 12 8 -4 -5 10 -6 -8 -3 -7
right_child=3 2 7 4 9 13 11 -9 -10 -11 -12 -13 -14 -15
leaf_value=0.051292374009489911 0.045645206616951269 -1.84124604156473 -0.35361459446983851 -0.21293805003383315 1.1815840680696701 -0.040912427331866896 -0.23475895123838475 -1.8547577004100004 0.55691849819629335 0.85431312547657723 2.4117163373463191 -1.5648867769813053 -1.173560410453983 -1.3913997012635937
leaf_weight=2842 2791 360 1731 162 247 144 197 42 1106 653 66 48 271 45
leaf_count=2842 2791 360 1731 162 247 144 197 42 1106 653 66 48 271 45
internal_value=-7.54329e-05 -0.294376 -0.673111 0.303437 0.593539 -1.2836 0.302931 -0.3902 0.458471 1.04792 1.44783 -0.500657 -1.5568 -0.368088
internal_weight=10705 5435 2593 5270 2479 820 1513 1773 1268 966 313 245 631 189
internal_count=10705 5435 2593 5270 2479 820 1513 1773 1268 966 313 245 631 189
is_linear=0
shrinkage=0.05


Tree=5
num_leaves=15
num_cat=0
split_feature=71 84 71 84 71 25 84 84 30 84 35 36 36 69
split_gain=345366 257019 161634 142328 118197 73905.2 68650.6 34180.5 30468.6 28477.2 26629.8 28137.6 24193.2 24093.8
threshold=-1.0000000180025095e-35 101.16263750000002 -2.8499999999999992 42.523274000000008 2.212499999999999 99.096793758798285 260.0556155000001 295.90254450000003 19.762500000000003 282.33339050000006 22.621354166666674 24.091666666666672 25.692187500000003 -13.065936541666668
decision_type=2 2 2 2 2 2 2 2 2 2 2 2 2 2
left_child=1 -1 5 -2 6 13 8 -4 -5 -8 11 -6 -10 -3
right_child=3 2 7 4 10 -7 9 -9 12 -11 -12 -13 -14 -15
leaf_value=0.048728655164740647 0.043363764958941842 -1.7494387326808518 -0.33594407179628394 -0.19018232490539366 1.1227430851469118 -0.35006036808028035 -0.13883336319936893 -1.7641764430112616 0.477284279416123 -1.34059418968616 0.81166277762848837 2.2929303268888104 1.3158966154291443 -1.1150980936938568
leaf_weight=2842 2791 360 1731 158 247 189 242 42 958 61 653 66 94 271
leaf_count=2842 2791 360 1731 158 247 189 242 42 958 61 653 66 94 271
internal_value=-8.83164e-05 -0.279718 -0.639584 0.288294 0.563922 -1.21969 0.287737 -0.370752 0.456224 -0.384386 0.995754 1.37601 0.553396 -1.4792
internal_weight=10705 5435 2593 5270 2479 820 1513 1773 1210 303 966 313 1052 631
internal_count=10705 5435 2593 5270 2479 820 1513 1773 1210 303 966 313 1052 631
is_linear=0
shrinkage=0.05


Tree=6
num_leaves=15
num_cat=0
split_feature=71 84 71 84 71 24 84 30 35 36 84 84 1 69
split_gain=311797 232033 146007 128496 106741 77201.6 62119.1 27474.8 24077.1 25463.4 23443.5 22934.7 22869.1 22385.4
threshold=-1.0000000180025095e-35 101.16263750000002 -2.5124999999999988 42.523274000000008 2.212499999999999 264.18653100000006 263.70710200000008 19.762500000000003 22.621354166666674 24.091666666666672 292.35207400000007 284.32638350000008 120.49142050000002 -0.12570920833333388
decision_type=2 2 2 2 2 2 2 2 2 2 2 2 2 2
left_child=1 -1 5 -2 6 -3 7 -5 9 -6 -4 -8 -7 -10
right_child=3 2 10 4 8 12 11 -9 13 -11 -12 -13 -14 -15
leaf_value=0.046293080296476163 0.041196351269937863 -1.4081734784176014 -0.30433693967759612 -0.19296868834873104 1.0668322953846185 -0.054856771153663955 -0.21222850186656222 0.50319728983356682 -0.12298524981324591 2.1799949823920408 -1.4880070536635643 -1.4225774852596986 -1.1096027837224203 0.86666282383873183
leaf_weight=2842 2791 651 1654 162 247 174 197 1106 63 66 42 48 72 590
leaf_count=2842 2791 651 1654 162 247 174 197 1106 63 66 42 48 72 590
internal_value=-8.79726e-05 -0.26578 -0.607707 0.273921 0.535814 -1.12331 0.273354 0.414173 0.946185 1.30775 -0.334509 -0.454177 -0.366805 0.771142
internal_weight=10705 5435 2593 5270 2479 897 1513 1268 966 313 1696 245 246 653
internal_count=10705 5435 2593 5270 2479 897 1513 1268 966 313 1696 245 246 653
is_linear=0
shrinkage=0.05


Tree=7
num_leaves=15
num_cat=0
split_feature=71 84 71 84 69 24 84 70 36 57 32 33 36 30
split_gain=281508 202872 145900 139525 82621.1 69993.6 44307.1 34737.2 30027.8 26149.4 23437.1 27454.3 23018.8 23679.2
threshold=1.0000000180025095e-35 103.22879950000002 -2.5124999999999988 42.523274000000008 11.26756466666667 264.18653100000006 284.32638350000008 8.0129088345045254 20.748177083333335 1.013099769804241 22.037500000000005 19.996875000000003 24.497135416666669 22.937500000000004
decision_type=2 2 2 2 2 2 2 2 2 2 2 2 2 2
left_child=1 -1 5 -2 7 -3 10 8 -5 -9 11 -4 13 -10
right_child=3 2 6 4 -6 -7 -8 9 12 -11 -12 -13 -14 -15
leaf_value=0.048985838243396772 0.039300961813197074 -1.3421436316381659 -0.44556476359358665 -0.27069517984202035 1.0165817723686055 -0.34533305000361741 -1.3081315680461771 -0.14553730290689837 0.80478978363096076 0.58221480773176471 -0.56673246720520576 0.016238784150911564 1.7036472862842036 0.18536739885135525
leaf_weight=3123 2587 640 487 94 729 244 101 418 464 174 417 945 50 232
leaf_count=3123 2587 640 487 94 729 244 101 418 464 174 417 945 50 232
internal_value=-9.11027e-05 -0.228984 -0.535209 0.287073 0.583534 -1.06771 -0.293387 0.362523 0.56907 0.0689839 -0.23728 -0.141014 0.675106 0.598878
internal_weight=10705 5957 2834 4748 2161 884 1950 1432 840 592 1849 1432 746 696
internal_count=10705 5957 2834 4748 2161 884 1950 1432 840 592 1849 1432 746 696
is_linear=0
shrinkage=0.05


Tree=8
num_leaves=15
num_cat=0
split_feature=71 84 71 84 71 84 69 84 36 83 84 84 71 70
split_gain=255658 189743 119207 105520 88493.5 54334.3 35134.8 31071.7 26368.7 23838.1 22723.2 21734.2 19191.6 22277.7
threshold=-1.0000000180025095e-35 101.16263750000002 -3.2874999999999992 42.523274000000008 2.212499999999999 257.75375800000006 -14.779579244791664 287.58038500000004 25.692187500000003 252.21914800000005 282.33339050000006 256.09265850000003 -2.0499999999999985 14.771635923836518
decision_type=2 2 2 2 2 2 2 2 2 2 2 2 2 2
left_child=1 -1 6 -2 5 8 -3 9 -5 12 -7 -6 -4 -14
right_child=3 2 7 4 11 10 -8 -9 -10 -11 -12 -13 13 -15
leaf_value=0.041530810658205103 0.037137547724568058 -1.5551645102266407 -0.76438552133145721 0.33305189792066492 0.98099138862946456 -0.12338787346908993 -0.76421243521982607 -1.2999889398730078 1.2024848630710654 -0.053392735424230897 -1.1880752661535818 0.39508653951285805 -0.20608823110678523 -0.76119966470660305
leaf_weight=2842 2791 304 342 1095 764 263 267 85 94 562 61 202 800 233
leaf_count=2842 2791 304 342 1095 764 263 267 85 94 562 61 202 800 233
internal_value=-8.6672e-05 -0.240674 -0.549875 0.248032 0.485358 0.246384 -1.1873 -0.369373 0.40274 -0.327885 -0.326877 0.859008 -0.439958 -0.331912
internal_weight=10705 5435 2593 5270 2479 1513 571 2022 1189 1937 324 966 1375 1033
internal_count=10705 5435 2593 5270 2479 1513 571 2022 1189 1937 324 966 1375 1033
is_linear=0
shrinkage=0.05


Tree=9
num_leaves=15
num_cat=0
split_feature=71 84 71 84 69 84 26 69 70 36 36 24 36 32
split_gain=230796 171375 104707 95245.5 81232 58214.5 28556.4 27238.3 26807.3 38396.2 25630.8 25493.2 24580.2 23422.8
threshold=-1.0000000180025095e-35 103.22879950000002 -3.5624999999999996 42.523274000000008 11.26756466666667 272.35636400000004 19.012500000000003 -14.779579244791664 8.0129088345045254 20.748177083333335 21.357421875000004 283.21306650000002 18.395963541666671 20.262500000000003
decision_type=2 2 2 2 2 2 2 2 2 2 2 2 2 2
left_child=1 -1 7 -2 5 8 10 -3 9 -5 12 -10 -4 -6
right_child=3 2 6 4 13 -7 -8 -9 11 -11 -12 -13 -14 -15
leaf_value=0.036557895139642929 0.03528133439577924 -1.4878735053950343 -1.5845036689271319 -0.23244991933365597 1.6812203020208025 -0.64938653125785872 -0.26695923007556122 -0.74077984287933274 -0.11880744770440517 0.64575258619682652 -1.428745297854296 0.62489387967158105 -0.35606695334242278 0.79391185648647189
leaf_weight=2872 2791 289 46 145 84 155 1599 217 411 859 98 159 314 666
leaf_count=2872 2791 289 46 145 84 155 1599 217 411 859 98 159 314 666
internal_value=-9.97381e-05 -0.228689 -0.525814 0.235646 0.461122 0.272335 -0.366965 -1.16957 0.363456 0.518815 -0.714768 0.0893771 -0.516988 0.895397
internal_weight=10705 5435 2563 5270 2479 1729 2057 506 1574 1004 458 570 360 750
internal_count=10705 5435 2563 5270 2479 1729 2057 506 1574 1004 458 570 360 750
is_linear=0
shrinkage=0.05


Tree=10
num_leaves=15
num_cat=0
split_feature=71 84 71 84 69 24 84 70 36 68 76 57 36 30
split_gain=208900 150960 107850 103643 63130.9 55827.3 36603.4 28245 24583.4 21446.7 22788.1 21190 20236.2 20344.1
threshold=1.0000000180025095e-35 103.22879950000002 -2.5124999999999988 42.523274000000008 11.26756466666667 264.18653100000006 299.97504500000008 8.0129088345045254 24.497135416666669 6.9525323118779028 2.5000000000000004 1.013099769804241 20.748177083333335 22.937500000000004
decision_type=2 2 2 2 2 2 2 2 2 2 2 2 2 2
left_child=1 -1 5 -2 7 -3 -4 8 12 -6 -11 -9 -5 -14
right_child=3 2 6 4 9 -7 -8 11 -10 10 -12 -13 13 -15
leaf_value=0.042496443207455603 0.033717127897455672 -1.1643463044870477 -0.22167454875920611 -0.25983907123929578 1.2690605987976324 -0.27431074594931526 -1.7321045666206176 -0.14814417036850369 1.5613645852780811 0.17168231775417614 0.91425476905799696 0.50696112152508321 0.71028822593551177 0.13635755438085792
leaf_weight=3123 2587 640 1910 94 240 244 40 418 50 149 340 174 464 232
leaf_count=3123 2587 640 1910 94 240 244 40 418 50 149 340 174 464 232
internal_value=-0.000108987 -0.197286 -0.461442 0.247265 0.502777 -0.919268 -0.25353 0.309592 0.495839 0.881311 0.688802 0.0449339 0.426512 0.519448
internal_weight=10705 5957 2834 4748 2161 884 1950 1432 840 729 489 592 790 696
internal_count=10705 5957 2834 4748 2161 884 1950 1432 840 729 489 592 790 696
is_linear=0
shrinkage=0.05


Tree=11
num_leaves=15
num_cat=0
split_feature=71 84 71 84 71 84 84 69 84 62 69 80 36 25
split_gain=189431 140332 89066.8 78310.5 69503.3 40229.3 28990.2 27369.4 25758.7 25051.1 29307.1 20961.7 22333.2 22306.3
threshold=-1.0000000180025095e-35 101.16263750000002 -3.2874999999999992 42.523274000000008 1.8625000000000009 282.33339050000006 272.07054550000004 -14.779579244791664 287.58038500000004 -124.88666349999998 8.2327959375000024 -0.32143946530316164 19.521093750000002 109.00154112320878
decision_type=2 2 2 2 2 2 2 2 2 2 2 2 2 2
left_child=1 -1 7 -2 5 -5 9 -3 11 10 -6 12 -4 -13
right_child=3 2 8 4 6 -7 -8 -9 -10 -11 -12 13 -14 -15
leaf_value=0.035503673742745094 0.031800573695995406 -1.3486838256726501 -0.9917083422342936 0.21164285972872882 -0.09631682362888129 -1.2501725026539394 -0.12230400397121291 -0.65083790175171929 -1.1643319857674976 0.94351008413078119 0.75970364480581087 -0.41601214479747628 -0.11987385029348825 -1.3810699387590457
leaf_weight=2842 2791 304 77 1198 154 48 102 267 85 694 283 522 1271 67
leaf_count=2842 2791 304 77 1198 154 48 102 267 85 694 283 522 1271 67
internal_value=-9.63166e-05 -0.207191 -0.473102 0.213481 0.417932 0.154372 0.683929 -1.02408 -0.31708 0.756684 0.458509 -0.279319 -0.170373 -0.527944
internal_weight=10705 5435 2593 5270 2479 1246 1233 571 2022 1131 437 1937 1348 589
internal_count=10705 5435 2593 5270 2479 1246 1233 571 2022 1131 437 1937 1348 589
is_linear=0
shrinkage=0.05


Tree=12
num_leaves=15
num_cat=0
split_feature=71 84 71 84 71 24 84 36 44 6 69 25 24 24
split_gain=171013 126711 81549 70678.5 63014.7 47360.9 41034.2 22375 19223.7 18522.6 28465.3 17608.2 33135.3 23419.7
threshold=-1.0000000180025095e-35 101.16263750000002 -2.5124999999999988 42.523274000000008 2.212499999999999 268.37109800000002 257.75375800000006 25.692187500000003 82.968750000000014 105.48800100000001 9.2180250989583339 109.00154112320878 278.11863750000003 269.18851250000006
decision_type=2 2 2 2 2 2 2 2 2 2 2 2 2 2
left_child=1 -1 5 -2 6 -3 7 -5 -8 -6 -11 12 13 -4
right_child=3 2 11 4 9 -7 8 -9 -10 10 -12 -13 -14 -15
leaf_value=0.03372911425163911 0.030211114785220358 -1.0242700691010391 -0.14755820155141558 0.26713830433504654 0.93704122610674334 -0.1378246643749389 0.082494015189493369 1.0678308210894467 -0.68614484875525805 -0.088809758412721415 0.74173771620648254 -0.67530943849369107 0.32939051310972289 -0.62061072268262119
leaf_weight=2842 2791 705 853 1095 471 192 162 94 162 146 349 208 258 377
leaf_count=2842 2791 705 853 1095 471 192 162 94 162 146 349 208 258 377
internal_value=-0.000117463 -0.196887 -0.449564 0.202811 0.397044 -0.834894 0.195398 0.331284 -0.302754 0.712344 0.497083 -0.245394 -0.184885 -0.292937
internal_weight=10705 5435 2593 5270 2479 897 1513 1189 324 966 495 1696 1488 1230
internal_count=10705 5435 2593 5270 2479 897 1513 1189 324 966 495 1696 1488 1230
is_linear=0
shrinkage=0.05


Tree=13
num_leaves=15
num_cat=0
split_feature=71 84 71 84 69 24 84 24 47 51 56 43 68 76
split_gain=154557 112678 80933.9 78798.5 46871.1 44346.8 31009.7 23017.1 25780.3 24928.5 22402.3 19823.7 19341.6 19715.7
threshold=0.16249999999999967 104.94046100000001 -2.5124999999999988 42.523274000000008 11.26756466666667 264.18653100000006 275.36804450000005 253.43744300000003 74.876302083333357 3.5000000000000004 -1.0000000180025095e-35 89.375000000000014 6.9525323118779028 2.5000000000000004
decision_type=2 2 2 2 2 2 2 2 2 2 2 2 2 2
left_child=1 -1 5 -2 7 11 10 8 -5 -9 -4 -3 -6 -14
right_child=3 2 6 4 12 -7 -8 9 -10 -11 -12 -13 13 -15
leaf_value=0.037037315716541112 0.02893241431913339 -1.1196862537885348 -0.44016586244619316 1.2574837405726595 1.1335906612056916 -0.21897353029468791 -0.76383810153473986 0.2831691432948425 0.34913578454144578 -0.30070058691579804 -0.036788342400832223 -0.25980118031685173 0.1026437911405228 0.79285858819299437
leaf_weight=3183 2559 556 471 105 240 242 229 738 302 242 1272 77 149 340
leaf_count=3183 2559 556 471 105 240 242 229 738 302 242 1272 77 149 340
internal_value=-0.000111083 -0.167383 -0.395861 0.215632 0.441299 -0.795822 -0.21808 0.27037 0.585984 0.13883 -0.14598 -1.01566 0.765694 0.583186
internal_weight=10705 6030 2847 4675 2116 875 1972 1387 407 980 1743 633 729 489
internal_count=10705 6030 2847 4675 2116 875 1972 1387 407 980 1743 633 729 489
is_linear=0
shrinkage=0.05


Tree=14
num_leaves=15
num_cat=0
split_feature=71 84 71 84 84 71 69 84 62 69 33 56 47 36
split_gain=140235 103586 67806.1 58062.9 56437.5 45515.1 22990.9 21872.4 20081 23188.8 19490.1 20992.5 18330.2 16987.7
threshold=-1.0000000180025095e-35 99.600207500000025 -3.2874999999999992 42.523274000000008 273.02215500000005 1.8625000000000009 -14.779579244791664 295.90254450000003 -124.88666349999998 8.2327959375000024 19.996875000000003 -1.0000000180025095e-35 81.747395833333357 21.329817708333337
decision_type=2 2 2 2 2 2 2 2 2 2 2 2 2 2
left_child=1 -1 6 -2 5 -5 12 10 9 -7 13 -12 -3 -4
right_child=3 2 7 4 -6 8 -8 -9 -10 -11 11 -13 -14 -15
leaf_value=0.031536303316846079 0.027221323263679334 -1.4843501511044528 -0.28699574801117461 0.20474576326330496 -0.47606957196731142 -0.10286543746626219 -0.54398567789449681 -1.254136687408794 0.81602930973373644 0.65329187823100054 -0.44818338230846466 -0.011329825496464278 -0.67547134342763959 -0.83703084183891985
leaf_weight=2825 2791 190 421 1147 186 157 267 54 705 284 383 969 115 211
leaf_count=2825 2791 190 421 1147 186 157 267 54 705 284 383 969 115 211
internal_value=-0.000101582 -0.178286 -0.405318 0.183661 0.359708 0.427681 -0.885958 -0.27005 0.650438 0.384469 -0.242647 -0.135323 -1.18257 -0.471663
internal_weight=10705 5435 2610 5270 2479 2293 572 2038 1146 441 1984 1352 305 632
internal_count=10705 5435 2610 5270 2479 2293 572 2038 1146 441 1984 1352 305 632
is_linear=0
shrinkage=0.05


Tree=15
num_leaves=15
num_cat=0
split_feature=71 84 71 84 84 71 36 84 40 35 52 62 69 36
split_gain=126607 93720.4 59552.9 52408.9 50954 41150.9 22474.7 20220.5 20294.7 20970.4 27783.6 18160.6 21193.7 18522.8
threshold=-1.0000000180025095e-35 107.23326100000001 -3.7624999999999988 42.523274000000008 273.02215500000005 1.7624999999999995 18.395963541666671 295.90254450000003 82.875000000000014 21.48854166666667 0.72947329433276253 -124.88666349999998 8.2327959375000024 22.678906250000008
decision_type=2 2 2 2 2 2 2 2 2 2 2 2 2 2
left_child=1 -1 -3 -2 5 -5 -4 8 9 10 -8 12 -7 -13
right_child=3 2 6 4 -6 11 7 -9 -10 -11 -12 13 -14 -15
leaf_value=0.022784244324286759 0.025860744648556994 -0.91205764629668862 -1.3266886806488039 0.19025329801847013 -0.45239339368318254 -0.10057859147433193 -0.055114295528354978 -1.1899882087750095 -0.33365942275107396 -0.20620067862731234 1.0931970069354231 0.11351117602059324 0.61758601934130219 0.86739690875943021
leaf_weight=2927 2791 453 49 1125 186 159 131 55 1347 386 87 94 288 627
leaf_count=2927 2791 453 49 1125 186 159 131 55 1347 386 87 94 288 627
internal_value=-0.000116994 -0.169423 -0.393661 0.174489 0.341744 0.406331 -0.278998 -0.252758 -0.225741 0.0150853 0.406056 0.614113 0.362477 0.769403
internal_weight=10705 5435 2508 5270 2479 2293 2055 2006 1951 604 218 1168 447 721
internal_count=10705 5435 2508 5270 2479 2293 2055 2006 1951 604 218 1168 447 721
is_linear=0
shrinkage=0.05


Tree=16
num_leaves=15
num_cat=0
split_feature=71 84 71 84 69 24 84 70 17 68 76 46 35 48
split_gain=114673 84312 60692.5 58511.5 36884.8 36101.7 26461.8 19048.6 18996.2 17956.4 17305.4 17033.2 20835.2 18694.7
threshold=0.16249999999999967 104.94046100000001 -2.5124999999999988 42.523274000000008 11.26756466666667 268.37109800000002 299.97504500000008 8.0129088345045254 1.1692635583363182e-06 6.9525323118779028 2.5000000000000004 82.848958333333357 21.559375000000006 9.1250000000000018
decision_type=2 2 2 2 2 2 2 2 2 2 2 2 2 2
left_child=1 -1 5 -2 7 -3 11 8 -5 -6 -11 12 13 -4
right_child=3 2 6 4 9 -7 -8 -9 -10 10 -12 -13 -14 -15
leaf_value=0.032625919243732669 0.02483329259965103 -0.85598699402356493 0.55991838344828559 0.72106118953184961 1.0221254160357214 -0.073739942764400185 -1.4451105280620296 0.0092661357327526849 0.20999313979466319 0.04255642644067606 0.68879064545376767 -0.2869084258640599 -0.20006997402812537 -0.24878998821944864
leaf_weight=3183 2559 687 234 276 240 188 40 578 533 149 340 1124 472 102
leaf_count=3183 2559 687 234 276 240 188 40 578 533 149 340 1124 472 102
internal_value=-0.000118833 -0.144201 -0.341838 0.185715 0.380174 -0.688192 -0.187886 0.228556 0.385025 0.667936 0.49237 -0.161122 0.0139955 0.314408
internal_weight=10705 6030 2847 4675 2116 875 1972 1387 809 729 489 1932 808 336
internal_count=10705 6030 2847 4675 2116 875 1972 1387 809 729 489 1932 808 336
is_linear=0
shrinkage=0.05


Tree=17
num_leaves=15
num_cat=0
split_feature=71 84 36 84 84 24 47 7 36 34 47 24 24 69
split_gain=103702 76682.1 53007.3 42994 45618.2 30950.4 28231.5 24718.6 23618 31480.4 27123.9 23181.9 20117.8 19667.9
threshold=-1.0000000180025095e-35 99.600207500000025 20.301302083333336 42.523274000000008 257.75375800000006 278.91518350000007 78.319010416666671 140.38246050000001 21.329817708333337 19.938541666666669 77.710937500000014 273.57706450000006 277.22543400000006 -5.9078175052083326
decision_type=2 2 2 2 2 2 2 2 2 2 2 2 2 2
left_child=1 -1 6 -2 5 13 -3 -6 -4 11 -11 -10 -9 -5
right_child=3 2 8 4 7 -7 -8 12 9 10 -12 -13 -14 -15
leaf_value=0.027190518223200066 0.023294573865382584 -1.2545381379925242 0.095058378839337265 -0.55963829529117537 0.6755867968122643 0.64739202396150941 -0.51775246168313949 -0.69127047775456552 -1.2649578615487052 -0.037629649288943003 -0.49305797223169529 -0.2483936668296034 0.011581208274957039 0.3004459185381681
leaf_weight=2825 2791 197 443 70 82 842 387 168 138 796 554 95 256 1061
leaf_count=2825 2791 197 443 70 82 842 387 168 138 796 554 95 256 1061
internal_value=-0.000111954 -0.153339 -0.348676 0.157912 0.309402 0.417979 -0.768011 -0.113954 -0.227482 -0.317748 -0.224751 -0.853312 -0.267878 0.246766
internal_weight=10705 5435 2610 5270 2479 1973 584 506 2026 1583 1350 233 424 1131
internal_count=10705 5435 2610 5270 2479 1973 584 506 2026 1583 1350 233 424 1131
is_linear=0
shrinkage=0.05


Tree=18
num_leaves=15
num_cat=0
split_feature=71 84 71 84 24 69 84 11 45 58 43 71 36 36
split_gain=93840 69361.3 50761 47896.4 37137.1 32738.7 23560.9 21677.3 18768.5 17608.7 16437.6 14428.3 19475.4 15504
threshold=0.16249999999999967 104.94046100000001 -2.1374999999999988 42.523274000000008 264.18653100000006 -1.0000000180025095e-35 275.36804450000005 116.43704750000002 87.697916666666671 -10.845522500000007 90.875000000000014 2.9500000000000015 25.747005208333338 24.348177083333336
decision_type=2 2 2 2 2 2 2 2 2 2 2 2 2 2
left_child=1 -1 4 -2 10 8 9 -6 -5 -4 -3 12 13 -7
right_child=3 2 6 5 7 11 -8 -9 -10 -11 -12 -13 -14 -15
leaf_value=0.029923848774671399 0.022427839605370536 -0.89456338330842999 -0.73585912506989759 -0.098692643675129213 0.078503502605064793 0.35717409102767705 -0.64412153007694384 -0.85249668153978542 0.84663571725457398 -0.04782453968169055 -0.083708811824170642 0.62747458840927317 1.0159396389069466 -0.18428188566135109
leaf_weight=3183 2559 600 98 476 244 624 216 83 58 1536 70 701 90 167
leaf_count=3183 2559 600 98 476 244 624 216 83 58 1536 70 701 90 167
internal_value=-0.000121706 -0.13046 -0.30972 0.167986 -0.597147 0.343924 -0.154582 -0.159684 0.00537405 -0.0895146 -0.810098 0.458125 0.322817 0.242771
internal_weight=10705 6030 2847 4675 997 2116 1850 327 534 1634 670 1582 881 791
internal_count=10705 6030 2847 4675 997 2116 1850 327 534 1634 670 1582 881 791
is_linear=0
shrinkage=0.05


Tree=19
num_leaves=15
num_cat=0
split_feature=71 84 30 84 84 31 47 58 84 26 69 21 35 69
split_gain=84977.7 62635.9 45851.2 35284.2 40108.6 28735.5 22450.7 19508.7 18997.7 16305.9 15957.6 15683.6 14950.8 22897.2
threshold=-1.0000000180025095e-35 99.600207500000025 19.962500000000002 42.523274000000008 252.77660250000002 21.787500000000005 80.576822916666671 -1.0000000180025095e-35 282.33339050000006 20.087500000000002 -13.065936541666668 1.4088495625161608e-05 22.655208333333338 12.278951276041669
decision_type=2 2 2 2 2 2 2 2 2 2 2 2 2 2
left_child=1 -1 6 -2 5 -5 10 -4 9 -6 -3 -11 13 -7
right_child=3 2 7 4 8 12 -8 -9 -10 11 -12 -13 -14 -15
leaf_value=0.024335811261030973 0.020978128956497401 -1.3508436269693442 -0.51001673809651826 -0.01352547386554735 -0.73520105788784651 0.4739936454777981 -0.35718522101295547 -0.11224321701791025 -0.8519977653372115 0.46126052870649126 -0.6661909496810221 -0.11436262849823271 0.31524627803167604 1.0703000286407769
leaf_weight=2825 2791 142 384 349 61 615 312 1551 68 202 221 283 682 219
leaf_count=2825 2791 142 384 349 61 615 312 1551 68 202 221 283 682 219
internal_value=-0.000118252 -0.138824 -0.315366 0.14293 0.280166 0.395512 -0.669917 -0.191404 -0.0702657 0.0284725 -0.936992 0.125837 0.489624 0.631672
internal_weight=10705 5435 2610 5270 2479 1865 675 1935 614 546 363 485 1516 834
internal_count=10705 5435 2610 5270 2479 1865 675 1935 614 546 363 485 1516 834
is_linear=0
shrinkage=0.05


Tree=20
num_leaves=15
num_cat=0
split_feature=71 84 71 84 24 69 84 11 25 24 76 70 30 51
split_gain=76815.4 55781.4 45711.1 41105.4 30726.4 25144.5 22186.2 20026.4 18810.9 33776.2 22716.4 21439.7 21902 18283.9
threshold=0.31250000000000006 107.23326100000001 -2.1374999999999988 42.523274000000008 269.02551150000005 -1.0000000180025095e-35 282.33339050000006 116.43704750000002 109.00154112320878 278.56941200000006 3.5000000000000004 14.771635923836518 19.762500000000003 1.5000000000000002
decision_type=2 2 2 2 2 2 2 2 2 2 2 2 2 2
left_child=1 -1 4 -2 -3 -5 8 -6 9 10 11 12 -4 -12
right_child=3 2 6 5 7 -7 -8 -9 -10 -11 13 -13 -14 -15
leaf_value=0.025462491292221064 0.020258117993672692 -0.71392849909898359 -0.4048537593544918 0.015235559136153223 0.16229829447069749 0.42427366627191676 -0.82436718732255321 -0.93264392996734058 -0.55313707562020198 0.55651066385174253 0.13123524535309386 -0.48350384053279671 0.17698481975543037 -0.97210875477377834
leaf_weight=3321 2474 735 203 498 196 1530 108 52 194 210 53 225 780 126
leaf_count=3321 2474 735 203 498 196 1530 108 52 194 210 53 225 780 126
internal_value=-0.000123293 -0.114221 -0.275134 0.157074 -0.551737 0.323886 -0.131738 -0.0701099 -0.0895346 -0.0329063 -0.122484 -0.0443647 0.0565396 -0.646506
internal_weight=10705 6203 2882 4502 983 2028 1899 248 1791 1597 1387 1208 983 179
internal_count=10705 6203 2882 4502 983 2028 1899 248 1791 1597 1387 1208 983 179
is_linear=0
shrinkage=0.05


Tree=21
num_leaves=15
num_cat=0
split_feature=71 84 36 84 84 24 47 36 34 47 24 25 22 71
split_gain=69484.3 51123.6 38686.1 28880.5 35454.3 25893.4 22949.4 20725.7 26375.2 22720.4 19048.9 18792.4 18128.6 22113.2
threshold=-1.0000000180025095e-35 99.600207500000025 20.301302083333336 42.523274000000008 255.15382300000002 278.91518350000007 80.576822916666671 21.329817708333337 19.938541666666669 77.710937500000014 273.57706450000006 103.98276118801375 138.03085226041671 3.0124999999999997
decision_type=2 2 2 2 2 2 2 2 2 2 2 2 2 2
left_child=1 -1 6 -2 5 12 -3 -4 10 -10 -9 -6 13 -5
right_child=3 2 7 4 11 -7 -8 8 9 -11 -12 -13 -14 -15
leaf_value=0.021846776852359164 0.018887510037524653 -0.96822872577195485 0.12056810046328013 0.20627274812923302 0.2198678240219267 0.5704966682796957 -0.33973489367084486 -1.1293945744312068 -0.0097648656948082797 -0.42655298057305924 -0.20814559011875342 -0.35599397043397113 -0.31132004219569909 1.0856129592809922
leaf_weight=2825 2791 281 443 871 260 812 303 138 796 554 95 309 150 77
leaf_count=2825 2791 281 443 871 260 812 303 138 796 554 95 309 150 77
internal_value=-0.000132878 -0.125558 -0.285054 0.129219 0.253379 0.356542 -0.643282 -0.181527 -0.26609 -0.180991 -0.756273 -0.0929344 0.197942 0.278765
internal_weight=10705 5435 2610 5270 2479 1910 584 2026 1583 1350 233 569 1098 948
internal_count=10705 5435 2610 5270 2479 1910 584 2026 1583 1350 233 569 1098 948
is_linear=0
shrinkage=0.05


Tree=22
num_leaves=15
num_cat=0
split_feature=71 84 30 84 71 73 36 29 47 22 71 8 21 70
split_gain=63126.5 46083.2 38998.2 33802.8 22446.5 21516.4 19386.3 24298.4 18516.1 18061.6 17389.1 15739 16908.6 12954.8
threshold=0.31250000000000006 104.94046100000001 19.962500000000002 42.523274000000008 2.9500000000000015 2.3750000000000004 21.136328125000002 20.012500000000003 80.576822916666671 126.05083759895835 -1.7624999999999991 198.61941300000004 3.6946830109131362e-06 8.1032710679429751
decision_type=2 2 2 2 2 2 2 2 2 2 2 2 2 2
left_child=1 -1 8 -2 -5 9 -7 -8 10 -4 -3 12 -9 -11
right_child=3 2 5 4 -6 6 7 11 -10 13 -12 -13 -14 -15
leaf_value=0.024883214874806398 0.01830162639088101 -1.0455880053547533 -0.41120291868052478 0.16437396956085806 0.50791176832574003 0.16342426514729513 -0.81221782465775816 -0.66829280617770614 -0.27289138987045614 0.39647294073681461 -0.37227408028785375 -0.97811245015173265 -0.069241936116107364 -0.032589050010853562
leaf_weight=3285 2474 252 172 1266 762 214 230 142 305 316 157 65 670 395
leaf_count=3285 2474 252 172 1266 762 214 230 142 305 316 157 65 670 395
internal_value=-0.000133266 -0.103566 -0.248129 0.142371 0.293641 -0.143959 -0.27161 -0.355781 -0.569032 0.0471024 -0.788666 -0.235288 -0.174695 0.158394
internal_weight=10705 6203 2918 4502 2028 2204 1321 1107 714 883 409 877 812 711
internal_count=10705 6203 2918 4502 2028 2204 1321 1107 714 883 409 877 812 711
is_linear=0
shrinkage=0.05


Tree=23
num_leaves=15
num_cat=0
split_feature=71 84 71 84 24 69 84 11 6 35 32 25 24 76
split_gain=56991.4 41649.2 35346.2 30510.8 24590.2 21439.2 19393.2 18589.9 16813.6 24101 16147.7 15817.4 27299.9 19072.3
threshold=0.31250000000000006 107.23326100000001 -2.1374999999999988 42.523274000000008 264.18653100000006 11.26756466666667 275.36804450000005 116.43704750000002 97.995967000000022 21.378645833333337 20.262500000000003 109.00154112320878 278.56941200000006 3.5000000000000004
decision_type=2 2 2 2 2 2 2 2 2 2 2 2 2 2
left_child=1 -1 4 -2 -3 8 11 -6 9 -5 -7 12 13 -4
right_child=3 2 6 5 7 10 -8 -9 -10 -11 -12 -13 -14 -15
leaf_value=0.022278274041765935 0.01738691581138457 -0.65302561142634064 -0.013795538592609791 -0.051212477911280842 0.09614666977537023 1.1539456385356117 -0.55168292355213777 -0.79995761419597433 -0.090730269003985148 0.4959143840478536 0.4109042724931305 -0.53122408604545956 0.52526153758611716 -0.57307202441363847
leaf_weight=3321 2474 666 1139 325 242 82 220 75 448 527 646 156 209 175
leaf_count=3321 2474 666 1139 325 242 82 220 75 448 527 646 156 209 175
internal_value=-0.000142421 -0.0984203 -0.237464 0.13526 -0.480692 0.278976 -0.111372 -0.117714 0.157117 0.287395 0.496067 -0.0533838 -0.00412249 -0.0886598
internal_weight=10705 6203 2882 4502 983 2028 1899 317 1300 852 728 1679 1523 1314
internal_count=10705 6203 2882 4502 983 2028 1899 317 1300 852 728 1679 1523 1314
is_linear=0
shrinkage=0.05


Tree=24
num_leaves=15
num_cat=0
split_feature=71 84 22 84 58 84 69 51 47 71 24 24 6 71
split_gain=51679.5 39251.7 36913.7 33095 30276.9 28293 28639.4 28052.5 17879.8 15043.7 14051.7 17370.6 13584.9 13542.8
threshold=-0.9875000000000006 84.775400500000018 126.05083759895835 273.02215500000005 -1.0000000180025095e-35 42.523274000000008 -0.12570920833333388 3.5000000000000004 76.425781250000014 -1.7624999999999991 256.28648850000008 258.48548100000011 107.05449100000001 2.2375000000000012
decision_type=2 2 2 2 2 2 2 2 2 2 2 2 2 2
left_child=1 -1 9 5 -4 -2 7 -7 12 -3 -10 -12 -6 -8
right_child=3 2 4 -5 8 6 13 -9 10 -11 11 -13 -14 -15
leaf_value=0.016613485117882028 0.015357179578275981 -0.66974499335427307 -0.53110565863570824 -0.46794470720646153 0.53813367402358425 0.22681083112135242 0.22766084563916295 -0.35667084690063583 0.23796810046315375 -0.13954082132677811 -1.190116176799852 -0.19788587672920888 -0.01519720905413062 0.49729453349098807
leaf_weight=2315 3132 611 352 250 209 517 1098 341 163 172 48 450 235 812
leaf_count=2315 3132 611 352 250 209 517 1098 341 163 172 48 450 235 812
internal_value=-0.000137835 -0.127775 -0.276938 0.0944019 -0.12798 0.118305 0.234744 -0.00523099 0.000801153 -0.553603 -0.163951 -0.295716 0.245891 0.342491
internal_weight=10705 4555 2240 6150 1457 5900 2768 858 1105 783 661 498 444 1910
internal_count=10705 4555 2240 6150 1457 5900 2768 858 1105 783 661 498 444 1910
is_linear=0
shrinkage=0.05


Tree=25
num_leaves=15
num_cat=0
split_feature=71 84 30 84 69 47 70 70 40 32 52 54 47 51
split_gain=46687.1 34671 30099.6 24983 18110.7 17875.4 17873.2 22342.4 17874.8 19092.4 19266.9 17481.1 15300.4 20115.8
threshold=0.31250000000000006 107.23326100000001 19.962500000000002 42.523274000000008 11.26756466666667 80.576822916666671 7.8207851708806606 5.9106152318650738 73.875000000000014 20.762500000000003 0.91037613702198772 1.0000000180025095e-35 83.154947916666671 1.5000000000000002
decision_type=2 2 2 2 2 2 2 2 2 2 2 2 2 2
left_child=1 -1 5 -2 -5 -3 7 12 11 -10 -11 -8 13 -4
right_child=3 2 6 4 -6 -7 8 -9 9 10 -12 -13 -14 -15
leaf_value=0.021033789495999766 0.015750371827019587 -0.71661925023812578 0.16472280732980979 0.14046366105942795 0.45198541873764503 -0.20743761890730747 0.88336542612976499 0.33164678959090416 -0.032750247853497665 -0.35021545694161277 -1.0277743395476138 -0.12110448112215499 0.49668614567360941 -0.5594507519412657
leaf_weight=3321 2474 404 151 1300 728 302 62 391 380 596 127 138 71 260
leaf_count=3321 2474 404 151 1300 728 302 62 391 380 596 127 138 71 260
internal_value=-0.00013939 -0.0890901 -0.215952 0.122412 0.25246 -0.499412 -0.123796 0.051245 -0.241022 -0.319847 -0.470489 0.193127 -0.176433 -0.293638
internal_weight=10705 6203 2882 4502 2028 706 2176 873 1303 1103 723 200 482 411
internal_count=10705 6203 2882 4502 2028 706 2176 873 1303 1103 723 200 482 411
is_linear=0
shrinkage=0.05


Tree=26
num_leaves=15
num_cat=0
split_feature=71 84 22 84 58 84 69 51 47 84 36 47 24 24
split_gain=43197.3 32586.8 31875.2 29112.3 26738.4 22903.9 23935 24610.4 14040.1 13532.4 13429.7 16761.7 12961.5 19045.7
threshold=-0.9875000000000006 84.775400500000018 125.64656252604168 275.02512300000006 -1.0000000180025095e-35 42.523274000000008 -0.12570920833333388 3.5000000000000004 76.425781250000014 79.680672500000014 23.401953125000002 80.576822916666671 266.28453700000006 269.12478300000004
decision_type=2 2 2 2 2 2 2 2 2 2 2 2 2 2
left_child=1 -1 10 5 -4 -2 7 12 -6 -8 11 -3 -7 -14
right_child=3 2 4 -5 8 6 9 -9 -10 -11 -12 -13 13 -15
leaf_value=0.014731934016798856 0.013746815659950002 -0.8624456738207007 -0.4964924011494265 -0.4923160660621666 0.20706873258477765 -0.20974792220568569 0.87533908897638324 -0.33257678310602989 -0.1490729049773856 0.27725179156328011 0.020259709556651587 -0.35229148601234944 0.94708563608698337 0.14841530710574768
leaf_weight=2315 3132 316 356 209 474 136 99 348 662 1838 100 332 100 288
leaf_count=2315 3132 316 356 209 474 136 99 348 662 1838 100 332 100 288
internal_value=-0.0001348 -0.116828 -0.252739 0.086299 -0.119039 0.106734 0.210371 -0.00716734 -0.00042013 0.308256 -0.518908 -0.602016 0.209166 0.356164
internal_weight=10705 4555 2240 6150 1492 5941 2809 872 1136 1937 748 648 524 388
internal_count=10705 4555 2240 6150 1492 5941 2809 872 1136 1937 748 648 524 388
is_linear=0
shrinkage=0.05


Tree=27
num_leaves=15
num_cat=0
split_feature=71 84 22 84 58 84 69 51 47 84 70 54 6 24
split_gain=38996.8 29418.1 28929.3 26973.5 24268.3 17521.8 22828.3 21230.1 14528.3 12860.4 12708 22610.1 12100.3 11999.1
threshold=-0.9875000000000006 84.775400500000018 126.05083759895835 282.33339050000006 -1.0000000180025095e-35 42.523274000000008 -0.12570920833333388 3.5000000000000004 76.425781250000014 79.680672500000014 15.169894325524382 0.87837969732492682 107.05449100000001 256.28648850000008
decision_type=2 2 2 2 2 2 2 2 2 2 2 2 2 2
left_child=1 -1 -3 5 -4 -2 7 10 12 -8 11 -7 -6 -10
right_child=3 2 4 -5 8 6 9 -9 13 -11 -12 -13 -14 -15
leaf_value=0.013995654913170556 0.01305969501555708 -0.48505879293911031 -0.46918907966517526 -0.74524417173923907 0.50375205898790487 0.13074184699944005 0.83200980456173435 -0.30121443356780886 0.22987288020596638 0.24949605239490757 -0.23923836754565989 1.0518172354925246 -0.018453723481872072 -0.26327059199480168
leaf_weight=2315 3132 783 352 96 209 324 99 391 163 1891 134 83 235 498
leaf_count=2315 3132 783 352 96 209 324 99 391 163 1891 134 83 235 498
internal_value=-0.000129886 -0.111004 -0.240138 0.081994 -0.108274 0.0952327 0.183277 -0.0209319 0.00701626 0.278879 0.18182 0.320695 0.227939 -0.1415
internal_weight=10705 4555 2240 6150 1457 6054 2922 932 1105 1990 541 407 444 661
internal_count=10705 4555 2240 6150 1457 6054 2922 932 1105 1990 541 407 444 661
is_linear=0
shrinkage=0.05


Tree=28
num_leaves=15
num_cat=0
split_feature=71 84 22 84 58 84 71 47 35 36 30 6 69 47
split_gain=35199.8 26552.3 26113.1 24660.3 21910.5 19803.9 20916.7 13116.1 12955.6 22337.1 12542 16842.2 15606.3 12371
threshold=-0.9875000000000006 84.775400500000018 126.05083759895835 273.02215500000005 -1.0000000180025095e-35 42.523274000000008 1.7624999999999995 76.425781250000014 22.655208333333338 22.678906250000008 23.387500000000003 105.48800100000001 9.8770825520833352 69.141927083333357
decision_type=2 2 2 2 2 2 2 2 2 2 2 2 2 2
left_child=1 -1 -3 5 -4 -2 -7 -6 9 -8 -10 -12 -13 -11
right_child=3 2 4 -5 7 6 8 -9 10 13 11 12 -14 -15
leaf_value=0.013296174785582308 0.012406918251553435 -0.46083679029181107 -0.44579608854033037 -0.40752011653243669 0.21659657740651556 0.078433761470904612 -0.029787951556302733 -0.13442734286260827 -0.25564455993797469 1.4697795285118951 0.72124708075097166 -0.24422777656603745 0.38023520843723513 0.6365190850740724
leaf_weight=2315 3132 783 352 250 444 1600 117 661 114 53 178 161 261 284
leaf_count=2315 3132 783 352 250 444 1600 117 661 114 53 178 161 261 284
internal_value=-0.000121043 -0.10546 -0.228143 0.0779024 -0.102861 0.0985367 0.195953 0.00668587 0.356734 0.565409 0.223442 0.314742 0.141978 0.771527
internal_weight=10705 4555 2240 6150 1457 5900 2768 1105 1168 454 714 600 422 337
internal_count=10705 4555 2240 6150 1457 5900 2768 1105 1168 454 714 600 422 337
is_linear=0
shrinkage=0.05


Tree=29
num_leaves=15
num_cat=0
split_feature=34 84 69 84 21 36 36 36 36 49 46 22 54 32
split_gain=32468.5 23571 26388.1 21378.7 18844.8 15999.3 22722.9 16030.5 13418.6 11931.4 13068 15489.1 11758.3 11140.3
threshold=19.917708333333337 90.348270500000027 -10.466263937499997 275.36804450000005 1.4402954876835646e-05 18.395963541666671 21.329817708333337 20.748177083333335 19.638802083333335 4.5000000000000009 81.380208333333357 135.9634828697917 1.0000000180025095e-35 21.762500000000003
decision_type=2 2 2 2 2 2 2 2 2 2 2 2 2 2
left_child=1 -1 -3 4 9 -4 7 8 -7 10 11 -2 -8 -12
right_child=3 2 5 -5 -6 6 12 -9 -10 -11 13 -13 -14 -15
leaf_value=0.040510886786263682 1.258303972526833 -0.63935271382311509 -0.87931884799684801 -0.33106629857108283 0.029183175548801274 0.43641566665882758 -0.73308848358464962 0.50257351887298796 -0.24773435500105043 0.068098565339407544 0.39558569062042093 0.38048728808869414 -0.017207597083087719 -0.18469535473447582
leaf_weight=769 80 411 69 366 7168 93 164 163 301 498 283 136 88 116
leaf_count=769 80 411 69 366 7168 93 164 163 301 498 283 136 88 116
internal_value=-0.000107751 -0.17855 -0.309168 0.0423775 0.0589208 -0.154055 -0.0911873 0.0871494 -0.0855511 0.25024 0.39738 0.709905 -0.484154 0.226842
internal_weight=10705 2058 1289 8647 8281 878 809 557 394 1113 615 216 252 399
internal_count=10705 2058 1289 8647 8281 878 809 557 394 1113 615 216 252 399
is_linear=0
shrinkage=0.05


Tree=30
num_leaves=15
num_cat=0
split_feature=71 29 84 84 71 84 76 8 36 35 29 84 7 48
split_gain=30520.4 23862.9 22755.7 16859 14221.6 13477.3 21795.9 21485.1 11430 14506.4 15873.8 13684.7 12898.2 12513.5
threshold=0.31250000000000006 16.025000000000002 292.35207400000007 42.523274000000008 2.9500000000000015 107.23326100000001 4.5000000000000009 198.61941300000004 25.747005208333338 22.655208333333338 21.312500000000004 103.22879950000002 146.61328750000004 4.6250000000000009
decision_type=2 2 2 2 2 2 2 2 2 2 2 2 2 2
left_child=1 -1 5 -2 8 -3 7 -7 9 10 -5 -11 -12 -10
right_child=3 2 -4 4 -6 6 -8 -9 13 11 12 -13 -14 -15
leaf_value=-0.86263633161149134 0.011365501581117361 0.02009989016745755 -0.82359507561583689 0.001330034671193201 0.37635395962257934 -0.044836603171657365 -0.65421266071699768 -0.54402430501429977 -0.18140475103041021 0.42703288448841442 0.9333828261554844 -0.34909662664268576 0.22581906911144231 0.8793409719560924
leaf_weight=93 2474 3306 95 482 762 2288 184 237 40 69 98 302 187 88
leaf_count=93 2474 3306 95 482 762 2288 184 237 40 69 98 302 187 88
internal_value=-0.000101995 -0.0720214 -0.0598483 0.0989848 0.205815 -0.0476509 -0.130309 -0.0918879 0.102953 0.0523418 0.176434 -0.203989 0.471535 0.549021
internal_weight=10705 6203 6110 4502 2028 6015 2709 2525 1266 1138 767 371 285 128
internal_count=10705 6203 6110 4502 2028 6015 2709 2525 1266 1138 767 371 285 128
is_linear=0
shrinkage=0.05


Tree=31
num_leaves=15
num_cat=0
split_feature=71 84 84 84 24 25 47 49 29 31 51 25 84 6
split_gain=27771.7 21818.4 21799.2 20288.7 22003.5 30809.7 24924.3 19227.3 20344.5 17577.5 17226.6 16101.6 15479.3 12151.3
threshold=-0.9875000000000006 263.70710200000008 42.523274000000008 84.775400500000018 278.11863750000003 109.2624300420939 69.231770833333357 3.5000000000000004 16.862500000000004 21.112500000000004 1.5000000000000002 103.98276118801375 98.934229000000016 97.995967000000022
decision_type=2 2 2 2 2 2 2 2 2 2 2 2 2 2
left_child=3 2 -2 -1 7 6 -6 8 -5 -4 -9 -3 -11 -14
right_child=1 11 9 4 5 -7 -8 10 -10 12 -12 -13 13 -15
leaf_value=0.010142787210948908 0.0094777377340449168 0.07005627876894327 -0.098282813773225397 -0.85698071779491747 1.4952438544048821 -0.53033464134187625 0.20088124866530832 0.22932555270465937 -0.13947562768025973 0.56279737343211911 -0.73078379201498345 -0.4956672720199734 0.31728629034385086 0.051472637763218566
leaf_weight=2315 3132 226 396 106 42 132 279 54 1300 360 327 282 999 755
leaf_count=2315 3132 226 396 106 42 132 279 54 1300 360 327 282 999 755
internal_value=-9.96278e-05 0.069204 0.0974738 -0.0936656 -0.200906 0.110149 0.374355 -0.279776 -0.19414 0.207229 -0.594461 -0.244344 0.264477 0.202963
internal_weight=10705 6150 5642 4555 2240 453 321 1787 1406 2510 381 508 2114 1754
internal_count=10705 6150 5642 4555 2240 453 321 1787 1406 2510 381 508 2114 1754
is_linear=0
shrinkage=0.05


Tree=32
num_leaves=15
num_cat=0
split_feature=34 84 69 84 21 36 36 36 36 49 48 84 24 79
split_gain=25736.9 18907.3 21285.4 16870.7 17019.7 13527.3 21208.8 11596.6 12095 11496.4 11294.6 46213.6 10074.2 11619
threshold=19.917708333333337 84.775400500000018 -10.466263937499997 273.02215500000005 1.4402954876835646e-05 21.329817708333337 20.748177083333335 18.395963541666671 19.638802083333335 4.5000000000000009 6.1250000000000009 226.19365050000002 278.91518350000007 -0.63405362205439475
decision_type=2 2 2 2 2 2 2 2 2 2 2 2 2 2
left_child=1 -1 -3 4 9 6 7 -4 -9 10 -2 -12 -6 -14
right_child=3 2 5 -5 12 -7 -8 8 -10 -11 11 -13 13 -15
leaf_value=0.040524854039061892 0.52031665025775919 -0.57088589206978391 -0.77682502848761426 -0.25896600969910155 -0.015317126616717964 -0.44444906971033887 0.47684050708464004 0.40476934623581418 -0.23230155523435192 0.062992259880264453 0.68557268006186334 -1.1533995771297703 0.35928033603480891 0.061170972773253264
leaf_weight=753 430 412 69 453 4787 254 163 97 310 494 92 53 392 1946
leaf_count=753 430 412 69 453 4787 254 163 97 310 494 92 53 392 1946
internal_value=-9.42024e-05 -0.158965 -0.274016 0.0377313 0.0541636 -0.136565 -0.0136786 -0.182298 -0.079849 0.240105 0.391894 0.0101006 0.0262361 0.111286
internal_weight=10705 2058 1305 8647 8194 893 639 476 407 1069 575 145 7125 2338
internal_count=10705 2058 1305 8647 8194 893 639 476 407 1069 575 145 7125 2338
is_linear=0
shrinkage=0.05


Tree=33
num_leaves=15
num_cat=0
split_feature=71 84 84 29 70 84 41 69 70 43 35 36 30 69
split_gain=23988.4 19945.8 19646.8 19440.8 11949.1 18336.4 15343 13191.4 20375.9 12438.4 11612.6 17540.6 12165.8 12386.7
threshold=1.7624999999999995 295.90254450000003 42.523274000000008 16.025000000000002 8.0129088345045254 104.94046100000001 81.625000000000014 -17.644610546874997 20.217528983325611 81.875000000000014 22.655208333333338 22.678906250000008 23.387500000000003 -0.76675163541666624
decision_type=2 2 2 2 2 2 2 2 2 2 2 2 2 2
left_child=1 3 -2 -1 -5 -6 7 -7 -9 -8 11 -4 -12 -14
right_child=2 -3 10 4 5 6 9 8 -10 -11 12 -13 13 -15
leaf_value=-0.75233488716977714 0.009227093756736509 -0.82163681595063798 -0.048870069936650704 0.04617100345056506 0.0057183453396926452 -0.4801117910096398 -0.59531417753208771 -0.05291785845278784 0.84016456311302523 -0.21211701203777281 -0.30107838795670583 0.65013572167890477 -0.22051166958860624 0.33877156134660952
leaf_weight=93 1662 81 121 3127 2580 153 318 728 69 636 123 345 120 549
leaf_count=93 1662 81 121 3127 2580 153 318 728 69 636 123 345 120 549
internal_value=-9.34177e-05 -0.0459335 0.122095 -0.0376722 -0.0288419 -0.0811522 -0.198807 -0.0564698 0.0253564 -0.340339 0.271083 0.468918 0.154235 0.238272
internal_weight=10705 7785 2920 7704 7611 4484 1904 950 797 954 1258 466 792 669
internal_count=10705 7785 2920 7704 7611 4484 1904 950 797 954 1258 466 792 669
is_linear=0
shrinkage=0.05


Tree=34
num_leaves=15
num_cat=0
split_feature=71 84 22 84 83 84 76 24 70 25 84 22 84 24
split_gain=22067.4 17891.4 19311.9 17428.9 16790.8 13794.8 10816.7 12453.2 10368.3 9850.1 24243 21130.3 12313.6 18880.2
threshold=-1.0124999999999991 81.617065000000011 126.29556024479167 263.70710200000008 240.80280050000002 182.23988500000004 3.5000000000000004 277.22543400000006 19.576192176003293 1.3929144002791032 212.43625550000002 134.73330704687501 42.523274000000008 280.08090150000004
decision_type=2 2 2 2 2 2 2 2 2 2 2 2 2 2
left_child=1 -1 -3 4 9 -4 -5 -8 -7 -2 12 -12 -11 -14
right_child=3 2 5 6 -6 8 7 -9 -10 10 11 -13 13 -15
leaf_value=0.0040645646379518325 0.42165274151419041 -0.41911837740427393 -0.31657979499049504 -0.10137280588216313 0.27904692583623147 -0.014422545763071157 -1.1015878696290275 0.0020817247727377849 0.61787644277275033 0.0068560540323902479 -0.03720634713768959 -0.87817358263690048 0.044532246719314196 0.41376493014089333
leaf_weight=2127 168 684 402 543 908 651 62 43 71 3254 174 130 941 547
leaf_count=2127 168 684 402 543 908 651 62 43 71 3254 174 130 941 547
internal_value=-9.61948e-05 -0.0942441 -0.209836 0.0546322 0.0807399 -0.0822205 -0.191765 -0.653853 0.048525 0.0461585 0.0335758 -0.398531 0.0613555 0.180452
internal_weight=10705 3935 1808 6770 6122 1124 648 105 722 5214 5046 304 4742 1488
internal_count=10705 3935 1808 6770 6122 1124 648 105 722 5214 5046 304 4742 1488
is_linear=0
shrinkage=0.05


Tree=35
num_leaves=15
num_cat=0
split_feature=34 84 69 84 21 36 36 54 54 36 36 49 40 22
split_gain=20216.1 15107.6 16806.3 13258.1 13235.8 11688.4 18799.5 9991.76 9493.47 9456.28 11341.3 8744.08 11062.7 12907.3
threshold=19.917708333333337 84.775400500000018 -10.466263937499997 275.36804450000005 1.4402954876835646e-05 21.329817708333337 20.748177083333335 0.87837969732492682 1.0000000180025095e-35 18.395963541666671 19.638802083333335 4.5000000000000009 82.875000000000014 135.9634828697917
decision_type=2 2 2 2 2 2 2 2 2 2 2 2 2 2
left_child=1 -1 -3 4 11 6 9 -8 -7 -4 -11 12 13 -2
right_child=3 2 5 -5 -6 8 7 -9 -10 10 -12 -13 -14 -15
leaf_value=0.037420360952929471 1.0679923387346688 -0.50753525649411635 -0.70301794035094123 -0.2606586657363632 0.021533638174572337 -0.62926124405718142 0.67996451549413728 -0.21691212689592723 0.012331848676850121 0.39563046523502898 -0.22126403677129783 0.050884965905744234 0.16295275652203067 0.30904101187487448
leaf_weight=753 90 412 69 366 7168 166 122 41 88 97 310 498 376 149
leaf_count=753 90 412 69 366 7168 166 122 41 88 97 310 498 376 149
internal_value=-9.64224e-05 -0.1409 -0.243743 0.0334275 0.0464553 -0.121607 -0.00738634 0.454423 -0.4078 -0.166148 -0.0736307 0.206794 0.332754 0.598098
internal_weight=10705 2058 1305 8647 8281 893 639 163 254 476 407 1113 615 239
internal_count=10705 2058 1305 8647 8281 893 639 163 254 476 407 1113 615 239
is_linear=0
shrinkage=0.05


end of trees

feature_importances:
consumo_alvo_semana_anterior=124
temperatura_externa_c_diferenca_semana_atual=70
correcao_semanal_media_1440m=41
temperatura_externa_c_media_1440m=40
consumo_max_1440m=39
umidade_relativa_pct_media_1440m=17
correcao_semanal_std_1440m=14
consumo_std_1440m=13
temperatura_externa_c_lag_360m=11
origem_mes=11
consumo_mean_1440m=10
temperatura_externa_c_media_360m=10
temperatura_externa_c_lag_1440m=8
alvo_dia_semana=8
consumo_lag_360m=6
consumo_diferenca_dia_atual=6
consumo_std_360m=5
temperatura_externa_c_lag_180m=5
temperatura_externa_c_media_180m=5
origem_semana_sin=5
consumo_lag_1440m=4
origem_dia_semana=4
consumo_min_60m=3
temperatura_externa_c_media_60m=3
umidade_relativa_pct_lag_180m=3
umidade_relativa_pct_lag_1440m=3
origem_hora=3
tendencia_consumo_360m=3
correcao_semanal_std_360m=3
consumo_lag_15m=2
consumo_lag_720m=2
temperatura_externa_c_atual=2
temperatura_externa_c_lag_720m=2
umidade_relativa_pct_media_360m=2
origem_hora_sin=2
origem_hora_cos=2
consumo_diferenca_semana_atual=2
consumo_razao_semana_atual=2
consumo_alvo_dia_anterior=2
consumo_std_180m=1
umidade_relativa_pct_lag_360m=1
umidade_relativa_pct_media_60m=1
umidade_relativa_pct_media_180m=1
umidade_relativa_pct_diferenca_semana_atual=1
alvo_hora_sin=1
alvo_hora_cos=1

parameters:
[boosting: gbdt]
[objective: regression]
[metric: l1]
[tree_learner: serial]
[device_type: cpu]
[data_sample_strategy: bagging]
[data: ]
[valid: ]
[num_iterations: 400]
[learning_rate: 0.05]
[num_leaves: 15]
[num_threads: 2]
[seed: 20260905]
[deterministic: 1]
[force_col_wise: 1]
[force_row_wise: 0]
[histogram_pool_size: -1]
[max_depth: -1]
[min_data_in_leaf: 40]
[min_sum_hessian_in_leaf: 0.001]
[bagging_fraction: 1]
[pos_bagging_fraction: 1]
[neg_bagging_fraction: 1]
[bagging_freq: 0]
[bagging_seed: 23218]
[bagging_by_query: 0]
[feature_fraction: 1]
[feature_fraction_bynode: 1]
[feature_fraction_seed: 28090]
[extra_trees: 0]
[extra_seed: 14360]
[early_stopping_round: 0]
[early_stopping_min_delta: 0]
[first_metric_only: 0]
[max_delta_step: 0]
[lambda_l1: 0]
[lambda_l2: 1]
[linear_lambda: 0]
[min_gain_to_split: 0]
[drop_rate: 0.1]
[max_drop: 50]
[skip_drop: 0.5]
[xgboost_dart_mode: 0]
[uniform_drop: 0]
[drop_seed: 16970]
[top_rate: 0.2]
[other_rate: 0.1]
[min_data_per_group: 100]
[max_cat_threshold: 32]
[cat_l2: 10]
[cat_smooth: 10]
[max_cat_to_onehot: 4]
[top_k: 20]
[monotone_constraints: ]
[monotone_constraints_method: basic]
[monotone_penalty: 0]
[feature_contri: ]
[forcedsplits_filename: ]
[refit_decay_rate: 0.9]
[cegb_tradeoff: 1]
[cegb_penalty_split: 0]
[cegb_penalty_feature_lazy: ]
[cegb_penalty_feature_coupled: ]
[path_smooth: 0]
[interaction_constraints: ]
[verbosity: -1]
[saved_feature_importance_type: 0]
[use_quantized_grad: 0]
[num_grad_quant_bins: 4]
[quant_train_renew_leaf: 0]
[stochastic_rounding: 1]
[linear_tree: 0]
[max_bin: 255]
[max_bin_by_feature: ]
[min_data_in_bin: 3]
[bin_construct_sample_cnt: 200000]
[data_random_seed: 5037]
[is_enable_sparse: 1]
[enable_bundle: 1]
[use_missing: 1]
[zero_as_missing: 0]
[feature_pre_filter: 1]
[pre_partition: 0]
[two_round: 0]
[header: 0]
[label_column: ]
[weight_column: ]
[group_column: ]
[ignore_column: ]
[categorical_feature: ]
[forcedbins_filename: ]
[precise_float_parser: 0]
[parser_config_file: ]
[objective_seed: 15411]
[num_class: 1]
[is_unbalance: 0]
[scale_pos_weight: 1]
[sigmoid: 1]
[boost_from_average: 1]
[reg_sqrt: 0]
[alpha: 0.9]
[fair_c: 1]
[poisson_max_delta_step: 0.7]
[tweedie_variance_power: 1.5]
[lambdarank_truncation_level: 30]
[lambdarank_norm: 1]
[label_gain: ]
[lambdarank_position_bias_regularization: 0]
[eval_at: ]
[multi_error_top_k: 1]
[auc_mu_weights: ]
[num_machines: 1]
[local_listen_port: 12400]
[time_out: 120]
[machine_list_filename: ]
[machines: ]
[gpu_platform_id: -1]
[gpu_device_id: -1]
[gpu_device_id_list: ]
[gpu_use_dp: 0]
[num_gpu: 1]

end of parameters

pandas_categorical:[]
