tree
version=v4
num_class=1
num_tree_per_iteration=1
label_index=0
max_feature_idx=84
objective=regression
feature_names=consumo_atual_kw consumo_lag_15m consumo_lag_30m consumo_lag_60m consumo_lag_120m consumo_lag_180m consumo_lag_360m consumo_lag_720m consumo_lag_1440m consumo_lag_10080m consumo_mean_60m consumo_min_60m consumo_max_60m consumo_std_60m consumo_mean_180m consumo_min_180m consumo_max_180m consumo_std_180m consumo_mean_360m consumo_min_360m consumo_max_360m consumo_std_360m consumo_mean_1440m consumo_min_1440m consumo_max_1440m consumo_std_1440m temperatura_externa_c_atual temperatura_externa_c_lag_15m temperatura_externa_c_lag_60m temperatura_externa_c_lag_180m temperatura_externa_c_lag_360m temperatura_externa_c_lag_720m temperatura_externa_c_lag_1440m temperatura_externa_c_media_60m temperatura_externa_c_media_180m temperatura_externa_c_media_360m temperatura_externa_c_media_1440m umidade_relativa_pct_atual umidade_relativa_pct_lag_15m umidade_relativa_pct_lag_60m umidade_relativa_pct_lag_180m umidade_relativa_pct_lag_360m umidade_relativa_pct_lag_720m umidade_relativa_pct_lag_1440m umidade_relativa_pct_media_60m umidade_relativa_pct_media_180m umidade_relativa_pct_media_360m umidade_relativa_pct_media_1440m origem_hora origem_dia_semana origem_fim_de_semana origem_mes origem_hora_sin origem_hora_cos origem_semana_sin origem_semana_cos consumo_diferenca_semana_atual consumo_razao_semana_atual consumo_diferenca_dia_atual tendencia_consumo_15m tendencia_consumo_60m tendencia_consumo_180m tendencia_consumo_360m correcao_semanal_media_60m correcao_semanal_std_60m correcao_semanal_media_180m correcao_semanal_std_180m correcao_semanal_media_360m correcao_semanal_std_360m correcao_semanal_media_1440m correcao_semanal_std_1440m temperatura_externa_c_diferenca_semana_atual temperatura_externa_c_tendencia_1h umidade_relativa_pct_diferenca_semana_atual umidade_relativa_pct_tendencia_1h alvo_hora alvo_dia_semana alvo_fim_de_semana alvo_mes alvo_hora_sin alvo_hora_cos alvo_semana_sin alvo_semana_cos consumo_alvo_dia_anterior consumo_alvo_semana_anterior
feature_infos=[22.399999999999999:324.71375799999998] [22.399999999999999:324.71375799999998] [22.399999999999999:324.71375799999998] [22.399999999999999:324.71375799999998] [22.399999999999999:324.71375799999998] [22.399999999999999:324.71375799999998] [22.399999999999999:324.71375799999998] [22.399999999999999:324.71375799999998] [22.399999999999999:324.71375799999998] [22.399999999999999:324.71375799999998] [22.399999999999999:321.24876725000001] [22.399999999999999:318.278571] [22.399999999999999:324.71375799999998] [0:82.540869055199337] [22.399999999999999:313.28577408333337] [22.399999999999999:302.53573799999998] [22.399999999999999:324.71375799999998] [0:92.970139865692389] [22.399999999999999:295.13563500000004] [22.399999999999999:249.29458700000001] [22.399999999999999:324.71375799999998] [0:116.53386463160022] [23.200000000000003:159.49963871874999] none [25.600000000000001:324.71375799999998] [1.3929144002343703:128.71471884334804] [15:33.700000000000003] [15:33.700000000000003] [15:33.700000000000003] [15:33.700000000000003] [15:33.700000000000003] [15:33.700000000000003] [15:33.700000000000003] [15:33.4375] [15:32.71875] [15.333333333333334:31.620833333333334] [16.439843749999998:27.283072916666669] [31:98] [31:98] [31:98] [31:98] [31:98] [31:98] [31:98] [32.5:95.625] [33.666666666666664:95.083333333333329] [37.041666666666664:94] [59.309895833333336:91.638020833333329] [0:23.75] [0:6] [0:1] [1:4] [-1:1] [-1:1] [-0.97492791218182362:0.97492791218182362] [-0.90096886790241903:1] [-72.635950000000008:77.445233000000002] [0.43630911779503978:2.09406877563422] [-291.363968:296.779246] [-121.30707899999999:153.05878799999999] [-124.27709300000001:153.05878799999999] [-180.63157299999997:268.16051600000003] [-299.363968:299.97924600000005] [-70.384351250000009:75.467424499999993] [0:44.359338508129341] [-67.777903583333341:70.921986416666655] [0:38.631403568061003] [-64.848194500000005:62.415354583333333] [0:37.083675449251288] [-34.945017510416669:27.905951093750001] [0:30.68446053870321] [-12:11.5] [-8:4.8000000000000007] [-49:48] [-30:40] [0:23.75] [0:6] [0:1] [1:4] [-1:1] [-1:1] [-0.97492791218182362:0.97492791218182362] [-0.90096886790241903:1] [22.399999999999999:324.71375799999998] [22.399999999999999:324.71375799999998]
tree_sizes=1424 1424 1435 1428 1426 1424 1434 1430 1427 1433 1422 1438 1437 1435 1425 1445 1444 1435 1449 1451 1444 1434 1442 1440 1448 1431 1452 1430 1442 1436 1446 1440 1436 1451 1455 1441 1443 1443 1437 1456 1422 1428 1454 1438

Tree=0
num_leaves=15
num_cat=0
split_feature=71 84 71 84 71 84 24 69 69 67 70 24 58 32
split_gain=634578 435776 484525 291155 212831 69688.7 54910 41011.4 34596.1 33317.2 24917.2 23978.6 21759.8 24775.9
threshold=1.0000000180025095e-35 102.93903650000001 -2.8499999999999992 42.523274000000008 2.1000000000000001 287.58038500000004 257.54432450000007 -0.12570920833333388 11.840655182291668 2.1362732083333338 12.286321722767662 284.15934500000009 -16.395701000000013 27.237500000000004
decision_type=2 2 2 2 2 2 2 2 2 2 2 2 2 2
left_child=1 -1 6 -2 7 9 10 11 -6 12 -3 -5 -4 -14
right_child=3 2 5 4 8 -7 -8 -9 -10 -11 -12 -13 13 -15
leaf_value=-0.99293737974320262 -0.98927046967280874 -2.547919421033169 -2.075954405686681 -1.0925679095486689 0.025438555700366683 -2.83724183514994 -2.3394877804626675 -0.3973723127616916 0.6036003156405656 -0.50466544216253117 -3.346208950475134 -0.024990337138885987 -1.3741786452051723 -0.5553636765009573
leaf_weight=3237 2451 144 101 484 527 77 399 700 528 119 374 58 1408 98
leaf_count=3237 2451 144 101 484 527 77 399 700 528 119 374 58 1408 98
internal_value=-1.04131 -1.38498 -1.85138 -0.610166 -0.205843 -1.37508 -2.78648 -0.649916 0.316077 -1.30885 -3.12762 -0.976664 -1.3687 -1.32061
internal_weight=10705 5957 2720 4748 2297 1803 917 1242 1055 1726 518 542 1607 1506
internal_count=10705 5957 2720 4748 2297 1803 917 1242 1055 1726 518 542 1607 1506
is_linear=0
shrinkage=1


Tree=1
num_leaves=15
num_cat=0
split_feature=71 84 71 84 71 84 69 69 69 24 44 72 73 43
split_gain=573562 415416 390953 225121 244833 58479.4 49995.7 49373.3 31229.2 28272.1 23154.8 21709.6 21651.7 23463.8
threshold=-1.0000000180025095e-35 102.93903650000001 -2.8499999999999992 42.523274000000008 2.1000000000000001 287.58038500000004 -26.30091713020833 -0.12570920833333388 11.840655182291668 281.72766850000005 53.031250000000007 0.93750000000000011 -6.8749999999999991 52.375000000000007
decision_type=2 2 2 2 2 2 2 2 2 2 2 2 2 2
left_child=1 -1 6 -2 7 10 -3 9 -6 -5 -4 -10 13 -9
right_child=3 2 5 4 8 -7 -8 12 11 -11 -12 -13 -14 -15
leaf_value=0.03686528806308819 0.049460246249554141 -2.3435363915548373 0.51172907251951305 -0.20991759449800115 1.0135168871855553 -1.72625906435219 -1.454105933416425 2.0842702814510892 1.3457302806903972 0.50755612999200828 -0.3344000927775202 2.0595505217711132 0.42518297181061665 0.72092316095737652
leaf_weight=2977 2673 208 85 501 527 73 709 41 370 188 1383 158 676 136
leaf_count=2977 2673 208 85 501 527 73 709 41 370 188 1383 158 676 136
internal_value=-1.32108e-05 -0.36037 -0.841301 0.371624 0.70307 -0.354439 -1.65819 0.301169 1.28965 -0.0136964 -0.285093 1.56283 0.555216 1.04666
internal_weight=10705 5435 2458 5270 2597 1541 917 1542 1055 689 1468 528 853 177
internal_count=10705 5435 2458 5270 2597 1541 917 1542 1055 689 1468 528 853 177
is_linear=0
shrinkage=0.05


Tree=2
num_leaves=15
num_cat=0
split_feature=71 84 71 84 71 84 24 69 67 69 58 71 42 24
split_gain=518965 356687 393535 238240 172398 57114.4 47301.4 33406.9 29289.5 28209.1 22069.9 21074 21017.8 20412.4
threshold=1.0000000180025095e-35 102.93903650000001 -2.8499999999999992 42.523274000000008 2.1000000000000001 287.58038500000004 257.54432450000007 -1.0000000180025095e-35 2.9853009374999995 11.840655182291668 -4.8056804999999789 4.4125000000000023 87.125000000000014 284.15934500000009
decision_type=2 2 2 2 2 2 2 2 2 2 2 2 2 2
left_child=1 -1 6 -2 7 8 10 13 12 11 -3 -6 -4 -5
right_child=3 2 5 4 9 -7 -8 -9 -10 -11 -12 -13 -14 -15
leaf_value=0.043900769014760553 0.04697134666521631 -2.6487060748829561 -0.21352794785033125 -0.043141344634545609 0.76363649643684561 -1.6271847413136411 -1.1609028445396106 0.58539298548466034 0.57458258270493989 1.4850056458933594 -1.7397524771471133 1.4742966563523223 -0.69208963286856173 0.94142204684726272
leaf_weight=3237 2451 84 1348 488 381 77 399 696 102 528 434 146 276 58
leaf_count=3237 2451 84 1348 488 381 77 399 696 102 528 434 146 276 58
internal_value=-4.90237e-09 -0.310782 -0.732742 0.389901 0.755642 -0.30349 -1.57548 0.355967 -0.24353 1.22538 -1.89197 0.962937 -0.295236 0.0629758
internal_weight=10705 5957 2720 4748 2297 1803 917 1242 1726 1055 518 527 1624 546
internal_count=10705 5957 2720 4748 2297 1803 917 1242 1726 1055 518 527 1624 546
is_linear=0
shrinkage=0.05


Tree=3
num_leaves=15
num_cat=0
split_feature=71 84 71 84 71 69 24 84 84 24 69 70 72 37
split_gain=471596 401515 229690 141680 262639 48395.5 42724.1 39067.8 31919.5 29460.6 25451 20552.1 19722.5 19584.3
threshold=-0.9875000000000006 102.93903650000001 -2.8499999999999992 42.523274000000008 2.1000000000000001 -1.0000000180025095e-35 257.54432450000007 287.58038500000004 273.02215500000005 281.72766850000005 11.840655182291668 12.286321722767662 0.93750000000000011 51.875000000000007
decision_type=2 2 2 2 2 2 2 2 2 2 2 2 2 2
left_child=1 -1 6 -2 5 9 11 13 -7 -5 -6 -3 -12 -4
right_child=3 2 7 4 10 8 -8 -9 -10 -11 12 -13 -14 -15
leaf_value=0.031282134706759751 0.044775362637450473 -1.2732020800894706 0.49264151905591674 -0.20281345316332833 0.91500210641728108 0.50552820245643015 -1.1030028242543339 -1.6326325239643218 -0.57304000502099861 0.45760821749109137 1.2045749499389746 -1.9958423135439558 1.8834373550079531 -0.40508941382444014
leaf_weight=2547 3065 144 64 773 527 969 399 62 73 215 370 374 158 965
leaf_count=2547 3065 144 64 773 527 969 399 62 73 215 370 374 158 965
internal_value=-1.03274e-05 -0.385579 -0.91409 0.285578 0.524727 0.191937 -1.49701 -0.423215 0.429489 -0.0587808 1.16428 -1.79779 1.4109 -0.34883
internal_weight=10705 4555 2008 6150 3085 2030 917 1091 1042 988 1055 518 528 1029
internal_count=10705 4555 2008 6150 3085 2030 917 1091 1042 988 1055 518 528 1029
is_linear=0
shrinkage=0.05


Tree=4
num_leaves=15
num_cat=0
split_feature=71 84 71 84 71 84 69 69 67 69 70 72 42 24
split_gain=425854 292861 321507 195680 138884 47122.7 39310.8 27502.8 25519 24786.5 23042.3 22195.4 18667.4 17557.3
threshold=1.0000000180025095e-35 102.50560750000001 -2.8499999999999992 42.523274000000008 2.1000000000000001 287.58038500000004 -26.30091713020833 -0.12570920833333388 2.1362732083333338 -4.2333288020833324 11.07252721283376 0.93750000000000011 87.125000000000014 284.15934500000009
decision_type=2 2 2 2 2 2 2 2 2 2 2 2 2 2
left_child=1 -1 6 -2 7 8 -3 13 12 -6 -11 -12 -4 -5
right_child=3 2 5 4 9 -7 -8 -9 -10 10 11 -13 -14 -15
leaf_value=0.040931531464706419 0.042385883124918963 -2.030813959112578 -0.19636289617989869 -0.040864302163233161 0.15004123064187858 -1.4778958036158329 -1.2430453482910804 0.53271914155842914 0.47645149411114512 0.86361223444294866 1.1451736494017941 1.8015601638441134 -0.648353129499457 0.87265617988877386
leaf_weight=3227 2451 208 1337 484 64 77 712 700 121 389 405 197 275 58
leaf_count=3227 2451 208 1337 484 64 77 712 700 121 389 405 197 275 58
internal_value=-1.75209e-05 -0.281543 -0.6626 0.353179 0.684645 -0.275443 -1.42316 0.325908 -0.221195 1.10626 1.1678 1.3626 -0.273825 0.0583196
internal_weight=10705 5957 2730 4748 2297 1810 920 1242 1733 1055 991 602 1612 542
internal_count=10705 5957 2730 4748 2297 1810 920 1242 1733 1055 991 602 1612 542
is_linear=0
shrinkage=0.05


Tree=5
num_leaves=15
num_cat=0
split_feature=71 84 71 84 71 69 24 84 84 24 69 70 30 7
split_gain=387002 329004 183559 116395 212794 39897.6 36110.1 31535.1 27741.9 25170.1 22373.2 20807.5 20079 18936.8
threshold=-0.9875000000000006 107.05449100000001 -2.8499999999999992 42.523274000000008 2.1000000000000001 -0.12570920833333388 257.54432450000007 287.58038500000004 273.02215500000005 281.72766850000005 -4.2333288020833324 11.07252721283376 23.487500000000004 81.691657500000005
decision_type=2 2 2 2 2 2 2 2 2 2 2 2 2 2
left_child=1 -1 6 -2 5 9 -3 -4 -7 -5 -6 -12 -13 -8
right_child=3 2 7 4 10 8 13 -9 -10 -11 11 12 -14 -15
leaf_value=0.021048704800573557 0.040433284412858074 -1.6412810462824052 -0.32535858811944124 -0.18749556626488287 0.14265457666837253 0.45995384262721561 -1.2249699316368992 -1.4795748016309171 -0.54516915266175525 0.42577555949437146 0.82054234708348917 1.541373629509299 0.94739976194889663 -0.45821820315668138
leaf_weight=2589 3065 510 1007 766 64 978 270 62 73 213 389 350 252 117
leaf_count=2589 3065 510 1007 766 64 978 270 62 73 213 389 350 252 117
internal_value=-1.52976e-05 -0.349295 -0.836759 0.258694 0.475456 0.175903 -1.36384 -0.393621 0.389688 -0.0537685 1.05113 1.1096 1.29472 -0.99494
internal_weight=10705 4555 1966 6150 3085 2030 897 1069 1051 979 1055 991 602 387
internal_count=10705 4555 1966 6150 3085 2030 897 1069 1051 979 1055 991 602 387
is_linear=0
shrinkage=0.05


Tree=6
num_leaves=15
num_cat=0
split_feature=71 84 71 84 71 84 69 69 67 69 70 72 58 32
split_gain=349467 240914 260975 160745 112054 38751.2 33771.8 23822.4 22024.3 20015.4 18472.6 18587.1 18299.1 19650.6
threshold=1.0000000180025095e-35 102.50560750000001 -2.8499999999999992 42.523274000000008 2.212499999999999 287.58038500000004 -26.462434338541666 -1.0000000180025095e-35 2.1362732083333338 -4.2333288020833324 11.07252721283376 0.93750000000000011 -11.200341999999997 27.437500000000004
decision_type=2 2 2 2 2 2 2 2 2 2 2 2 2 2
left_child=1 -1 6 -2 7 8 -3 -5 12 -6 -11 -12 -4 -14
right_child=3 2 5 4 9 -7 -8 -9 -10 10 11 -13 13 -15
leaf_value=0.037428958782790026 0.038246613743351879 -1.8923183538580455 -0.78361114782034136 0.057364733617207134 0.12530864842476383 -1.3422784481293117 -1.1308983856805792 0.49513033143574314 0.44545554460072129 0.78443098412140433 1.035377868052572 1.6394030340472048 -0.24552197996117175 0.50575785814353857
leaf_weight=3227 2451 185 146 552 61 77 735 711 121 379 399 195 1374 92
leaf_count=3227 2451 185 146 552 61 77 735 711 121 379 399 195 1374 92
internal_value=-2.13644e-05 -0.255051 -0.600664 0.319933 0.620358 -0.25185 -1.2859 0.304 -0.202654 1.00611 1.06115 1.23609 -0.251549 -0.198062
internal_weight=10705 5957 2730 4748 2297 1810 920 1263 1733 1034 973 594 1612 1466
internal_count=10705 5957 2730 4748 2297 1810 920 1263 1733 1034 973 594 1612 1466
is_linear=0
shrinkage=0.05


Tree=7
num_leaves=15
num_cat=0
split_feature=71 84 71 84 71 69 84 24 84 24 37 71 73 43
split_gain=317384 269371 150138 95553.8 172670 33129.2 29462.8 28550.8 24406.3 22637 19632.4 19065.9 17735.5 21071.9
threshold=-0.9875000000000006 107.05449100000001 -3.0124999999999988 42.523274000000008 2.1000000000000001 -1.0000000180025095e-35 290.2148160000001 257.54432450000007 273.02215500000005 281.72766850000005 51.875000000000007 5.1625000000000023 -6.8749999999999991 52.625000000000007
decision_type=2 2 2 2 2 2 2 2 2 2 2 2 2 2
left_child=1 -1 7 -2 5 9 10 -3 12 -5 -4 -6 13 -7
right_child=3 2 6 4 11 8 -8 -9 -10 -11 -12 -13 -14 -15
leaf_value=0.018775300819239792 0.03650875916802953 -1.588007708997444 0.51732208408171043 -0.17287363573723505 0.84896322907558808 1.8608470380306246 -1.4219770189644636 -0.9531759871995148 -0.51915343198421837 0.40603172948144173 -0.40543154579690244 1.4106808501928247 0.32373732113288739 0.56558046020482755
leaf_weight=2589 3065 425 60 773 869 41 68 315 73 215 1098 186 797 131
leaf_count=2589 3065 425 60 773 869 41 68 315 73 215 1098 186 797 131
internal_value=-2.13744e-05 -0.316329 -0.757409 0.234265 0.430665 0.160825 -0.417383 -1.31943 0.35737 -0.0466141 -0.357215 0.949238 0.423871 0.883307
internal_weight=10705 4555 1966 6150 3085 2030 1226 740 1042 988 1158 1055 969 172
internal_count=10705 4555 1966 6150 3085 2030 1226 740 1042 988 1158 1055 969 172
is_linear=0
shrinkage=0.05


Tree=8
num_leaves=15
num_cat=0
split_feature=71 84 71 84 71 84 69 24 47 84 58 69 70 22
split_gain=286528 243443 137327 86272.3 155854 30627.5 29191.8 29037 27784.5 23646.6 18469.8 18092.9 16674 17812.9
threshold=-0.9875000000000006 103.71240250000001 -2.8499999999999992 42.523274000000008 2.1000000000000001 272.35636400000004 -6.0566992656249985 257.54432450000007 73.075520833333357 287.58038500000004 -4.8056804999999789 -4.2333288020833324 11.07252721283376 145.39469607812504
decision_type=2 2 2 2 2 2 2 2 2 2 2 2 2 2
left_child=1 -1 7 -2 5 6 8 10 -5 -4 -3 -6 -13 -14
right_child=3 2 9 4 11 -7 -8 -9 -10 -11 -12 12 13 -15
leaf_value=0.022596769832785333 0.034683917217875185 -2.1002103536269243 -0.27585892181508909 1.0174941832110995 0.085663776626953722 -0.42525570320634593 0.31569862169677365 -0.84069102195652212 -0.35270689245722353 -1.2747852893575791 -1.2766559092362446 0.69596282007578669 1.3801741115302317 0.82884918948252551
leaf_weight=2557 3065 84 1025 41 64 205 1473 396 311 62 431 389 316 286
leaf_count=2557 3065 84 1025 41 64 205 1473 396 311 62 431 389 316 286
internal_value=-1.59736e-05 -0.300555 -0.713922 0.222591 0.409208 0.152845 0.217979 -1.16643 -0.190679 -0.333955 -1.41479 0.901883 0.954456 1.12006
internal_weight=10705 4555 1998 6150 3085 2030 1825 911 352 1087 515 1055 991 602
internal_count=10705 4555 1998 6150 3085 2030 1825 911 352 1087 515 1055 991 602
is_linear=0
shrinkage=0.05


Tree=9
num_leaves=15
num_cat=0
split_feature=71 84 71 84 71 84 69 68 46 69 73 5 69 22
split_gain=260485 180456 192524 120049 80801.8 29899.7 27407.6 21288.4 17737.9 17084.8 17057.1 22727.9 16234.9 16044
threshold=1.0000000180025095e-35 102.50560750000001 -2.7624999999999988 42.523274000000008 2.212499999999999 282.33339050000006 -26.30091713020833 12.984523312653595 82.171875000000014 -0.12570920833333388 8.1250000000000018 199.21408750000003 -4.2333288020833324 129.95237014583338
decision_type=2 2 2 2 2 2 2 2 2 2 2 2 2 2
left_child=1 -1 6 -2 7 8 -3 9 10 -5 13 -12 -6 -4
right_child=3 2 5 4 12 -7 -8 -9 -10 -11 11 -13 -14 -15
leaf_value=0.032928000533632484 0.032776879706400253 -1.6070882635253469 -0.33817835859665579 0.0012933830483372029 0.070901675233917855 -0.99876201012939747 -0.95220912768927912 1.0465700822450765 -0.30425095293853427 0.38352963782635868 0.21739209384719529 -0.96602689546815468 0.91297106648713078 0.29594726620575668
leaf_weight=3227 2451 208 128 528 61 113 731 81 948 654 74 88 973 440
leaf_count=3227 2451 208 128 528 61 113 731 81 948 654 74 88 973 440
internal_value=-2.52873e-05 -0.220205 -0.519325 0.276208 0.535833 -0.215054 -1.09883 0.267179 -0.161714 0.21293 0.023551 -0.427436 0.86341 0.152703
internal_weight=10705 5957 2730 4748 2297 1791 939 1263 1678 1182 730 162 1034 568
internal_count=10705 5957 2730 4748 2297 1791 939 1263 1678 1182 730 162 1034 568
is_linear=0
shrinkage=0.05


Tree=10
num_leaves=15
num_cat=0
split_feature=71 84 71 84 71 84 24 68 7 67 58 84 71 69
split_gain=235152 162915 173785 108368 72921.2 27259.2 25505.6 19243 18901.3 18391.7 16859.7 16107 15986.4 15390
threshold=1.0000000180025095e-35 102.50560750000001 -2.7624999999999988 42.523274000000008 2.212499999999999 292.35207400000007 257.54432450000007 12.984523312653595 81.691657500000005 4.8948084791666666 -4.8056804999999789 275.36804450000005 3.9875000000000012 11.532673921875002
decision_type=2 2 2 2 2 2 2 2 2 2 2 2 2 2
left_child=1 -1 6 -2 7 9 10 11 -8 -4 -3 -5 13 -6
right_child=3 2 5 4 12 -7 8 -9 -10 -11 -12 -13 -14 -15
leaf_value=0.031282110897537962 0.03113870346769812 -1.9312794674144074 -0.20446720482474223 0.25179751104468107 0.41162074865773324 -1.3005038053339177 -0.97154923667132231 0.99487973441619693 -0.23740698467881885 0.58622203977754361 -1.147521512740864 -0.48329879447817803 1.0536829695714038 0.91960613640776856
leaf_weight=3227 2451 84 1661 1103 319 54 288 81 127 76 440 79 431 284
leaf_count=3227 2451 84 1661 1103 319 54 288 81 127 76 440 79 431 284
internal_value=-3.41677e-05 -0.209234 -0.493444 0.262424 0.509094 -0.20436 -1.04402 0.253877 -0.747995 -0.169554 -1.2766 0.2023 0.820287 0.651997
internal_weight=10705 5957 2730 4748 2297 1791 939 1263 415 1737 524 1182 1034 603
internal_count=10705 5957 2730 4748 2297 1791 939 1263 415 1737 524 1182 1034 603
is_linear=0
shrinkage=0.05


Tree=11
num_leaves=15
num_cat=0
split_feature=71 84 71 84 71 32 69 84 84 24 47 44 67 24
split_gain=213662 180778 101808 64467.8 113408 26842.2 21203.8 23567.6 20937.4 20067.7 16376.5 16198.1 16399.3 18178.4
threshold=-0.9875000000000006 107.05449100000001 -3.0124999999999988 42.523274000000008 2.1000000000000001 28.137500000000003 -6.2117165312500005 273.02215500000005 290.2148160000001 257.54432450000007 73.320312500000014 53.031250000000007 -4.5676767916666661 242.57118500000004
decision_type=2 2 2 2 2 2 2 2 2 2 2 2 2 2
left_child=1 -1 9 -2 5 6 10 -8 11 -3 -5 -4 -13 -14
right_child=3 2 8 4 -6 -7 7 -9 -10 -11 -12 12 13 -15
leaf_value=0.014954679835674041 0.029752601369175347 -1.3088017905756237 0.53280991965071545 0.69961956492284449 0.77377175466915082 0.79533071066741345 0.23412250767681089 -0.43452850460419312 -1.187724387710509 -0.77682738735729573 -0.35815549042291833 -0.6738240736180896 -0.717912522503665 -0.11323509723892973
leaf_weight=2589 3065 425 56 40 1055 142 1359 145 68 315 344 266 151 685
leaf_count=2589 3065 425 56 40 1055 142 1359 145 68 315 344 266 151 685
internal_value=-4.17779e-05 -0.259568 -0.620906 0.192187 0.353507 0.13482 0.0847465 0.169412 -0.340909 -1.08371 -0.24644 -0.290201 -0.332469 -0.22318
internal_weight=10705 4555 1966 6150 3085 2030 1888 1504 1226 740 384 1158 1102 836
internal_count=10705 4555 1966 6150 3085 2030 1888 1504 1226 740 384 1158 1102 836
is_linear=0
shrinkage=0.05


Tree=12
num_leaves=15
num_cat=0
split_feature=71 84 71 84 71 69 24 84 67 51 71 73 43 58
split_gain=193302 142408 120517 72723 80645.2 24640.5 23262.6 20674.4 18696.9 17645.3 15464.9 15148.4 18557.3 14964.8
threshold=-0.21249999999999855 107.05449100000001 -2.5999999999999992 42.523274000000008 2.1000000000000001 -0.12570920833333388 257.54432450000007 292.35207400000007 -7.0860738958333345 3.5000000000000004 5.1000000000000005 -6.8749999999999991 52.375000000000007 -11.200341999999997
decision_type=2 2 2 2 2 2 2 2 2 2 2 2 2 2
left_child=1 -1 6 -2 5 9 -3 13 -8 -5 -6 12 -7 -4
right_child=3 2 7 4 10 11 8 -9 -10 -11 -12 -13 -14 -15
leaf_value=0.014604288515139383 0.028153093006254293 -1.157842660004978 -0.65789650552135581 0.1644542605000176 0.64398132386524876 1.6862140661194212 -0.94528814081745927 -1.2349143456271356 -0.28164570542012757 -0.32925259036931143 1.1444957445965622 0.24835568602464281 0.47734803849980784 -0.1090903471735208
leaf_weight=2969 2727 530 138 442 865 41 248 46 187 305 190 706 136 1175
leaf_count=2969 2727 530 138 442 865 41 248 46 187 305 190 706 136 1175
internal_value=-5.1322e-05 -0.214874 -0.507922 0.210049 0.394711 0.174069 -0.934928 -0.204249 -0.661298 -0.0372969 0.73512 0.352721 0.765268 -0.167228
internal_weight=10705 5293 2324 5412 2685 1630 965 1359 435 747 1055 883 177 1313
internal_count=10705 5293 2324 5412 2685 1630 965 1359 435 747 1055 883 177 1313
is_linear=0
shrinkage=0.05


Tree=13
num_leaves=15
num_cat=0
split_feature=71 84 71 84 71 84 24 49 47 24 68 70 58 36
split_gain=175106 122614 132299 80827 52682.8 24672.5 19921 28843.5 20095.9 18281.1 16959 15631.4 14908 14673.5
threshold=1.0000000180025095e-35 99.388253500000005 -3.3625000000000003 42.523274000000008 2.212499999999999 292.35207400000007 278.56941200000006 3.5000000000000004 78.605468750000014 318.1844445000001 12.984523312653595 12.286321722767662 -0.65915800000000491 22.937109375000002
decision_type=2 2 2 2 2 2 2 2 2 2 2 2 2 2
left_child=1 -1 11 -2 10 6 7 -4 9 12 -5 -3 -8 -6
right_child=3 2 5 4 13 -7 8 -9 -10 -11 -12 -13 -14 -15
leaf_value=0.031132452719884351 0.026688299612499179 -0.59869070302569471 -0.19626074436879681 0.17412511442208034 0.36739565024450421 -1.1646099166194006 0.91103046118931952 -0.84686410634253684 -0.46722696308906264 -0.37707141280829254 0.91811836481821241 -1.1466256246492963 0.18069178668352276 0.81013380764834297
leaf_weight=3184 2451 177 1269 1182 249 66 105 196 129 90 81 534 207 785
leaf_count=3184 2451 177 1269 1182 249 66 105 196 129 90 81 534 207 785
internal_value=-5.01963e-05 -0.180575 -0.423585 0.226433 0.439465 -0.220558 -0.188775 -0.283822 0.0734965 0.247741 0.222528 -1.01125 0.428604 0.703975
internal_weight=10705 5957 2773 4748 2297 2062 1996 1465 531 402 1263 711 312 1034
internal_count=10705 5957 2773 4748 2297 2062 1996 1465 531 402 1263 711 312 1034
is_linear=0
shrinkage=0.05


Tree=14
num_leaves=15
num_cat=0
split_feature=71 84 71 84 71 32 70 36 24 51 24 84 47 30
split_gain=159194 134338 76326.4 48108.3 82505 22273.1 19608.6 21832.2 21012.1 17072.3 16375.7 16120.9 15117 14533.9
threshold=-0.9875000000000006 103.71240250000001 -3.0124999999999988 42.523274000000008 2.1000000000000001 28.137500000000003 8.1032710679429751 20.938671875000004 282.91039900000004 3.5000000000000004 257.54432450000007 295.90254450000003 70.747395833333357 19.962500000000002
decision_type=2 2 2 2 2 2 2 2 2 2 2 2 2 2
left_child=1 -1 10 -2 5 6 7 -5 -8 -10 -3 13 -7 -4
right_child=3 2 11 4 -6 12 8 -9 9 -11 -12 -13 -14 -15
leaf_value=0.015981721571057546 0.025554463008767393 -1.1310148158916673 -0.54970713877284894 -0.21765938729725104 0.6636914349457419 1.2100858399470649 -0.27638819673755555 0.36151550699474649 0.073449009065516296 1.0761551043512871 -0.65562648795384137 -1.1896257715920606 0.17763356795345531 -0.15139952096967896
leaf_weight=2557 3065 430 308 208 1055 74 576 737 319 48 323 47 68 890
leaf_count=2557 3065 430 308 208 1055 74 576 737 319 48 323 47 68 890
internal_value=-5.41212e-05 -0.224071 -0.53114 0.165874 0.305229 0.1187 0.07309 0.23394 -0.0881787 0.207161 -0.928237 -0.290416 0.720372 -0.254176
internal_weight=10705 4555 1998 6150 3085 2030 1888 945 943 367 753 1245 142 1198
internal_count=10705 4555 1998 6150 3085 2030 1888 945 943 367 753 1245 142 1198
is_linear=0
shrinkage=0.05


Tree=15
num_leaves=15
num_cat=0
split_feature=71 84 71 84 71 84 69 70 58 26 71 48 24 83
split_gain=143724 121347 67991 43433.8 74452.8 21319.1 18965.7 15463.8 15245.4 15263.2 14035.2 14855.6 13863.5 13693.2
threshold=-0.9875000000000006 107.05449100000001 -3.0124999999999988 42.523274000000008 2.1000000000000001 272.35636400000004 -1.0000000180025095e-35 10.709278064079463 -12.634897500000006 27.987500000000004 3.9875000000000012 12.125000000000002 281.72766850000005 186.77933100000004
decision_type=2 2 2 2 2 2 2 2 2 2 2 2 2 2
left_child=1 -1 7 -2 5 6 12 -3 -4 13 11 -6 -5 -10
right_child=3 2 8 4 10 -7 -8 -9 9 -11 -12 -13 -14 -15
leaf_value=0.012008513648307462 0.024277155947934084 -0.47855760393871205 -0.77352613198885822 -0.11061366822087551 0.60737413420997854 -0.3694688003220894 0.31938212074300787 -1.016450382161884 -0.50892345215915957 0.6462265578839852 0.85032798193257164 0.01953625134560916 0.37122347364784219 -0.12637333461285757
leaf_weight=2589 3065 179 138 670 486 205 964 561 355 48 431 138 191 685
leaf_count=2589 3065 179 138 670 486 205 964 561 355 48 431 138 191 685
internal_value=-5.40651e-05 -0.212908 -0.508952 0.157605 0.290018 0.112824 0.167172 -0.88716 -0.280134 -0.2169 0.630538 0.477611 -0.00341864 -0.257319
internal_weight=10705 4555 1966 6150 3085 2030 1825 740 1226 1088 1055 624 861 1040
internal_count=10705 4555 1966 6150 3085 2030 1825 740 1226 1088 1055 624 861 1040
is_linear=0
shrinkage=0.05


Tree=16
num_leaves=15
num_cat=0
split_feature=71 84 71 84 71 69 84 67 83 45 46 73 36 7
split_gain=130623 92341.1 98042.1 60417.6 39850.5 24528.3 20049 16850.8 15122.4 18105.5 14004.1 13481.5 15175.3 16055.8
threshold=1.0000000180025095e-35 99.388253500000005 -3.3625000000000003 42.523274000000008 3.7125000000000008 -1.0000000180025095e-35 292.35207400000007 0.65164454166666708 247.36838000000003 55.427083333333336 82.848958333333357 -8.6249999999999982 23.030078125000003 95.564810000000008
decision_type=2 2 2 2 2 2 2 2 2 2 2 2 2 2
left_child=1 -1 -3 -2 5 -5 7 8 9 -4 -10 12 -7 -14
right_child=3 2 6 4 -6 11 -8 -9 10 -11 -12 -13 13 -15
leaf_value=0.027750933982630729 0.022863864643441523 -0.87275473912632562 0.4285423460366154 0.020201315792941522 0.78779819989596556 0.025224237428125691 -1.04307538711869 0.27831854263225048 0.24326401271714806 -0.38238548482585627 -0.21041828911198335 0.31958419864968779 1.3475810282274123 0.41437134959746197
leaf_weight=3184 2451 711 73 628 474 58 66 194 280 1019 430 947 108 82
leaf_count=3184 2451 711 73 628 474 58 66 194 280 1019 430 947 108 82
internal_value=-5.38546e-05 -0.155972 -0.36686 0.195558 0.379741 0.273267 -0.192083 -0.163436 -0.211123 -0.327833 -0.0314108 0.406131 0.734006 0.949106
internal_weight=10705 5957 2773 4748 2297 1823 2062 1996 1802 1092 710 1195 248 190
internal_count=10705 5957 2773 4748 2297 1823 2062 1996 1802 1092 710 1195 248 190
is_linear=0
shrinkage=0.05


Tree=17
num_leaves=15
num_cat=0
split_feature=71 84 24 69 84 58 24 84 47 62 84 16 67 53
split_gain=118169 112637 42976.9 34999.5 55330.3 33412.9 26828.7 24964.6 22063.9 21514.1 17492.6 12764.1 11160.6 10667.6
threshold=-1.1874999999999998 102.50560750000001 247.91118100000003 11.840655182291668 42.523274000000008 -8.8124470000000041 299.02505250000007 275.36804450000005 76.986979166666671 230.22416750000002 256.81891500000006 254.51748800000004 -24.554418249999994 -0.81241147629688992
decision_type=2 2 2 2 2 2 2 2 2 2 2 2 2 2
left_child=1 -1 12 7 -5 -4 10 9 -7 -2 13 -10 -3 -6
right_child=3 2 5 4 6 8 -8 -9 11 -11 -12 -13 -14 -15
leaf_value=0.012632591183034655 0.057732833756799884 -1.3538279556595121 -0.761606388265467 0.021941264922521554 1.2726837938910145 0.12949594905273851 0.11928081367932374 -0.50557130064054201 -0.22306208630301516 0.47981718748298863 0.13917862423015445 -0.80749606147840403 -0.78482432331051 0.75676238854862243
leaf_weight=2183 4846 112 353 734 143 336 198 185 293 321 88 137 412 364
leaf_count=2183 4846 112 353 734 143 336 198 185 293 321 88 137 412 364
internal_value=-4.45915e-05 -0.222762 -0.53534 0.123842 0.334905 -0.359806 0.624192 0.0635711 -0.173891 0.0840426 0.791731 -0.410707 -0.90879 0.904498
internal_weight=10705 3826 1643 6879 1527 1119 793 5352 766 5167 595 430 524 507
internal_count=10705 3826 1643 6879 1527 1119 793 5352 766 5167 595 430 524 507
is_linear=0
shrinkage=0.05


Tree=18
num_leaves=15
num_cat=0
split_feature=71 84 71 84 71 69 84 47 24 71 70 73 36 69
split_gain=108253 76324.2 80295.6 51031.3 34485 20713 17330.3 15363.2 17321.4 15371.2 12261.1 11598.1 13504.4 16298
threshold=1.0000000180025095e-35 99.388253500000005 -3.3625000000000003 42.523274000000008 3.7125000000000008 -1.0000000180025095e-35 282.33339050000006 78.115885416666671 257.91047800000007 -2.0124999999999988 12.286321722767662 -8.6249999999999982 24.348177083333336 13.093148609375001
decision_type=2 2 2 2 2 2 2 2 2 2 2 2 2 2
left_child=1 -1 10 -2 5 -5 7 8 -4 -9 -3 -7 13 -13
right_child=3 2 6 4 -6 11 -8 9 -10 -11 -12 12 -14 -15
leaf_value=0.025041541109092569 0.019313721632855364 -0.42731756873512539 -0.38365137770094654 0.015709247065793918 0.72688614626777803 0.67444206045184996 -0.71691528204018651 -0.676531297075885 0.096701320614465236 -0.17651551714674996 -0.91124575658797102 0.29689395807516772 0.019942247700423767 0.93692365973707181
leaf_weight=3184 2451 177 241 628 474 248 137 201 835 648 534 513 311 123
leaf_count=3184 2451 177 241 628 474 248 137 201 835 648 534 513 311 123
internal_value=-4.91188e-05 -0.14199 -0.333718 0.178027 0.347299 0.248257 -0.175547 -0.136666 -0.0111433 -0.29555 -0.791544 0.370351 0.290089 0.42195
internal_weight=10705 5957 2773 4748 2297 1823 2062 1925 1076 849 711 1195 947 636
internal_count=10705 5957 2773 4748 2297 1823 2062 1925 1076 849 711 1195 947 636
is_linear=0
shrinkage=0.05


Tree=19
num_leaves=15
num_cat=0
split_feature=71 84 71 84 71 69 84 24 49 37 24 65 24 47
split_gain=97733.6 68906.1 72478.9 46072.8 31125.9 18702.3 16114 14713 24069.2 15947.7 14677.5 15900.3 11571.1 17132.1
threshold=1.0000000180025095e-35 99.388253500000005 -3.3625000000000003 42.523274000000008 3.7125000000000008 -1.0000000180025095e-35 295.90254450000003 278.11863750000003 3.5000000000000004 53.125000000000007 286.87046450000008 -4.1929924166666659 247.91118100000003 80.190104166666671
decision_type=2 2 2 2 2 2 2 2 2 2 2 2 2 2
left_child=1 -1 12 -2 5 -5 7 8 -4 -9 -11 -12 13 -3
right_child=3 2 6 4 -6 -7 -8 9 -10 10 11 -13 -14 -15
leaf_value=0.023789857611984155 0.018348429326521049 -1.2882618811822706 -0.14764192549990504 0.014925033881052123 0.69061834903061392 0.35191428867596719 -0.99601672580629064 1.0164806543326959 -0.74247406062133836 0.2042406391674903 -1.0230954742280103 -0.066264558356838782 -0.56115203284783155 -0.55817239393993301
leaf_weight=3184 2451 185 1212 628 474 1195 56 40 197 334 58 165 380 146
leaf_count=3184 2451 185 1212 628 474 1195 56 40 197 334 58 165 380 146
internal_value=-4.89054e-05 -0.134917 -0.317089 0.169154 0.329992 0.235898 -0.166815 -0.143182 -0.231276 0.0647722 -0.00527229 -0.318583 -0.75206 -0.96888
internal_weight=10705 5957 2773 4748 2297 1823 2062 2006 1409 597 557 223 711 331
internal_count=10705 5957 2773 4748 2297 1823 2062 2006 1409 597 557 223 711 331
is_linear=0
shrinkage=0.05


Tree=20
num_leaves=15
num_cat=0
split_feature=71 84 71 84 69 73 44 36 68 30 84 67 68 70
split_gain=88507.1 64630.4 62699.7 34209.6 38098.7 24118.7 22746.3 19104.1 19038.7 21302.5 18566.1 17814.8 17220.3 20234.8
threshold=-0.21249999999999855 87.746388500000009 -3.9875000000000003 42.523274000000008 -0.12570920833333388 -8.6249999999999982 53.031250000000007 23.030078125000003 5.157222302555045 22.987500000000004 266.04154000000005 -3.7711683541666656 10.13330921652207 7.707720604428558
decision_type=2 2 2 2 2 2 2 2 2 2 2 2 2 2
left_child=1 -1 -3 -2 12 7 -4 -6 -9 -10 -7 -8 13 -5
right_child=3 2 6 4 5 10 11 8 9 -11 -12 -13 -14 -15
leaf_value=0.022917539827903437 0.01735099445580562 -0.76699051387465467 0.51506962970309311 0.17468177427616075 0.037986542240250859 0.34027825985681792 -0.45738483198253976 0.40734010166364087 1.6002418458461762 0.7038268332767208 -0.29791374845708923 -0.12201270216403198 0.85201604302633904 -0.3245850873512694
leaf_weight=2745 2727 613 108 427 99 1127 580 186 111 170 126 1247 54 385
leaf_count=2745 2727 613 108 427 99 1127 580 186 111 170 126 1247 54 385
internal_value=-6.07651e-05 -0.145423 -0.326717 0.142106 0.268759 0.398655 -0.186916 0.669405 0.802893 1.06235 0.275916 -0.228672 -0.00422741 -0.0621477
internal_weight=10705 5293 2548 5412 2685 1819 1935 566 467 281 1253 1827 866 812
internal_count=10705 5293 2548 5412 2685 1819 1935 566 467 281 1253 1827 866 812
is_linear=0
shrinkage=0.05


Tree=21
num_leaves=15
num_cat=0
split_feature=71 84 84 62 24 69 84 24 57 47 58 47 45 84
split_gain=80849.9 87880.9 31647.9 35266.4 24666.1 19978.1 30415.6 20885.3 17399 15850.2 16538.6 13114.8 12891.2 10857.5
threshold=-2.0124999999999988 90.300388000000012 277.88047750000004 230.22416750000002 247.91118100000003 11.840655182291668 42.523274000000008 299.02505250000007 1.0555040284141446 76.986979166666671 -12.292575499999982 79.269531250000014 88.760416666666671 144.21940450000002
decision_type=2 2 2 2 2 2 2 2 2 2 2 2 2 2
left_child=1 -1 3 5 11 -2 -7 -8 -5 10 13 -3 -11 -6
right_child=2 4 -4 8 9 6 7 -9 -10 12 -12 -13 -14 -15
leaf_value=0.021990001920737922 0.029049868960000575 -1.1422836671681615 -0.51412437084054052 0.27349283534289681 0.12964615781986438 0.018078940320624636 0.65315306106483051 0.024155301842224468 0.896781866437669 -0.47276698956198066 0.20958079783409672 -0.59952370322094517 -1.3685203991995918 -0.84468170820989386
leaf_weight=1492 5888 201 217 292 42 742 487 181 182 410 181 259 44 87
leaf_count=1492 5888 201 217 292 42 742 487 181 182 410 181 259 44 87
internal_value=-4.51039e-05 -0.235661 0.0800761 0.0967306 -0.549487 0.0695496 0.238531 0.483012 0.514199 -0.374515 -0.0984357 -0.83865 -0.562397 -0.528902
internal_weight=10705 2716 7989 7772 1224 7298 1410 668 474 764 310 460 454 129
internal_count=10705 2716 7989 7772 1224 7298 1410 668 474 764 310 460 454 129
is_linear=0
shrinkage=0.05


Tree=22
num_leaves=15
num_cat=0
split_feature=71 84 71 84 71 24 84 31 38 36 32 14 84 57
split_gain=73773.7 52193.8 53037.6 35134.4 24742.1 16472.2 15021 17266.2 19985.8 20622.6 18653.1 16968.5 12702.4 12019.9
threshold=1.0000000180025095e-35 99.388253500000005 -2.5124999999999988 42.523274000000008 3.9875000000000012 257.54432450000007 278.29070450000006 21.112500000000004 51.625000000000007 24.348177083333336 20.987500000000004 263.13291866666674 275.36804450000005 1.1080783911730907
decision_type=2 2 2 2 2 2 2 2 2 2 2 2 2 2
left_child=1 -1 5 -2 6 -3 7 13 -9 10 -10 -11 -4 -5
right_child=3 2 12 4 -6 -7 -8 8 9 11 -12 -13 -14 -15
leaf_value=0.020895066705285289 0.015258817516911478 -0.74609809977094743 -0.059502754115153024 -0.10324631199868838 0.62850293449678085 -0.34253091496008109 -0.49030374866482379 1.0128489829486971 0.1460149696112456 0.11097791284612556 0.64835859658645145 -0.9096032409535515 -0.48023192161703349 0.79302885416077418
leaf_weight=3184 2451 554 1547 426 431 470 73 98 322 428 435 44 202 40
leaf_count=3184 2451 554 1547 426 431 470 73 98 322 428 435 44 202 40
internal_value=-5.53925e-05 -0.117231 -0.27578 0.146951 0.287404 -0.561382 0.208325 0.237026 0.328913 0.273597 0.435155 0.0141171 -0.108341 -0.0247794
internal_weight=10705 5957 2773 4748 2297 1024 1866 1793 1327 1229 757 472 1749 466
internal_count=10705 5957 2773 4748 2297 1024 1866 1793 1327 1229 757 472 1749 466
is_linear=0
shrinkage=0.05


Tree=23
num_leaves=15
num_cat=0
split_feature=71 84 67 0 35 84 83 84 73 49 73 54 36 0
split_gain=67005.3 64224.5 25918.8 21687.4 20845.3 20219.6 20740.3 22294.9 20012 11559.3 11420.5 10099.7 9199.97 8984.74
threshold=-1.1874999999999998 112.31408800000001 -5.2843796458333339 272.41065350000002 19.540625000000002 270.38757000000004 241.49687000000003 252.47833200000002 -6.6249999999999991 3.5000000000000004 14.875000000000002 1.0000000180025095e-35 20.301302083333336 174.78937850000003
decision_type=2 2 2 2 2 2 2 2 2 2 2 2 2 2
left_child=1 -1 10 5 11 6 -2 13 -5 -10 -3 12 -4 -8
right_child=3 2 4 8 -6 -7 7 -9 9 -11 -12 -13 -14 -15
leaf_value=0.001418203937531382 0.046332313109857151 -0.46746506855764158 -0.5584538607953865 0.72849317530214974 -0.060937303275899024 -0.31364986590517047 0.36059347442082235 0.02991579466170545 -0.11831410779231039 0.79047940441153264 -0.88243088122813274 -0.23829031322271593 -1.3568055972718358 0.78071588851097562
leaf_weight=2275 4980 394 106 248 580 326 449 484 170 43 292 123 56 179
leaf_count=2275 4980 394 106 248 580 326 449 484 170 43 292 123 56 179
internal_value=-5.14815e-05 -0.16776 -0.415751 0.0932365 -0.233308 0.0694069 0.0899534 0.28509 0.424122 0.0679878 -0.645125 -0.582659 -0.841058 0.481393
internal_weight=10705 3826 1551 6879 865 6418 6092 1112 461 213 686 285 162 628
internal_count=10705 3826 1551 6879 865 6418 6092 1112 461 213 686 285 162 628
is_linear=0
shrinkage=0.05


Tree=24
num_leaves=15
num_cat=0
split_feature=71 84 71 84 71 84 24 49 37 24 36 36 84 22
split_gain=61190.5 43212.1 44500 30250.5 21467.9 17592.3 14118.7 25338 13180.1 13699.2 12944.7 19318.6 15256.9 13337.5
threshold=1.0000000180025095e-35 99.388253500000005 -3.9875000000000003 42.523274000000008 3.9875000000000012 299.97504500000008 278.11863750000003 3.5000000000000004 53.125000000000007 286.87046450000008 22.479947916666671 21.902864583333336 272.35636400000004 63.545252458333344
decision_type=2 2 2 2 2 2 2 2 2 2 2 2 2 2
left_child=1 -1 -3 -2 10 6 7 -4 -8 -10 11 -5 13 -12
right_child=3 2 5 4 -6 -7 8 -9 9 -11 12 -13 -14 -15
leaf_value=0.018910265621178007 0.011633013561975703 -0.63595544124548464 -0.12067166845663001 0.19151526636484525 0.58187956885484271 -1.0381608830557931 0.94380415518109384 -0.69584277367922998 0.21884601092146291 -0.27607061117062276 0.79057402264740739 -0.47790640135192214 -0.25711282337941821 0.26383497086208857
leaf_weight=3184 2451 590 1290 321 431 53 40 224 340 236 134 161 125 1125
leaf_count=3184 2451 590 1290 321 431 53 40 224 340 236 134 161 125 1125
internal_value=-5.47846e-05 -0.106771 -0.251034 0.133829 0.264155 -0.146758 -0.1241 -0.206173 0.0776235 0.0159406 0.190496 -0.0326147 0.268166 0.320481
internal_weight=10705 5957 2773 4748 2297 2183 2130 1514 616 576 1866 482 1384 1259
internal_count=10705 5957 2773 4748 2297 2183 2130 1514 616 576 1866 482 1384 1259
is_linear=0
shrinkage=0.05


Tree=25
num_leaves=15
num_cat=0
split_feature=71 84 67 62 35 57 69 84 24 73 84 84 84 8
split_gain=55443.2 47259.7 32167.2 19503.6 19400.6 16148.8 12745.6 21538.3 14730.2 12519.1 12025.4 11295.8 9350.67 8923.62
threshold=-0.9875000000000006 115.35260050000001 -5.2843796458333339 225.41628950000003 19.634375000000002 1.0555040284141446 11.840655182291668 42.523274000000008 299.02505250000007 14.875000000000002 292.35207400000007 240.93142300000002 167.40658600000003 74.40643900000002
decision_type=2 2 2 2 2 2 2 2 2 2 2 2 2 2
left_child=1 -1 9 6 12 -5 -2 -8 11 -3 -6 -9 -4 -10
right_child=3 2 4 5 10 -7 7 8 13 -11 -12 -13 -14 -15
leaf_value=0.0022914386551477427 0.02833682533123193 -0.4134543923674292 -1.0284202651372032 0.17041293226212029 0.016513075318517596 0.74866475439464986 0.012462599071770573 0.6611903851782146 0.32986981659554521 -0.8412400703519991 -0.84259148115335503 0.064117077283561238 -0.35162621946547135 -0.40675008811677493
leaf_weight=2683 4264 423 62 314 772 196 713 400 90 291 42 99 282 74
leaf_count=2683 4264 423 62 314 772 196 713 400 90 291 42 99 282 74
internal_value=-5.42901e-05 -0.132257 -0.324994 0.0978675 -0.162008 0.393673 0.071054 0.203311 0.408224 -0.588737 -0.0287937 0.543098 -0.476234 -0.0029582
internal_weight=10705 4555 1872 6150 1158 510 5640 1376 663 714 814 499 344 164
internal_count=10705 4555 1872 6150 1158 510 5640 1376 663 714 814 499 344 164
is_linear=0
shrinkage=0.05


Tree=26
num_leaves=15
num_cat=0
split_feature=71 84 71 84 71 45 84 67 83 84 31 38 36 32
split_gain=50478.3 36112.1 40646.4 25274.3 18537.4 17331.1 14218.9 13942.3 16316.5 11994.7 13539.5 17802.6 18736.5 15647.3
threshold=1.0000000180025095e-35 87.746388500000009 -3.9875000000000003 42.523274000000008 3.9875000000000012 52.562500000000007 299.97504500000008 1.4133323125000004 247.36838000000003 282.33339050000006 21.112500000000004 51.625000000000007 24.348177083333336 20.987500000000004
decision_type=2 2 2 2 2 2 2 2 2 2 2 2 2 2
left_child=1 -1 -3 -2 9 -4 7 8 -7 10 -5 -12 13 -13
right_child=3 2 5 4 -6 6 -8 -9 -10 -11 11 12 -14 -15
leaf_value=0.023123005168775419 0.0098473598234823396 -0.58445615739400836 0.56608711338933859 -0.03891149450479426 0.53590449140562368 -0.28367872883101969 -0.95508529720483004 0.30139235907015122 0.011069937445429919 -0.65369221554246071 0.91787957293969213 0.11292555169839309 -0.021702033925045772 0.56959853394549675
leaf_weight=3052 2451 613 86 472 431 1222 53 169 762 42 98 328 487 439
leaf_count=3052 2451 613 86 472 431 1222 53 169 762 42 98 328 487 439
internal_value=-6.02171e-05 -0.096986 -0.223137 0.121541 0.240667 -0.126289 -0.153525 -0.133359 -0.170525 0.172224 0.191589 0.272029 0.220865 0.374708
internal_weight=10705 5957 2905 4748 2297 2292 2206 2153 1984 1866 1824 1352 1254 767
internal_count=10705 5957 2905 4748 2297 2292 2206 2153 1984 1866 1824 1352 1254 767
is_linear=0
shrinkage=0.05


Tree=27
num_leaves=15
num_cat=0
split_feature=67 84 12 73 84 47 69 74 37 65 69 84 70 47
split_gain=46322.6 42834.5 29150.8 22272 15062.7 12809.5 17572.2 11667.6 14208.6 11652.1 11263.4 10422 10417.3 9592.07
threshold=-2.6006390416666663 77.844594000000015 252.87840800000001 13.875000000000002 272.07054550000004 72.708333333333357 -4.3761332291666655 -5.8749999999999991 51.125000000000007 1.4186220000000034 -20.992930640624994 274.29007000000007 14.54420179578752 78.605468750000014
decision_type=2 2 2 2 2 2 2 2 2 2 2 2 2 2
left_child=1 -1 4 5 10 6 -3 11 9 -9 13 -4 -7 -2
right_child=2 3 7 -5 -6 12 -8 8 -10 -11 -12 -13 -14 -15
leaf_value=0.016856422785029107 -0.90244807580421726 0.56569370780554085 0.64878929113501949 -0.6441236970929709 -0.34384805934356621 -0.18202110534762822 -0.41944084744422866 1.184622394376331 0.082927024089339219 0.33604961990689242 0.050115363668458979 -0.20751284770213252 -0.54055270356245966 0.018874300186455781
leaf_weight=1664 57 107 290 451 265 601 77 53 676 167 5896 40 306 55
leaf_count=1664 57 107 290 451 265 601 77 53 676 167 5896 40 306 55
internal_value=-5.48227e-05 -0.159098 0.0679519 -0.348861 0.0243516 -0.226326 0.153397 0.290837 0.196842 0.544914 0.0406466 0.544682 -0.303443 -0.45385
internal_weight=10705 3206 7499 1542 6273 1091 184 1226 896 220 6008 330 907 112
internal_count=10705 3206 7499 1542 6273 1091 184 1226 896 220 6008 330 907 112
is_linear=0
shrinkage=0.05


Tree=28
num_leaves=15
num_cat=0
split_feature=71 84 71 84 68 45 69 67 84 83 7 51 46 70
split_gain=42463.3 29904.2 33250.3 22221.9 16691.9 15025.5 13723 12642.6 11648.5 14742.3 11498.5 11316.2 10795.1 10585.9
threshold=1.0000000180025095e-35 87.746388500000009 -3.9875000000000003 42.523274000000008 10.496317830151206 52.562500000000007 -0.66454532812499967 5.2316575625000006 299.97504500000008 247.36838000000003 108.56920100000001 1.5000000000000002 82.848958333333357 8.2420240502277053
decision_type=2 2 2 2 2 2 2 2 2 2 2 2 2 2
left_child=1 -1 -3 -2 6 -4 13 8 9 -7 11 -6 -11 -5
right_child=3 2 5 4 10 7 -8 -9 -10 12 -12 -13 -14 -15
leaf_value=0.020346997318791804 0.0067458027859824618 -0.53054664175098931 0.52852187279729579 0.16505665411975981 0.088092961362863501 -0.25148562060962437 0.24331195955118165 0.47580810680985453 -0.88990128128616908 0.24286335648105639 0.17991837389194049 0.85930140281265432 -0.129935757907894 -0.27813999076046192
leaf_weight=3052 2451 613 86 268 61 1272 1299 79 53 327 181 219 475 269
leaf_count=3052 2451 613 86 268 61 1272 1299 79 53 327 181 219 475 269
internal_value=-5.36515e-05 -0.088952 -0.203749 0.111477 0.223177 -0.116154 0.155475 -0.141514 -0.164655 -0.145702 0.49189 0.6922 0.022179 -0.0570587
internal_weight=10705 5957 2905 4748 2297 2292 1836 2206 2127 2074 461 280 802 537
internal_count=10705 5957 2905 4748 2297 2292 1836 2206 2127 2074 461 280 802 537
is_linear=0
shrinkage=0.05


Tree=29
num_leaves=15
num_cat=0
split_feature=71 84 84 62 24 49 24 47 73 56 69 84 24 58
split_gain=38804.2 42172.5 20050.8 20537.5 17149.4 13880.8 13581.9 11883.8 13240.6 11803.8 11248.9 16448.4 14364.6 9419.8
threshold=-2.0124999999999988 90.300388000000012 282.33339050000006 230.22416750000002 273.57706450000006 3.5000000000000004 246.78300350000004 77.423177083333357 10.875000000000002 -5.6909425000000047 11.840655182291668 42.523274000000008 299.02505250000007 -13.058172000000011
decision_type=2 2 2 2 2 2 2 2 2 2 2 2 2 2
left_child=1 -1 3 10 5 6 -3 8 -6 -5 -2 -12 13 -13
right_child=2 4 -4 9 7 -7 -8 -9 -10 -11 11 12 -14 -15
leaf_value=0.015205055838531885 0.014228198068183182 -0.63427794640722679 -0.57285285899043081 -0.23349889659363293 0.68410819526071909 -0.81415380257330527 -0.18715542512363756 -0.45057820827110651 -0.18245681408677519 0.47255520350029673 0.0082852711051221179 0.99821340797783498 -0.03197389265911265 0.39359442878869322
leaf_weight=1492 5949 288 124 68 80 237 415 108 96 430 742 76 181 419
leaf_count=1492 5949 288 124 68 80 237 415 108 96 430 742 76 181 419
internal_value=-4.75594e-05 -0.163279 0.0554593 0.0654369 -0.380678 -0.483455 -0.37097 -0.039995 0.213076 0.375871 0.0444037 0.170901 0.349118 0.48825
internal_weight=10705 2716 7989 7865 1224 940 703 284 176 498 7367 1418 676 495
internal_count=10705 2716 7989 7865 1224 940 703 284 176 498 7367 1418 676 495
is_linear=0
shrinkage=0.05


Tree=30
num_leaves=15
num_cat=0
split_feature=67 84 12 73 84 47 69 37 29 32 71 84 30 70
split_gain=36416.6 33431.3 22359.8 17697.2 12395.3 10517.6 15504.8 10242.9 11872.4 11047.9 9226.59 21921.8 8900.1 8775.77
threshold=-2.6006390416666663 77.844594000000015 252.87840800000001 13.875000000000002 272.07054550000004 72.708333333333357 -4.3761332291666655 44.375000000000007 22.012500000000003 27.987500000000004 1.8125000000000002 42.523274000000008 19.812500000000004 7.248982834895128
decision_type=2 2 2 2 2 2 2 2 2 2 2 2 2 2
left_child=1 -1 4 5 10 6 -3 -4 -9 -10 -2 -12 -5 -7
right_child=2 3 7 12 -6 13 -8 8 9 -11 11 -13 -14 -15
leaf_value=0.014382996134706089 -0.0071584369864277492 0.53185885567218072 0.76332480996523211 -0.80448566713818792 -0.31194591211247841 0.024865482430249903 -0.39351557358526268 0.49746508658346206 -0.021495612152807771 0.34643805861155208 0.0064986567701879692 0.35540885454385279 -0.35751678070234227 -0.35145258471002466
leaf_weight=1664 3994 107 91 215 265 198 77 278 524 333 1336 678 236 709
leaf_count=1664 3994 107 91 215 265 198 77 278 524 333 1336 678 236 709
internal_value=-4.76135e-05 -0.141063 0.0602506 -0.308708 0.022065 -0.199484 0.144576 0.255455 0.2141 0.121708 0.036847 0.124075 -0.571903 -0.269365
internal_weight=10705 3206 7499 1542 6273 1091 184 1226 1135 857 6008 2014 451 907
internal_count=10705 3206 7499 1542 6273 1091 184 1226 1135 857 6008 2014 451 907
is_linear=0
shrinkage=0.05


Tree=31
num_leaves=15
num_cat=0
split_feature=67 84 12 73 84 47 69 43 41 68 72 29 84 63
split_gain=32876.8 30180.4 20191.4 15989.7 11191 9953.79 14341.8 9434.39 12656.9 12026.9 9918.35 8956.62 8707.83 8179.1
threshold=-2.6006390416666663 77.844594000000015 252.87840800000001 14.875000000000002 272.07054550000004 72.708333333333357 -4.3761332291666655 48.875000000000007 88.125000000000014 11.416581984196002 0.98750000000000082 18.962500000000002 107.65659300000002 3.6881096249999996
decision_type=2 2 2 2 2 2 2 2 2 2 2 2 2 2
left_child=1 -1 4 5 11 6 -3 13 9 -9 -11 12 -2 -4
right_child=2 3 7 -5 -6 -7 -8 8 -10 10 -12 -13 -14 -15
leaf_value=0.013664278413753611 0.054453420265154408 0.51095547417024956 1.1318993853330612 -0.55449552074600672 -0.29640725377414906 -0.26068154792661097 -0.37082447396591306 0.048004850203656545 0.88199419290308034 0.098067073628983717 0.74245887690020684 0.055046220981230548 -0.33196143812808387 0.35718701414401294
leaf_weight=1664 274 108 49 424 265 931 79 763 61 109 132 5424 310 112
leaf_count=1664 274 108 49 424 265 931 79 763 61 109 132 5424 310 112
internal_value=-4.38659e-05 -0.134031 0.0572489 -0.293317 0.0209621 -0.193858 0.138448 0.242747 0.188456 0.145483 0.452622 0.0350076 -0.150881 0.598501
internal_weight=10705 3206 7499 1542 6273 1118 187 1226 1065 1004 241 6008 584 161
internal_count=10705 3206 7499 1542 6273 1118 187 1226 1065 1004 241 6008 584 161
is_linear=0
shrinkage=0.05


Tree=32
num_leaves=15
num_cat=0
split_feature=71 84 24 58 84 62 47 57 69 84 24 8 58 74
split_gain=30173.8 29563.7 15346.2 16971.4 13826.2 16439 12288.3 8365.89 7731.08 14369.6 13160.1 8073.85 7743.44 7742.81
threshold=-1.2375000000000005 115.35260050000001 247.91118100000003 -8.8124470000000041 278.29070450000006 230.22416750000002 73.075520833333357 1.0555040284141446 11.840655182291668 42.523274000000008 299.02505250000007 74.40643900000002 -13.058172000000011 -6.1249999999999991
decision_type=2 2 2 2 2 2 2 2 2 2 2 2 2 2
left_child=1 -1 -3 -4 5 8 -5 -7 -2 -10 12 -12 -11 -14
right_child=4 2 3 6 -6 7 -8 -9 9 10 11 -13 13 -15
leaf_value=0.00022679091506977407 0.022447796969179853 -0.51216546973217303 -0.47493316611876496 0.44803843940230642 -0.40944331888795688 0.18462246173455588 -0.12564370428724453 0.62418809744488934 0.0034388806351593562 0.91961152835132243 0.25754037504804506 -0.42337352378836163 1.0239293668328262 0.29738716881882443
leaf_weight=2285 4914 497 318 110 151 266 586 183 734 76 96 78 40 371
leaf_count=2285 4914 497 318 110 151 266 586 183 734 76 96 78 40 371
internal_value=-3.19614e-05 -0.113264 -0.284777 -0.17293 0.0621884 0.0727855 -0.0344628 0.364766 0.0519513 0.155789 0.324704 -0.048372 0.457826 0.370411
internal_weight=10705 3796 1511 1014 6909 6758 696 449 6309 1395 661 174 487 411
internal_count=10705 3796 1511 1014 6909 6758 696 449 6309 1395 661 174 487 411
is_linear=0
shrinkage=0.05


Tree=33
num_leaves=15
num_cat=0
split_feature=67 84 62 71 73 84 36 69 47 70 45 61 69 30
split_gain=27911.3 25633.6 17772.7 15048.5 13768.3 11767.3 9051.74 9683.08 13535.8 11059.5 8842.41 8496.96 8063.92 7808.34
threshold=-2.6006390416666663 77.844594000000015 57.116915499999998 5.1000000000000005 13.875000000000002 278.29070450000006 18.666666666666668 -0.66454532812499967 73.445312500000014 13.693501098974814 51.020833333333336 66.725910500000012 -20.992930640624994 19.812500000000004
decision_type=2 2 2 2 2 2 2 2 2 2 2 2 2 2
left_child=1 -1 12 5 6 10 -3 8 9 -8 -4 -10 -2 -6
right_child=2 4 3 -5 13 -7 7 -9 11 -11 -12 -13 -14 -15
leaf_value=0.012639162539988308 -0.38217322312618102 -0.72845623951027361 0.75764774873175411 0.73708662839606409 -0.72015395964737294 -0.36658180962399683 -0.010067706338120895 -0.53270035294899298 -0.3087961961668837 0.80595206026520061 0.16458770131025355 0.043404952672001944 0.020642552170337086 -0.30186028469684006
leaf_weight=1664 126 68 65 119 215 100 102 133 439 69 1364 280 5725 236
leaf_count=1664 126 68 65 119 215 100 102 133 439 69 1364 280 5725 236
internal_value=-2.17895e-05 -0.123476 0.0527674 0.197752 -0.270274 0.155322 -0.173937 -0.136402 -0.0766486 0.321975 0.192075 -0.171769 0.0119042 -0.502421
internal_weight=10705 3206 7499 1648 1542 1529 1091 1023 890 171 1429 719 5851 451
internal_count=10705 3206 7499 1648 1542 1529 1091 1023 890 171 1429 719 5851 451
is_linear=0
shrinkage=0.05


Tree=34
num_leaves=15
num_cat=0
split_feature=71 84 67 84 33 71 73 84 24 69 31 46 16 84
split_gain=25642.8 18475.3 19135.6 15181.6 12735.4 12457.8 11435.7 11074.2 10245.7 13327.4 10090.4 9222.88 9174.47 9033.31
threshold=1.0000000180025095e-35 112.31408800000001 -5.6931057291666649 42.523274000000008 19.065625000000004 5.1000000000000005 4.6250000000000009 295.90254450000003 235.28737700000002 11.532673921875002 23.012500000000003 83.005208333333357 286.83628450000003 164.94754550000002
decision_type=2 2 2 2 2 2 2 2 2 2 2 2 2 2
left_child=1 -1 6 -2 13 8 -3 10 11 -10 -6 -5 -11 -4
right_child=3 2 4 5 7 -7 -8 -9 9 12 -12 -13 -14 -15
leaf_value=0.0078907931220891757 8.2545296517299528e-05 -0.10261108556378214 -0.75343133131663009 0.79988191888154114 0.14523521415894255 0.5657621817243973 -0.51093685532391186 -0.78060390014540071 0.0092500106653634617 0.33851283024147105 -0.13854680495129693 0.14769470740907961 -0.39490459294908725 -0.1963188764245547
leaf_weight=3376 2451 256 89 106 745 190 522 43 1232 613 539 111 45 387
leaf_count=3376 2451 256 89 106 745 190 522 43 1232 613 539 111 45 387
internal_value=-2.44775e-05 -0.0691072 -0.169786 0.0866453 -0.0802644 0.178971 -0.376882 -0.000614741 0.14384 0.106339 0.0260935 0.468482 0.287832 -0.301846
internal_weight=10705 5957 2581 4748 1803 2297 778 1327 2107 1890 1284 217 658 476
internal_count=10705 5957 2581 4748 1803 2297 778 1327 2107 1890 1284 217 658 476
is_linear=0
shrinkage=0.05


Tree=35
num_leaves=15
num_cat=0
split_feature=67 84 62 84 73 69 47 70 58 16 71 84 70 43
split_gain=23476.5 23352.5 15359.4 15456.2 11576.3 8991.04 14546.2 9795.91 8760.08 10719.8 7844.72 13196.8 7664.23 7632.35
threshold=-3.4530720208333308 87.746388500000009 127.13975050000001 252.47833200000002 13.875000000000002 -0.66454532812499967 73.445312500000014 13.693501098974814 18.444114500000016 274.46404250000006 1.5874999999999988 42.523274000000008 14.54420179578752 70.375000000000014
decision_type=2 2 2 2 2 2 2 2 2 2 2 2 2 2
left_child=1 -1 10 8 5 6 7 -3 9 13 -2 -12 -8 -4
right_child=2 4 3 -5 -6 -7 12 -9 -10 -11 11 -13 -14 -15
leaf_value=0.011126800802837501 -0.024724359992675509 -0.01426426841632316 0.23996851413549108 0.0035417353399891773 -0.48498281680970134 -0.62385971199608214 -0.085039967845256415 0.78389501499155401 0.095587409613654029 0.98628022097624268 -0.00048359469046159968 0.24051460001826933 -0.42149836179870431 0.77658617024341325
leaf_weight=1610 4146 94 266 480 427 98 432 64 191 90 1543 898 278 88
leaf_count=1610 4146 94 266 480 427 98 432 64 191 90 1543 898 278 88
internal_value=-2.72843e-05 -0.118586 0.0462079 0.217738 -0.268405 -0.172269 -0.120624 0.311938 0.37939 0.500987 0.0171439 0.0882375 -0.217188 0.375177
internal_weight=10705 3003 7702 1115 1393 966 868 158 635 444 6587 2441 710 354
internal_count=10705 3003 7702 1115 1393 966 868 158 635 444 6587 2441 710 354
is_linear=0
shrinkage=0.05


Tree=36
num_leaves=15
num_cat=0
split_feature=84 36 84 49 36 61 36 36 37 24 84 25 84 73
split_gain=22305.6 19562.5 17821.7 17211.1 15581.4 12917.2 12334.6 16807 9816.29 10025.3 10512.6 9779.38 11614.1 8585.18
threshold=282.33339050000006 22.479947916666671 89.094115000000016 4.5000000000000009 18.666666666666668 60.202034000000005 21.826562500000005 20.938671875000004 47.875000000000007 281.04792900000001 91.821440500000008 112.23718932777929 273.02215500000005 4.8750000000000009
decision_type=2 2 2 2 2 2 2 2 2 2 2 2 2 2
left_child=1 2 -1 4 -4 8 7 -6 9 -3 -11 12 -7 -9
right_child=-2 5 3 -5 6 11 -8 13 -10 10 -12 -13 -14 -15
leaf_value=0.025261550380615911 -0.4849455808991856 0.01666601985491423 -0.56120967672516897 -0.6735726366192103 -0.16142019968475965 0.36505702438470844 -0.27967897147938076 0.38343620574876919 0.021588816922720393 0.078337554091038861 0.96300276233118842 -0.31155012113426034 -0.15202577075979207 -0.032670756225989576
leaf_weight=2365 231 133 191 159 662 729 559 312 4818 55 86 73 127 205
leaf_count=2365 231 133 191 159 662 729 559 312 4818 55 86 73 127 205
internal_value=-1.89956e-05 0.0107211 -0.0687273 -0.175146 -0.133735 0.0694812 -0.0864614 0.00530827 0.0381775 0.328732 0.620902 0.240836 0.288252 0.218698
internal_weight=10705 10474 4453 2088 1929 6021 1738 1179 5092 274 141 929 856 517
internal_count=10705 10474 4453 2088 1929 6021 1738 1179 5092 274 141 929 856 517
is_linear=0
shrinkage=0.05


Tree=37
num_leaves=15
num_cat=0
split_feature=84 36 84 49 36 37 24 84 36 36 47 24 61 22
split_gain=20252.5 17713.3 17008.4 15495.8 13661.1 11909 11552.5 11294.7 11188.1 13948.2 10328 9718.98 9065.2 13531.2
threshold=292.35207400000007 22.479947916666671 90.300388000000012 4.5000000000000009 18.666666666666668 47.875000000000007 281.04792900000001 91.821440500000008 21.826562500000005 20.938671875000004 75.490885416666671 272.16657050000009 69.219084000000009 136.98705236979171
decision_type=2 2 2 2 2 2 2 2 2 2 2 2 2 2
left_child=1 2 -1 4 -4 6 -3 -8 9 -6 -11 -12 -7 -14
right_child=-2 5 3 -5 8 12 7 -9 -10 10 11 -13 13 -15
leaf_value=0.023694025946815564 -0.68771713321571648 0.034225734841634728 -0.53329533771611748 -0.64586103146181173 -0.15168450788649568 0.020468836365015414 0.088856571082336216 0.95074085808462572 -0.26983571898510655 -0.56137324269151401 0.35067685562550771 -0.27623630936627519 0.45457694863150233 0.040697310392906028
leaf_weight=2373 105 143 191 158 679 4952 59 107 578 41 410 72 318 519
leaf_count=2373 105 143 191 158 679 4952 59 107 578 41 410 72 318 519
internal_value=-2.17995e-05 0.00685451 -0.0683611 -0.170929 -0.13255 0.0623864 0.364322 0.646775 -0.0892729 -0.00229443 0.191575 0.256652 0.0462098 0.198297
internal_weight=10705 10600 4502 2129 1971 6098 309 166 1780 1202 523 482 5789 837
internal_count=10705 10600 4502 2129 1971 6098 309 166 1780 1202 523 482 5789 837
is_linear=0
shrinkage=0.05


Tree=38
num_leaves=15
num_cat=0
split_feature=67 84 62 84 73 69 47 70 65 58 32 84 33 70
split_gain=19380.1 18662.8 12499.3 12822.4 9571.83 7900.77 11910.4 8425.96 7889.79 8219.86 9764.77 6404.72 6508.01 6373.79
threshold=-3.4530720208333308 83.389220000000009 127.13975050000001 252.47833200000002 13.875000000000002 -0.66454532812499967 73.445312500000014 13.693501098974814 25.203740750000005 31.129446999999988 24.712500000000002 268.31435900000002 16.006250000000005 14.54420179578752
decision_type=2 2 2 2 2 2 2 2 2 2 2 2 2 2
left_child=1 -1 11 8 5 6 7 -3 9 -4 -11 12 -2 -8
right_child=2 4 3 -5 -6 -7 13 -9 -10 10 -12 -13 -14 -15
leaf_value=0.0084471024331041322 -0.53654019207346682 -0.016774903206448807 0.37270923533702094 0.0016282324147703061 -0.43810610210041068 -0.57743815422961209 -0.072538237768216787 0.72343651588146507 0.72144799093928258 0.25450795374197671 -0.64409177558762698 -0.22135093816839185 0.030584274719491655 -0.37887566035314069
leaf_weight=1607 50 94 396 480 428 98 433 64 113 78 48 272 6265 279
leaf_count=1607 50 94 396 480 428 98 433 64 113 78 48 272 6265 279
internal_value=-2.61366e-05 -0.107746 0.0419821 0.19672 -0.241411 -0.15408 -0.105783 0.285722 0.343956 0.261016 -0.0901919 0.0157633 0.0260097 -0.192941
internal_weight=10705 3003 7702 1115 1396 968 870 158 635 522 126 6587 6315 712
internal_count=10705 3003 7702 1115 1396 968 870 158 635 522 126 6587 6315 712
is_linear=0
shrinkage=0.05


Tree=39
num_leaves=15
num_cat=0
split_feature=84 36 84 49 36 84 71 44 58 31 70 36 36 37
split_gain=17850.4 15068.6 13575.4 14455.5 11864 10406.1 14716.2 15838.1 14290.5 20550.6 16292.4 9916.43 13382.2 9896.63
threshold=282.33339050000006 22.479947916666671 90.300388000000012 4.5000000000000009 18.666666666666668 42.523274000000008 1.5874999999999988 51.687500000000007 -16.000932500000001 22.762500000000003 18.044551323038437 21.826562500000005 20.938671875000004 62.375000000000007
decision_type=2 2 2 2 2 2 2 2 2 2 2 2 2 2
left_child=1 2 -1 4 -4 -3 7 -7 13 10 -10 12 -6 -9
right_child=-2 5 3 -5 11 6 -8 8 9 -11 -12 -13 -14 -15
leaf_value=0.02158675597878228 -0.43383223454805153 -0.00086093938768910588 -0.48833065892880162 -0.61162168488445345 -0.14091293452610015 0.55127260901824815 0.26535515002475663 -1.047669334303249 0.21726515915762504 -0.08624586352207525 1.1341552651354245 -0.24752272977927656 0.19890807308761019 -0.21359204100786236
leaf_weight=2373 231 3186 191 158 658 135 1183 43 366 863 55 557 516 190
leaf_count=2373 231 3186 191 158 658 135 1183 43 366 863 55 557 516 190
internal_value=-2.84399e-05 0.00957944 -0.0601491 -0.153364 -0.115394 0.0611506 0.130815 0.0343691 -0.0119637 0.0534884 0.339453 -0.073986 0.00848838 -0.37134
internal_weight=10705 10474 4453 2080 1922 6021 2835 1652 1517 1284 421 1731 1174 233
internal_count=10705 10474 4453 2080 1922 6021 2835 1652 1517 1284 421 1731 1174 233
is_linear=0
shrinkage=0.05


Tree=40
num_leaves=15
num_cat=0
split_feature=67 84 62 84 30 58 47 73 36 17 84 45 29 68
split_gain=16658.7 14675.6 10362.5 10070 9328.8 8736.58 11769 9172.03 7835.47 6801.21 6738.92 6653.83 8199.95 6877.66
threshold=-2.6006390416666663 77.844594000000015 127.13975050000001 271.40114750000004 18.962500000000002 -6.6937375000000108 73.919270833333357 -8.3749999999999982 23.449479166666674 51.449924049060698 283.32550850000001 51.656250000000007 24.212500000000002 10.802683956439942
decision_type=2 2 2 2 2 2 2 2 2 2 2 2 2 2
left_child=1 -1 -2 4 -4 7 8 -3 -7 -8 -11 -6 -13 -14
right_child=2 5 3 -5 11 6 9 -9 -10 10 -12 12 13 -15
leaf_value=0.0075856620369356004 0.017127630703790753 0.28524652227111486 -0.2292993661016226 -0.14585735212991582 0.89271314169498206 0.84702744073257219 -0.27245777720821557 -0.46096338129697956 0.061215515707580138 0.2360338266230595 -0.46621938052276768 0.35235903608453634 -0.3713462715595961 0.41295687693149552
leaf_weight=1664 6457 45 87 186 46 40 713 418 141 141 44 602 79 42
leaf_count=1664 6457 45 87 186 46 40 713 418 141 141 44 602 79 42
internal_value=-3.1137e-05 -0.0954067 0.0407515 0.186985 0.259395 -0.206481 -0.128312 -0.387979 0.238575 -0.202445 0.0674029 0.314908 0.276964 -0.0979554
internal_weight=10705 3206 7499 1042 856 1542 1079 463 181 898 185 769 723 121
internal_count=10705 3206 7499 1042 856 1542 1079 463 181 898 185 769 723 121
is_linear=0
shrinkage=0.05


Tree=41
num_leaves=15
num_cat=0
split_feature=84 67 62 84 71 58 47 9 61 58 30 47 20 32
split_gain=15895 13182.1 11839.3 10573.9 9592.97 9323.47 9556.74 8089.89 7288.46 7274.6 6800.24 6935.8 8149.76 6408.32
threshold=292.35207400000007 -2.4885673333333322 153.27572900000004 77.844594000000015 5.1000000000000005 1.0000000180025095e-35 73.800781250000014 290.2148160000001 144.98298000000003 -7.681772499999993 18.962500000000002 75.686197916666671 274.06945200000007 28.237500000000004
decision_type=2 2 2 2 2 2 2 2 2 2 2 2 2 2
left_child=1 3 -3 -1 10 7 -7 8 -5 -10 -4 13 -13 -12
right_child=-2 2 4 5 -6 6 -8 -9 9 -11 11 12 -14 -15
leaf_value=0.0071743847612099317 -0.60926109535162754 0.018622895288269672 -0.30213278873513144 -0.40218409604646949 0.77688238188840342 0.39587469261346597 -0.11851311133914169 0.33963288648092016 -0.34121901970770629 0.31194316816320761 0.0052668364125269436 0.28328672847524194 1.0095617419999579 0.46972432431283889
leaf_weight=1675 105 6495 71 626 68 107 550 48 89 80 404 252 45 90
leaf_count=1675 105 6495 71 626 68 107 550 48 89 80 404 252 45 90
internal_value=-2.41342e-05 0.00606766 0.0425283 -0.0791851 0.209281 -0.17556 -0.0342648 -0.285509 -0.323633 -0.0320136 0.163657 0.205795 0.396347 0.0906626
internal_weight=10705 10600 7425 3175 930 1500 657 843 795 169 862 791 297 494
internal_count=10705 10600 7425 3175 930 1500 657 843 795 169 862 791 297 494
is_linear=0
shrinkage=0.05


Tree=42
num_leaves=15
num_cat=0
split_feature=84 24 37 69 84 84 47 31 84 36 80 84 24 21
split_gain=14359.9 12251.4 11627.7 10252.7 15267.5 10563.4 9462.11 9092.54 8794.67 8703.13 8417.34 16663.3 14794.4 9847.72
threshold=292.35207400000007 274.65417650000006 51.125000000000007 -12.816781651041664 84.599854500000006 252.07193500000002 78.419270833333357 21.937500000000004 82.580294000000023 17.625651041666668 -0.32143946530316164 226.56121400000004 277.22543400000006 80.969103017367516
decision_type=2 2 2 2 2 2 2 2 2 2 2 2 2 2
left_child=1 3 7 4 -1 -6 -7 -3 -9 -5 12 13 -4 -12
right_child=-2 2 10 9 5 6 -8 8 -10 -11 11 -13 -14 -15
leaf_value=0.0080018402473375719 -0.57908542949073716 -0.039665779622737318 1.0200282474147513 -0.57866190594504585 -0.43919148251889317 -0.31265861529503591 0.2462036500191864 -0.043618757985532289 0.64481581816319811 0.0078390287567238672 -0.016621679343086639 -0.93749108538031578 0.11577823504506485 0.60125075595369992
leaf_weight=836 105 111 46 63 497 170 135 59 214 5415 1719 47 1222 66
leaf_count=836 105 111 46 63 497 170 135 59 214 5415 1719 47 1222 66
internal_value=-1.43121e-05 0.00577585 0.082585 -0.0318363 -0.14155 -0.297258 -0.0652971 0.341755 0.496417 0.000989563 0.0503815 -0.0181697 0.14936 0.00654788
internal_weight=10705 10600 3484 7116 1638 802 305 384 273 5478 3100 1832 1268 1785
internal_count=10705 10600 3484 7116 1638 802 305 384 273 5478 3100 1832 1268 1785
is_linear=0
shrinkage=0.05


Tree=43
num_leaves=15
num_cat=0
split_feature=84 36 84 49 36 36 36 61 25 84 25 24 40 36
split_gain=13255.2 11289.7 10332.4 11658.5 9469.36 8552.67 10985.9 8451.85 8027.09 8746.69 7548.77 8623.21 7542.69 7528.62
threshold=282.33339050000006 22.479947916666671 89.094115000000016 4.5000000000000009 18.666666666666668 21.826562500000005 20.938671875000004 60.202034000000005 112.01015804987527 273.02215500000005 1.3929144003015315 272.16657050000009 93.875000000000014 19.000651041666668
decision_type=2 2 2 2 2 2 2 2 2 2 2 2 2 2
left_child=1 2 -1 4 12 6 -6 -3 9 -9 -8 -12 -4 -5
right_child=-2 7 3 13 5 -7 10 8 -10 -11 11 -13 -14 -15
leaf_value=0.019474492180796395 -0.37383434619224665 0.027582394066541928 -0.59822829079627993 -0.026558537170290948 -0.12059372353014926 -0.22308801025684391 -0.4653302397578955 0.30509578025770479 -0.27532513140745107 -0.14404005838441664 0.33401400981789858 -0.24742234987451842 0.15662453109181898 -0.771209229783969
leaf_weight=2365 231 5092 149 49 662 559 40 719 83 127 402 75 42 110
leaf_count=2365 231 5092 149 49 662 559 40 719 83 127 402 75 42 110
internal_value=-1.50122e-05 0.00826433 -0.0520909 -0.133121 -0.0990452 -0.0621955 0.014213 0.052903 0.19151 0.237582 0.186728 0.242267 -0.432288 -0.543326
internal_weight=10705 10474 4453 2088 1929 1738 1179 6021 929 846 517 477 191 159
internal_count=10705 10474 4453 2088 1929 1738 1179 6021 929 846 517 477 191 159
is_linear=0
shrinkage=0.05


end of trees

feature_importances:
consumo_alvo_semana_anterior=147
temperatura_externa_c_diferenca_semana_atual=89
correcao_semanal_media_1440m=48
consumo_max_1440m=46
temperatura_externa_c_media_1440m=30
umidade_relativa_pct_media_1440m=23
correcao_semanal_media_360m=23
correcao_semanal_std_1440m=20
umidade_relativa_pct_diferenca_semana_atual=20
consumo_diferenca_dia_atual=19
umidade_relativa_pct_atual=10
tendencia_consumo_360m=10
temperatura_externa_c_lag_1440m=9
origem_dia_semana=9
correcao_semanal_std_360m=8
temperatura_externa_c_lag_360m=7
umidade_relativa_pct_media_180m=6
temperatura_externa_c_lag_720m=5
umidade_relativa_pct_lag_1440m=5
tendencia_consumo_180m=5
temperatura_externa_c_tendencia_1h=5
consumo_alvo_dia_anterior=5
consumo_lag_720m=4
consumo_mean_1440m=4
umidade_relativa_pct_media_60m=4
umidade_relativa_pct_media_360m=4
consumo_razao_semana_atual=4
consumo_max_60m=3
consumo_max_180m=3
consumo_std_1440m=3
temperatura_externa_c_lag_180m=3
origem_mes=3
correcao_semanal_media_180m=3
consumo_atual_kw=2
consumo_lag_1440m=2
temperatura_externa_c_media_60m=2
temperatura_externa_c_media_360m=2
umidade_relativa_pct_lag_15m=2
umidade_relativa_pct_lag_720m=2
umidade_relativa_pct_tendencia_1h=2
consumo_lag_180m=1
consumo_lag_10080m=1
consumo_mean_180m=1
consumo_std_180m=1
consumo_max_360m=1
consumo_std_360m=1
temperatura_externa_c_atual=1
umidade_relativa_pct_lag_180m=1
umidade_relativa_pct_lag_360m=1
origem_hora=1
origem_hora_cos=1
origem_semana_sin=1
consumo_diferenca_semana_atual=1
correcao_semanal_media_60m=1
alvo_hora_cos=1

parameters:
[boosting: gbdt]
[objective: regression]
[metric: l1]
[tree_learner: serial]
[device_type: cpu]
[data_sample_strategy: bagging]
[data: ]
[valid: ]
[num_iterations: 400]
[learning_rate: 0.05]
[num_leaves: 15]
[num_threads: 2]
[seed: 20260905]
[deterministic: 1]
[force_col_wise: 1]
[force_row_wise: 0]
[histogram_pool_size: -1]
[max_depth: -1]
[min_data_in_leaf: 40]
[min_sum_hessian_in_leaf: 0.001]
[bagging_fraction: 1]
[pos_bagging_fraction: 1]
[neg_bagging_fraction: 1]
[bagging_freq: 0]
[bagging_seed: 23218]
[bagging_by_query: 0]
[feature_fraction: 1]
[feature_fraction_bynode: 1]
[feature_fraction_seed: 28090]
[extra_trees: 0]
[extra_seed: 14360]
[early_stopping_round: 0]
[early_stopping_min_delta: 0]
[first_metric_only: 0]
[max_delta_step: 0]
[lambda_l1: 0]
[lambda_l2: 1]
[linear_lambda: 0]
[min_gain_to_split: 0]
[drop_rate: 0.1]
[max_drop: 50]
[skip_drop: 0.5]
[xgboost_dart_mode: 0]
[uniform_drop: 0]
[drop_seed: 16970]
[top_rate: 0.2]
[other_rate: 0.1]
[min_data_per_group: 100]
[max_cat_threshold: 32]
[cat_l2: 10]
[cat_smooth: 10]
[max_cat_to_onehot: 4]
[top_k: 20]
[monotone_constraints: ]
[monotone_constraints_method: basic]
[monotone_penalty: 0]
[feature_contri: ]
[forcedsplits_filename: ]
[refit_decay_rate: 0.9]
[cegb_tradeoff: 1]
[cegb_penalty_split: 0]
[cegb_penalty_feature_lazy: ]
[cegb_penalty_feature_coupled: ]
[path_smooth: 0]
[interaction_constraints: ]
[verbosity: -1]
[saved_feature_importance_type: 0]
[use_quantized_grad: 0]
[num_grad_quant_bins: 4]
[quant_train_renew_leaf: 0]
[stochastic_rounding: 1]
[linear_tree: 0]
[max_bin: 255]
[max_bin_by_feature: ]
[min_data_in_bin: 3]
[bin_construct_sample_cnt: 200000]
[data_random_seed: 5037]
[is_enable_sparse: 1]
[enable_bundle: 1]
[use_missing: 1]
[zero_as_missing: 0]
[feature_pre_filter: 1]
[pre_partition: 0]
[two_round: 0]
[header: 0]
[label_column: ]
[weight_column: ]
[group_column: ]
[ignore_column: ]
[categorical_feature: ]
[forcedbins_filename: ]
[precise_float_parser: 0]
[parser_config_file: ]
[objective_seed: 15411]
[num_class: 1]
[is_unbalance: 0]
[scale_pos_weight: 1]
[sigmoid: 1]
[boost_from_average: 1]
[reg_sqrt: 0]
[alpha: 0.9]
[fair_c: 1]
[poisson_max_delta_step: 0.7]
[tweedie_variance_power: 1.5]
[lambdarank_truncation_level: 30]
[lambdarank_norm: 1]
[label_gain: ]
[lambdarank_position_bias_regularization: 0]
[eval_at: ]
[multi_error_top_k: 1]
[auc_mu_weights: ]
[num_machines: 1]
[local_listen_port: 12400]
[time_out: 120]
[machine_list_filename: ]
[machines: ]
[gpu_platform_id: -1]
[gpu_device_id: -1]
[gpu_device_id_list: ]
[gpu_use_dp: 0]
[num_gpu: 1]

end of parameters

pandas_categorical:[]
