tree
version=v4
num_class=1
num_tree_per_iteration=1
label_index=0
max_feature_idx=84
objective=regression
feature_names=consumo_atual_kw consumo_lag_15m consumo_lag_30m consumo_lag_60m consumo_lag_120m consumo_lag_180m consumo_lag_360m consumo_lag_720m consumo_lag_1440m consumo_lag_10080m consumo_mean_60m consumo_min_60m consumo_max_60m consumo_std_60m consumo_mean_180m consumo_min_180m consumo_max_180m consumo_std_180m consumo_mean_360m consumo_min_360m consumo_max_360m consumo_std_360m consumo_mean_1440m consumo_min_1440m consumo_max_1440m consumo_std_1440m temperatura_externa_c_atual temperatura_externa_c_lag_15m temperatura_externa_c_lag_60m temperatura_externa_c_lag_180m temperatura_externa_c_lag_360m temperatura_externa_c_lag_720m temperatura_externa_c_lag_1440m temperatura_externa_c_media_60m temperatura_externa_c_media_180m temperatura_externa_c_media_360m temperatura_externa_c_media_1440m umidade_relativa_pct_atual umidade_relativa_pct_lag_15m umidade_relativa_pct_lag_60m umidade_relativa_pct_lag_180m umidade_relativa_pct_lag_360m umidade_relativa_pct_lag_720m umidade_relativa_pct_lag_1440m umidade_relativa_pct_media_60m umidade_relativa_pct_media_180m umidade_relativa_pct_media_360m umidade_relativa_pct_media_1440m origem_hora origem_dia_semana origem_fim_de_semana origem_mes origem_hora_sin origem_hora_cos origem_semana_sin origem_semana_cos consumo_diferenca_semana_atual consumo_razao_semana_atual consumo_diferenca_dia_atual tendencia_consumo_15m tendencia_consumo_60m tendencia_consumo_180m tendencia_consumo_360m correcao_semanal_media_60m correcao_semanal_std_60m correcao_semanal_media_180m correcao_semanal_std_180m correcao_semanal_media_360m correcao_semanal_std_360m correcao_semanal_media_1440m correcao_semanal_std_1440m temperatura_externa_c_diferenca_semana_atual temperatura_externa_c_tendencia_1h umidade_relativa_pct_diferenca_semana_atual umidade_relativa_pct_tendencia_1h alvo_hora alvo_dia_semana alvo_fim_de_semana alvo_mes alvo_hora_sin alvo_hora_cos alvo_semana_sin alvo_semana_cos consumo_alvo_dia_anterior consumo_alvo_semana_anterior
feature_infos=[22.399999999999999:324.71375799999998] [22.399999999999999:324.71375799999998] [22.399999999999999:324.71375799999998] [22.399999999999999:324.71375799999998] [22.399999999999999:324.71375799999998] [22.399999999999999:324.71375799999998] [22.399999999999999:324.71375799999998] [22.399999999999999:324.71375799999998] [22.399999999999999:324.71375799999998] [22.399999999999999:324.71375799999998] [22.399999999999999:321.24876725000001] [22.399999999999999:318.278571] [22.399999999999999:324.71375799999998] [0:82.540869055199337] [22.399999999999999:313.28577408333337] [22.399999999999999:302.53573799999998] [22.399999999999999:324.71375799999998] [0:92.970139865692389] [22.399999999999999:295.13563500000004] [22.399999999999999:249.29458700000001] [22.399999999999999:324.71375799999998] [0:116.53386463160022] [23.200000000000003:159.49963871874999] none [25.600000000000001:324.71375799999998] [1.3929144002343703:128.71471884334804] [15:33.700000000000003] [15:33.700000000000003] [15:33.700000000000003] [15:33.700000000000003] [15:33.700000000000003] [15:33.700000000000003] [15:33.700000000000003] [15:33.4375] [15:32.71875] [15.333333333333334:31.620833333333334] [16.439843749999998:27.283072916666669] [31:98] [31:98] [31:98] [31:98] [31:98] [31:98] [31:98] [32.5:95.625] [33.666666666666664:95.083333333333329] [37.041666666666664:94] [59.309895833333336:91.638020833333329] [0:23.75] [0:6] [0:1] [1:4] [-1:1] [-1:1] [-0.97492791218182362:0.97492791218182362] [-0.90096886790241903:1] [-72.635950000000008:77.445233000000002] [0.43630911779503978:2.09406877563422] [-291.363968:296.779246] [-121.30707899999999:153.05878799999999] [-124.27709300000001:153.05878799999999] [-180.63157299999997:268.16051600000003] [-299.363968:299.97924600000005] [-70.384351250000009:75.467424499999993] [0:44.359338508129341] [-67.777903583333341:70.921986416666655] [0:38.631403568061003] [-64.848194500000005:62.415354583333333] [0:37.083675449251288] [-34.945017510416669:27.905951093750001] [0:30.68446053870321] [-12:11.5] [-8:4.8000000000000007] [-49:48] [-30:40] [0:23.75] [0:6] [0:1] [1:4] [-1:1] [-1:1] [-0.97492791218182362:0.97492791218182362] [-0.90096886790241903:1] [22.399999999999999:324.71375799999998] [22.399999999999999:324.71375799999998]
tree_sizes=1421 1432 1432 1429 1435 1430 1431 1434 1431 1431 1437 1430 1438 1439 1439 1433 1438 1437 1440 1441 1439 1439 1448 1436 1438 1455 1430 1448 1454 1445 1433 1426 1449 1430 1431 1446 1446

Tree=0
num_leaves=15
num_cat=0
split_feature=71 84 71 84 71 69 84 84 83 69 63 58 51 69
split_gain=603276 449112 356813 236702 242881 69804.1 66405.8 59444 42280.5 41340.1 35472 32263.7 31060.4 28546.7
threshold=-1.0000000180025095e-35 103.22879950000002 -2.5124999999999988 42.523274000000008 2.212499999999999 -26.30091713020833 287.58038500000004 272.69961450000005 258.60530300000011 -0.18351217708333298 23.254554000000009 -10.845522500000007 3.5000000000000004 11.840655182291668
decision_type=2 2 2 2 2 2 2 2 2 2 2 2 2 2
left_child=1 -1 5 -2 7 -3 11 9 -7 12 13 -4 -5 -6
right_child=3 2 6 4 10 8 -8 -9 -10 -11 -12 -13 -14 -15
leaf_value=-1.0166123533294926 -1.0105940663460717 -3.5208751729222163 -2.1393074747240668 -0.67663671657525393 -0.20838112938105469 -2.5883002359134024 -2.9438226363445326 -1.6945076814756828 -1.1772481690220731 -0.4000887166531254 0.87387216932201839 -1.3256817065120852 -1.4243371482237102 0.40987597176475643
leaf_weight=2953 2692 208 133 395 353 648 72 141 58 861 204 1363 213 411
leaf_count=2953 2692 208 133 395 353 648 72 141 58 861 204 1363 213 411
internal_value=-1.06376 -1.43334 -1.92896 -0.68262 -0.340296 -2.71366 -1.47079 -0.716984 -2.4727 -0.622793 0.285215 -1.39869 -0.93874 0.125707
internal_weight=10705 5435 2482 5270 2578 914 1568 1610 706 1469 968 1496 608 764
internal_count=10705 5435 2482 5270 2578 914 1568 1610 706 1469 968 1496 608 764
is_linear=0
shrinkage=1


Tree=1
num_leaves=15
num_cat=0
split_feature=71 84 71 84 71 24 84 84 69 63 8 58 24 24
split_gain=544622 405597 329855 213679 219301 64778 60747 53674.1 38027.8 32042.7 30944.3 28805.5 27013.5 26651
threshold=-1.0000000180025095e-35 101.16263750000002 -2.5124999999999988 42.523274000000008 2.212499999999999 257.54432450000007 287.58038500000004 272.69961450000005 -1.3059802708333337 23.254554000000009 205.88845150000003 -10.845522500000007 276.25245200000006 281.72766850000005
decision_type=2 2 2 2 2 2 2 2 2 2 2 2 2 2
left_child=1 -1 5 -2 7 -3 11 8 13 -6 -7 -4 -13 -5
right_child=3 2 6 4 9 10 -8 -9 -10 -11 -12 12 -14 -15
leaf_value=0.04883839323286885 0.050510937168037763 -1.9157771571449105 -1.0071264840938428 -0.15775527931851885 1.1301480405417339 -0.64504745437197719 -1.7873449149197098 -0.59943008855195112 0.59794644816953402 1.8412255066778602 -1.5542074182937886 -0.37553919347499287 0.12377064711241066 0.69071043700340296
leaf_weight=2926 2692 546 134 364 764 208 72 141 982 204 173 1006 370 123
leaf_count=2926 2692 546 134 364 764 208 72 141 982 204 173 1006 370 123
internal_value=-1.34795e-05 -0.351162 -0.817476 0.362127 0.687377 -1.56592 -0.378198 0.329441 0.418945 1.28175 -1.06086 -0.309868 -0.241285 0.0575152
internal_weight=10705 5435 2509 5270 2578 927 1582 1610 1469 968 381 1510 1376 487
internal_count=10705 5435 2509 5270 2578 927 1582 1610 1469 968 381 1510 1376 487
is_linear=0
shrinkage=0.05


Tree=2
num_leaves=15
num_cat=0
split_feature=71 84 71 84 71 69 84 84 31 37 83 69 31 76
split_gain=491665 366535 290665 192888 197979 60281.1 54832.8 48465.9 36376.1 38369.4 35877.6 30907.2 29720.8 27708.4
threshold=-1.0000000180025095e-35 103.22879950000002 -2.5124999999999988 42.523274000000008 2.212499999999999 -26.30091713020833 292.35207400000007 272.69961450000005 21.012500000000003 53.375000000000007 258.60530300000011 11.840655182291668 22.787500000000005 2.5000000000000004
decision_type=2 2 2 2 2 2 2 2 2 2 2 2 2 2
left_child=1 -1 5 -2 7 -3 -4 8 -5 -10 -7 13 -11 -6
right_child=3 2 6 4 11 10 -8 -9 9 12 -12 -13 -14 -15
leaf_value=0.042799137022469846 0.047986330819581466 -2.2395143344641872 -0.31403562632945214 -0.052669803312285296 1.2036428245035469 -1.3723618698092566 -1.9976677083969117 -0.56966965121912283 1.5710528480001242 0.91137822380291211 -0.073120009697089761 1.4772539244880054 0.29696938695679026 0.37667681686811566
leaf_weight=2953 2692 208 1519 343 281 648 49 141 82 263 58 527 781 160
leaf_count=2953 2692 208 1519 343 281 648 49 141 82 263 58 527 781 160
internal_value=-2.94243e-05 -0.333669 -0.781415 0.344054 0.653076 -1.48966 -0.367889 0.312986 0.398036 0.535254 -1.26588 1.21781 0.452473 0.905141
internal_weight=10705 5435 2482 5270 2578 914 1568 1610 1469 1126 706 968 1044 441
internal_count=10705 5435 2482 5270 2578 914 1568 1610 1469 1126 706 968 1044 441
is_linear=0
shrinkage=0.05


Tree=3
num_leaves=15
num_cat=0
split_feature=71 84 71 84 71 84 69 36 84 84 83 69 58 25
split_gain=445301 379672 190885 132152 238338 64610.2 50690.3 40978.9 36926.4 32284.9 28598 28245.2 27542.4 26301.8
threshold=-0.9875000000000006 103.22879950000002 -2.7999999999999985 42.523274000000008 2.0124999999999997 263.70710200000008 -26.462434338541666 20.938671875000004 287.58038500000004 285.86399050000006 258.60530300000011 11.840655182291668 -11.200341999999997 103.83785543165358
decision_type=2 2 2 2 2 2 2 2 2 2 2 2 2 2
left_child=1 -1 6 -2 5 7 -3 -5 12 -7 -8 13 -4 -6
right_child=3 2 8 4 11 9 10 -9 -10 -11 -12 -13 -14 -15
leaf_value=0.036836803906620162 0.045670187409351956 -2.2075769113690664 -1.1306338914439209 -0.24670877468035401 1.1112602065323265 -0.19402339192295567 -1.3392190631407956 0.4491685801451748 -1.6221411835063588 -1.5983812653500102 -0.046710798080931322 1.3953354184329509 -0.31935543133458077 0.29063358657682936
leaf_weight=2513 3075 177 116 248 313 375 628 1417 65 45 46 534 1010 143
leaf_count=2513 3075 177 116 248 313 375 628 1417 65 45 46 534 1010 143
internal_value=-3.11856e-05 -0.374697 -0.880924 0.277481 0.509201 0.205663 -1.45248 0.345433 -0.471656 -0.34793 -1.25121 1.14762 -0.403862 0.855114
internal_weight=10705 4555 2042 6150 3075 2085 851 1665 1191 420 674 990 1126 456
internal_count=10705 4555 2042 6150 3075 2085 851 1665 1191 420 674 990 1126 456
is_linear=0
shrinkage=0.05


Tree=4
num_leaves=15
num_cat=0
split_feature=71 84 71 84 71 24 84 8 69 63 51 24 46 69
split_gain=403508 291491 275574 192366 119857 61221.7 51948.1 40631.6 29604.5 28016.9 24795.5 23926.5 23534.4 20835
threshold=1.0000000180025095e-35 101.16263750000002 -2.1374999999999988 42.523274000000008 2.212499999999999 257.54432450000007 282.33339050000006 205.88845150000003 -0.12570920833333388 23.254554000000009 3.5000000000000004 267.02599300000003 82.848958333333357 -26.462434338541666
decision_type=2 2 2 2 2 2 2 2 2 2 2 2 2 2
left_child=1 -1 5 -2 8 13 12 11 10 -6 -5 -7 -4 -3
right_child=3 2 6 4 9 7 -8 -9 -10 -11 -12 -13 -14 -15
leaf_value=0.054755597135539097 0.043304083603108008 -2.0939310462781173 0.021982746811790674 0.33530644148750155 0.95821983804743671 -1.0592097073501232 -1.3420752485841514 -1.39900331544404 0.56836361611236452 1.6220723193447766 -0.36782312592595517 -0.085611027907468606 -0.35907384223374045 -1.4271478954796928
leaf_weight=3162 2511 178 712 344 764 101 104 201 729 204 196 166 939 394
leaf_count=3162 2511 178 712 344 764 101 104 201 729 204 196 166 939 394
internal_value=-5.47331e-05 -0.274094 -0.646011 0.34375 0.680826 -1.29056 -0.263539 -0.863401 0.360728 1.09965 0.0798883 -0.456479 -0.194828 -1.63794
internal_weight=10705 5957 2795 4748 2237 1040 1755 468 1269 968 540 267 1651 572
internal_count=10705 5957 2795 4748 2237 1040 1755 468 1269 968 540 267 1651 572
is_linear=0
shrinkage=0.05


Tree=5
num_leaves=15
num_cat=0
split_feature=71 84 71 84 71 84 24 24 69 84 37 84 67 69
split_gain=366055 310930 154012 108887 192877 55698.2 41415.1 37814.9 34618.5 31061.5 30481.6 28167.3 25790.1 25397.6
threshold=-0.9875000000000006 103.22879950000002 -2.7999999999999985 42.523274000000008 2.0124999999999997 263.70710200000008 257.54432450000007 281.72766850000005 -0.76675163541666624 292.35207400000007 51.875000000000007 287.58038500000004 -2.1783726041666651 11.840655182291668
decision_type=2 2 2 2 2 2 2 2 2 2 2 2 2 2
left_child=1 -1 6 -2 5 7 -3 8 -5 12 -9 -7 -4 -6
right_child=3 2 9 4 13 11 -8 10 -10 -11 -12 -13 -14 -15
leaf_value=0.032650312109774031 0.041117934488312323 -1.5908457992340512 -0.64721360576891984 -0.15278001914386133 0.75910642672639905 -0.18850274878063877 -0.87077927107519992 1.7107209644009993 0.40245282423760742 -1.7508603534033131 0.52778503850558178 -1.5540512539091564 -0.16993317556320198 1.2709357803386734
leaf_weight=2513 3075 519 506 505 456 379 332 61 630 42 469 41 643 534
leaf_count=2513 3075 519 506 505 456 379 332 61 630 42 469 41 643 534
internal_value=-7.31485e-05 -0.339769 -0.797881 0.251537 0.461874 0.188813 -1.31128 0.318586 0.155494 -0.430253 0.6669 -0.325181 -0.380499 1.03619
internal_weight=10705 4555 2042 6150 3075 2085 851 1665 1135 1191 530 420 1149 990
internal_count=10705 4555 2042 6150 3075 2085 851 1665 1135 1191 530 420 1149 990
is_linear=0
shrinkage=0.05


Tree=6
num_leaves=15
num_cat=0
split_feature=71 84 71 84 71 24 84 8 63 69 24 51 69 24
split_gain=331013 239721 225356 157929 96719.3 49837.5 44532.9 36346.9 25305.9 24682.3 21919.3 21551.8 18849.8 21118.2
threshold=1.0000000180025095e-35 101.16263750000002 -2.1374999999999988 42.523274000000008 2.212499999999999 257.54432450000007 275.36804450000005 200.46031700000003 23.254554000000009 -0.12570920833333388 267.02599300000003 3.5000000000000004 11.840655182291668 257.91047800000007
decision_type=2 2 2 2 2 2 2 2 2 2 2 2 2 2
left_child=1 -1 5 -2 9 -3 -4 10 12 11 -7 -5 13 -6
right_child=3 2 6 4 8 7 -8 -9 -10 -11 -12 -13 -14 -15
leaf_value=0.049936893668026915 0.039084664362061559 -1.481856815956442 -0.14753658448045534 0.31087493102430652 1.2309698373713394 -0.96580462305277015 -0.92854772372810168 -1.2807800251665047 1.4891131948552481 0.518767634507728 -0.029930526406384231 -0.34465104107210781 1.0892969561632253 0.35408694953639847
leaf_weight=3162 2511 572 1549 344 93 101 206 205 204 729 162 196 411 260
leaf_count=3162 2511 572 1549 344 93 101 206 205 204 729 162 196 411 260
internal_value=-7.96771e-05 -0.248284 -0.58556 0.311312 0.61673 -1.16843 -0.239687 -0.783009 0.992968 0.329178 -0.391632 0.072746 0.858717 0.587932
internal_weight=10705 5957 2795 4748 2237 1040 1755 468 968 1269 263 540 764 353
internal_count=10705 5957 2795 4748 2237 1040 1755 468 968 1269 263 540 764 353
is_linear=0
shrinkage=0.05


Tree=7
num_leaves=15
num_cat=0
split_feature=71 84 71 84 71 84 69 69 84 51 58 63 31 84
split_gain=301031 254944 123426 89797.1 156014 47941.5 38276.3 37242 26415.8 24566.8 23628.6 22430.8 22283 20112.3
threshold=-0.9875000000000006 104.94046100000001 -2.7999999999999985 42.523274000000008 2.0124999999999997 270.38757000000004 -26.462434338541666 -1.3059802708333337 292.35207400000007 3.5000000000000004 -8.8124470000000041 23.254554000000009 18.012500000000003 287.58038500000004
decision_type=2 2 2 2 2 2 2 2 2 2 2 2 2 2
left_child=1 -1 6 -2 5 7 -3 9 10 -5 -4 -6 -8 -7
right_child=3 2 8 4 11 13 12 -9 -10 -11 -12 -13 -14 -15
leaf_value=0.026416764533114846 0.037009618598943569 -1.8460279723345225 -0.96416065438070175 0.21168007095572403 0.81127305405822647 -0.26408813316209451 -1.9142207047295949 0.44454893227716641 -1.6142298078814219 -0.3956590106763157 -0.26570318891981909 1.3998709805381413 -0.91701048653825679 -1.4584185168856667
leaf_weight=2531 3075 176 137 436 783 224 62 1116 42 268 1004 207 603 41
leaf_count=2531 3075 176 137 436 783 224 62 1116 42 268 1004 207 603 41
internal_value=-7.61448e-05 -0.308127 -0.726279 0.228095 0.419106 0.173519 -1.18909 0.265037 -0.396535 -0.0197561 -0.350338 0.935632 -1.01272 -0.453659
internal_weight=10705 4555 2024 6150 3075 2085 841 1820 1183 704 1141 990 665 265
internal_count=10705 4555 2024 6150 3075 2085 841 1820 1183 704 1141 990 665 265
is_linear=0
shrinkage=0.05


Tree=8
num_leaves=15
num_cat=0
split_feature=71 84 71 84 71 84 24 8 24 70 36 37 46 84
split_gain=271795 224861 122501 84686.8 135736 43771.3 41479.9 31965.2 30397.1 32378.9 30954.1 27042.2 26693.7 22463.6
threshold=-0.84999999999999953 102.72156000000001 -2.1374999999999988 42.523274000000008 2.0124999999999997 263.70710200000008 257.54432450000007 205.88845150000003 281.72766850000005 7.8207851708806606 20.938671875000004 51.375000000000007 79.734375000000014 285.86399050000006
decision_type=2 2 2 2 2 2 2 2 2 2 2 2 2 2
left_child=1 -1 6 -2 5 8 -3 -8 9 10 -5 -10 -12 -7
right_child=3 2 -4 4 -6 13 7 -9 11 -11 12 -13 -14 -15
leaf_value=0.029303178725613607 0.035165171116974474 -1.3451979000904029 -0.29662076221856815 -0.23850620323578006 0.88896188802197651 -0.16020345077836884 -0.34454234765322833 -1.184314475893675 1.6234850028465535 -0.22794702935732844 0.026447929512435769 0.47541734082685655 0.77934819935046651 -1.3465589978959827
leaf_weight=2560 3026 566 1088 173 990 356 266 198 57 386 176 464 355 44
leaf_count=2560 3026 566 1088 173 990 356 266 198 57 386 176 464 355 44
internal_value=-0.00010367 -0.286038 -0.667022 0.221842 0.409999 0.173885 -1.05761 -0.70467 0.290102 0.139701 0.341318 0.603891 0.530318 -0.293735
internal_weight=10705 4678 2118 6027 3001 2011 1030 464 1611 1090 704 521 531 400
internal_count=10705 4678 2118 6027 3001 2011 1030 464 1611 1090 704 521 531 400
is_linear=0
shrinkage=0.05


Tree=9
num_leaves=15
num_cat=0
split_feature=71 84 71 84 69 69 84 71 22 70 83 24 8 31
split_gain=246361 179694 165799 117701 72721.1 39249.6 36097.9 30290.9 28865.3 28197.8 26583.1 26219.8 27190.9 19263.4
threshold=1.0000000180025095e-35 101.16263750000002 -2.1374999999999988 42.523274000000008 11.840655182291668 -26.30091713020833 275.36804450000005 3.5625000000000004 148.13106922916668 8.1614393328295396 257.68170650000008 283.21306650000002 209.58405150000002 18.012500000000003
decision_type=2 2 2 2 2 2 2 2 2 2 2 2 2 2
left_child=1 -1 5 -2 7 -3 -4 9 -6 -5 13 -11 -13 -7
right_child=3 2 6 4 8 10 -8 -9 -10 11 -12 12 -14 -15
leaf_value=0.043965280561499155 0.033523905898924844 -1.6191796604792277 -0.12661096247051271 0.43952957701838979 1.1902942054567085 -1.7211432830707449 -0.8297663475184337 0.97968059189251966 0.53286874686540286 -0.24649481374855126 -0.048174609916825456 0.043223714173685035 1.4723237944584266 -0.8629346337688828
leaf_weight=3162 2511 209 1549 828 451 73 206 162 269 381 92 96 50 666
leaf_count=3162 2511 209 1549 828 451 73 206 162 269 381 92 96 50 666
internal_value=-0.00010449 -0.214232 -0.506244 0.268536 0.532201 -1.0062 -0.209572 0.335427 0.945752 0.257736 -0.850267 -0.0281814 0.539328 -0.949922
internal_weight=10705 5957 2795 4748 2237 1040 1755 1517 720 1355 831 527 146 739
internal_count=10705 5957 2795 4748 2237 1040 1755 1517 720 1355 831 527 146 739
is_linear=0
shrinkage=0.05


Tree=10
num_leaves=15
num_cat=0
split_feature=71 84 71 84 71 84 69 69 83 24 67 63 31 69
split_gain=223759 189103 90692.3 66938.1 115370 37010.6 35677.8 32560.5 23644.7 23530.8 22545.5 20027.4 16619.8 15265.2
threshold=-0.9875000000000006 104.94046100000001 -2.1374999999999988 42.523274000000008 2.212499999999999 284.32638350000008 -26.462434338541666 -0.22629248437500016 257.68170650000008 281.72766850000005 -3.191651499999999 23.254554000000009 18.012500000000003 11.840655182291668
decision_type=2 2 2 2 2 2 2 2 2 2 2 2 2 2
left_child=1 -1 6 -2 5 7 -3 9 12 -5 -4 13 -8 -6
right_child=3 2 10 4 11 -7 8 -9 -10 -11 -12 -13 -14 -15
leaf_value=0.02243496772388473 0.031635346690917047 -1.6068665574499441 -0.61413787379009388 -0.16183671699887328 0.45065020666705013 -1.1638270121354324 -1.6653291569036597 0.37330106159950011 -0.055337961935080018 0.42225929789410704 -0.11747249735479839 1.2540199730309045 -0.8374780649684731 0.90116066086350133
leaf_weight=2531 3075 176 349 737 353 51 67 1095 90 224 660 204 682 411
leaf_count=2531 3075 176 349 737 353 51 67 1095 90 224 660 204 682 411
internal_value=-0.000102623 -0.26569 -0.625822 0.196616 0.361533 0.153791 -0.959342 0.187025 -0.821757 -0.0253921 -0.289701 0.813088 -0.913653 0.693867
internal_weight=10705 4555 2024 6150 3075 2107 1015 2056 839 961 1009 968 749 764
internal_count=10705 4555 2024 6150 3075 2107 1015 2056 839 961 1009 968 749 764
is_linear=0
shrinkage=0.05


Tree=11
num_leaves=15
num_cat=0
split_feature=71 84 71 84 69 24 8 84 22 71 70 24 8 46
split_gain=202408 148361 128805 96795.9 59930.7 33026.3 36223.4 32948.2 25257.3 25188.6 25225.8 21570.5 24543.9 19314.4
threshold=1.0000000180025095e-35 105.80758050000001 -2.1374999999999988 42.523274000000008 11.840655182291668 266.90505200000007 200.46031700000003 295.90254450000003 148.13106922916668 3.5625000000000004 8.1012924249459495 283.21306650000002 209.58405150000002 82.848958333333357
decision_type=2 2 2 2 2 2 2 2 2 2 2 2 2 2
left_child=1 -1 5 -2 9 -3 -7 13 -6 10 -5 -12 -13 -4
right_child=3 2 7 4 8 6 -8 -9 -10 -11 11 12 -14 -15
leaf_value=0.035786462406044529 0.030267239797409553 -1.1180086842133501 0.032683520235131804 0.41280666862584625 1.0866240253622554 0.010950218192575609 -1.0082753737767538 -1.584885333265577 0.47187997327082692 0.89135252310454482 -0.21149287570752695 0.023092565360027798 1.3806520368538653 -0.31065922077595542
leaf_weight=3221 2511 666 705 799 451 169 179 41 269 162 410 96 50 976
leaf_count=3221 2511 666 705 799 451 169 179 41 269 162 410 96 50 976
internal_value=-0.000110415 -0.194199 -0.464868 0.24339 0.482496 -0.911665 -0.514693 -0.201396 0.857922 0.303864 0.23302 -0.02562 0.49424 -0.16673
internal_weight=10705 5957 2736 4748 2237 1014 348 1722 720 1517 1355 556 146 1681
internal_count=10705 5957 2736 4748 2237 1014 348 1722 720 1517 1355 556 146 1681
is_linear=0
shrinkage=0.05


Tree=12
num_leaves=15
num_cat=0
split_feature=71 84 71 84 71 84 84 36 84 69 83 63 84 70
split_gain=184212 154853 75098.8 55256.7 94883.1 33869.5 24910.9 24566.1 21015.1 17774.9 17662.1 17191.1 16852.9 16456.5
threshold=-0.9875000000000006 107.23326100000001 -3.5624999999999996 42.523274000000008 2.0124999999999997 263.70710200000008 295.90254450000003 20.938671875000004 93.68776050000001 -14.462286713541664 243.76816550000004 29.843507499999998 287.58038500000004 8.0129088345045254
decision_type=2 2 2 2 2 2 2 2 2 2 2 2 2 2
left_child=1 -1 9 -2 5 7 10 -5 -9 -3 -4 -6 -7 -10
right_child=3 2 6 4 11 12 -8 8 13 -11 -12 -13 -14 -15
leaf_value=0.017224698729413283 0.028490624978886471 -1.3595943785663964 -0.48761412977156315 -0.22049836653722338 0.65150722551445717 -0.15834085006364867 -1.4836821527481081 0.94319457797621331 0.43906778059492357 -0.77423187914931368 -0.12625259137059153 1.2869779377448851 -1.2146855973062063 0.082543749843998371
leaf_weight=2552 3075 275 868 248 868 379 49 122 639 256 555 122 41 656
leaf_count=2552 3075 275 868 248 868 379 49 122 639 256 555 122 41 656
internal_value=-0.000104226 -0.241082 -0.570031 0.178386 0.328223 0.1367 -0.385687 0.237901 0.318228 -1.07937 -0.346863 0.731037 -0.264101 0.258669
internal_weight=10705 4555 2003 6150 3075 2085 1472 1665 1417 531 1423 990 420 1295
internal_count=10705 4555 2003 6150 3075 2085 1472 1665 1417 531 1423 990 420 1295
is_linear=0
shrinkage=0.05


Tree=13
num_leaves=15
num_cat=0
split_feature=71 84 71 84 71 84 69 69 67 24 31 63 30 83
split_gain=166303 140244 73503.3 49879.3 85694.4 30604.6 25563.7 25212.1 21080.7 18276.6 16917.8 16200.3 16145.3 13830.5
threshold=-0.9875000000000006 99.600207500000025 -2.5124999999999988 42.523274000000008 2.212499999999999 270.38757000000004 -26.462434338541666 -1.3059802708333337 -1.9926593541666666 281.72766850000005 18.012500000000003 23.254554000000009 19.212500000000002 258.60530300000011
decision_type=2 2 2 2 2 2 2 2 2 2 2 2 2 2
left_child=1 -1 6 -2 5 7 -3 9 -4 -5 -8 -6 -9 -12
right_child=3 2 8 4 11 -7 10 12 -10 -11 13 -13 -14 -15
leaf_value=0.024838649829429005 0.027066557618010651 -1.399371650757061 -0.49963810289090749 -0.15353424025066653 0.59387454836002362 -0.36440899202099969 -1.4763117476872036 -0.11554005103384923 -0.068625988907199981 0.48213807146811316 -0.72349207930254966 1.0974051499403106 0.42882669043260119 0.08224879829055172
leaf_weight=2479 3075 179 517 570 764 269 69 158 628 140 625 204 970 58
leaf_count=2479 3075 179 517 570 764 269 69 158 628 140 625 204 970 58
internal_value=-0.000110112 -0.229074 -0.532143 0.169482 0.311842 0.1328 -0.861891 0.205728 -0.263506 -0.0276886 -0.732265 0.701014 0.352542 -0.655049
internal_weight=10705 4555 2076 6150 3075 2107 931 1838 1145 710 752 968 1128 683
internal_count=10705 4555 2076 6150 3075 2107 931 1838 1145 710 752 968 1128 683
is_linear=0
shrinkage=0.05


Tree=14
num_leaves=15
num_cat=0
split_feature=71 84 71 84 69 84 24 8 22 63 70 36 37 43
split_gain=151009 111375 100898 72331.1 48819.6 28120.9 25887.1 32288 21303.4 19555.8 28014.2 26745.3 20572.7 18349.9
threshold=1.0000000180025095e-35 101.16263750000002 -2.1374999999999988 42.523274000000008 11.840655182291668 275.36804450000005 266.90505200000007 200.46031700000003 148.13106922916668 18.554911875000009 8.1614393328295396 24.681901041666674 72.375000000000014 60.375000000000007
decision_type=2 2 2 2 2 2 2 2 2 2 2 2 2 2
left_child=1 -1 6 -2 9 -4 -3 -8 -6 10 11 12 -5 -12
right_child=3 2 5 4 8 -7 7 -9 -10 -11 13 -13 -14 -15
leaf_value=0.035513944251959244 0.025977726586779971 -0.96922666277153846 -0.093007708793190591 -0.057102043472782332 0.96571667839204312 -0.71359813754865231 0.04967736113688042 -0.89659695028466124 0.40139663720572438 0.77872811068198644 0.66050204297770632 1.4809492017708574 0.47975057223186757 -0.21604591988484367
leaf_weight=3162 2511 680 1549 269 451 206 173 187 269 159 68 50 528 443
leaf_count=3162 2511 680 1549 269 451 206 173 187 269 159 68 50 528 443
internal_value=-0.000114248 -0.167759 -0.397653 0.210209 0.416902 -0.166217 -0.787665 -0.442982 0.75573 0.255695 0.193929 0.370164 0.29871 -0.0983394
internal_weight=10705 5957 2795 4748 2237 1755 1040 360 720 1517 1358 847 797 511
internal_count=10705 5957 2795 4748 2237 1755 1040 360 720 1517 1358 847 797 511
is_linear=0
shrinkage=0.05


Tree=15
num_leaves=15
num_cat=0
split_feature=71 84 71 84 71 84 84 24 2 70 36 73 30 16
split_gain=136759 115043 56631.2 41156.4 69873.9 26561.3 23164.6 22920.8 25112.2 21487.7 26203.4 18317 17928.5 17690.2
threshold=-0.9875000000000006 107.23326100000001 -3.7624999999999988 42.523274000000008 2.0124999999999997 284.32638350000008 299.97504500000008 281.72766850000005 77.268451500000012 8.1032710679429751 20.938671875000004 -8.8749999999999982 20.862500000000004 283.84321050000005
decision_type=2 2 2 2 2 2 2 2 2 2 2 2 2 2
left_child=1 -1 -3 -2 5 7 12 9 -9 10 -5 -12 -4 -10
right_child=3 2 6 4 -6 -7 -8 8 13 -11 11 -13 -14 -15
leaf_value=0.01490955603558131 0.024327779728895049 -0.95993121486828947 -0.49270314720847674 -0.25744714294323479 0.6286815451256984 -0.99739631093465375 -1.5134359859838717 0.1002744037073833 0.92611866109544716 -0.20994883316530016 -0.14942075455710835 0.50669167510589341 -0.14337434592923731 -0.028213313870852991
leaf_weight=2552 3075 487 692 235 990 51 40 337 236 548 136 481 784 61
leaf_count=2552 3075 487 692 235 990 51 40 337 236 548 136 481 784 61
internal_value=-9.95093e-05 -0.207732 -0.491262 0.153692 0.283006 0.11865 -0.340173 0.14711 0.396273 0.0340723 0.191087 0.362063 -0.307375 0.730674
internal_weight=10705 4555 2003 6150 3075 2085 1516 2034 634 1400 852 617 1476 297
internal_count=10705 4555 2003 6150 3075 2085 1516 2034 634 1400 852 617 1476 297
is_linear=0
shrinkage=0.05


Tree=16
num_leaves=15
num_cat=0
split_feature=71 84 71 84 69 84 69 7 22 46 63 70 36 37
split_gain=123891 91824.4 84053.8 59387.1 41491.5 24418.2 23517.6 19770.3 18745.9 17513.8 16773.3 24012.1 23299 19539
threshold=1.0000000180025095e-35 99.600207500000025 -2.1374999999999988 42.523274000000008 11.840655182291668 295.90254450000003 -14.462286713541664 128.33493900000005 148.13106922916668 82.848958333333357 18.554911875000009 8.1012924249459495 24.681901041666674 72.375000000000014
decision_type=2 2 2 2 2 2 2 2 2 2 2 2 2 2
left_child=1 -1 6 -2 10 9 -3 -8 -6 -4 11 12 13 -5
right_child=3 2 5 4 8 -7 7 -9 -10 -11 -12 -13 -14 -15
leaf_value=0.033676743622483227 0.023463453603967743 -1.0305110293711541 0.064101390728500449 -0.070626845204904962 0.88699552009996874 -1.3402860967885881 -0.7060297296258311 -0.10284056863625637 0.35777986235226744 -0.25771115707395609 0.71345660334452987 -0.086412346326639522 1.3783221431806976 0.45825023146159949
leaf_weight=3145 2511 377 739 268 451 41 479 190 269 986 159 541 50 499
leaf_count=3145 2511 377 739 268 451 41 479 190 269 986 159 541 50 499
internal_value=-0.000106448 -0.151954 -0.359505 0.190398 0.377686 -0.148963 -0.714489 -0.53513 0.690045 -0.119888 0.229077 0.17188 0.342813 0.273602
internal_weight=10705 5957 2812 4748 2237 1766 1046 669 720 1725 1517 1358 817 767
internal_count=10705 5957 2812 4748 2237 1766 1046 669 720 1725 1517 1358 817 767
is_linear=0
shrinkage=0.05


Tree=17
num_leaves=15
num_cat=0
split_feature=71 84 71 84 71 84 84 69 22 24 11 47 26 32
split_gain=112468 94167.1 47008.2 33966 57043.6 24141.5 19723.5 19491.6 17897 16625.2 19975.6 22355.4 16504.3 21579.2
threshold=-0.9875000000000006 107.23326100000001 -3.8874999999999988 42.523274000000008 1.9500000000000013 263.70710200000008 299.97504500000008 11.840655182291668 136.98705236979171 281.72766850000005 77.016177000000013 70.747395833333357 19.012500000000003 22.112500000000004
decision_type=2 2 2 2 2 2 2 2 2 2 2 2 2 2
left_child=1 -1 -3 -2 5 9 12 8 -6 -5 -11 -12 -4 -14
right_child=3 2 6 4 7 -7 -8 -9 -10 10 11 -13 13 -15
leaf_value=0.013038878344054837 0.021845361586509973 -0.88076651435085518 -0.57618524568706919 0.062616432844132638 0.49322051659159599 -0.2693288048922321 -1.3927936298091239 0.72730899651346093 -0.10536674957122955 0.10581249636263912 1.3581922372502666 0.33422908518696204 -0.014563727876242548 -0.4630124127804891
leaf_weight=2552 3075 472 357 1021 445 385 40 596 173 236 92 127 700 434
leaf_count=2552 3075 472 357 1021 445 385 40 596 173 236 92 127 700 434
internal_value=-9.96224e-05 -0.188392 -0.444911 0.139367 0.256843 0.0828162 -0.310051 0.52333 0.325755 0.17479 0.425813 0.768605 -0.28009 -0.186449
internal_weight=10705 4555 2003 6150 3075 1861 1531 1214 618 1476 455 219 1491 1134
internal_count=10705 4555 2003 6150 3075 1861 1531 1214 618 1476 455 219 1491 1134
is_linear=0
shrinkage=0.05


Tree=18
num_leaves=15
num_cat=0
split_feature=71 84 71 84 71 84 69 84 51 24 25 49 47 83
split_gain=101541 85065.3 46743.4 30666.3 51715.3 22390.1 19974.7 17646.8 16535.8 14179 30629.7 24738.1 17840.6 13787.6
threshold=-0.9875000000000006 99.600207500000025 -3.5624999999999996 42.523274000000008 2.212499999999999 285.86399050000006 -0.22629248437500016 287.58038500000004 3.5000000000000004 278.11863750000003 109.2624300420939 3.5000000000000004 75.173177083333357 185.5640635
decision_type=2 2 2 2 2 2 2 2 2 2 2 2 2 2
left_child=1 -1 -3 -2 5 6 8 9 -5 11 12 13 -11 -4
right_child=3 2 7 4 -6 -7 -8 -9 -10 10 -12 -13 -14 -15
leaf_value=0.018742219566641825 0.020753448403238166 -0.80508899008971435 -0.42113412798219879 0.13159174667398818 0.54637103510493856 -0.98621336122893766 0.27495204075900592 -0.95402079430942455 -0.29094060023085444 0.80036523979058316 -0.67811986832557436 -0.84324612599961901 -0.02558444078253487 -0.022162529325176931
leaf_weight=2479 3075 560 406 580 968 45 1098 88 384 112 106 186 155 463
leaf_count=2479 3075 560 406 580 968 45 1098 88 384 112 106 186 155 463
internal_value=-9.73784e-05 -0.179009 -0.415043 0.132421 0.244045 0.104957 0.129237 -0.270526 -0.036847 -0.227768 0.0371424 -0.321375 0.322575 -0.208833
internal_weight=10705 4555 2076 6150 3075 2107 2062 1516 964 1428 373 1055 267 869
internal_count=10705 4555 2076 6150 3075 2107 2062 1516 964 1428 373 1055 267 869
is_linear=0
shrinkage=0.05


Tree=19
num_leaves=15
num_cat=0
split_feature=71 84 71 84 69 69 84 22 36 31 31 7 47 47
split_gain=92205.5 69230.6 59124.8 44238.1 31742 20128.2 19927.6 16036 15623.4 14777.1 13983 25773.5 15994.4 14489.4
threshold=1.0000000180025095e-35 104.94046100000001 -2.1374999999999988 42.523274000000008 11.840655182291668 -26.462434338541666 275.36804450000005 148.13106922916668 25.921354166666671 18.012500000000003 21.012500000000003 100.78312150000001 74.417968750000014 71.523437500000014
decision_type=2 2 2 2 2 2 2 2 2 2 2 2 2 2
left_child=1 -1 5 -2 10 -3 -4 -6 -9 -7 -5 12 -12 -13
right_child=3 2 6 4 7 9 -8 8 -10 -11 11 13 -14 -15
leaf_value=0.026583637657297737 0.020161654957967581 -1.1039538592773643 -0.075094933119848301 -0.068863294957245288 0.78119323542588848 -1.2236084857407739 -0.59797258105686901 -0.13221672928453354 0.63228065843383474 -0.45204778416034075 0.86860581624292144 -0.17296552960402692 0.30057159582200016 0.3037389844793118
leaf_weight=3210 2511 176 1526 375 451 67 206 120 149 772 220 311 286 325
leaf_count=3210 2511 176 1526 375 451 67 206 120 149 772 220 311 286 325
internal_value=-0.000107611 -0.131106 -0.315316 0.16424 0.325885 -0.618148 -0.137594 0.599089 0.292014 -0.515046 0.195907 0.282834 0.548769 0.0707279
internal_weight=10705 5957 2747 4748 2237 1015 1732 720 269 839 1517 1142 506 636
internal_count=10705 5957 2747 4748 2237 1015 1732 720 269 839 1517 1142 506 636
is_linear=0
shrinkage=0.05


Tree=20
num_leaves=15
num_cat=0
split_feature=71 84 71 84 69 84 36 24 22 84 58 24 49 36
split_gain=83549 69694.3 35130 25311.3 43260.5 22663.1 20424.9 21861.1 20419.5 16368.5 15030.2 17103.8 19734.5 14773.9
threshold=-0.9875000000000006 107.23326100000001 -3.9875000000000003 42.523274000000008 11.840655182291668 272.35636400000004 20.938671875000004 257.91047800000007 148.13106922916668 299.97504500000008 -8.4936504999999993 278.11863750000003 4.5000000000000009 25.921354166666671
decision_type=2 2 2 2 2 2 2 2 2 2 2 2 2 2
left_child=1 -1 -3 -2 5 6 -5 -8 -6 10 -4 12 -12 -10
right_child=3 2 9 4 8 -7 7 -9 13 -11 11 -13 -14 -15
leaf_value=0.01089553201109276 0.0186494832458786 -0.76354952310401825 -0.63288465666185534 -0.23355805063091803 0.75713432224950306 -0.37810520148165877 0.57706468900040364 0.13806803346969193 -0.075865400503788677 -1.2539613275993162 -0.20394618298566936 0.179435369728564 -1.0088031837262961 0.60087736994028096
leaf_weight=2552 3075 465 209 281 458 213 352 1448 174 40 940 267 82 149
leaf_count=2552 3075 465 209 281 458 213 352 1448 174 40 940 267 82 149
internal_value=-0.000106404 -0.162395 -0.383078 0.1201 0.221511 0.111977 0.162296 0.224189 0.542685 -0.267624 -0.240468 -0.176399 -0.269447 0.237207
internal_weight=10705 4555 2003 6150 3075 2294 2081 1800 781 1538 1498 1289 1022 323
internal_count=10705 4555 2003 6150 3075 2294 2081 1800 781 1538 1498 1289 1022 323
is_linear=0
shrinkage=0.05


Tree=21
num_leaves=15
num_cat=0
split_feature=71 84 71 84 69 84 83 69 47 71 70 24 8 35
split_gain=75486.3 57282.4 52199.9 36220.1 25549.2 17826 17446.4 20557.4 17544.9 13252.6 14977.8 15032 17657.5 13512.2
threshold=1.0000000180025095e-35 99.600207500000025 -2.1374999999999988 42.523274000000008 11.840655182291668 273.02215500000005 257.68170650000008 -14.046401536458331 81.747395833333357 3.7125000000000008 8.1012924249459495 283.21306650000002 209.58405150000002 18.688541666666669
decision_type=2 2 2 2 2 2 2 2 2 2 2 2 2 2
left_child=1 -1 6 -2 9 -4 7 8 -3 10 13 -12 -13 -5
right_child=3 2 5 4 -6 -7 -8 -9 -10 -11 11 12 -14 -15
leaf_value=0.027975736559799104 0.018221871601714259 -1.1405779852368336 -0.050354269442008132 -0.51434054735761425 0.53996587416038289 -0.49728557567702225 0.090479296215988228 -0.42897548679909986 -0.43418975233593415 0.6117851900879907 -0.22631462865047955 -0.032576805377623655 1.1142786442356951 0.31996404409603735
leaf_weight=3145 2511 261 1505 51 720 261 93 557 135 157 411 98 50 750
leaf_count=3145 2511 261 1505 51 720 261 93 557 135 157 411 98 50 750
internal_value=-0.000111678 -0.11864 -0.282569 0.148591 0.294855 -0.116651 -0.562316 -0.626048 -0.901464 0.178242 0.12778 -0.0707831 0.359752 0.266268
internal_weight=10705 5957 2812 4748 2237 1766 1046 953 396 1517 1360 559 148 801
internal_count=10705 5957 2812 4748 2237 1766 1046 953 396 1517 1360 559 148 801
is_linear=0
shrinkage=0.05


Tree=22
num_leaves=15
num_cat=0
split_feature=71 84 71 84 84 69 51 73 36 7 8 84 83 49
split_gain=68710.8 57220.7 29346.9 21724 26088.6 36647.5 16592.1 15794.1 18679.2 19643.7 15790.1 19543.5 16481.1 18410.6
threshold=-0.9875000000000006 110.43807050000002 -3.9875000000000003 282.33339050000006 42.523274000000008 -0.12570920833333388 3.5000000000000004 -8.8749999999999982 23.030078125000003 198.84269600000002 257.68170650000008 226.56121400000004 138.05647000000002 4.5000000000000009
decision_type=2 2 2 2 2 2 2 2 2 2 2 2 2 2
left_child=1 -1 -3 4 -2 6 -6 8 -7 -10 12 -12 -4 -14
right_child=3 2 10 -5 5 7 -8 -9 9 -11 11 -13 13 -15
leaf_value=0.0066830225967367115 0.016717094253210937 -0.70730824318424834 -0.46524718450670388 -0.75462033210529222 0.14059186850037381 -0.19629247600123997 -0.26909436554268901 0.27266412618335645 1.0073587061296549 0.28005256493767072 -0.32481836034882167 -1.5013906492377229 -0.0019704037752654945 -0.69461477888334133
leaf_weight=2596 3075 446 387 71 651 62 397 1497 247 150 108 52 859 107
leaf_count=2596 3075 446 387 71 651 62 397 1497 247 150 108 52 859 107
internal_value=-0.000108905 -0.147282 -0.351212 0.108901 0.119109 0.223881 -0.0147127 0.351659 0.608145 0.733952 -0.245844 -0.714155 -0.189977 -0.0793309
internal_weight=10705 4555 1959 6150 6079 3004 1048 1956 459 397 1513 160 1353 966
internal_count=10705 4555 1959 6150 6079 3004 1048 1956 459 397 1513 160 1353 966
is_linear=0
shrinkage=0.05


Tree=23
num_leaves=15
num_cat=0
split_feature=71 84 71 84 69 84 69 31 46 22 36 22 70 31
split_gain=62188.1 47583.7 42712.2 29862.8 21793 16401.8 15535.8 13904.9 13644.8 12894.5 12772 12043.3 11917.6 12126.8
threshold=1.0000000180025095e-35 99.600207500000025 -2.0499999999999985 42.523274000000008 11.840655182291668 295.90254450000003 -26.462434338541666 18.012500000000003 82.848958333333357 148.13106922916668 25.921354166666671 105.4487816510417 15.105780810542793 20.987500000000004
decision_type=2 2 2 2 2 2 2 2 2 2 2 2 2 2
left_child=1 -1 6 -2 -5 8 11 -8 12 -6 -11 -3 13 -4
right_child=3 2 5 4 9 -7 7 -9 -10 10 -12 -13 -14 -15
leaf_value=0.02592758850726783 0.016475617489925806 -0.16204874762674659 -0.28532812612621411 0.15996495610178474 0.65727859326531135 -1.0815484797670727 -1.0774950502692042 -0.35966539571314682 -0.20441121332626799 -0.16434998769036011 0.52663847221682469 -1.1502916312217712 -0.20144433869520226 0.3439162673461415
leaf_weight=3145 2511 40 94 1517 451 41 73 809 971 120 149 139 248 397
leaf_count=3145 2511 40 94 1517 451 41 73 809 971 120 149 139 248 397
internal_value=-0.000118364 -0.107701 -0.257109 0.134852 0.267661 -0.105308 -0.507296 -0.420231 -0.0812828 0.494035 0.218924 -0.931582 0.0805579 0.223115
internal_weight=10705 5957 2812 4748 2237 1751 1061 882 1710 720 269 179 739 491
internal_count=10705 5957 2812 4748 2237 1751 1061 882 1710 720 269 179 739 491
is_linear=0
shrinkage=0.05


Tree=24
num_leaves=15
num_cat=0
split_feature=71 84 30 69 84 84 36 7 69 36 36 8 68 70
split_gain=56413.6 46763.1 24787 23932.2 19777.4 26521.7 31556.7 28551.4 21775.5 19480.4 21659.3 17768.5 16167.7 16094.5
threshold=-0.9875000000000006 110.43807050000002 20.912500000000005 -12.816781651041664 273.02215500000005 42.523274000000008 22.654296875000004 202.74317500000004 8.2327959375000024 21.286979166666669 18.666666666666668 261.26135000000005 13.297159195639795 15.897566054337501
decision_type=2 2 2 2 2 2 2 2 2 2 2 2 2 2
left_child=1 -1 3 -3 5 -2 13 12 -9 10 -5 -4 -8 -7
right_child=4 2 11 9 -6 6 7 8 -10 -11 -12 -13 -14 -15
leaf_value=0.0057058758455592945 0.014971344335966287 -0.75487628612427793 -0.037358195965801616 -0.82783077605392619 -0.346357765745197 0.060973946772600943 0.43849671714956795 -0.17810921349001765 0.34255115632231364 -0.5809066549347619 0.15781194526316791 -0.7727795174709805 1.0116407517942931 -0.6187149908124786
leaf_weight=2596 3075 450 767 68 239 852 924 346 476 294 289 91 142 96
leaf_count=2596 3075 450 767 68 239 852 924 346 476 294 289 91 142 96
internal_value=-0.000126253 -0.133481 -0.317836 -0.474747 0.0986488 0.116697 0.226952 0.345086 0.123442 -0.280249 -0.0317175 -0.116166 0.515721 -0.00843475
internal_weight=10705 4555 1959 1101 6150 5911 2836 1888 822 651 357 858 1066 948
internal_count=10705 4555 1959 1101 6150 5911 2836 1888 822 651 357 858 1066 948
is_linear=0
shrinkage=0.05


Tree=25
num_leaves=15
num_cat=0
split_feature=71 84 71 84 69 84 24 8 47 49 44 47 67 45
split_gain=51052.1 39503.4 34677.1 24515.9 18140.6 14434.5 13415.3 17166.5 14081.8 12536.4 12405.6 12287.5 12058.2 16022.3
threshold=1.0000000180025095e-35 99.600207500000025 -2.0499999999999985 42.523274000000008 11.840655182291668 295.90254450000003 257.54432450000007 205.88845150000003 76.860677083333357 4.5000000000000009 53.906250000000007 76.397135416666671 -2.7174041458333353 82.989583333333357
decision_type=2 2 2 2 2 2 2 2 2 2 2 2 2 2
left_child=1 -1 6 -2 -5 10 9 8 -8 11 -4 -3 -12 -14
right_child=3 2 5 4 -6 -7 7 -9 -10 -11 12 -13 13 -15
leaf_value=0.024149904171113241 0.014903895247276804 -0.85734769448692738 0.75439874387600214 0.14423777711898586 0.44902792155649646 -1.0127768335952645 0.31439305185827315 -0.61083911873742158 -0.3933502064759915 -1.1401419009481157 -0.29626610832921857 -0.32581090343856889 0.24682661599979686 -0.14359104984105509
leaf_weight=3145 2511 169 43 1517 720 41 152 206 129 97 518 308 405 744
leaf_count=3145 2511 169 43 1517 720 41 152 206 129 97 518 308 405 744
internal_value=-0.000129678 -0.0976047 -0.233738 0.122161 0.242494 -0.0969571 -0.459167 -0.265322 -0.0107567 -0.622884 -0.0744198 -0.515533 -0.0962385 -0.0058815
internal_weight=10705 5957 2812 4748 2237 1751 1061 487 281 574 1710 477 1667 1149
internal_count=10705 5957 2812 4748 2237 1751 1061 487 281 574 1710 477 1667 1149
is_linear=0
shrinkage=0.05


Tree=26
num_leaves=15
num_cat=0
split_feature=71 84 30 69 20 8 84 61 83 22 46 7 36 36
split_gain=46108.2 38153.1 25920.5 21894.7 18033.1 29168.1 17847.4 18239 14866 13988.3 15713.3 13917.8 13463.1 19528.5
threshold=-0.9875000000000006 90.307569500000014 20.337500000000002 -12.816781651041664 269.23038800000006 258.94589250000007 282.33339050000006 168.01043050000001 197.01993650000003 142.50335008854168 82.171875000000014 178.38685000000004 21.286979166666669 18.395963541666671
decision_type=2 2 2 2 2 2 2 2 2 2 2 2 2 2
left_child=1 -1 3 -3 5 8 7 -2 -4 10 11 -10 13 -5
right_child=6 2 4 12 -6 -7 -8 -9 9 -11 -12 -13 -14 -15
leaf_value=0.017039987816316021 0.076933278930340174 -0.71192027346639153 -0.31642846453132789 -0.92106802019022282 0.62870707921683788 -0.98931275051324929 -0.69351296278958519 0.44777888345997785 1.3174200940590639 -0.35636481123864655 0.0088106429859583554 0.29919787183860125 -0.53362484624355044 0.061736848782589684
leaf_weight=2390 5728 444 345 58 79 93 71 351 51 124 252 97 270 352
leaf_count=2390 5728 444 345 58 79 93 71 351 51 124 252 97 270 352
internal_value=-0.00013642 -0.120697 -0.272687 -0.439082 -0.0927758 -0.152616 0.0891621 0.0984159 -0.0620385 0.105735 0.249517 0.656559 -0.26015 -0.0791969
internal_weight=10705 4555 2165 1124 1041 962 6150 6079 869 524 400 148 680 410
internal_count=10705 4555 2165 1124 1041 962 6150 6079 869 524 400 148 680 410
is_linear=0
shrinkage=0.05


Tree=27
num_leaves=15
num_cat=0
split_feature=71 84 71 84 69 58 46 22 36 83 69 47 35 81
split_gain=42523.2 32583.2 27585.8 21807.6 16345.6 13417.1 13153.8 11764.1 11926.4 11625.2 14774.5 14536.2 11459.8 17708.9
threshold=1.0000000180025095e-35 99.600207500000025 -2.0499999999999985 42.523274000000008 11.840655182291668 -10.845522500000007 82.171875000000014 148.13106922916668 26.544531250000002 266.15429100000006 -14.046401536458331 81.747395833333357 23.084375000000001 0.87837969732492682
decision_type=2 2 2 2 2 2 2 2 2 2 2 2 2 2
left_child=1 -1 9 -2 -5 -4 -7 12 -9 10 11 -3 -6 -14
right_child=3 2 5 4 7 6 -8 8 -10 -11 -12 -13 13 -15
leaf_value=0.021478854182004001 0.010313865574147957 -0.9069897741872549 -0.5899500559806824 0.13170027313373964 0.76889043017127712 0.13060759749995821 -0.16268275123397549 -0.0076146131546090652 0.8231260273191664 0.27690564152495617 -0.29733705996155835 -0.2661397302482168 0.6210821041820247 -0.4550676517204334
leaf_weight=3145 2511 262 124 1517 285 612 1015 216 53 57 607 135 108 58
leaf_count=3145 2511 262 124 1517 285 612 1015 216 53 57 607 135 108 58
internal_value=-0.000137373 -0.0890984 -0.212734 0.111471 0.224964 -0.0907346 -0.0523484 0.42101 0.158505 -0.413798 -0.453248 -0.690285 0.576884 0.244605
internal_weight=10705 5957 2812 4748 2237 1751 1627 720 269 1061 1004 397 451 166
internal_count=10705 5957 2812 4748 2237 1751 1627 720 269 1061 1004 397 451 166
is_linear=0
shrinkage=0.05


Tree=28
num_leaves=15
num_cat=0
split_feature=71 84 71 84 63 67 73 58 31 37 84 58 83 69
split_gain=38391.3 29487 27954.1 19689.5 15767.4 14567.8 17389.6 14905.9 13888.9 18432.9 15109.4 13262.8 12165.7 12791
threshold=1.0000000180025095e-35 86.700198500000013 -2.2999999999999985 42.523274000000008 23.254554000000009 2.1362732083333338 1.1250000000000002 -1.0000000180025095e-35 21.112500000000004 47.875000000000007 273.02215500000005 -0.40336400000001044 268.5650050000001 -14.046401536458331
decision_type=2 2 2 2 2 2 2 2 2 2 2 2 2 2
left_child=1 -1 12 -2 8 6 11 -8 -5 -10 -11 -4 13 -3
right_child=3 2 5 4 -6 -7 7 -9 9 10 -12 -13 -14 -15
leaf_value=0.025933774353356455 0.0097983774399847557 -0.66084757275475892 0.506077687412822 -0.11222416852868787 0.5889813185800391 0.38153935497709285 -0.62596635414121304 -0.15781581302283004 1.1651507660746574 0.24187597912016581 -0.35607064240652941 -0.038858385138790794 0.42105845344621085 -0.29438016986607773
leaf_weight=2996 2511 396 138 364 248 154 212 849 50 1462 113 567 42 603
leaf_count=2996 2511 396 138 364 248 154 212 849 50 1462 113 567 42 603
internal_value=-0.000130046 -0.0846585 -0.196529 0.105918 0.213758 -0.0833225 -0.124053 -0.251859 0.1667 0.22921 0.198777 0.0683757 -0.405045 -0.440162
internal_weight=10705 5957 2961 4748 2237 1920 1766 1061 1989 1625 1575 705 1041 999
internal_count=10705 5957 2961 4748 2237 1920 1766 1061 1989 1625 1575 705 1041 999
is_linear=0
shrinkage=0.05


Tree=29
num_leaves=15
num_cat=0
split_feature=71 84 71 84 84 24 49 25 36 84 7 47 56 34
split_gain=34655.7 26614.2 25264.5 19209.3 17776 15996.3 25844.3 18206.9 14663.2 18592.8 15106.9 13992.5 17673.2 13218.4
threshold=1.0000000180025095e-35 86.700198500000013 -3.9875000000000003 299.97504500000008 42.523274000000008 278.11863750000003 3.5000000000000004 109.2624300420939 22.670312500000005 275.02512300000006 203.45898100000002 78.365885416666671 -6.0415314999999969 22.138541666666672
decision_type=2 2 2 2 2 2 2 2 2 2 2 2 2 2
left_child=1 -1 -3 5 -2 6 -4 11 -6 10 13 12 -7 -10
right_child=4 2 3 -5 8 7 -8 -9 9 -11 -12 -13 -14 -15
leaf_value=0.024637518239928199 0.0093086535837738574 -0.50846284536917219 -0.094512236130860447 -1.0620379585140156 -0.014271503909486161 1.4064200977032835 -0.61754827892262465 -0.32135781020236515 0.75158888873651286 -0.38677662083070086 0.13512470575802626 -0.069349718038973052 0.31882612861227244 0.3301754032561226
leaf_weight=2996 2511 505 1457 52 576 43 281 179 261 98 647 189 255 655
leaf_count=2996 2511 505 1457 52 576 43 281 179 261 98 647 189 255 655
internal_value=-0.000118433 -0.0804293 -0.186711 -0.120372 0.100638 -0.0995702 -0.179383 0.108667 0.203104 0.278448 0.320379 0.267061 0.47994 0.450939
internal_weight=10705 5957 2961 2456 4748 2404 1738 666 2237 1661 1563 487 298 916
internal_count=10705 5957 2961 2456 4748 2404 1738 666 2237 1661 1563 487 298 916
is_linear=0
shrinkage=0.05


Tree=30
num_leaves=15
num_cat=0
split_feature=67 84 62 47 58 68 84 64 69 58 29 30 41 73
split_gain=31727.6 29492.2 22481.7 18824.1 26282.4 18420.5 17126.9 13148.1 12703.8 11928.4 11797.2 10821.8 17850.8 10064.3
threshold=-2.4885673333333322 68.269408500000011 169.76704000000004 74.014322916666671 -14.716639499999998 13.418503889109045 275.02512300000006 1.4249629114999667 -28.026467833333328 15.437057499999996 22.262500000000003 21.112500000000004 77.625000000000014 1.1250000000000002
decision_type=2 2 2 2 2 2 2 2 2 2 2 2 2 2
left_child=1 -1 6 4 -3 9 8 -6 -2 11 -11 -4 -13 -5
right_child=2 3 5 13 7 -7 -8 -9 -10 10 -12 12 -14 -15
leaf_value=0.0097617389628877546 -0.7669428336123626 -0.86719648673616612 0.090508861873058094 -0.18154332494127123 0.08119929136743971 0.83104927833497966 -0.33839961775493893 0.93286515590734786 0.049607161100839625 0.14375151569434141 -0.69965362739749259 0.1047035604056607 0.93583172086518318 -0.48207337316394394
leaf_weight=1732 47 57 262 431 156 136 307 63 6279 117 63 122 137 796
leaf_count=1732 47 57 262 431 156 136 307 63 6279 117 63 122 137 796
internal_value=-0.00011297 -0.130892 0.056533 -0.292876 0.0799793 0.300556 0.0256998 0.329326 0.0434202 0.196598 -0.153675 0.317677 0.546244 -0.376742
internal_weight=10705 3235 7470 1503 276 837 6633 219 6326 701 180 521 259 1227
internal_count=10705 3235 7470 1503 276 837 6633 219 6326 701 180 521 259 1227
is_linear=0
shrinkage=0.05


Tree=31
num_leaves=15
num_cat=0
split_feature=84 67 62 84 68 47 58 64 58 30 41 69 29 84
split_gain=29544.3 27047.9 21924.8 21773.4 15134 14874.2 25517.3 13387.5 11827.2 12588.5 16038.2 11287.7 11092.8 10482
threshold=282.33339050000006 -2.4885673333333322 169.76704000000004 63.145266500000005 13.418503889109045 73.179687500000014 -14.716639499999998 0.88079860369585494 15.437057499999996 21.112500000000004 77.625000000000014 -28.026467833333328 22.262500000000003 303.76010700000006
decision_type=2 2 2 2 2 2 2 2 2 2 2 2 2 2
left_child=1 3 11 -1 8 6 -5 -8 9 -4 -11 -3 -10 -2
right_child=13 2 4 5 -6 -7 7 -9 12 10 -12 -13 -14 -15
leaf_value=0.0093512746663527522 -0.39532169561048874 -0.7293945858875911 0.096651169404715756 -0.90215013980865477 0.7898001375315834 -0.32661717401091778 0.013094449834486025 0.86008166636805994 0.157611168983082 0.15739225308905852 0.98383383288627546 0.040214070142582027 -0.6652175535913557 -1.2649125772853231
leaf_weight=1731 189 47 260 49 136 1190 112 79 113 110 126 6458 63 42
leaf_count=1731 189 47 260 49 136 1190 112 79 113 110 126 6458 63 42
internal_value=-0.000108053 0.0122526 0.0650768 -0.109939 0.310556 -0.254243 0.104476 0.366074 0.212537 0.337311 0.600917 0.0345422 -0.139018 -0.5582
internal_weight=10705 10474 7313 3161 808 1430 240 191 672 496 236 6505 176 231
internal_count=10705 10474 7313 3161 808 1430 240 191 672 496 236 6505 176 231
is_linear=0
shrinkage=0.05


Tree=32
num_leaves=15
num_cat=0
split_feature=71 84 58 24 84 69 84 36 24 66 22 24 51 54
split_gain=26981.9 20395.9 17213.7 16631.8 15087.8 13015.2 15409.1 10075.3 12892.8 11715.1 12381.9 10282.1 9939.41 12996.6
threshold=1.0000000180025095e-35 110.43807050000002 -11.200341999999997 247.91118100000003 42.523274000000008 -0.12570920833333388 274.29007000000007 22.658854166666671 277.22543400000006 2.4691370656611586 139.29893664062504 297.46106850000007 3.5000000000000004 0.87837969732492682
decision_type=2 2 2 2 2 2 2 2 2 2 2 2 2 2
left_child=1 -1 -3 -4 -2 12 7 -7 -9 -10 -11 -12 13 -6
right_child=4 2 3 -5 5 6 -8 8 9 10 11 -13 -14 -15
leaf_value=0.0121066360869627 0.0046567253184142954 -0.5301290064728339 -0.33185841763352464 -0.04182391627562336 -0.0093195742568227772 0.03270132733596727 -0.52200965521643405 0.61443064025879091 0.095586450942628937 -0.023846147812902927 0.76910115386577371 0.020174210903973418 -0.29292197235268896 0.68599978938166595
leaf_weight=3298 2511 300 704 1655 336 308 60 340 513 99 234 57 207 83
leaf_count=3298 2511 300 704 1655 336 308 60 340 513 99 234 57 207 83
internal_value=-0.000108141 -0.0709717 -0.173981 -0.128483 0.0887959 0.183197 0.258337 0.288841 0.352232 0.252938 0.459141 0.622976 -0.0102783 0.129722
internal_weight=10705 5957 2659 2359 4748 2237 1611 1551 1243 903 390 291 626 419
internal_count=10705 5957 2659 2359 4748 2237 1611 1551 1243 903 390 291 626 419
is_linear=0
shrinkage=0.05


Tree=33
num_leaves=15
num_cat=0
split_feature=84 67 62 84 47 58 68 64 58 30 41 36 70 42
split_gain=25561.8 23097 18653 18462.1 13507.6 20941.3 12985.8 12082.6 10375.8 10960.7 13740.3 10431.1 9947.92 13090
threshold=282.33339050000006 -2.4885673333333322 169.76704000000004 68.269408500000011 74.014322916666671 -14.716639499999998 13.418503889109045 1.4878447964535428 15.437057499999996 21.112500000000004 77.625000000000014 24.459765625000006 13.101829966547479 83.375000000000014
decision_type=2 2 2 2 2 2 2 2 2 2 2 2 2 2
left_child=1 3 -3 -1 5 -5 8 -7 9 -4 -11 -10 13 -6
right_child=-2 2 6 4 12 7 -8 -9 11 10 -12 -13 -14 -15
leaf_value=0.0082575631907786922 -0.51921703926897766 0.032046632734898911 0.08815741098505514 -0.75817422250221522 0.067381040867196748 0.085340265958172512 0.73056125659631554 0.93661983881080357 0.086729317291903862 0.14812950668436986 0.91310928543134939 -0.80086373036557978 -0.44571456944831411 -0.42597756525809488
leaf_weight=1732 231 6505 260 57 302 156 136 56 133 110 126 43 617 241
leaf_count=1732 231 6505 260 57 302 156 136 56 133 110 126 43 617 241
internal_value=-0.000100478 0.0113969 0.0602109 -0.101518 -0.234483 0.0844876 0.286634 0.313548 0.19584 0.312709 0.55868 -0.133425 -0.30846 -0.151967
internal_weight=10705 10474 7313 3161 1429 269 808 212 672 496 236 176 1160 543
internal_count=10705 10474 7313 3161 1429 269 808 212 672 496 236 176 1160 543
is_linear=0
shrinkage=0.05


Tree=34
num_leaves=15
num_cat=0
split_feature=84 67 84 62 47 58 68 36 45 69 41 24 24 69
split_gain=23813.6 21888.3 18557 16592.3 13146.5 18693.4 12154.7 10261.6 10554.5 10061.7 10225.8 9970.62 13362 9600.55
threshold=299.97504500000008 -2.4885673333333322 68.269408500000011 169.76704000000004 74.014322916666671 -14.716639499999998 13.418503889109045 23.348046875000005 61.427083333333336 -13.493025630208331 90.375000000000014 281.04792900000001 290.18302650000004 -28.026467833333328
decision_type=2 2 2 2 2 2 2 2 2 2 2 2 2 2
left_child=1 2 -1 13 5 -4 11 -7 -9 -6 -11 -5 -13 -3
right_child=-2 3 4 6 9 7 -8 8 -10 10 -12 12 -14 -15
leaf_value=0.0078449237349685515 -0.96168705313466496 -0.67818021277586626 -0.72091909462007986 0.013630370161674841 -0.4817985124142527 0.93475211746990683 0.69429983526033212 0.80804072952852024 -0.10973960304618778 -0.1280021694518278 -0.7902251303195954 0.64880046401862945 -0.049341791123151783 0.031541527792234916
leaf_weight=1732 63 47 57 395 480 47 136 40 132 663 63 189 107 6554
leaf_count=1732 63 47 57 395 480 47 136 40 132 663 63 189 107 6554
internal_value=-9.47704e-05 0.00568762 -0.103306 0.0528553 -0.233125 0.077939 0.26384 0.288193 0.107135 -0.304319 -0.186476 0.178238 0.397115 0.0263863
internal_weight=10705 10642 3214 7428 1482 276 827 219 172 1206 726 691 296 6601
internal_count=10705 10642 3214 7428 1482 276 827 219 172 1206 726 691 296 6601
is_linear=0
shrinkage=0.05


Tree=35
num_leaves=15
num_cat=0
split_feature=73 84 35 6 84 67 16 58 84 84 84 68 30 49
split_gain=22356 18211.7 16244.9 13110.1 12090 19430.5 22227 15361.2 10904.4 13969 13034.4 13494.4 10464.5 8446.3
threshold=0.87500000000000011 292.35207400000007 16.682291666666668 24.000000000000004 93.68776050000001 1.8767478958333339 278.07656250000008 -1.7172850000000037 268.31435900000002 42.523274000000008 79.608916500000007 13.069659977910991 19.812500000000004 4.5000000000000009
decision_type=2 2 2 2 2 2 2 2 2 2 2 2 2 2
left_child=2 4 -1 8 -2 7 -7 -6 9 -4 -11 12 -12 -9
right_child=1 -3 3 -5 5 6 -8 13 -10 10 11 -13 -14 -15
leaf_value=-0.78079015977148503 0.006573153195870627 -0.76018378012813637 0.00095579461825854098 0.0085105347081117552 -0.45892519615343863 0.51491465984336127 -0.73372335135936739 -0.085365693249623731 -0.11797631335678338 1.0596797191179717 -0.072207719016642802 0.71770292559350046 0.27413986189476636 -0.47435433032612012
leaf_weight=55 2670 95 626 3227 452 188 43 1332 306 51 272 141 1092 155
leaf_count=55 2670 95 626 3227 452 188 43 1332 306 51 272 141 1092 155
internal_value=-9.36794e-05 -0.0782153 0.0667246 0.0750161 -0.0646753 -0.152303 0.280323 -0.203961 0.161237 0.20043 0.280629 0.253543 0.205071 -0.126204
internal_weight=10705 4935 5770 5715 4840 2170 231 1939 2488 2182 1556 1505 1364 1487
internal_count=10705 4935 5770 5715 4840 2170 231 1939 2488 2182 1556 1505 1364 1487
is_linear=0
shrinkage=0.05


Tree=36
num_leaves=15
num_cat=0
split_feature=84 36 84 69 60 84 47 36 36 84 84 37 71 45
split_gain=20408 20080 17115.7 22994.3 15559.2 14266.2 21399.7 12375.6 14529.6 10584.7 9025 18801.4 18855 15153.3
threshold=275.36804450000005 22.479947916666671 90.307569500000014 -10.466263937499997 70.32803650000001 195.33364900000004 78.319010416666671 21.986197916666672 18.395963541666671 303.76010700000006 42.523274000000008 51.875000000000007 1.8625000000000009 68.593750000000014
decision_type=2 2 2 2 2 2 2 2 2 2 2 2 2 2
left_child=1 2 -1 5 10 -4 -7 8 -5 -2 -3 -12 -13 -14
right_child=9 4 3 7 -6 6 -8 -9 -10 -11 11 12 13 -15
leaf_value=0.022868351614605018 -0.25170484937698351 0.0013638030850485509 -0.6631521694025686 -0.78378167196556381 0.46819796633840971 -0.69046996892155976 0.10766539190980523 -0.38701377720672847 0.057447735146352014 -1.0789811626423238 0.56061884678542362 -0.028789899520823999 -0.14205475851479504 0.37325944958243962
leaf_weight=2414 399 3131 309 53 240 135 219 230 1037 42 228 1396 179 693
leaf_count=2414 399 3131 309 53 240 135 219 230 1037 42 228 1396 179 693
internal_value=-9.32036e-05 0.0142309 -0.0665442 -0.175347 0.0747685 -0.415353 -0.197796 -0.0545751 0.015863 -0.332756 0.0579079 0.128808 0.0851709 0.267437
internal_weight=10705 10264 4397 1983 5867 663 354 1320 1090 441 5627 2496 2268 872
internal_count=10705 10264 4397 1983 5867 663 354 1320 1090 441 5627 2496 2268 872
is_linear=0
shrinkage=0.05


end of trees

feature_importances:
consumo_alvo_semana_anterior=129
temperatura_externa_c_diferenca_semana_atual=78
correcao_semanal_media_1440m=51
consumo_max_1440m=31
temperatura_externa_c_media_1440m=24
consumo_diferenca_dia_atual=17
umidade_relativa_pct_media_1440m=14
consumo_lag_1440m=13
consumo_alvo_dia_anterior=13
consumo_mean_1440m=12
temperatura_externa_c_lag_720m=11
correcao_semanal_media_60m=11
correcao_semanal_std_1440m=11
correcao_semanal_media_360m=10
temperatura_externa_c_lag_360m=8
umidade_relativa_pct_atual=7
umidade_relativa_pct_media_360m=7
origem_mes=7
consumo_lag_720m=6
origem_dia_semana=6
correcao_semanal_std_360m=6
umidade_relativa_pct_diferenca_semana_atual=5
umidade_relativa_pct_lag_360m=4
tendencia_consumo_360m=4
consumo_std_1440m=3
temperatura_externa_c_media_360m=3
umidade_relativa_pct_media_180m=3
correcao_semanal_std_60m=3
consumo_max_180m=2
temperatura_externa_c_lag_180m=2
consumo_lag_30m=1
consumo_lag_360m=1
consumo_min_60m=1
consumo_max_360m=1
temperatura_externa_c_atual=1
temperatura_externa_c_lag_1440m=1
temperatura_externa_c_media_180m=1
umidade_relativa_pct_lag_720m=1
umidade_relativa_pct_lag_1440m=1
umidade_relativa_pct_media_60m=1
origem_semana_sin=1
consumo_diferenca_semana_atual=1
tendencia_consumo_60m=1
tendencia_consumo_180m=1
correcao_semanal_std_180m=1
alvo_dia_semana=1
alvo_semana_sin=1

parameters:
[boosting: gbdt]
[objective: regression]
[metric: l1]
[tree_learner: serial]
[device_type: cpu]
[data_sample_strategy: bagging]
[data: ]
[valid: ]
[num_iterations: 400]
[learning_rate: 0.05]
[num_leaves: 15]
[num_threads: 2]
[seed: 20260905]
[deterministic: 1]
[force_col_wise: 1]
[force_row_wise: 0]
[histogram_pool_size: -1]
[max_depth: -1]
[min_data_in_leaf: 40]
[min_sum_hessian_in_leaf: 0.001]
[bagging_fraction: 1]
[pos_bagging_fraction: 1]
[neg_bagging_fraction: 1]
[bagging_freq: 0]
[bagging_seed: 23218]
[bagging_by_query: 0]
[feature_fraction: 1]
[feature_fraction_bynode: 1]
[feature_fraction_seed: 28090]
[extra_trees: 0]
[extra_seed: 14360]
[early_stopping_round: 0]
[early_stopping_min_delta: 0]
[first_metric_only: 0]
[max_delta_step: 0]
[lambda_l1: 0]
[lambda_l2: 1]
[linear_lambda: 0]
[min_gain_to_split: 0]
[drop_rate: 0.1]
[max_drop: 50]
[skip_drop: 0.5]
[xgboost_dart_mode: 0]
[uniform_drop: 0]
[drop_seed: 16970]
[top_rate: 0.2]
[other_rate: 0.1]
[min_data_per_group: 100]
[max_cat_threshold: 32]
[cat_l2: 10]
[cat_smooth: 10]
[max_cat_to_onehot: 4]
[top_k: 20]
[monotone_constraints: ]
[monotone_constraints_method: basic]
[monotone_penalty: 0]
[feature_contri: ]
[forcedsplits_filename: ]
[refit_decay_rate: 0.9]
[cegb_tradeoff: 1]
[cegb_penalty_split: 0]
[cegb_penalty_feature_lazy: ]
[cegb_penalty_feature_coupled: ]
[path_smooth: 0]
[interaction_constraints: ]
[verbosity: -1]
[saved_feature_importance_type: 0]
[use_quantized_grad: 0]
[num_grad_quant_bins: 4]
[quant_train_renew_leaf: 0]
[stochastic_rounding: 1]
[linear_tree: 0]
[max_bin: 255]
[max_bin_by_feature: ]
[min_data_in_bin: 3]
[bin_construct_sample_cnt: 200000]
[data_random_seed: 5037]
[is_enable_sparse: 1]
[enable_bundle: 1]
[use_missing: 1]
[zero_as_missing: 0]
[feature_pre_filter: 1]
[pre_partition: 0]
[two_round: 0]
[header: 0]
[label_column: ]
[weight_column: ]
[group_column: ]
[ignore_column: ]
[categorical_feature: ]
[forcedbins_filename: ]
[precise_float_parser: 0]
[parser_config_file: ]
[objective_seed: 15411]
[num_class: 1]
[is_unbalance: 0]
[scale_pos_weight: 1]
[sigmoid: 1]
[boost_from_average: 1]
[reg_sqrt: 0]
[alpha: 0.9]
[fair_c: 1]
[poisson_max_delta_step: 0.7]
[tweedie_variance_power: 1.5]
[lambdarank_truncation_level: 30]
[lambdarank_norm: 1]
[label_gain: ]
[lambdarank_position_bias_regularization: 0]
[eval_at: ]
[multi_error_top_k: 1]
[auc_mu_weights: ]
[num_machines: 1]
[local_listen_port: 12400]
[time_out: 120]
[machine_list_filename: ]
[machines: ]
[gpu_platform_id: -1]
[gpu_device_id: -1]
[gpu_device_id_list: ]
[gpu_use_dp: 0]
[num_gpu: 1]

end of parameters

pandas_categorical:[]
