tree
version=v4
num_class=1
num_tree_per_iteration=1
label_index=0
max_feature_idx=84
objective=regression
feature_names=consumo_atual_kw consumo_lag_15m consumo_lag_30m consumo_lag_60m consumo_lag_120m consumo_lag_180m consumo_lag_360m consumo_lag_720m consumo_lag_1440m consumo_lag_10080m consumo_mean_60m consumo_min_60m consumo_max_60m consumo_std_60m consumo_mean_180m consumo_min_180m consumo_max_180m consumo_std_180m consumo_mean_360m consumo_min_360m consumo_max_360m consumo_std_360m consumo_mean_1440m consumo_min_1440m consumo_max_1440m consumo_std_1440m temperatura_externa_c_atual temperatura_externa_c_lag_15m temperatura_externa_c_lag_60m temperatura_externa_c_lag_180m temperatura_externa_c_lag_360m temperatura_externa_c_lag_720m temperatura_externa_c_lag_1440m temperatura_externa_c_media_60m temperatura_externa_c_media_180m temperatura_externa_c_media_360m temperatura_externa_c_media_1440m umidade_relativa_pct_atual umidade_relativa_pct_lag_15m umidade_relativa_pct_lag_60m umidade_relativa_pct_lag_180m umidade_relativa_pct_lag_360m umidade_relativa_pct_lag_720m umidade_relativa_pct_lag_1440m umidade_relativa_pct_media_60m umidade_relativa_pct_media_180m umidade_relativa_pct_media_360m umidade_relativa_pct_media_1440m origem_hora origem_dia_semana origem_fim_de_semana origem_mes origem_hora_sin origem_hora_cos origem_semana_sin origem_semana_cos consumo_diferenca_semana_atual consumo_razao_semana_atual consumo_diferenca_dia_atual tendencia_consumo_15m tendencia_consumo_60m tendencia_consumo_180m tendencia_consumo_360m correcao_semanal_media_60m correcao_semanal_std_60m correcao_semanal_media_180m correcao_semanal_std_180m correcao_semanal_media_360m correcao_semanal_std_360m correcao_semanal_media_1440m correcao_semanal_std_1440m temperatura_externa_c_diferenca_semana_atual temperatura_externa_c_tendencia_1h umidade_relativa_pct_diferenca_semana_atual umidade_relativa_pct_tendencia_1h alvo_hora alvo_dia_semana alvo_fim_de_semana alvo_mes alvo_hora_sin alvo_hora_cos alvo_semana_sin alvo_semana_cos consumo_alvo_dia_anterior consumo_alvo_semana_anterior
feature_infos=[22.399999999999999:324.71375799999998] [22.399999999999999:324.71375799999998] [22.399999999999999:324.71375799999998] [22.399999999999999:324.71375799999998] [22.399999999999999:324.71375799999998] [22.399999999999999:324.71375799999998] [22.399999999999999:324.71375799999998] [22.399999999999999:324.71375799999998] [22.399999999999999:324.71375799999998] [22.399999999999999:324.71375799999998] [22.399999999999999:321.24876725000001] [22.399999999999999:318.278571] [22.399999999999999:324.71375799999998] [0:82.540869055199337] [22.399999999999999:313.28577408333337] [22.399999999999999:302.53573799999998] [22.399999999999999:324.71375799999998] [0:92.970139865692389] [22.399999999999999:295.13563500000004] [22.399999999999999:249.29458700000001] [22.399999999999999:324.71375799999998] [0:116.53386463160022] [23.200000000000003:159.49963871874999] none [25.600000000000001:324.71375799999998] [1.3929144002343703:128.71471884334804] [15:33.700000000000003] [15:33.700000000000003] [15:33.700000000000003] [15:33.700000000000003] [15:33.700000000000003] [15:33.700000000000003] [15:33.700000000000003] [15:33.4375] [15:32.71875] [15.333333333333334:31.620833333333334] [16.439843749999998:27.283072916666669] [31:98] [31:98] [31:98] [31:98] [31:98] [31:98] [31:98] [32.5:95.625] [33.666666666666664:95.083333333333329] [37.041666666666664:94] [59.309895833333336:91.638020833333329] [0:23.75] [0:6] [0:1] [1:4] [-1:1] [-1:1] [-0.97492791218182362:0.97492791218182362] [-0.90096886790241903:1] [-72.635950000000008:77.445233000000002] [0.43630911779503978:2.09406877563422] [-291.363968:296.779246] [-121.30707899999999:153.05878799999999] [-124.27709300000001:153.05878799999999] [-180.63157299999997:268.16051600000003] [-299.363968:299.97924600000005] [-70.384351250000009:75.467424499999993] [0:44.359338508129341] [-67.777903583333341:70.921986416666655] [0:38.631403568061003] [-64.848194500000005:62.415354583333333] [0:37.083675449251288] [-34.945017510416669:27.905951093750001] [0:30.68446053870321] [-12:11.5] [-8:4.8000000000000007] [-49:48] [-30:40] [0:23.75] [0:6] [0:1] [1:4] [-1:1] [-1:1] [-0.97492791218182362:0.97492791218182362] [-0.90096886790241903:1] [22.399999999999999:324.71375799999998] [22.399999999999999:324.71375799999998]
tree_sizes=1437 1437 1439 1438 1443 1436 1446 1439 1436 1450 1444 1450 1444 1444 1437 1445 1446 1435 1448 1443 1447 1438 1437 1459 1437 1421 1426 1437 1427 1439 1441 1441 1435 1441 1444 1431 1428 1444 1451 1443 1450 1435 1434 1459 1437 1435 1445 1452 1430 1446 1453 1465

Tree=0
num_leaves=15
num_cat=0
split_feature=56 56 84 84 71 84 71 56 56 84 69 32 20 57
split_gain=984377 611861 231524 145767 93535.9 114926 90339.9 79649.4 58290.9 54289.1 63132.5 32926.1 29275.1 24128.7
threshold=-20.301123499999999 12.469554000000004 98.308240000000012 42.523274000000008 1.0000000180025095e-35 97.17756150000001 -2.9875000000000003 28.185099000000026 -42.873081999999975 42.523274000000008 5.8223991614583346 21.212500000000002 248.11922550000006 0.97783958409521732
decision_type=2 2 2 2 2 2 2 2 2 2 2 2 2 2
left_child=2 4 -1 -3 5 -2 11 -5 12 -6 -11 -7 -4 -8
right_child=1 3 8 7 9 6 13 -9 -10 10 -12 -13 -14 -15
leaf_value=-1.0165060701655122 -0.965129453258736 -0.96259826251922431 -3.6774749959632524 -0.039297984794611329 -0.96243293909500283 -2.8679493732775732 -1.4349465232507495 0.78307715140192435 -2.4753652364859233 -0.78505138135242725 0.0055585261239583517 -1.8266745785327281 -2.5088528766484943 -0.99080892328716352
leaf_weight=247 2938 267 198 664 2138 123 1045 536 651 817 365 204 80 432
leaf_count=247 2938 267 198 664 2138 123 1045 536 651 817 365 204 80 432
internal_value=-1.01306 -0.844578 -2.37725 0.0942977 -1.01554 -1.15803 -1.47204 0.329219 -2.73865 -0.812031 -0.540257 -2.22281 -3.34775 -1.30512
internal_weight=10705 9529 1176 1467 8062 4742 1804 1200 929 3320 1182 327 278 1477
internal_count=10705 9529 1176 1467 8062 4742 1804 1200 929 3320 1182 327 278 1477
is_linear=0
shrinkage=1


Tree=1
num_leaves=15
num_cat=0
split_feature=56 56 84 84 71 84 71 71 56 84 71 56 29 84
split_gain=889618 543553 219251 131578 78736.6 93703 77672.1 73255.1 71901 49006.3 57554.5 40683.3 32619.3 23648.2
threshold=-17.784266499999983 12.469554000000004 90.779249500000006 42.523274000000008 1.0000000180025095e-35 97.17756150000001 -2.9875000000000003 -3.4875000000000003 28.185099000000026 42.523274000000008 2.2375000000000012 -42.873081999999975 19.487500000000004 287.58038500000004
decision_type=2 2 2 2 2 2 2 2 2 2 2 2 2 2
left_child=2 4 -1 -3 5 -2 12 11 -5 -6 -11 -4 -7 -8
right_child=1 3 7 8 9 6 13 -9 -10 10 -12 -13 -14 -15
leaf_value=0.051107888471222288 0.045437587027987558 0.047950323982470074 -2.3340767536454528 0.92514939994320167 0.048099148783409582 -1.8899759864807131 -0.22861317251393234 -0.86782453890472988 1.7064998305265686 0.2486048689272351 1.0572127280496189 -1.5474070277606058 -0.77693136706210597 -1.3939307843314277
leaf_weight=263 2907 267 261 664 2138 99 1388 276 536 888 292 481 201 44
leaf_count=263 2907 267 261 664 2138 99 1388 276 536 888 292 481 201 44
internal_value=-2.11509e-05 0.168069 -1.23578 1.05209 0.00497378 -0.128034 -0.419047 -1.56797 1.27528 0.190918 0.449427 -1.82689 -1.14929 -0.265367
internal_weight=10705 9424 1281 1467 7957 4639 1732 1018 1200 3318 1180 742 300 1432
internal_count=10705 9424 1281 1467 7957 4639 1732 1018 1200 3318 1180 742 300 1432
is_linear=0
shrinkage=0.05


Tree=2
num_leaves=15
num_cat=0
split_feature=56 56 84 84 71 84 71 71 71 25 52 71 68 43
split_gain=804864 503208 188065 118259 78458.2 107490 71196.6 68416.2 41492.2 36216.6 35001.9 39460.6 28025.8 23680.1
threshold=-21.542102499999995 11.821706499999992 97.17756150000001 42.523274000000008 -1.0000000180025095e-35 94.828613500000003 5.1000000000000005 -2.9875000000000003 -5.0124999999999984 95.41747064970518 0.91037613702198772 2.1000000000000001 3.2857209863616288 47.125000000000007
decision_type=2 2 2 2 2 2 2 2 2 2 2 2 2 2
left_child=2 4 -1 -3 5 -2 -5 12 9 -4 13 -12 -7 -6
right_child=1 3 8 6 10 7 -8 -9 -10 -11 11 -13 -14 -15
leaf_value=0.0084412417297280006 0.043932300004209009 0.045567645755681126 -2.4196335120135188 0.95605385867448645 0.89216906587508604 -1.6164099072756835 1.8052794243287349 -0.30115016861968258 -1.272378977942161 -1.4709428441348336 0.2512412998034832 1.0988792134228573 -0.71047211263576859 0.059931564601197446
leaf_weight=228 2630 274 216 891 87 145 344 1307 467 202 528 185 213 2988
leaf_count=228 2630 274 216 891 87 145 344 1307 467 202 528 185 213 2988
internal_value=-4.30182e-05 0.147685 -1.27217 0.985531 -0.00883361 -0.155111 1.19387 -0.469353 -1.60173 -1.96578 0.157019 0.472406 -1.08088 0.0837602
internal_weight=10705 9592 1113 1509 8083 4295 1235 1665 885 418 3788 713 358 3075
internal_count=10705 9592 1113 1509 8083 4295 1235 1665 885 418 3788 713 358 3075
is_linear=0
shrinkage=0.05


Tree=3
num_leaves=15
num_cat=0
split_feature=56 56 84 84 71 56 71 84 71 52 56 29 71 43
split_gain=727101 440413 175835 107315 71517.6 62379.7 62354.3 73767.5 62123.9 41999.2 35406.2 32341.4 26320.7 22164.8
threshold=-16.838949999999993 12.469554000000004 90.779249500000006 42.523274000000008 -3.2375000000000003 29.782057499999997 1.0000000180025095e-35 101.17872750000002 -2.4875000000000003 0.91037613702198772 -42.873081999999975 19.487500000000004 2.1000000000000001 44.625000000000007
decision_type=2 2 2 2 2 2 2 2 2 2 2 2 2 2
left_child=2 6 -1 -3 10 -5 7 -2 11 13 -4 -9 -11 -8
right_child=1 3 4 5 -6 -7 9 8 -10 12 -12 -13 -14 -15
leaf_value=0.04667315891351842 0.038116967952189246 0.043291873407008047 -2.1047455147693035 0.86089705615177192 -0.68863629003072324 1.6021681875148985 1.1024050745058733 -1.6788228909174603 -0.21389855200833152 0.32633749819027646 -1.3842576304014695 -0.64662533117704246 1.04604811575961 0.069754948126876479
leaf_weight=268 2946 267 265 731 274 469 52 107 1283 401 516 264 186 2676
leaf_count=268 2946 267 265 731 274 469 52 107 1283 401 516 264 186 2676
internal_value=-5.3145e-05 0.154724 -1.09694 0.950135 -1.38721 1.1517 0.00719764 -0.111929 -0.379042 0.172485 -1.6311 -0.948034 0.55578 0.0898356
internal_weight=10705 9382 1323 1467 1055 1200 7915 4600 1654 3315 781 371 587 2728
internal_count=10705 9382 1323 1467 1055 1200 7915 4600 1654 3315 781 371 587 2728
is_linear=0
shrinkage=0.05


Tree=4
num_leaves=15
num_cat=0
split_feature=56 56 84 84 71 84 71 71 84 69 71 25 71 68
split_gain=658113 410683 154169 96252.6 74449.7 86629.1 56689.6 47428.7 38469 57653.6 36012.9 31655.1 24695.4 24062.3
threshold=-21.542102499999995 15.824862000000012 90.779249500000006 42.523274000000008 -1.0000000180025095e-35 94.828613500000003 -2.9875000000000003 5.1000000000000005 42.523274000000008 11.26756466666667 -5.0124999999999984 95.41747064970518 1.8125000000000002 3.2857209863616288
decision_type=2 2 2 2 2 2 2 2 2 2 2 2 2 2
left_child=2 4 -1 -3 5 -2 13 -5 -6 12 11 -4 -10 -7
right_child=1 3 10 7 8 6 -8 -9 9 -11 -12 -13 -14 -15
leaf_value=0.045305409508013948 0.039828260512613171 0.041110679829791517 -2.2044176870776759 0.93521764440243949 0.036416212531529407 -1.4729689374770203 -0.26782425985729791 1.6569537309170468 0.083229341948318991 1.0325899390196891 -1.1385612108933278 -1.3185934080792767 0.56971995523018859 -0.63386697575937367
leaf_weight=217 2638 230 216 708 2437 145 1319 340 942 260 478 202 360 213
leaf_count=217 2638 230 216 708 2437 145 1319 340 942 260 478 202 360 213
internal_value=-5.78749e-05 0.133525 -1.15038 0.967621 0.00520994 -0.138814 -0.419684 1.17073 0.160611 0.354229 -1.43969 -1.78051 0.218077 -0.976883
internal_weight=10705 9592 1113 1278 8314 4315 1677 1048 3999 1562 896 418 1302 358
internal_count=10705 9592 1113 1278 8314 4315 1677 1048 3999 1562 896 418 1302 358
is_linear=0
shrinkage=0.05


Tree=5
num_leaves=15
num_cat=0
split_feature=56 56 84 84 71 84 71 84 69 71 19 56 33 71
split_gain=594159 371975 139350 88830.4 73875.5 72093.4 59741.8 48890 39551.9 37483.6 33236.7 34663 26355.2 21669.3
threshold=-21.542102499999995 18.240221500000022 97.17756150000001 42.523274000000008 1.0000000180025095e-35 97.17756150000001 -2.3625000000000003 42.523274000000008 -1.0000000180025095e-35 4.512500000000002 207.63607150000004 -42.873081999999975 19.003125000000004 2.1000000000000001
decision_type=2 2 2 2 2 2 2 2 2 2 2 2 2 2
left_child=2 4 -1 -3 5 -2 12 -6 -9 -5 11 -4 -7 -10
right_child=1 3 10 9 7 6 -8 8 13 -11 -12 -13 -14 -15
leaf_value=0.0092666103459862117 0.037252786169840367 0.039047944602243145 -1.9200064024530858 0.91629563818145321 0.03421559244128454 -1.5002194058476834 -0.18989036138829754 0.097417793427027666 0.4392487057083555 1.5643246963590542 0.030854046708200036 -1.2226284834048142 -0.62888356436289072 0.97113063257952403
leaf_weight=228 2963 210 265 566 2185 113 1375 591 533 376 40 580 379 301
leaf_count=228 2963 210 265 566 2185 113 1375 591 533 376 40 580 379 301
internal_value=-6.71022e-05 0.12686 -1.09307 0.969236 0.0117799 -0.116099 -0.359363 0.18286 0.410597 1.17634 -1.37675 -1.44334 -0.831645 0.632144
internal_weight=10705 9592 1113 1152 8440 4830 1867 3610 1425 942 885 845 492 834
internal_count=10705 9592 1113 1152 8440 4830 1867 3610 1425 942 885 845 492 834
is_linear=0
shrinkage=0.05


Tree=6
num_leaves=15
num_cat=0
split_feature=56 56 84 84 71 71 84 71 84 71 71 56 66 84
split_gain=537482 326401 130328 80187.6 58123.4 56178.3 54139.9 46659.9 43816.8 36638.8 33970.6 26278.6 24406 18137
threshold=-16.838949999999993 18.240221500000022 90.779249500000006 42.523274000000008 1.0000000180025095e-35 -3.2375000000000003 104.00574950000002 -2.4875000000000003 42.523274000000008 2.2375000000000012 5.1000000000000005 -44.093216500000004 1.0089723905548029 282.33339050000006
decision_type=2 2 2 2 2 2 2 2 2 2 2 2 2 2
left_child=2 4 -1 -3 6 11 -2 12 -6 -10 -5 -4 -8 -9
right_child=1 3 5 10 8 -7 7 13 9 -11 -12 -13 -14 -15
leaf_value=0.041418741144876946 0.032000638728768231 0.037104799849162172 -1.8341475579473709 0.89290304760586059 0.032499275535290494 -0.57413124105876145 -1.3319937381065554 -0.13732343897738131 0.23173414583767291 0.79928441748287771 1.5247865386976454 -1.2048399559971079 -0.49081283352818189 -0.96546578783541914
leaf_weight=268 2989 210 251 609 2183 274 143 1206 1027 393 333 530 220 69
leaf_count=268 2989 210 251 609 2183 274 143 1206 1027 393 333 530 220 69
internal_value=-6.99249e-05 0.133003 -0.943142 0.920884 0.0226209 -1.19305 -0.0946255 -0.32557 0.173174 0.389262 1.11766 -1.40918 -0.824936 -0.182862
internal_weight=10705 9382 1323 1152 8230 1055 4627 1638 3603 1420 942 781 363 1275
internal_count=10705 9382 1323 1152 8230 1055 4627 1638 3603 1420 942 781 363 1275
is_linear=0
shrinkage=0.05


Tree=7
num_leaves=15
num_cat=0
split_feature=56 56 84 84 84 56 71 84 26 19 56 84 69 69
split_gain=485684 304540 114141 72485.8 53636.9 49350 38254.2 51454.4 41710.4 28987.7 29384 23271.4 51015.6 18655.6
threshold=-21.542102499999995 11.517540500000004 90.779249500000006 42.523274000000008 273.33104300000008 24.857463000000006 -0.63749999999999918 90.779249500000006 19.012500000000003 207.63607150000004 -40.700866499999997 42.523274000000008 5.8223991614583346 -5.9078175052083326
decision_type=2 2 2 2 2 2 2 2 2 2 2 2 2 2
left_child=2 4 -1 -3 6 -5 7 -2 -9 10 -4 -8 13 -13
right_child=1 3 9 5 -6 -7 11 8 -10 -11 -12 12 -14 -15
leaf_value=0.040527886890490125 0.035757373016830178 0.035396249676849824 -1.690589181953861 0.5862137526481398 -0.62941828087509222 1.2179222509443404 0.031672524888560455 -0.97643622090375382 -0.22491790898528558 0.076572333885038771 -1.0745320711148918 -0.22943805186673047 0.742909631149828 0.22656191330652387
leaf_weight=217 2334 281 309 582 332 667 2649 226 995 40 547 312 423 791
leaf_count=217 2334 281 309 582 332 667 2649 226 995 40 547 312 423 791
internal_value=-8.01918e-05 0.114677 -0.988287 0.761147 -0.00808921 0.924268 0.0186746 -0.101849 -0.364705 -1.23722 -1.29863 0.1213 0.276763 0.0974845
internal_weight=10705 9592 1113 1530 8062 1249 7730 3555 1221 896 856 4175 1526 1103
internal_count=10705 9592 1113 1530 8062 1249 7730 3555 1221 896 856 4175 1526 1103
is_linear=0
shrinkage=0.05


Tree=8
num_leaves=15
num_cat=0
split_feature=56 56 84 56 84 71 52 84 69 71 71 73 6 84
split_gain=440135 248255 101588 103068 65526 34777.2 43795 39591.4 32262.8 30110.5 28892.5 19341.5 19209.8 18771.1
threshold=-9.1773025000000015 18.240221500000022 90.779249500000006 -26.942587500000005 42.523274000000008 0.20000000000000109 0.91037613702198772 42.523274000000008 -1.0000000180025095e-35 6.0125000000000002 -2.4249999999999985 10.875000000000002 263.81563600000004 95.808398000000025
decision_type=2 2 2 2 2 2 2 2 2 2 2 2 2 2
left_child=2 5 -1 12 -3 6 -2 -7 -9 -6 13 -5 -4 -8
right_child=1 4 3 11 9 7 10 8 -10 -11 -12 -13 -14 -15
leaf_value=0.059467828486646925 0.024189326420015627 0.033496927028583694 -1.3739187305142764 -0.30215531285694014 0.84090094737527366 0.029240804789801803 -0.044088312801049682 0.073230068176097479 0.5767041400186439 1.4894084149842362 -0.208718427936749 -0.81232284163606572 -0.27655013176527893 -1.177455564433491
leaf_weight=363 3450 210 672 523 698 2132 48 528 801 244 551 289 43 153
leaf_count=363 3450 210 672 523 698 2132 48 528 801 244 551 289 43 153
internal_value=-8.47359e-05 0.148385 -0.692265 -0.870889 0.832405 0.0454596 -0.0512072 0.162804 0.376884 1.01028 -0.396681 -0.484506 -1.3084 -0.908359
internal_weight=10705 8815 1890 1527 1152 7663 4202 3461 1329 942 752 812 715 201
internal_count=10705 8815 1890 1527 1152 7663 4202 3461 1329 942 752 812 715 201
is_linear=0
shrinkage=0.05


Tree=9
num_leaves=15
num_cat=0
split_feature=56 56 84 84 71 71 84 26 71 84 69 24 84 69
split_gain=397363 240676 96089.8 59152 44910.5 43473.8 46217.7 31839.6 27798.6 27380.3 40254.3 22788.5 21882.8 16530.2
threshold=-16.838949999999993 18.240221500000022 84.562741000000017 42.523274000000008 -3.3625000000000003 -1.0000000180025095e-35 107.25761450000002 19.012500000000003 4.4125000000000023 42.523274000000008 11.26756466666667 248.11922550000006 287.58038500000004 -1.0000000180025095e-35
decision_type=2 2 2 2 2 2 2 2 2 2 2 2 2 2
left_child=2 5 -1 -3 11 6 -2 -8 -5 -7 13 -4 -9 -11
right_child=1 3 4 8 -6 9 7 12 -10 10 -12 -13 -14 -15
leaf_value=0.036413733928061243 0.025151384950216644 0.031830018871768388 -1.5587246912356003 0.72821319703808818 -0.50019528869326269 0.028444272370518664 -0.89452287063920677 -0.18382415309444447 1.2822674770998288 0.013239250339612539 0.83695007607181737 -0.99563135932176849 -1.274030237272382 0.35971939223594068
leaf_weight=267 2716 210 312 550 296 2453 210 1146 392 715 280 448 47 663
leaf_count=267 2716 210 312 550 296 2453 210 1146 392 715 280 448 47 663
internal_value=-8.5492e-05 0.114335 -0.810966 0.790887 -1.02505 0.0195493 -0.0952446 -0.328165 0.95989 0.134562 0.29145 -1.22854 -0.227805 0.180082
internal_weight=10705 9382 1323 1152 1056 8230 4119 1403 942 4111 1658 760 1193 1378
internal_count=10705 9382 1323 1152 1056 8230 4119 1403 942 4111 1658 760 1193 1378
is_linear=0
shrinkage=0.05


Tree=10
num_leaves=15
num_cat=0
split_feature=56 56 84 56 84 71 52 84 71 71 71 73 73 84
split_gain=360597 202079 83499.1 84643.9 53396.6 28584.2 34975.6 34574.1 26621.5 25349.2 25189.4 17714.6 16331.8 15901.3
threshold=-9.1773025000000015 18.240221500000022 90.779249500000006 -26.942587500000005 42.523274000000008 0.48750000000000077 0.91037613702198772 42.523274000000008 -2.4249999999999985 3.7125000000000008 2.2375000000000012 15.125000000000002 10.875000000000002 90.779249500000006
decision_type=2 2 2 2 2 2 2 2 2 2 2 2 2 2
left_child=2 5 -1 11 -3 6 -2 -7 13 -6 -9 -4 -5 -8
right_child=1 4 3 12 9 7 8 10 -10 -11 -12 -13 -14 -15
leaf_value=0.054908328757181268 0.02420622662946257 0.030246060888914135 -0.93960758504681197 -0.27086526965669122 0.64010161950954525 0.026352528721532403 0.0021990723080105253 0.20722510491492879 -0.17291514643431719 1.1620656188759877 0.69146560817238345 -1.4447807181605026 -0.73962836382846386 -1.0725012418401394
leaf_weight=363 3592 210 370 523 453 2039 44 848 590 489 393 345 289 157
leaf_count=363 3592 210 370 523 453 2039 44 848 590 489 393 345 289 157
internal_value=-9.0858e-05 0.134296 -0.626614 -0.788556 0.751431 0.0414346 -0.0421022 0.153042 -0.342865 0.912002 0.361008 -1.18504 -0.438408 -0.838397
internal_weight=10705 8815 1890 1527 1152 7663 4383 3280 791 942 1241 715 812 201
internal_count=10705 8815 1890 1527 1152 7663 4383 3280 791 942 1241 715 812 201
is_linear=0
shrinkage=0.05


Tree=11
num_leaves=15
num_cat=0
split_feature=56 56 84 84 84 56 71 84 26 19 56 84 69 69
split_gain=325649 206299 81623.5 48448.4 44440.2 37245.5 28588.4 41089.3 27978.1 18735.3 18368.4 15363 40128.4 17972.7
threshold=-23.553458499999994 11.517540500000004 115.80387300000002 42.523274000000008 273.33104300000008 29.782057499999997 -0.88749999999999918 94.828613500000003 19.012500000000003 205.72067600000003 -44.093216500000004 42.523274000000008 11.26756466666667 -5.9078175052083326
decision_type=2 2 2 2 2 2 2 2 2 2 2 2 2 2
left_child=2 4 -1 -3 6 -5 7 -2 -9 10 -4 -8 13 -13
right_child=1 3 9 5 -6 -7 11 8 -10 -11 -12 12 -14 -15
leaf_value=-0.11993824091374664 0.029770181673492747 0.029046961527766913 -1.552271973511629 0.54284897351890293 -0.56470908430011979 1.1079005588242348 0.026577094734339304 -0.84924800427896641 -0.21848399750250183 -0.077523540350652884 -0.99904933157299336 -0.18964651487136291 0.8260214112977633 0.22228819848425127
leaf_weight=282 2247 281 227 780 345 469 2768 216 933 41 479 353 233 1051
leaf_count=282 2247 281 227 780 345 469 2768 216 933 41 479 353 233 1051
internal_value=-9.47307e-05 0.0898673 -0.845301 0.622384 -0.0102152 0.755743 0.0143765 -0.094621 -0.337696 -1.11861 -1.17887 0.0984097 0.219781 0.118656
internal_weight=10705 9676 1029 1530 8146 1249 7801 3396 1149 747 706 4405 1637 1404
internal_count=10705 9676 1029 1530 8146 1249 7801 3396 1149 747 706 4405 1637 1404
is_linear=0
shrinkage=0.05


Tree=12
num_leaves=15
num_cat=0
split_feature=56 56 84 71 84 71 84 52 71 71 69 24 46 84
split_gain=295289 165501 69523.8 70112.7 43738.5 23750.2 34015.6 26469.6 25405.7 22934.3 22129.3 21844.8 20852.2 16181.8
threshold=-9.1773025000000015 18.240221500000022 90.779249500000006 -3.3625000000000003 42.523274000000008 0.95000000000000118 42.523274000000008 0.91037613702198772 -2.2375000000000003 6.0125000000000002 -0.035147567708333632 248.07883750000005 53.848958333333343 290.2148160000001
decision_type=2 2 2 2 2 2 2 2 2 2 2 2 2 2
left_child=2 5 -1 11 -3 7 -7 -2 -9 -6 -8 -4 -5 -14
right_child=1 4 3 12 9 6 10 8 -10 -11 -12 -13 13 -15
leaf_value=0.054812248403226939 0.024805413302785351 0.027295459785732612 -1.3607198970767256 0.62511677137923005 0.67768984107441876 0.023631634991001953 0.084743477048699473 -0.74296719290282398 -0.12152548467152213 1.2431985113784976 0.56869530520035916 -0.82416411923822541 -0.35866787653720811 -1.3532924837686799
leaf_weight=363 3974 210 312 50 698 1819 380 220 645 244 625 505 617 43
leaf_count=363 3974 210 312 50 698 1819 380 220 645 244 625 505 617 43
internal_value=-9.83367e-05 0.121512 -0.567055 -0.714825 0.680007 0.037474 0.152673 -0.0297727 -0.280255 0.825333 0.385975 -1.03048 -0.350662 -0.425418
internal_weight=10705 8815 1890 1527 1152 7663 2824 4839 865 942 1005 817 710 660
internal_count=10705 8815 1890 1527 1152 7663 2824 4839 865 942 1005 817 710 660
is_linear=0
shrinkage=0.05


Tree=13
num_leaves=15
num_cat=0
split_feature=56 56 84 84 84 56 69 0 84 71 19 56 37 19
split_gain=267054 168030 67911.7 39490 38345.4 31590.9 24766.1 24449.7 23241.8 37795.6 16069.3 15785.6 12880.2 13107.5
threshold=-23.553458499999994 11.517540500000004 115.80387300000002 42.523274000000008 273.33104300000008 29.782057499999997 -0.66454532812499967 271.0644405000001 81.513918500000003 -2.0999999999999992 205.72067600000003 -44.093216500000004 56.875000000000007 119.22580600000002
decision_type=2 2 2 2 2 2 2 2 2 2 2 2 2 2
left_child=2 4 -1 -3 6 12 8 -8 -2 -10 11 -4 -5 -14
right_child=1 3 10 5 -6 -7 7 -9 9 -11 -12 -13 13 -15
leaf_value=-0.10388233611913884 0.028035625643515302 0.026280957692903829 -1.4165825929296645 0.83666611952224967 -0.52402544767646975 1.0066585887171964 0.07678245976850398 1.0058375766086909 -0.70692246572122974 -0.10088789405675996 -0.051155707612633709 -0.90403098423499617 0.54860524303231861 0.057892523668835176
leaf_weight=282 1902 281 227 196 345 469 4341 71 330 1157 41 479 368 216
leaf_count=282 1902 281 227 196 345 469 4341 71 330 1157 41 479 368 216
internal_value=-0.000100105 0.0813673 -0.765498 0.561961 -0.00895677 0.682361 0.0138864 0.0919578 -0.0877486 -0.235766 -1.01479 -1.0706 0.486327 0.367518
internal_weight=10705 9676 1029 1530 8146 1249 7801 4412 3389 1487 747 706 780 584
internal_count=10705 9676 1029 1530 8146 1249 7801 4412 3389 1487 747 706 780 584
is_linear=0
shrinkage=0.05


Tree=14
num_leaves=15
num_cat=0
split_feature=56 56 71 84 84 71 52 84 69 84 24 71 36 71
split_gain=241139 134048 57386.2 53770.6 38144.3 20598.5 33571.3 22417.2 26613.5 20172.8 18336 17954 15802.5 13593.5
threshold=-8.0378734999999875 19.878724000000009 -3.4875000000000003 99.635315500000019 42.523274000000008 -1.0000000180025095e-35 0.91037613702198772 42.523274000000008 11.26756466666667 287.58038500000004 248.07883750000005 8.0125000000000011 24.593229166666671 -2.8499999999999992
decision_type=2 2 2 2 2 2 2 2 2 2 2 2 2 2
left_child=2 5 3 -1 -3 6 -2 -7 -9 12 -5 -6 -4 -8
right_child=1 4 9 10 11 7 13 8 -10 -11 -12 -13 -14 -15
leaf_value=0.017784354297651184 0.021629310417493986 0.024626488462813852 -0.23934891381447307 -1.2452626420257542 0.7149669196422741 0.020231751321662515 -0.77650250059257198 0.16181636164109958 0.67519309186583265 -1.170280130593865 -0.75071129447171403 1.5614590503167416 0.47899989202795989 -0.24231439482281619
leaf_weight=179 2926 205 871 307 795 2455 163 1347 310 53 502 68 83 441
leaf_count=179 2926 205 871 307 795 2455 163 1347 310 53 502 68 83 441
internal_value=-9.61305e-05 0.113488 -0.495801 -0.766378 0.637912 0.0401233 -0.048468 0.116169 0.258211 -0.229833 -0.93969 0.783396 -0.176415 -0.38752
internal_weight=10705 8710 1995 988 1068 7642 3530 4112 1657 1007 809 863 954 604
internal_count=10705 8710 1995 988 1068 7642 3530 4112 1657 1007 809 863 954 604
is_linear=0
shrinkage=0.05


Tree=15
num_leaves=15
num_cat=0
split_feature=56 56 84 84 84 56 69 84 71 0 37 71 25 19
split_gain=218874 138075 56886.9 35210.2 32766.8 29666 19359.5 21300.2 29954.4 19390.9 14376.1 14210.8 14492 13461.4
threshold=-23.553458499999994 8.0181919999999725 115.80387300000002 42.523274000000008 275.36804450000005 29.782057499999997 -0.66454532812499967 81.513918500000003 -2.0999999999999992 271.0644405000001 51.125000000000007 -5.0124999999999984 94.642039629914848 119.22580600000002
decision_type=2 2 2 2 2 2 2 2 2 2 2 2 2 2
left_child=2 4 -1 -3 6 10 7 -2 -9 -8 -5 12 -4 -12
right_child=1 3 11 5 -6 -7 9 8 -10 -11 13 -13 -14 -15
leaf_value=-0.087511989990308514 0.02739136363559231 0.023213199302554131 -1.4322217541933062 0.89373986217186607 -0.54741521405605542 0.9149971080476299 0.06336437012232761 -0.63683836552207951 -0.10353599995936368 0.99181925450500685 0.49708553758197227 -0.69451704053259133 -0.80654686670750386 0.062881338575132381
leaf_weight=282 1892 339 199 138 277 469 4234 340 1158 56 493 365 183 280
leaf_count=282 1892 339 199 138 277 469 4234 340 1158 56 493 365 183 280
internal_value=-9.48163e-05 0.0736585 -0.693018 0.479884 -0.0141503 0.591968 0.00515214 -0.0841369 -0.224923 0.0757124 0.424846 -0.921179 -1.13538 0.34009
internal_weight=10705 9676 1029 1719 7957 1380 7680 3390 1498 4290 911 747 382 773
internal_count=10705 9676 1029 1719 7957 1380 7680 3390 1498 4290 911 747 382 773
is_linear=0
shrinkage=0.05


Tree=16
num_leaves=15
num_cat=0
split_feature=56 56 84 84 84 71 71 84 26 31 19 43 63 52
split_gain=197619 124650 51426.5 31786.9 29583.3 26871.5 18397.3 27556.1 21387.5 15715.9 13866.8 13015.7 12557.5 12145.9
threshold=-23.553458499999994 8.0181919999999725 114.6549605 42.523274000000008 275.36804450000005 4.4125000000000023 -0.63749999999999918 95.808398000000025 19.012500000000003 20.262500000000003 205.72067600000003 47.125000000000007 -39.469790375000002 0.91037613702198772
decision_type=2 2 2 2 2 2 2 2 2 2 2 2 2 2
left_child=2 4 -1 -3 6 -5 7 -2 -9 -7 12 -8 -4 -13
right_child=1 3 10 5 -6 9 11 8 -10 -11 -12 13 -14 -15
leaf_value=-0.072837357050266824 0.023966650878767332 0.022055953688481275 -1.1909619092938744 0.41502714550943121 -0.52014290595413759 0.36595821876027107 0.68693186025633368 -0.70575855805835308 -0.16893511601853972 1.0713940542720095 0.010885708138000133 0.021015134915350848 -0.75425781426539729 0.23925396935875587
leaf_weight=275 2373 339 274 957 277 107 85 225 1043 316 42 3156 438 798
leaf_count=275 2373 339 274 957 277 107 85 225 1043 316 42 3156 438 798
internal_value=-9.39706e-05 0.0699868 -0.658513 0.45596 -0.0134441 0.562456 0.00489676 -0.0765988 -0.264673 0.894234 -0.871743 0.0783626 -0.92375 0.0651097
internal_weight=10705 9676 1029 1719 7957 1380 7680 3641 1268 423 754 4039 712 3954
internal_count=10705 9676 1029 1719 7957 1380 7680 3641 1268 423 754 4039 712 3954
is_linear=0
shrinkage=0.05


Tree=17
num_leaves=15
num_cat=0
split_feature=56 56 84 56 84 71 84 52 17 43 69 71 73 84
split_gain=178503 101557 45277.9 44620.2 28711.4 17581.7 26251.3 19570 18329.1 18800.9 17072.5 15040 13074 12974
threshold=-9.1773025000000015 19.878724000000009 90.779249500000006 -28.725449499999993 63.145266500000005 0.95000000000000118 42.523274000000008 0.91037613702198772 1.9866838054813594e-05 51.125000000000007 -20.992930640624994 8.0125000000000011 15.125000000000002 287.58038500000004
decision_type=2 2 2 2 2 2 2 2 2 2 2 2 2 2
left_child=2 5 -1 12 -3 7 -7 -2 -8 -10 -9 -6 -4 -5
right_child=1 4 3 13 11 6 8 10 9 -11 -12 -13 -14 -15
leaf_value=0.060908996160295638 0.020026978645971017 0.037674326921274905 -0.64762358417837684 -0.27556693481644468 0.61860909976809986 0.013384182061703729 0.65470218494313193 -0.89836800888683033 0.89671062853625605 0.10811295197331761 -0.16682266331897871 1.3933445308519448 -1.0948843425174066 -1.1490075196160212
leaf_weight=363 3988 217 342 816 783 1822 302 88 84 686 777 68 325 44
leaf_count=363 3988 217 342 816 783 1822 302 88 84 686 777 68 325 44
internal_value=-9.18704e-05 0.0944596 -0.440899 -0.560151 0.551303 0.0314162 0.128935 -0.0267522 0.325134 0.195193 -0.242197 0.682078 -0.866867 -0.321537
internal_weight=10705 8815 1890 1527 1068 7747 2894 4853 1072 770 865 851 667 860
internal_count=10705 8815 1890 1527 1068 7747 2894 4853 1072 770 865 851 667 860
is_linear=0
shrinkage=0.05


Tree=18
num_leaves=15
num_cat=0
split_feature=56 56 84 84 56 45 84 56 69 84 71 53 37 84
split_gain=161840 98665.5 42980.3 26275.1 23280.5 21288.7 20300.5 17015.7 14273.6 24642.4 14440.9 12488.5 12254.2 11367
threshold=-17.784266499999983 8.0181919999999725 84.562741000000017 42.523274000000008 29.782057499999997 55.843750000000007 273.33104300000008 -39.120545499999984 5.8223991614583346 42.523274000000008 -0.087500000000000341 -0.70710678118654757 56.875000000000007 94.828613500000003
decision_type=2 2 2 2 2 2 2 2 2 2 2 2 2 2
left_child=2 6 -1 -3 12 -4 8 11 13 -10 -11 -7 -5 -2
right_child=1 3 5 4 -6 7 -8 -9 9 10 -12 -13 -14 -15
leaf_value=0.043898250737684309 0.023806933732971089 0.019511945344069428 0.4071916761723432 0.68724719123131006 0.79696341555486339 -1.4037313498556614 -0.4052784694959165 -0.56970186677542667 0.011404766757766922 0.043070519470521033 0.60791664746780461 -0.765843003601409 0.25867025374638114 -0.12565070460263955
leaf_weight=262 3825 339 43 220 469 127 303 642 1154 167 351 207 691 1905
leaf_count=262 3825 339 43 220 469 127 303 642 1154 167 351 207 691 1905
internal_value=-8.92798e-05 0.0716046 -0.527168 0.414005 0.510829 -0.673897 -0.0048293 -0.721895 0.0116156 0.140105 0.426248 -1.01186 0.362809 -0.0258951
internal_weight=10705 9424 1281 1719 1380 1019 7705 976 7402 1672 518 334 911 5730
internal_count=10705 9424 1281 1719 1380 1019 7705 976 7402 1672 518 334 911 5730
is_linear=0
shrinkage=0.05


Tree=19
num_leaves=15
num_cat=0
split_feature=56 56 84 84 84 56 71 84 24 19 71 56 1 69
split_gain=146701 92817.1 38989.9 23719.4 23362.7 21358.7 15223.9 29656.2 17735.4 11504.3 10819.1 10266.6 9313.29 8858.83
threshold=-23.553458499999994 8.0181919999999725 115.80387300000002 42.523274000000008 275.36804450000005 24.857463000000006 -1.6874999999999998 107.25761450000002 248.07883750000005 205.72067600000003 8.0125000000000011 -44.093216500000004 274.73992800000002 -1.0046598958333335
decision_type=2 2 2 2 2 2 2 2 2 2 2 2 2 2
left_child=2 4 -1 -3 6 -5 7 -2 -9 11 -7 -4 -8 -10
right_child=1 3 9 5 -6 10 12 8 13 -11 -12 -13 -14 -15
leaf_value=-0.06611052343997012 0.013727678557916984 0.01853921768419883 -1.0820631514973285 0.29445407021484543 -0.46198441050678707 0.61885468411818145 0.043570330215088562 -0.94067413231246499 -0.41092567099540522 0.056667107059842063 1.285734272154345 -0.66949247215137198 0.68062696735021377 0.0021618778656782777
leaf_weight=282 1606 339 227 713 277 599 5337 116 362 41 68 479 57 202
leaf_count=282 1606 339 227 713 277 599 5337 116 362 41 68 479 57 202
internal_value=-8.65459e-05 0.0602945 -0.567375 0.393356 -0.0116992 0.48535 0.00459955 -0.103509 -0.380009 -0.756266 0.688665 -0.803489 0.0504272 -0.263234
internal_weight=10705 9676 1029 1719 7957 1380 7680 2286 680 747 667 706 5394 564
internal_count=10705 9676 1029 1719 7957 1380 7680 2286 680 747 667 706 5394 564
is_linear=0
shrinkage=0.05


Tree=20
num_leaves=15
num_cat=0
split_feature=56 56 71 84 84 84 71 52 84 71 21 24 69 35
split_gain=132878 73559.6 37134.7 31779.8 21956.9 15475.9 13759.9 21016.5 19695.8 16441.8 12521.5 12004.5 11950.7 11650.2
threshold=-7.0630304999999955 21.260576500000031 -3.4875000000000003 94.828613500000003 63.145266500000005 292.35207400000007 0.20000000000000109 0.91037613702198772 42.523274000000008 2.2375000000000012 21.618480301953209 248.07883750000005 -20.992930640624994 27.946875000000006
decision_type=2 2 2 2 2 2 2 2 2 2 2 2 2 2
left_child=2 6 3 -1 -3 13 7 -2 -8 -10 -11 -5 -9 -4
right_child=1 4 5 11 -6 -7 8 12 9 10 -12 -13 -14 -15
leaf_value=0.030332552485883575 0.024901370888136379 0.031044379889109488 -0.15532012193634728 -0.95722713911948087 0.60799399807699528 -1.0992268441688446 0.0099463372908789541 -0.81645067137750704 0.1323380756572021 0.83289281656115044 0.29152850786322043 -0.5586998430757204 -0.19539841326186436 0.65827407835294371
leaf_weight=176 3296 208 1023 308 797 41 2145 87 957 172 284 507 659 45
leaf_count=176 3296 208 1023 308 797 41 2145 87 957 172 284 507 659 45
internal_value=-8.50997e-05 0.086946 -0.356577 -0.578865 0.488735 -0.157599 0.0337574 -0.0293621 0.105451 0.250322 0.497103 -0.710297 -0.268823 -0.120456
internal_weight=10705 8605 2100 991 1005 1109 7600 4042 3558 1413 456 815 746 1068
internal_count=10705 8605 2100 991 1005 1109 7600 4042 3558 1413 456 815 746 1068
is_linear=0
shrinkage=0.05


Tree=21
num_leaves=15
num_cat=0
split_feature=56 56 84 84 37 71 84 24 68 48 16 31 9 25
split_gain=120342 77037.4 33679.2 20994.7 20030.6 14254.8 27107.8 15776.8 12450.9 10467.6 9908.35 9489.74 9324.88 8772.4
threshold=-25.228240999999993 8.0181919999999725 115.80387300000002 282.33339050000006 54.125000000000007 -1.6874999999999998 90.779249500000006 248.07883750000005 17.440646893457735 13.375000000000002 277.29195150000004 21.912500000000005 269.23038800000006 109.03423916388498
decision_type=2 2 2 2 2 2 2 2 2 2 2 2 2 2
left_child=2 3 -1 5 10 6 -2 -8 9 13 -3 -4 -11 -6
right_child=1 4 11 -5 8 -7 7 -9 -10 12 -12 -13 -14 -15
leaf_value=-0.058971322102982365 0.0214914378876787 0.410551017402492 -0.7851494840884341 -0.65531073546409613 0.48730966887463895 0.042158342989779447 -0.80100929814257804 -0.23127512708253992 0.77475007267388629 0.143542968005585 0.95573683954982303 -0.21815043497224185 -0.63333193623438122 -0.0092358735032446165
leaf_weight=271 1541 160 610 124 446 5498 146 711 112 671 179 85 40 111
leaf_count=271 1541 160 610 124 446 5498 146 711 112 671 179 85 40 111
internal_value=-8.62762e-05 0.0527314 -0.532086 -0.0123877 0.356375 -0.00220941 -0.103908 -0.329156 0.271422 0.226389 0.700386 -0.716217 0.0990088 0.388518
internal_weight=10705 9739 966 8020 1719 7896 2398 857 1380 1268 339 695 711 557
internal_count=10705 9739 966 8020 1719 7896 2398 857 1380 1268 339 695 711 557
is_linear=0
shrinkage=0.05


Tree=22
num_leaves=15
num_cat=0
split_feature=56 56 71 84 84 43 69 84 71 52 52 69 36 56
split_gain=108974 61235.2 30825.6 26662 20643.7 14194.7 13989.6 13453.9 10786.3 16240 13808.8 12742 10557.2 10391
threshold=-7.0630304999999955 23.29674 -3.4875000000000003 113.59938600000002 63.145266500000005 47.625000000000007 4.9879032552083347 292.35207400000007 0.95000000000000118 0.91037613702198772 0.91037613702198772 1.0000000180025095e-35 24.593229166666671 -44.093216500000004
decision_type=2 2 2 2 2 2 2 2 2 2 2 2 2 2
left_child=2 5 3 -1 -3 6 -2 12 10 -10 -7 -12 -4 -5
right_child=1 4 7 13 -6 8 -8 -9 9 -11 11 -13 -14 -15
leaf_value=-0.045265322956773969 -0.074052527524642087 0.017007654229995655 -0.15845439125203836 -0.94570665582055191 0.58908187777981069 0.016251892189293973 0.86279464477673184 -1.0195814224935713 0.046315986366471558 0.36889247982200751 -0.33719539680332583 0.076027628394645941 0.37185074680959451 -0.54237021886423908
leaf_weight=224 66 202 965 232 719 3742 99 41 2455 463 586 273 103 535
leaf_count=224 66 202 965 232 719 3742 99 41 2455 463 586 273 103 535
internal_value=-8.45639e-05 0.0787307 -0.322923 -0.525448 0.463765 0.0325263 0.489867 -0.141637 0.0224264 0.0976081 -0.0252654 -0.205933 -0.107011 -0.665443
internal_weight=10705 8605 2100 991 921 7684 165 1109 7519 2918 4601 859 1068 767
internal_count=10705 8605 2100 991 921 7684 165 1109 7519 2918 4601 859 1068 767
is_linear=0
shrinkage=0.05


Tree=23
num_leaves=15
num_cat=0
split_feature=56 56 84 37 84 69 84 71 84 71 83 68 24 9
split_gain=98695.9 64184.2 27855.6 18156.8 17546.7 12056.3 20465.3 12353.2 11868.1 21850.3 11313.1 12856.6 10985.2 10955.9
threshold=-25.228240999999993 6.5445720000000032 115.80387300000002 54.125000000000007 275.36804450000005 5.8223991614583346 42.523274000000008 -0.087500000000000341 94.828613500000003 -2.0999999999999992 24.000000000000004 14.655034392033714 248.07883750000005 267.44138750000008
decision_type=2 2 2 2 2 2 2 2 2 2 2 2 2 2
left_child=2 4 -1 -3 5 8 -7 -8 -2 12 -5 13 -10 -12
right_child=1 3 -4 10 -6 6 7 -9 9 -11 11 -13 -14 -15
leaf_value=-0.051605287380858927 0.018450808253875864 0.63250671615175547 -0.64932365770633715 0.0065638522570482406 -0.40233090336325178 0.0024135388401595667 0.042614421409300787 0.56146628414308597 -0.86173148352071793 -0.038098743548303768 0.28658405869857312 0.68943451259555444 -0.29279489927939356 -0.39779849650840915
leaf_weight=271 3878 358 695 395 280 1151 175 333 108 1576 838 192 393 62
leaf_count=271 3878 358 695 395 280 1151 175 333 108 1576 838 192 393 62
internal_value=-8.39522e-05 0.0477482 -0.481868 0.313171 -0.0143186 1.22369e-06 0.119163 0.383163 -0.0332104 -0.12963 0.235916 0.318796 -0.416912 0.239049
internal_weight=10705 9739 966 1845 7894 7614 1659 508 5955 2077 1487 1092 501 900
internal_count=10705 9739 966 1845 7894 7614 1659 508 5955 2077 1487 1092 501 900
is_linear=0
shrinkage=0.05


Tree=24
num_leaves=15
num_cat=0
split_feature=56 56 84 84 84 71 84 16 37 66 6 68 71 22
split_gain=89086.4 57952.1 25629.8 20508 16371.8 14734.6 16356.4 14239.1 17807.1 13186.9 11097.6 11083.7 10563.6 9879.2
threshold=-25.228240999999993 21.260576500000031 90.779249500000006 275.36804450000005 63.145266500000005 -0.88749999999999918 107.25761450000002 274.46404250000006 59.625000000000007 6.922389260541761e-07 264.59443200000004 1.6322452598504111 8.0125000000000011 149.84886889062503
decision_type=2 2 2 2 2 2 2 2 2 2 2 2 2 2
left_child=2 3 -1 5 -3 6 -2 -7 -9 -8 -4 -11 13 -6
right_child=1 4 10 -5 12 7 9 8 -10 11 -12 -13 -14 -15
leaf_value=0.057396279874536188 0.015804226113522942 0.0095942614109892597 -0.63230280900363223 -0.39212833885264231 0.497556775102104 0.055791850545992061 -0.50273148234617915 0.94289357870673907 0.053615924900007106 0.63209839748575336 0.19035956060344525 -0.15798496079360189 1.1012857675552368 -0.27033350987566845
leaf_weight=193 2349 208 730 314 685 4700 294 103 123 46 43 805 68 44
leaf_count=193 2349 208 730 314 685 4700 294 103 123 46 43 805 68 44
internal_value=-8.18734e-05 0.045362 -0.45781 0.00396946 0.404725 0.0187856 -0.0597405 0.0744848 0.461274 -0.214601 -0.586353 -0.114586 0.507704 0.450903
internal_weight=10705 9739 966 8734 1005 8420 3494 4926 226 1145 773 851 797 729
internal_count=10705 9739 966 8734 1005 8420 3494 4926 226 1145 773 851 797 729
is_linear=0
shrinkage=0.05


Tree=25
num_leaves=15
num_cat=0
split_feature=56 56 71 84 84 84 43 69 24 36 47 22 84 62
split_gain=80856 46151.3 24020.8 20135.4 15931.6 13675.8 11802.3 11578.1 10309.3 9275.9 9131.86 15397.9 8692.12 9042.87
threshold=-7.0630304999999955 23.29674 -3.725000000000001 90.779249500000006 63.145266500000005 292.35207400000007 47.625000000000007 4.9879032552083347 248.07883750000005 24.593229166666671 71.339843750000014 144.3220852135417 278.29070450000006 175.48538500000004
decision_type=2 2 2 2 2 2 2 2 2 2 2 2 2 2
left_child=2 6 3 -1 -3 9 7 -2 -5 -4 11 -6 13 -8
right_child=1 4 5 8 10 -7 12 -9 -10 -11 -12 -13 -14 -15
leaf_value=0.04366103784175393 -0.068276854265314435 0.00963986613627138 -0.13688617995183908 -0.80628016126677915 0.91479990622143692 -0.95300217432280387 0.0072672855628854718 0.78399707473814484 -0.42837396306361752 0.35898729409807578 0.34003784993980479 0.1807218323344166 -0.46189290765793101 0.20102682667150362
leaf_weight=160 66 202 1015 293 242 47 6767 99 482 103 375 102 92 660
leaf_count=160 66 202 1015 293 242 47 6767 99 482 103 375 102 92 660
internal_value=-7.03026e-05 0.0678195 -0.278157 -0.466797 0.402084 -0.126489 0.0277076 0.44473 -0.572102 -0.090922 0.512174 0.698292 0.0184984 0.0245105
internal_weight=10705 8605 2100 935 921 1165 7684 165 775 1118 719 344 7519 7427
internal_count=10705 8605 2100 935 921 1165 7684 165 775 1118 719 344 7519 7427
is_linear=0
shrinkage=0.05


Tree=26
num_leaves=15
num_cat=0
split_feature=56 56 71 84 84 84 43 19 32 9 24 36 71 52
split_gain=72997.8 41669.2 21716.5 19031.1 14384.1 12949.7 10663 10825.1 8865.35 12434 8838.39 8549.48 8436.27 17798.3
threshold=-7.0630304999999955 23.29674 -3.9875000000000003 120.98958050000002 63.145266500000005 292.35207400000007 47.625000000000007 108.44897900000002 27.987500000000004 262.70326300000005 248.07883750000005 24.593229166666671 1.7624999999999995 0.91037613702198772
decision_type=2 2 2 2 2 2 2 2 2 2 2 2 2 2
left_child=2 6 3 -1 -3 11 7 -2 9 -6 -5 -4 -8 -14
right_child=1 4 5 10 8 -7 12 -9 -10 -11 -12 -13 13 -15
leaf_value=-0.072905898692063348 0.0089793864796619601 0.0091602474671279282 -0.13400092701209126 -0.8315659306027362 0.44178878730472732 -0.89823856636738553 -0.013999279744733124 0.81686325680683647 0.74434647098443918 -0.45960944433297429 -0.4477915434221843 0.3412105130819747 0.045520674031898162 0.47720890431899393
leaf_weight=242 81 202 1056 243 450 51 5548 84 228 41 405 103 1694 277
leaf_count=242 81 202 1056 243 450 51 5548 84 228 41 405 103 1694 277
internal_value=-6.68559e-05 0.0644396 -0.264295 -0.451652 0.382059 -0.126227 0.0263252 0.422709 0.486665 0.365738 -0.592766 -0.0915113 0.0175718 0.1064
internal_weight=10705 8605 2100 890 921 1210 7684 165 719 491 648 1159 7519 1971
internal_count=10705 8605 2100 890 921 1210 7684 165 719 491 648 1159 7519 1971
is_linear=0
shrinkage=0.05


Tree=27
num_leaves=15
num_cat=0
split_feature=71 84 56 24 84 84 46 39 84 16 37 71 61 80
split_gain=67131.3 61587.3 33400.1 21472.9 12927.7 11614.9 11874.6 10428.3 10409.6 11805.7 14337.3 8367.2 6951.47 6836.59
threshold=-1.9249999999999987 108.09913550000002 23.742188499999987 248.07883750000005 63.145266500000005 284.32638350000008 90.546875000000014 56.375000000000007 275.36804450000005 275.10399300000006 59.375000000000007 8.0125000000000011 75.208746000000005 -0.63405362205439475
decision_type=2 2 2 2 2 2 2 2 2 2 2 2 2 2
left_child=1 -1 8 12 -4 6 7 -5 9 -2 -11 -6 -3 -9
right_child=2 3 4 5 11 -7 -8 13 -10 10 -12 -13 -14 -15
leaf_value=0.011826382810658639 0.03875902962821607 -0.82749970516314841 0.0089107286899980879 0.56666231062717554 0.40948280533892839 -0.86985683137752923 -1.0743514622960773 -0.080456497525748807 -0.30737326535694665 0.79245482624596009 0.081737393952118098 0.99219257183696907 -0.36241454628014241 -0.36721459170401682
leaf_weight=1708 6121 342 197 40 635 82 41 352 205 116 181 68 108 509
leaf_count=1708 6121 342 197 40 635 82 41 352 205 116 181 68 108 509
internal_value=-6.33871e-05 -0.192552 0.0813682 -0.429223 0.366989 -0.302213 -0.25193 -0.213356 0.0425056 0.0537274 0.361052 0.467177 -0.71693 -0.250209
internal_weight=10705 3182 7523 1474 900 1024 942 901 6623 6418 297 703 450 861
internal_count=10705 3182 7523 1474 900 1024 942 901 6623 6418 297 703 450 861
is_linear=0
shrinkage=0.05


Tree=28
num_leaves=15
num_cat=0
split_feature=71 84 56 24 84 84 46 84 43 24 39 37 68 9
split_gain=60614.2 55609.7 30158 19383.5 11672.5 10499.3 10750.6 9610.21 11873.9 11809.5 9428.99 7861.81 7749.49 8993.75
threshold=-1.9249999999999987 108.09913550000002 23.742188499999987 248.07883750000005 63.145266500000005 284.32638350000008 90.546875000000014 272.29201400000005 47.125000000000007 279.94015300000007 56.375000000000007 54.125000000000007 13.069659977910991 250.49878250000003
decision_type=2 2 2 2 2 2 2 2 2 2 2 2 2 2
left_child=1 -1 7 -3 -4 6 10 8 9 -2 -5 -6 13 -13
right_child=2 3 4 5 11 -7 -8 -9 -10 -11 -12 12 -14 -15
leaf_value=0.011235409473696252 0.097680836253590433 -0.68121573722646667 0.0084674419778766052 0.53902025291832478 0.71659820541893882 -0.82688799887357001 -1.0219128637086778 -0.24058520826004517 0.041842412846265678 0.93430004501342767 -0.23772498822755886 0.28694966774978659 0.56724266455710481 -0.48808092637495559
leaf_weight=1708 97 450 197 40 192 82 41 290 6162 74 861 252 216 43
leaf_count=1708 97 450 197 40 192 82 41 290 6162 74 861 252 216 43
internal_value=-6.48277e-05 -0.182971 0.0773131 -0.407864 0.348717 -0.287191 -0.239384 0.0403849 0.053287 0.463054 -0.202682 0.443917 0.340262 0.172712
internal_weight=10705 3182 7523 1474 900 1024 942 6623 6333 171 901 703 511 295
internal_count=10705 3182 7523 1474 900 1024 942 6623 6333 171 901 703 511 295
is_linear=0
shrinkage=0.05


Tree=29
num_leaves=15
num_cat=0
split_feature=71 84 56 24 37 84 46 39 62 16 9 69 84 21
split_gain=54725.4 50206.9 27759.6 17493.6 11500.3 9491.32 9778.46 8350.43 8298.09 7870.55 7451.47 6723.24 20386.1 8069.28
threshold=-1.9249999999999987 108.09913550000002 6.5445720000000032 248.07883750000005 54.125000000000007 284.32638350000008 89.864583333333357 56.375000000000007 197.70542900000001 278.07656250000008 269.54124250000001 10.839889104166671 42.523274000000008 30.723215672785624
decision_type=2 2 2 2 2 2 2 2 2 2 2 2 2 2
left_child=1 -1 11 -3 9 6 7 -5 10 -4 -6 -2 -13 -14
right_child=2 3 4 5 8 -7 -8 -9 -10 -11 -12 12 13 -15
leaf_value=0.010673968330234936 -0.0032138552420258137 -0.64723047119051125 0.27119867503248829 0.51272657532699228 0.14760115922034767 -0.7860417209296342 -0.84011748359828697 -0.21858022871072605 0.42797162445613007 0.74227271944894424 -0.52291995185578977 -0.0081512594985369523 0.68093354773027293 -0.09711647825997051
leaf_weight=1708 4883 450 188 40 1163 82 60 842 275 170 42 570 192 40
leaf_count=1708 4883 450 188 40 1163 82 60 842 275 170 42 570 192 40
internal_value=-6.29552e-05 -0.173858 0.0734603 -0.387546 0.242321 -0.272907 -0.227453 -0.184871 0.180582 0.496338 0.123816 0.0188335 0.152907 0.546946
internal_weight=10705 3182 7523 1474 1838 1024 942 882 1480 358 1205 5685 802 232
internal_count=10705 3182 7523 1474 1838 1024 942 882 1480 358 1205 5685 802 232
is_linear=0
shrinkage=0.05


Tree=30
num_leaves=15
num_cat=0
split_feature=71 84 16 24 31 22 70 84 84 71 9 39 70 28
split_gain=49760.4 43134.6 24677.4 19474.6 13301.8 16009.7 12665.6 12567.6 10442.9 22352.3 15086.1 9967.84 8774.31 14080.1
threshold=-0.88749999999999918 107.25761450000002 275.10399300000006 248.07883750000005 21.112500000000004 149.2937468697917 19.902022626051153 287.58038500000004 42.523274000000008 1.8125000000000002 95.543330000000012 54.125000000000007 7.8989148047799835 26.237500000000004
decision_type=2 2 2 2 2 2 2 2 2 2 2 2 2 2
left_child=1 -1 8 -3 6 -6 -4 11 -2 -10 -11 -5 -13 -14
right_child=2 3 4 7 5 -7 -8 -9 9 10 -12 12 13 -15
leaf_value=0.012821367259610226 -0.0035921464724770085 -0.55889195143746651 -0.084754394877315078 0.33047306989418701 0.69196919489816289 -0.058020477644685244 0.81680984966612113 -0.76187649143369585 0.014162068335566611 0.60121368378581974 0.1775234107296825 0.0020702536854313044 -0.22892669872604868 -0.9707653586415278
leaf_weight=2575 3027 519 206 93 351 89 47 94 1442 328 585 378 903 68
leaf_count=2575 3027 519 206 93 351 89 47 94 1442 328 585 378 903 68
internal_value=-6.13486e-05 -0.123528 0.0940423 -0.294302 0.37466 0.540479 0.0852863 -0.204594 0.0578463 0.136784 0.330228 -0.167764 -0.202332 -0.281824
internal_weight=10705 4630 6075 2055 693 440 253 1536 5382 2355 913 1442 1349 971
internal_count=10705 4630 6075 2055 693 440 253 1536 5382 2355 913 1442 1349 971
is_linear=0
shrinkage=0.05


Tree=31
num_leaves=15
num_cat=0
split_feature=71 84 56 24 84 43 24 67 84 71 61 40 84 46
split_gain=45031.1 41262.2 22991.1 14402.6 9456.59 8895.4 10985.5 8153.74 7103.61 6842.46 6302.7 5796.73 7266.76 7214.69
threshold=-1.9249999999999987 108.09913550000002 24.857463000000006 248.07883750000005 63.145266500000005 47.625000000000007 279.94015300000007 -6.1704868958333323 276.10256350000003 8.0125000000000011 75.208746000000005 88.125000000000014 215.25594400000003 73.984375000000014
decision_type=2 2 2 2 2 2 2 2 2 2 2 2 2 2
left_child=1 -1 5 10 -4 6 -2 11 -7 -6 -3 12 -5 -14
right_child=2 3 4 7 9 8 -8 -9 -10 -11 -12 -13 13 -15
leaf_value=0.009578359258269064 0.031099992345611588 -0.69215356175578679 -0.0026852139361923742 -0.12250514404203457 0.34591294974904369 0.033934050296944566 0.75375780411652826 -0.078626395128755425 -0.28724783086086397 0.87470518998477775 -0.25095890528018322 -0.85642563521862025 -0.74610273231353075 -0.24456230134314658
leaf_weight=1708 118 342 185 259 587 6295 94 422 176 68 108 54 139 150
leaf_count=1708 118 342 185 259 587 6295 94 422 176 68 108 54 139 150
internal_value=-5.83739e-05 -0.15771 0.0666355 -0.351431 0.313023 0.0356244 0.353558 -0.247412 0.0251554 0.40206 -0.587058 -0.365403 -0.315546 -0.487529
internal_weight=10705 3182 7523 1474 840 6683 212 1024 6471 655 450 602 548 289
internal_count=10705 3182 7523 1474 840 6683 212 1024 6471 655 450 602 548 289
is_linear=0
shrinkage=0.05


Tree=32
num_leaves=15
num_cat=0
split_feature=71 84 16 71 37 84 84 71 9 68 39 83 16 30
split_gain=41247.7 35537.7 20669.9 17356.7 13945 9972.61 9677.55 19042.8 13972.7 9176.46 8722.81 8736.11 7202.58 6879.64
threshold=-0.88749999999999918 107.25761450000002 277.29195150000004 -5.0124999999999984 53.375000000000007 295.90254450000003 42.523274000000008 1.8125000000000002 95.543330000000012 14.655034392033714 53.125000000000007 247.36838000000003 214.25804950000003 23.112500000000004
decision_type=2 2 2 2 2 2 2 2 2 2 2 2 2 2
left_child=1 -1 6 12 -4 10 -2 -8 -9 -6 13 -12 -3 -5
right_child=2 3 4 5 9 -7 7 8 -10 -11 11 -13 -14 -15
leaf_value=0.011289518937520591 -0.0050531415356993188 -0.91368351504206657 0.7275266218132207 -0.11757017030315692 0.084644975535213163 -0.81583214238530299 0.014702875127645277 0.56553000126452979 0.16438611141885059 0.64046583317416284 -0.28343338132191392 -0.026780046513683143 -0.43136106935486646 0.78499189842314954
leaf_weight=2575 3029 99 181 42 342 60 1459 328 642 94 931 515 367 41
leaf_count=2575 3029 99 181 42 342 60 1459 328 642 94 931 515 367 41
internal_value=-6.12099e-05 -0.112472 0.0856159 -0.26748 0.359688 -0.188572 0.0545731 0.1289 0.300473 0.205669 -0.163441 -0.192107 -0.535566 0.332311
internal_weight=10705 4630 6075 2055 617 1589 5458 2429 970 436 1529 1446 466 83
internal_count=10705 4630 6075 2055 617 1589 5458 2429 970 436 1529 1446 466 83
is_linear=0
shrinkage=0.05


Tree=33
num_leaves=15
num_cat=0
split_feature=71 84 16 24 32 84 9 46 80 71 84 8 9 71
split_gain=37240.9 32277 18674.4 16422.9 11701.1 10514.9 9902.99 8860.48 8670.68 16951.1 10864.4 8080.64 7191.47 6729.09
threshold=-0.88749999999999918 90.779249500000006 275.10399300000006 248.07883750000005 27.987500000000004 287.58038500000004 266.89225100000004 89.864583333333357 -0.19509032201612839 2.1000000000000001 42.523274000000008 242.67461600000004 95.543330000000012 -5.0124999999999984
decision_type=2 2 2 2 2 2 2 2 2 2 2 2 2 2
left_child=1 -1 8 13 6 7 -4 -5 9 -2 -11 -6 -12 -3
right_child=2 3 4 5 11 -7 -8 -9 -10 10 12 -13 -14 -15
leaf_value=0.018698389759734518 0.03120106121946449 -0.72128986674531603 0.27218552296157877 -0.10636025494540845 0.2792793789446088 -0.67642346097548545 -0.35862366745346475 -0.65015624852120124 -0.0084773018039284078 -0.03985893938514079 0.62051615489564504 0.82689707760016129 0.26646205427211228 -0.35336902750316201
leaf_weight=2431 1704 190 344 1468 125 94 75 78 2917 168 248 149 345 369
leaf_count=2431 1704 190 344 1468 125 94 75 78 2917 168 248 149 345 369
internal_value=-5.62827e-05 -0.106868 0.0813531 -0.245627 0.325465 -0.165671 0.158687 -0.134199 0.0498661 0.118883 0.314919 0.578996 0.415327 -0.479487
internal_weight=10705 4630 6075 2199 693 1640 419 1546 5382 2465 761 274 593 559
internal_count=10705 4630 6075 2199 693 1640 419 1546 5382 2465 761 274 593 559
is_linear=0
shrinkage=0.05


Tree=34
num_leaves=15
num_cat=0
split_feature=71 84 84 71 43 84 24 9 47 2 56 12 25 69
split_gain=33779.4 25724.5 21232 25558.1 11391.7 10327.5 12052.1 9588.23 9300.76 8689.56 8442.71 7510.32 7286.7 7239.13
threshold=0.95000000000000118 42.523274000000008 94.828613500000003 -3.8124999999999996 51.375000000000007 290.2148160000001 278.64649100000008 95.543330000000012 78.710937500000014 279.91665900000004 29.441422500000005 95.430012500000018 108.0147368726637 -1.0000000180025095e-35
decision_type=2 2 2 2 2 2 2 2 2 2 2 2 2 2
left_child=2 -2 -1 11 -3 6 -5 13 9 -8 12 -4 -9 -6
right_child=1 4 3 5 7 -7 8 10 -10 -11 -12 -13 -14 -15
leaf_value=0.015453948393190553 -0.0088045746554522835 0.5591440047023325 -0.75942628072006624 -0.12825253396457401 -0.038416110324423491 -0.63630732302204707 0.29130126046070504 0.099878073908043222 -0.25964429427766561 -0.46988466345682378 0.33497463642122666 -0.33701680041529802 -0.31808946445153274 0.48081741573423459
leaf_weight=3574 2024 252 124 1655 81 79 450 754 121 40 342 702 120 387
leaf_count=3574 2024 252 124 1655 81 79 450 754 121 40 342 702 120 387
internal_value=-5.62668e-05 0.115844 -0.0681084 -0.162266 0.246095 -0.0779436 -0.0582052 0.198945 0.13143 0.228333 0.124746 -0.401271 0.0421933 0.39106
internal_weight=10705 3960 6745 3171 1936 2345 2266 1684 611 490 1216 826 874 468
internal_count=10705 3960 6745 3171 1936 2345 2266 1684 611 490 1216 826 874 468
is_linear=0
shrinkage=0.05


Tree=35
num_leaves=15
num_cat=0
split_feature=71 84 56 24 37 21 9 22 39 34 61 16 70 20
split_gain=30680.8 28744.8 16334.4 9706.82 7696.65 7460.8 8135.48 7078.66 6794.86 7094.47 5842.68 5379.7 6734.35 5295.75
threshold=-1.9249999999999987 120.98958050000002 6.5445720000000032 248.07883750000005 54.125000000000007 75.792214955776444 269.54124250000001 147.13377104166668 54.125000000000007 25.521875000000005 75.208746000000005 278.07656250000008 17.847190966436539 284.68449300000003
decision_type=2 2 2 2 2 2 2 2 2 2 2 2 2 2
left_child=1 -1 -2 10 11 6 -6 -7 -5 -10 -3 -4 -13 -11
right_child=2 3 4 8 5 7 -8 -9 9 13 -12 12 -14 -15
leaf_value=-0.0011560756337421958 0.013088605879227966 -0.61605205800204033 0.20632234168628225 0.41535650306358574 0.10447162199940321 0.50526606492110215 -0.57379638993221782 -0.057498036964649439 -0.18359098133353374 -0.77844791657601797 -0.18676568982917646 0.82646213837035065 0.16568191801426843 -0.096996336394832253
leaf_weight=1832 5685 309 188 40 1144 216 45 75 757 95 108 110 60 41
leaf_count=1832 5685 309 188 40 1144 216 45 75 757 95 108 110 60 41
internal_value=-5.89379e-05 -0.130188 0.0549919 -0.30516 0.184523 0.13403 0.0783406 0.360524 -0.215136 -0.243811 -0.505583 0.392309 0.595578 -0.575218
internal_weight=10705 3182 7523 1350 1838 1480 1189 291 933 893 417 358 170 136
internal_count=10705 3182 7523 1350 1838 1480 1189 291 933 893 417 358 170 136
is_linear=0
shrinkage=0.05


Tree=36
num_leaves=15
num_cat=0
split_feature=71 84 56 84 84 31 73 9 43 46 22 66 58 10
split_gain=28541.3 25929.1 18929.3 9596.8 9507.77 8546.98 9842.61 7665.35 7771.82 8357.02 5583.7 5374.69 5060.25 4858.99
threshold=1.8125000000000002 42.523274000000008 -26.358041000000004 90.779249500000006 287.58038500000004 20.212500000000002 -23.874999999999996 249.30390550000001 51.375000000000007 59.218750000000007 140.16675836458339 8.8231122368776251 8.5940249999999896 279.38317225000009
decision_type=2 2 2 2 2 2 2 2 2 2 2 2 2 2
left_child=2 -2 3 -1 13 11 -7 -8 -9 -10 -5 -3 -11 -4
right_child=1 5 4 10 -6 6 7 8 9 12 -12 -13 -14 -15
leaf_value=0.05415188120921869 -0.010887762390866591 0.1314470286502249 -0.01116185255876586 -0.37874022994282108 -0.59688818579093672 0.84723461642759035 0.37613230675841924 0.65051270303401088 -0.67408985090644469 -0.21963867032352616 0.20462834926491436 -0.47393043169921101 0.36724486230756159 -0.44889136538840835
leaf_weight=190 1496 219 6751 690 70 90 816 43 45 67 43 43 79 63
leaf_count=190 1496 219 6751 690 70 90 816 43 45 67 43 43 79 63
internal_value=-5.71943e-05 0.133916 -0.0497997 -0.262297 -0.0212742 0.288327 0.347465 0.303862 0.0513131 -0.0862707 -0.344286 0.0306669 0.0982596 -0.0152742
internal_weight=10705 2898 7807 923 6884 1402 1140 1050 234 191 733 262 146 6814
internal_count=10705 2898 7807 923 6884 1402 1140 1050 234 191 733 262 146 6814
is_linear=0
shrinkage=0.05


Tree=37
num_leaves=15
num_cat=0
split_feature=71 84 16 24 37 84 70 9 46 70 2 46 57 80
split_gain=25940.7 23132.1 14233.4 12238.6 10027.9 8594.3 8114.97 8550.33 7402.81 6805.05 8897.75 8225.83 6688.68 6410.35
threshold=-0.88749999999999918 90.779249500000006 277.29195150000004 248.07883750000005 53.375000000000007 299.97504500000008 21.231464633960698 265.32937650000002 89.864583333333357 7.8989148047799835 272.45115750000008 56.390625000000007 0.99168679650865577 -0.19509032201612839
decision_type=2 2 2 2 2 2 2 2 2 2 2 2 2 2
left_child=1 -1 13 -3 -4 8 7 -6 9 -5 11 -11 -13 -2
right_child=2 3 4 5 6 -7 -8 -9 -10 10 -12 12 -14 -15
leaf_value=0.017099091981991048 0.10094630557276335 -0.40854654734954238 0.6072268991434312 0.081312658888620146 0.20563389257553319 -0.77038304881694231 0.69975881561881215 -0.36403870226705776 -0.58881341035984736 0.54152711067687387 -0.86227728142294779 -0.19464199704699653 0.27931622194103251 -0.0077802479489679933
leaf_weight=2431 2505 559 181 411 292 51 60 84 78 43 42 935 80 2953
leaf_count=2431 2505 559 181 411 292 51 60 84 78 43 42 935 80 2953
internal_value=-5.51886e-05 -0.0892005 0.0678895 -0.206669 0.29532 -0.137652 0.164743 0.0777386 -0.116872 -0.0921364 -0.156958 -0.128171 -0.157048 0.0421302
internal_weight=10705 4630 6075 2199 617 1640 436 376 1589 1511 1100 1058 1015 5458
internal_count=10705 4630 6075 2199 617 1640 436 376 1589 1511 1100 1058 1015 5458
is_linear=0
shrinkage=0.05


Tree=38
num_leaves=15
num_cat=0
split_feature=71 84 84 73 84 16 67 84 26 31 73 37 84 65
split_gain=23999.4 22095.4 15678.1 12199.3 11191.1 7784.56 8739.49 8237.35 7923.56 7677.08 8488.47 7617.35 7555.63 7421.09
threshold=1.8125000000000002 42.523274000000008 287.58038500000004 21.625000000000004 123.96230550000001 271.76304800000008 -4.9843997916666671 94.828613500000003 20.162500000000005 20.212500000000002 -23.874999999999996 60.875000000000007 161.68099450000003 -10.987050250000001
decision_type=2 2 2 2 2 2 2 2 2 2 2 2 2 2
left_child=2 -2 3 5 -5 7 13 -1 12 -3 -11 -8 -9 -7
right_child=1 9 -4 4 -6 6 11 8 -10 10 -12 -13 -14 -15
leaf_value=0.013671508480374493 -0.010874298663278601 0.021172400169294087 -0.55539505217929142 -0.018194927906610332 -0.46634938105596568 0.31911779676053315 0.63956668621976864 -0.456999109649942 -0.042457237536893171 0.7854942709821594 0.28089204939613061 0.14012765616458348 -0.12855263961345764 -0.36517359984615316
leaf_weight=3920 1496 262 147 258 302 61 119 251 1850 90 1050 212 578 109
leaf_count=3920 1496 262 147 258 302 61 119 251 1850 90 1050 212 578 109
internal_value=-5.5529e-05 0.122796 -0.0456687 -0.0358156 -0.260279 -0.0180773 0.171736 -0.0325118 -0.100069 0.265336 0.321383 0.32107 -0.228429 -0.119203
internal_weight=10705 2898 7807 7660 560 7100 501 6599 2679 1402 1140 331 829 170
internal_count=10705 2898 7807 7660 560 7100 501 6599 2679 1402 1140 331 829 170
is_linear=0
shrinkage=0.05


Tree=39
num_leaves=15
num_cat=0
split_feature=69 84 71 84 84 43 35 31 84 62 65 60 58 19
split_gain=22210.2 14270.6 16872.6 14199 17917.2 13714.5 9600.08 8818.39 8411.77 7664.16 7659.58 6760.19 6215.83 6230.06
threshold=-0.66454532812499967 77.844594000000015 -4.2374999999999998 42.523274000000008 272.29201400000005 48.125000000000007 28.490625000000001 21.662500000000005 95.808398000000025 53.052906000000014 6.6767573749999984 7.0827310000000248 -14.974237 222.66369200000003
decision_type=2 2 2 2 2 2 2 2 2 2 2 2 2 2
left_child=1 -1 -3 -2 5 7 9 -5 11 -4 -11 -7 -10 -14
right_child=3 2 6 4 -6 8 -8 -9 12 10 -12 -13 13 -15
leaf_value=0.015465270947007573 -0.0046507745121801532 -0.39067202018462077 -0.21795535940280533 -0.056795250824311888 -0.27258119300428746 0.29219801316719723 0.63278437958823319 0.77857272145432743 -0.090489061963307915 -0.046955266839414339 0.59259305012469399 0.97184488569817895 0.17349557486366943 -0.33099485995480793
leaf_weight=2107 3347 605 857 40 228 365 44 147 319 1050 48 40 1445 63
leaf_count=2107 3347 605 857 40 228 365 44 147 319 1050 48 40 1445 63
internal_value=-5.20237e-05 -0.0812797 -0.159536 0.063792 0.150303 0.190258 -0.0894217 0.600533 0.155631 -0.105991 -0.0184831 0.361552 0.109811 0.152214
internal_weight=10705 4711 2604 5994 2647 2419 1999 187 2232 1955 1098 405 1827 1508
internal_count=10705 4711 2604 5994 2647 2419 1999 187 2232 1955 1098 405 1827 1508
is_linear=0
shrinkage=0.05


Tree=40
num_leaves=15
num_cat=0
split_feature=69 84 71 84 84 43 35 71 31 9 83 12 24 58
split_gain=20046.4 12877.6 15416 12819.5 16177.3 12387.3 8377.94 8055.77 7965.29 7569.95 6327.38 7200.04 5761.27 5684.83
threshold=-0.66454532812499967 77.844594000000015 -3.6499999999999999 42.523274000000008 272.29201400000005 48.125000000000007 28.490625000000001 2.1000000000000001 21.662500000000005 95.543330000000012 247.36838000000003 279.13438900000006 283.25600400000002 8.175535499999997
decision_type=2 2 2 2 2 2 2 2 2 2 2 2 2 2
left_child=1 -1 -3 -2 5 8 10 -7 -5 -9 11 12 -4 -12
right_child=3 2 6 4 -6 7 -8 9 -10 -11 13 -13 -14 -15
leaf_value=0.014692374259879393 -0.0044183051765795123 -0.33778350880149566 -0.16484884830466912 -0.054024747559210155 -0.25901164946768546 0.070283557353527371 0.60184825340906789 0.50318069510288876 0.73990712479965115 0.17512138219753087 -0.046127126027292027 -0.73267889197629232 0.24242663720720695 0.30621453407465626
leaf_weight=2107 3347 778 1023 40 228 1340 44 241 147 651 463 51 94 151
leaf_count=2107 3347 778 1023 40 228 1340 44 241 147 651 463 51 94 151
internal_value=-3.98674e-05 -0.0772095 -0.151548 0.0606145 0.142816 0.180781 -0.0720576 0.147872 0.570698 0.26422 -0.0890254 -0.157292 -0.130389 0.0408807
internal_weight=10705 4711 2604 5994 2647 2419 1826 2232 187 892 1782 1168 1117 614
internal_count=10705 4711 2604 5994 2647 2419 1826 2232 187 892 1782 1168 1117 614
is_linear=0
shrinkage=0.05


Tree=41
num_leaves=15
num_cat=0
split_feature=71 84 84 73 84 16 31 71 49 21 43 22 70 22
split_gain=18250.5 16994.1 13526.5 11035 12462.1 6604.55 6331.09 7335.46 6291.64 6113.32 6808.18 5709.76 5652.51 6432.53
threshold=1.8125000000000002 42.523274000000008 303.76010700000006 17.625000000000004 126.66295700000002 271.76304800000008 20.212500000000002 6.2750000000000012 3.5000000000000004 1.2382070770162167e-05 43.125000000000007 149.84886889062503 19.902022626051153 135.9634828697917
decision_type=2 2 2 2 2 2 2 2 2 2 2 2 2 2
left_child=2 -2 3 5 -5 -1 -3 9 -7 -8 -11 12 13 -12
right_child=1 6 -4 4 -6 8 7 -9 -10 10 11 -13 -14 -15
leaf_value=-0.026885676461597036 -0.010129349963377438 0.010412543633874831 -0.92418543793434316 -0.014047432460970283 -0.38353486906655215 0.10525103257413929 0.52033564206702931 0.58229739410406645 0.71948878907639058 0.76565971568874691 0.28751100169311566 -0.40816575586795811 0.47293129029662118 -0.041243864472468576
leaf_weight=6356 1496 262 42 458 454 452 151 173 45 45 271 44 128 328
leaf_count=6356 1496 262 42 458 454 452 151 173 45 45 271 44 128 328
internal_value=-3.29481e-05 0.107099 -0.0398096 -0.0349077 -0.198199 -0.013151 0.232106 0.283002 0.162199 0.228911 0.174412 0.138957 0.172585 0.107723
internal_weight=10705 2898 7807 7765 912 6853 1402 1140 497 967 816 771 727 599
internal_count=10705 2898 7807 7765 912 6853 1402 1140 497 967 816 771 727 599
is_linear=0
shrinkage=0.05


Tree=42
num_leaves=15
num_cat=0
split_feature=69 84 71 84 84 43 35 84 24 31 83 12 60 31
split_gain=17009.6 11336.5 12958 10576 14040.6 10538.2 7319.53 7232 9236.49 6989 5769.79 6569.55 5321.25 6441.12
threshold=-0.66454532812499967 77.844594000000015 -3.6499999999999999 42.523274000000008 272.29201400000005 48.125000000000007 28.490625000000001 123.96230550000001 322.54412650000006 21.662500000000005 247.36838000000003 279.13438900000006 7.5915915000000078 23.062500000000004
decision_type=2 2 2 2 2 2 2 2 2 2 2 2 2 2
left_child=1 -1 -3 -2 5 9 10 12 -9 -5 11 -4 13 -7
right_child=3 2 6 4 -6 7 -8 8 -10 -11 -12 -13 -14 -15
leaf_value=0.015118949352392478 -0.0032210665248064794 -0.31160169028746093 -0.12332913389458398 -0.059464020336546554 -0.24383657972194156 0.12115007543657369 0.56192532757918046 0.095292741415680227 -0.60274190580358322 0.68402249588020703 0.0402121783149565 -0.6986382114199492 0.68633001916220093 0.4643134918083181
leaf_weight=2107 3347 778 1117 40 228 473 44 1452 48 147 614 51 67 192
leaf_count=2107 3347 778 1117 40 228 473 44 1452 48 147 614 51 67 192
internal_value=-2.35684e-05 -0.071108 -0.140857 0.055848 0.130511 0.165881 -0.067977 0.135528 0.072569 0.525518 -0.0838366 -0.149026 0.264268 0.220777
internal_weight=10705 4711 2604 5994 2647 2419 1826 2232 1500 187 1782 1168 732 665
internal_count=10705 4711 2604 5994 2647 2419 1826 2232 1500 187 1782 1168 732 665
is_linear=0
shrinkage=0.05


Tree=43
num_leaves=15
num_cat=0
split_feature=71 84 84 84 69 62 24 10 45 43 17 57 22 58
split_gain=15364.8 12505.7 11767.6 8937.57 12126.9 7661.25 7432.76 8535.26 7539.16 6525.63 7756.26 5650.48 5818.38 5128.55
threshold=0.95000000000000118 42.523274000000008 303.76010700000006 94.828613500000003 -17.644610546874997 73.62131500000001 278.64649100000008 279.38317225000009 54.104166666666679 51.375000000000007 1.9866838054813594e-05 1.0211873258028061 150.09249261458336 4.1287624999999801
decision_type=2 2 2 2 2 2 2 2 2 2 2 2 2 2
left_child=2 -2 3 -1 5 -5 13 8 -8 -3 -11 -12 -13 -6
right_child=1 9 -4 4 6 -7 7 -9 -10 10 11 12 -14 -15
leaf_value=0.013402639464696648 -0.0087612449322901891 0.40586216252650553 -0.87043828853341043 -0.50105243234470653 -0.17580739821698396 -0.070237160767087845 0.65592369710300436 -0.61081983155982444 0.064955776355296466 0.3624353359164455 -0.12092354581810726 0.15640882029976413 -0.4243539905299743 -0.0079621669610567165
leaf_weight=3574 2024 252 42 282 1222 163 58 42 637 302 272 1066 44 725
leaf_count=3574 2024 252 42 282 1222 163 58 42 637 302 272 1066 44 725
internal_value=-1.94682e-05 0.0781468 -0.0459158 -0.0406204 -0.102311 -0.343759 -0.0621665 0.0730028 0.115146 0.168963 0.133293 0.0829936 0.133026 -0.113343
internal_weight=10705 3960 6745 6703 3129 445 2684 737 695 1936 1684 1382 1110 1947
internal_count=10705 3960 6745 6703 3129 445 2684 737 695 1936 1684 1382 1110 1947
is_linear=0
shrinkage=0.05


Tree=44
num_leaves=15
num_cat=0
split_feature=67 16 84 43 51 73 69 58 22 22 6 47 42 84
split_gain=14078.4 12876.3 11323.3 7478.69 6361.32 6321.51 5728.36 7305.94 5485.58 6696 7105.51 5437.17 5052.9 5211.02
threshold=-4.9843997916666671 256.28648850000008 136.50169450000001 47.625000000000007 1.5000000000000002 14.875000000000002 -5.4814435729166666 -3.1968694999999978 143.46114165104169 141.88930447395833 184.63511250000002 71.809895833333357 74.875000000000014 203.49605800000003
decision_type=2 2 2 2 2 2 2 2 2 2 2 2 2 2
left_child=2 -2 -1 4 -3 6 11 -8 9 10 -5 -4 -12 -14
right_child=1 3 5 8 -6 -7 7 -9 -10 -11 12 -13 13 -15
leaf_value=-0.0058151816589286295 0.00036546786664612462 0.070964760092958323 0.51840186626206908 0.27836869073947396 0.71652250918424099 -0.37142566990428905 -0.69617596733657761 -0.14302368123339965 -0.037598163468712142 0.57533816291960249 0.49238212272524839 -0.076463494735459492 0.042190195358184295 -0.38123878639065817
leaf_weight=1433 6403 61 41 485 102 416 84 203 400 96 49 449 395 88
leaf_count=1433 6403 61 41 485 102 416 84 203 400 96 49 449 395 88
internal_value=-2.37786e-05 0.0326679 -0.100575 0.156002 0.476839 -0.214298 -0.129804 -0.306777 0.121146 0.178179 0.14016 -0.0257346 0.0138765 -0.0355846
internal_weight=10705 8079 2626 1676 163 1193 777 287 1513 1113 1017 490 532 483
internal_count=10705 8079 2626 1676 163 1193 777 287 1513 1113 1017 490 532 483
is_linear=0
shrinkage=0.05


Tree=45
num_leaves=15
num_cat=0
split_feature=69 84 71 16 22 38 13 70 43 35 67 46 8 12
split_gain=13304.8 9003.06 10365.8 8920.56 7294.85 10698.9 6500.64 5625.74 6046.33 5357.08 4893.91 4940.05 4794.21 4700.4
threshold=-0.66454532812499967 77.844594000000015 -4.3124999999999991 277.29195150000004 149.84886889062503 58.375000000000007 0.14246185449962176 18.67354882458238 58.875000000000007 28.490625000000001 -0.9587998958333338 60.359375000000007 267.1966680000001 105.86706650000001
decision_type=2 2 2 2 2 2 2 2 2 2 2 2 2 2
left_child=1 -1 13 -2 5 12 -4 8 -7 10 -8 -12 -5 -3
right_child=3 2 6 4 -6 7 9 -9 -10 -11 11 -13 -14 -15
leaf_value=0.013955717857757434 0.029773435209192498 -0.65684462239344921 -0.25242061278541156 0.42089873107911002 -0.14926384735666218 -0.5486297530742984 -0.081571405598024241 0.46684020549843191 0.11883023631384858 0.51756393628364261 -0.35339515441801495 0.24331276960050069 0.94404849771297339 -0.25132729598788522
leaf_weight=2107 5433 83 396 141 99 44 1310 75 137 43 40 227 65 505
leaf_count=2107 5433 83 396 141 99 44 1310 75 137 43 40 227 65 505
internal_value=-1.79999e-05 -0.0628863 -0.125044 0.0493957 0.239037 0.322386 -0.0710918 0.105798 -0.0455482 -0.0266386 -0.0417959 0.152933 0.589733 -0.309587
internal_weight=10705 4711 2604 5994 561 462 2016 256 181 1620 1577 267 206 588
internal_count=10705 4711 2604 5994 561 462 2016 256 181 1620 1577 267 206 588
is_linear=0
shrinkage=0.05


Tree=46
num_leaves=15
num_cat=0
split_feature=84 24 45 63 62 80 84 24 70 25 36 5 25 72
split_gain=12785.2 12241.9 8285.43 7676.16 6886.22 6705.3 16546.3 8136.85 8141.21 5250.67 4648.02 4267.7 5024.49 5142.68
threshold=282.33339050000006 274.65417650000006 47.072916666666679 -36.896608000000001 9.4331380000000014 -0.32143946530316164 223.02456650000002 275.84149600000006 19.426429174060541 105.05818924571476 26.141666666666669 264.24630450000006 108.0147368726637 0.98750000000000082
decision_type=2 2 2 2 2 2 2 2 2 2 2 2 2 2
left_child=1 3 9 4 -1 7 -7 -4 11 -3 -10 12 -9 -14
right_child=-2 2 5 -5 -6 6 -8 8 10 -11 -12 -13 13 -15
leaf_value=-0.088433055231439794 -0.36714759118983459 -0.034496639826379363 0.80062496852367482 -0.016543738147010149 -0.51453973437684952 0.033246841621557201 -0.87089830871958007 0.10980514387701988 0.53667375165969133 0.62763765629719614 0.01049154351808523 0.35932452606721821 0.050152281561977423 -0.38972826806687511
leaf_weight=272 231 41 46 6619 145 1881 51 703 167 109 56 116 150 118
leaf_count=272 231 41 46 6619 145 1881 51 703 167 109 56 116 150 118
internal_value=-1.49433e-05 0.0081163 0.0854326 -0.0296695 -0.237476 0.0687782 0.00894146 0.153963 0.130662 0.447624 0.405175 0.0740249 0.0396072 -0.144255
internal_weight=10705 10474 3438 7036 417 3288 1932 1356 1310 150 223 1087 971 268
internal_count=10705 10474 3438 7036 417 3288 1932 1356 1310 150 223 1087 971 268
is_linear=0
shrinkage=0.05


Tree=47
num_leaves=15
num_cat=0
split_feature=84 24 45 84 69 80 84 24 70 30 71 58 45 25
split_gain=11544 11052.9 7485.36 7267.12 10833 6079.23 9239.64 8101.01 7492.11 6408.6 5610.09 5203.39 4883.17 4743.65
threshold=282.33339050000006 274.65417650000006 47.072916666666679 90.779249500000006 -14.462286713541664 -0.3520614488341256 201.89194500000005 275.84149600000006 19.426429174060541 23.112500000000004 1.4000000000000006 2.3989630000000024 74.062500000000014 105.05818924571476
decision_type=2 2 2 2 2 2 2 2 2 2 2 2 2 2
left_child=1 3 13 -1 11 7 -7 -4 -9 -8 -6 -5 -12 -3
right_child=-2 2 5 4 10 6 9 8 -10 -11 12 -13 -14 -15
leaf_value=0.011957971529657172 -0.34886933847185997 -0.032812878702368056 0.80786707639694222 -0.36871559408630672 -0.08009647942490597 0.040149226516130739 -0.14990102843482897 0.069951532765521615 0.39191177557607038 -0.87041318005985691 -0.056974205934437951 -0.03701212817083107 0.28163584437270522 0.59654106175357646
leaf_weight=4332 231 41 44 439 1677 1823 100 1060 217 44 200 162 226 109
leaf_count=4332 231 41 44 439 1677 1823 100 1060 217 44 200 162 226 109
internal_value=-1.30465e-05 0.00771341 0.0811789 -0.0281905 -0.0924918 0.065349 0.00961565 0.148267 0.124926 -0.374542 -0.0389365 -0.279515 0.122903 0.42544
internal_weight=10705 10474 3438 7036 2704 3288 1967 1321 1277 144 2103 601 426 150
internal_count=10705 10474 3438 7036 2704 3288 1967 1321 1277 144 2103 601 426 150
is_linear=0
shrinkage=0.05


Tree=48
num_leaves=15
num_cat=0
split_feature=71 84 84 73 9 43 84 7 47 35 9 21 15 9
split_gain=10430.7 10779.1 9304.73 7304.93 5427.99 5564.34 5324.9 4527.82 10960.2 4159.65 4117.29 6846.32 3802.27 5808.42
threshold=1.8125000000000002 42.523274000000008 303.76010700000006 24.125000000000004 95.543330000000012 51.875000000000007 109.82130600000001 95.011249000000007 75.063802083333357 16.320833333333336 250.49878250000003 27.777286015138433 207.74984750000002 270.73891950000007
decision_type=2 2 2 2 2 2 2 2 2 2 2 2 2 2
left_child=2 -2 3 9 7 -6 -5 8 -3 -1 -7 -12 13 -11
right_child=1 4 -4 6 5 10 -8 -9 -10 12 11 -13 -14 -15
leaf_value=-0.36260506969164402 -0.012380363991533506 1.1809925168752671 -0.76357318433218224 0.014514145287482636 0.348975636028928 0.13334087148633977 -0.37213879548871204 0.23970071020520339 0.098603372149010937 -0.013136416004994442 -0.43285751044750215 0.12335610039272281 0.10501584780037376 -0.2672778560440236
leaf_weight=84 1496 47 42 137 221 629 253 235 46 6414 96 128 645 232
leaf_count=84 1496 47 42 137 221 629 253 235 46 6414 96 128 645 232
internal_value=-1.12022e-05 0.08098 -0.0300821 -0.0260169 0.180538 0.125956 -0.236625 0.358332 0.652362 -0.0148491 0.0678343 -0.115886 -0.0107934 -0.0220469
internal_weight=10705 2898 7807 7765 1402 1074 390 328 93 7375 853 224 7291 6646
internal_count=10705 2898 7807 7765 1402 1074 390 328 93 7375 853 224 7291 6646
is_linear=0
shrinkage=0.05


Tree=49
num_leaves=15
num_cat=0
split_feature=84 24 45 84 69 80 84 84 16 73 30 61 71 25
split_gain=9792.74 9451.02 6511.42 6490.94 9341.43 5179.32 13947 6283.54 7168.02 5359 5082.91 4723.97 4606.99 4255.61
threshold=282.33339050000006 274.65417650000006 47.072916666666679 90.779249500000006 -14.462286713541664 -0.32143946530316164 223.02456650000002 104.00574950000002 283.37567350000006 -8.8749999999999982 22.762500000000003 74.012692500000014 1.4000000000000006 105.05818924571476
decision_type=2 2 2 2 2 2 2 2 2 2 2 2 2 2
left_child=1 3 13 -1 11 7 -7 9 -9 -4 -10 -5 -6 -3
right_child=-2 2 5 4 12 6 -8 8 10 -11 -12 -13 -14 -15
leaf_value=0.011849119991809152 -0.32131830055571708 -0.037763061471993015 0.92733580099373336 -0.3315126594782094 -0.074431267573913204 0.03000156706270557 -0.80009208224140682 0.060961561955295299 0.82556952742013068 0.25529561517348071 0.082543729972548607 0.015740426539653733 0.1095276886732503 0.55818724746053872
leaf_weight=4332 231 41 40 478 1677 1881 51 1110 54 112 40 123 426 109
leaf_count=4332 231 41 40 478 1677 1881 51 1110 54 112 40 123 426 109
internal_value=-1.05464e-05 0.00710577 0.0750395 -0.0260946 -0.0868651 0.0602755 0.00768658 0.135142 0.0966962 0.437053 0.513585 -0.260536 -0.0371328 0.396123
internal_weight=10705 10474 3438 7036 2704 3288 1932 1356 1204 152 94 601 2103 150
internal_count=10705 10474 3438 7036 2704 3288 1932 1356 1204 152 94 601 2103 150
is_linear=0
shrinkage=0.05


Tree=50
num_leaves=15
num_cat=0
split_feature=69 26 84 61 70 84 84 38 43 0 31 84 24 68
split_gain=8900.98 7326.71 7467.41 7868.45 7214.42 6919.92 9171.63 6182.18 6027.02 6021.86 5479.14 5442.36 8222.68 4704.65
threshold=-0.28348833333333345 30.162500000000005 77.844594000000015 66.725910500000012 8.1012924249459495 42.523274000000008 272.29201400000005 56.875000000000007 48.125000000000007 267.24334600000003 21.712500000000002 126.66295700000002 322.54412650000006 19.478162333491184
decision_type=2 2 2 2 2 2 2 2 2 2 2 2 2 2
left_child=1 2 -1 4 -4 -2 8 -6 10 -9 -7 -10 -13 -5
right_child=5 -3 3 13 7 6 -8 9 11 -11 -12 12 -14 -15
leaf_value=0.012891402027218125 -0.0063499285242130804 0.59262429096482017 -0.012151452372324976 0.060655434463214954 0.093373213292780657 -0.10548473933622951 -0.21641136597190958 -0.2429741763486567 0.21668622365298995 -0.83384287675221769 0.54587816725339311 0.072513514884596911 -0.59339444128951679 -0.35318090927444007
leaf_weight=2187 3269 43 534 712 133 41 205 1161 749 44 146 1359 47 75
leaf_count=2187 3269 43 534 712 133 41 205 1161 749 44 146 1359 47 75
internal_value=-3.89203e-06 -0.0497261 -0.0555469 -0.11182 -0.167564 0.0417945 0.103565 -0.229535 0.131653 -0.265223 0.403265 0.107908 0.0498475 0.0208193
internal_weight=10705 4889 4846 2659 1872 5816 2547 1338 2342 1205 187 2155 1406 787
internal_count=10705 4889 4846 2659 1872 5816 2547 1338 2342 1205 187 2155 1406 787
is_linear=0
shrinkage=0.05


Tree=51
num_leaves=15
num_cat=0
split_feature=84 24 84 69 45 25 12 67 58 71 80 84 84 70
split_gain=8488.89 8079.34 6137.1 8193.17 5554.21 4952.81 5539.55 7980 4947.4 4573.08 4020.01 7428.48 6142.65 6211.39
threshold=295.90254450000003 274.65417650000006 90.779249500000006 -14.462286713541664 47.072916666666679 103.14478863480169 254.21266150000005 -6.1704868958333323 2.3989630000000024 2.1000000000000001 -0.3520614488341256 201.89194500000005 104.00574950000002 20.117847106825341
decision_type=2 2 2 2 2 2 2 2 2 2 2 2 2 2
left_child=1 2 -1 8 -3 6 9 -8 -4 -5 12 -12 -6 -14
right_child=-2 4 3 5 10 -7 7 -9 -10 -11 11 -13 13 -15
leaf_value=0.010785929226862218 -0.49769310203545231 0.36297792946389379 -0.33079421103940204 -0.077340519880377337 0.42301045747952087 -0.17824668243109268 -0.12229676843853668 0.33034045964461539 -0.01693027397005686 0.27017831813941878 0.034812497777079045 -0.33351213923152823 0.034536051629827577 0.35123092961180347
leaf_weight=4332 84 150 451 1172 147 489 155 259 174 102 1823 147 1039 181
leaf_count=4332 84 150 451 1172 147 489 155 259 174 102 1823 147 1039 181
internal_value=-7.28939e-06 0.00397532 -0.0265128 -0.0841614 0.0663403 -0.0383024 0.00231981 0.160988 -0.243581 -0.0493271 0.0529015 0.00717311 0.118748 0.0817703
internal_weight=10705 10621 7134 2802 3487 2177 1688 414 625 1274 3337 1970 1367 1220
internal_count=10705 10621 7134 2802 3487 2177 1688 414 625 1274 3337 1970 1367 1220
is_linear=0
shrinkage=0.05


end of trees

feature_importances:
consumo_alvo_semana_anterior=187
temperatura_externa_c_diferenca_semana_atual=104
consumo_diferenca_semana_atual=84
correcao_semanal_media_1440m=34
consumo_max_1440m=30
umidade_relativa_pct_lag_1440m=20
consumo_lag_10080m=17
consumo_max_180m=15
umidade_relativa_pct_atual=13
origem_hora_sin=12
consumo_mean_1440m=11
temperatura_externa_c_lag_720m=11
correcao_semanal_std_1440m=11
umidade_relativa_pct_diferenca_semana_atual=11
consumo_min_360m=10
consumo_std_1440m=10
umidade_relativa_pct_media_360m=10
correcao_semanal_std_360m=8
umidade_relativa_pct_media_180m=7
consumo_diferenca_dia_atual=7
alvo_hora_cos=7
temperatura_externa_c_atual=6
temperatura_externa_c_media_360m=6
umidade_relativa_pct_lag_60m=6
consumo_max_60m=5
consumo_std_360m=5
temperatura_externa_c_media_1440m=5
tendencia_consumo_180m=5
tendencia_consumo_360m=5
correcao_semanal_media_360m=5
umidade_relativa_pct_media_1440m=4
consumo_alvo_dia_anterior=4
consumo_atual_kw=3
consumo_lag_360m=3
temperatura_externa_c_lag_360m=3
temperatura_externa_c_lag_1440m=3
consumo_razao_semana_atual=3
correcao_semanal_std_180m=3
consumo_lag_30m=2
consumo_lag_1440m=2
consumo_mean_60m=2
consumo_std_180m=2
consumo_max_360m=2
temperatura_externa_c_lag_180m=2
umidade_relativa_pct_lag_15m=2
tendencia_consumo_60m=2
correcao_semanal_media_60m=2
correcao_semanal_media_180m=2
consumo_lag_15m=1
consumo_lag_180m=1
consumo_lag_720m=1
consumo_std_60m=1
consumo_min_180m=1
temperatura_externa_c_lag_60m=1
temperatura_externa_c_media_60m=1
temperatura_externa_c_media_180m=1
umidade_relativa_pct_lag_180m=1
umidade_relativa_pct_lag_720m=1
origem_hora=1
origem_dia_semana=1
origem_mes=1
origem_hora_cos=1
temperatura_externa_c_tendencia_1h=1

parameters:
[boosting: gbdt]
[objective: regression]
[metric: l1]
[tree_learner: serial]
[device_type: cpu]
[data_sample_strategy: bagging]
[data: ]
[valid: ]
[num_iterations: 400]
[learning_rate: 0.05]
[num_leaves: 15]
[num_threads: 2]
[seed: 20260905]
[deterministic: 1]
[force_col_wise: 1]
[force_row_wise: 0]
[histogram_pool_size: -1]
[max_depth: -1]
[min_data_in_leaf: 40]
[min_sum_hessian_in_leaf: 0.001]
[bagging_fraction: 1]
[pos_bagging_fraction: 1]
[neg_bagging_fraction: 1]
[bagging_freq: 0]
[bagging_seed: 23218]
[bagging_by_query: 0]
[feature_fraction: 1]
[feature_fraction_bynode: 1]
[feature_fraction_seed: 28090]
[extra_trees: 0]
[extra_seed: 14360]
[early_stopping_round: 0]
[early_stopping_min_delta: 0]
[first_metric_only: 0]
[max_delta_step: 0]
[lambda_l1: 0]
[lambda_l2: 1]
[linear_lambda: 0]
[min_gain_to_split: 0]
[drop_rate: 0.1]
[max_drop: 50]
[skip_drop: 0.5]
[xgboost_dart_mode: 0]
[uniform_drop: 0]
[drop_seed: 16970]
[top_rate: 0.2]
[other_rate: 0.1]
[min_data_per_group: 100]
[max_cat_threshold: 32]
[cat_l2: 10]
[cat_smooth: 10]
[max_cat_to_onehot: 4]
[top_k: 20]
[monotone_constraints: ]
[monotone_constraints_method: basic]
[monotone_penalty: 0]
[feature_contri: ]
[forcedsplits_filename: ]
[refit_decay_rate: 0.9]
[cegb_tradeoff: 1]
[cegb_penalty_split: 0]
[cegb_penalty_feature_lazy: ]
[cegb_penalty_feature_coupled: ]
[path_smooth: 0]
[interaction_constraints: ]
[verbosity: -1]
[saved_feature_importance_type: 0]
[use_quantized_grad: 0]
[num_grad_quant_bins: 4]
[quant_train_renew_leaf: 0]
[stochastic_rounding: 1]
[linear_tree: 0]
[max_bin: 255]
[max_bin_by_feature: ]
[min_data_in_bin: 3]
[bin_construct_sample_cnt: 200000]
[data_random_seed: 5037]
[is_enable_sparse: 1]
[enable_bundle: 1]
[use_missing: 1]
[zero_as_missing: 0]
[feature_pre_filter: 1]
[pre_partition: 0]
[two_round: 0]
[header: 0]
[label_column: ]
[weight_column: ]
[group_column: ]
[ignore_column: ]
[categorical_feature: ]
[forcedbins_filename: ]
[precise_float_parser: 0]
[parser_config_file: ]
[objective_seed: 15411]
[num_class: 1]
[is_unbalance: 0]
[scale_pos_weight: 1]
[sigmoid: 1]
[boost_from_average: 1]
[reg_sqrt: 0]
[alpha: 0.9]
[fair_c: 1]
[poisson_max_delta_step: 0.7]
[tweedie_variance_power: 1.5]
[lambdarank_truncation_level: 30]
[lambdarank_norm: 1]
[label_gain: ]
[lambdarank_position_bias_regularization: 0]
[eval_at: ]
[multi_error_top_k: 1]
[auc_mu_weights: ]
[num_machines: 1]
[local_listen_port: 12400]
[time_out: 120]
[machine_list_filename: ]
[machines: ]
[gpu_platform_id: -1]
[gpu_device_id: -1]
[gpu_device_id_list: ]
[gpu_use_dp: 0]
[num_gpu: 1]

end of parameters

pandas_categorical:[]
