tree
version=v4
num_class=1
num_tree_per_iteration=1
label_index=0
max_feature_idx=84
objective=regression
feature_names=consumo_atual_kw consumo_lag_15m consumo_lag_30m consumo_lag_60m consumo_lag_120m consumo_lag_180m consumo_lag_360m consumo_lag_720m consumo_lag_1440m consumo_lag_10080m consumo_mean_60m consumo_min_60m consumo_max_60m consumo_std_60m consumo_mean_180m consumo_min_180m consumo_max_180m consumo_std_180m consumo_mean_360m consumo_min_360m consumo_max_360m consumo_std_360m consumo_mean_1440m consumo_min_1440m consumo_max_1440m consumo_std_1440m temperatura_externa_c_atual temperatura_externa_c_lag_15m temperatura_externa_c_lag_60m temperatura_externa_c_lag_180m temperatura_externa_c_lag_360m temperatura_externa_c_lag_720m temperatura_externa_c_lag_1440m temperatura_externa_c_media_60m temperatura_externa_c_media_180m temperatura_externa_c_media_360m temperatura_externa_c_media_1440m umidade_relativa_pct_atual umidade_relativa_pct_lag_15m umidade_relativa_pct_lag_60m umidade_relativa_pct_lag_180m umidade_relativa_pct_lag_360m umidade_relativa_pct_lag_720m umidade_relativa_pct_lag_1440m umidade_relativa_pct_media_60m umidade_relativa_pct_media_180m umidade_relativa_pct_media_360m umidade_relativa_pct_media_1440m origem_hora origem_dia_semana origem_fim_de_semana origem_mes origem_hora_sin origem_hora_cos origem_semana_sin origem_semana_cos consumo_diferenca_semana_atual consumo_razao_semana_atual consumo_diferenca_dia_atual tendencia_consumo_15m tendencia_consumo_60m tendencia_consumo_180m tendencia_consumo_360m correcao_semanal_media_60m correcao_semanal_std_60m correcao_semanal_media_180m correcao_semanal_std_180m correcao_semanal_media_360m correcao_semanal_std_360m correcao_semanal_media_1440m correcao_semanal_std_1440m temperatura_externa_c_diferenca_semana_atual temperatura_externa_c_tendencia_1h umidade_relativa_pct_diferenca_semana_atual umidade_relativa_pct_tendencia_1h alvo_hora alvo_dia_semana alvo_fim_de_semana alvo_mes alvo_hora_sin alvo_hora_cos alvo_semana_sin alvo_semana_cos consumo_alvo_dia_anterior consumo_alvo_semana_anterior
feature_infos=[22.399999999999999:324.71375799999998] [22.399999999999999:324.71375799999998] [22.399999999999999:324.71375799999998] [22.399999999999999:324.71375799999998] [22.399999999999999:324.71375799999998] [22.399999999999999:324.71375799999998] [22.399999999999999:324.71375799999998] [22.399999999999999:324.71375799999998] [22.399999999999999:324.71375799999998] [22.399999999999999:324.71375799999998] [22.399999999999999:321.24876725000001] [22.399999999999999:318.278571] [22.399999999999999:324.71375799999998] [0:82.540869055199337] [22.399999999999999:313.28577408333337] [22.399999999999999:302.53573799999998] [22.399999999999999:324.71375799999998] [0:92.970139865692389] [22.399999999999999:295.13563500000004] [22.399999999999999:249.29458700000001] [22.399999999999999:324.71375799999998] [0:116.53386463160022] [23.200000000000003:159.49963871874999] none [25.600000000000001:324.71375799999998] [1.3929144002343703:128.71471884334804] [15:33.700000000000003] [15:33.700000000000003] [15:33.700000000000003] [15:33.700000000000003] [15:33.700000000000003] [15:33.700000000000003] [15:33.700000000000003] [15:33.4375] [15:32.71875] [15.333333333333334:31.620833333333334] [16.439843749999998:27.283072916666669] [31:98] [31:98] [31:98] [31:98] [31:98] [31:98] [31:98] [32.5:95.625] [33.666666666666664:95.083333333333329] [37.041666666666664:94] [59.309895833333336:91.638020833333329] [0:23.75] [0:6] [0:1] [1:4] [-1:1] [-1:1] [-0.97492791218182362:0.97492791218182362] [-0.90096886790241903:1] [-72.635950000000008:77.445233000000002] [0.43630911779503978:2.09406877563422] [-291.363968:296.779246] [-121.30707899999999:153.05878799999999] [-124.27709300000001:153.05878799999999] [-180.63157299999997:268.16051600000003] [-299.363968:299.97924600000005] [-70.384351250000009:75.467424499999993] [0:44.359338508129341] [-67.777903583333341:70.921986416666655] [0:38.631403568061003] [-64.848194500000005:62.415354583333333] [0:37.083675449251288] [-34.945017510416669:27.905951093750001] [0:30.68446053870321] [-12:11.5] [-8:4.8000000000000007] [-49:48] [-30:40] [0:23.75] [0:6] [0:1] [1:4] [-1:1] [-1:1] [-0.97492791218182362:0.97492791218182362] [-0.90096886790241903:1] [22.399999999999999:324.71375799999998] [22.399999999999999:324.71375799999998]
tree_sizes=1433 1436 1423 1434 1425 1431 1428 1427 1428 1432 1437 1447 1425 1447 1436 1442 1440 1452 1436 1447 1449 1440 1440 1438 1440 1449 1446 1432 1440 1433 1432 1447 1440 1427 1456 1436 1440 1451 1436 1438 1457 1441

Tree=0
num_leaves=15
num_cat=0
split_feature=71 84 71 84 71 84 24 69 67 69 70 24 20 45
split_gain=653097 445745 483755 298096 205375 63973.8 57065.9 42201.2 36537.4 32253.2 25992.6 25703.4 23520.8 24786.5
threshold=1.0000000180025095e-35 103.63033200000002 -2.8499999999999992 42.523274000000008 2.212499999999999 287.58038500000004 257.54432450000007 -1.0000000180025095e-35 2.1362732083333338 11.840655182291668 12.286321722767662 284.15934500000009 274.50906300000003 72.395833333333357
decision_type=2 2 2 2 2 2 2 2 2 2 2 2 2 2
left_child=1 -1 6 -2 7 8 10 11 -4 12 -3 -5 13 -6
right_child=3 2 5 4 9 -7 -8 -9 -10 -11 -12 -13 -14 -15
leaf_value=-0.99337008153518591 -0.98563599043816874 -2.520889399296018 -1.3689485778174939 -1.0748718537597475 -0.72945295057097181 -2.7863791389648389 -2.3319408818831997 -0.36972103103483633 -0.47986102336279735 0.6094080151529162 -3.3361709536827071 0.0058521478924067338 0.54651947418615632 0.12655289707760331
leaf_weight=3265 2439 142 1544 488 132 75 423 712 124 512 384 61 165 239
leaf_count=3265 2439 142 1544 488 132 75 423 712 124 512 384 61 165 239
internal_value=-1.03749 -1.38613 -1.86233 -0.600094 -0.193044 -1.36737 -2.77009 -0.623443 -1.30256 0.323943 -3.11931 -0.953113 0.0487014 -0.176363
internal_weight=10705 5957 2692 4748 2309 1743 949 1261 1668 1048 526 549 536 371
internal_count=10705 5957 2692 4748 2309 1743 949 1261 1668 1048 526 549 536 371
is_linear=0
shrinkage=1


Tree=1
num_leaves=15
num_cat=0
split_feature=71 84 71 84 71 84 24 69 67 69 70 70 24 42
split_gain=589614 402405 436736 269129 185416 57831.2 51530.7 38080.4 32993.3 29779.7 28524.3 23443.5 23235.5 21539.9
threshold=1.0000000180025095e-35 103.63033200000002 -2.8499999999999992 42.523274000000008 2.212499999999999 287.58038500000004 257.54432450000007 -1.0000000180025095e-35 2.1362732083333338 -3.5859041562499985 11.07252721283376 12.286321722767662 284.15934500000009 87.375000000000014
decision_type=2 2 2 2 2 2 2 2 2 2 2 2 2 2
left_child=1 -1 6 -2 7 8 11 12 13 -6 -11 -3 -5 -4
right_child=3 2 5 4 9 -7 -8 -9 -10 10 -12 -13 -14 -15
leaf_value=0.041913826879403634 0.049261602334311753 -1.4097489150670859 -0.22780144317577544 -0.035517355656357968 0.29253703364184208 -1.6625960422189612 -1.2298817837443907 0.63442656469085945 0.52996980526447302 1.0245022241506303 1.5837417896680208 -2.1840462922430657 0.99201565851126949 -0.71629256996241486
leaf_weight=3265 2439 142 1270 488 70 75 423 712 124 385 593 384 61 274
leaf_count=3265 2439 142 1270 488 70 75 423 712 124 385 593 384 61 274
internal_value=-5.93541e-07 -0.331262 -0.783717 0.415593 0.802361 -0.313433 -1.64623 0.39341 -0.251809 1.29358 1.36486 -1.97809 0.0802491 -0.314897
internal_weight=10705 5957 2692 4748 2309 1743 949 1261 1668 1048 978 526 549 1544
internal_count=10705 5957 2692 4748 2309 1743 949 1261 1668 1048 978 526 549 1544
is_linear=0
shrinkage=0.05


Tree=2
num_leaves=15
num_cat=0
split_feature=71 84 71 84 71 69 84 24 24 84 37 69 70 32
split_gain=534456 452127 253662 161035 286672 56224.5 46359 38982 30898.8 28374.8 27948.5 27326.6 26284.8 20662.4
threshold=-0.9875000000000006 103.63033200000002 -3.0124999999999988 42.523274000000008 2.1000000000000001 -1.0000000180025095e-35 287.58038500000004 257.54432450000007 281.72766850000005 273.02215500000005 51.875000000000007 -3.5859041562499985 11.07252721283376 28.275000000000002
decision_type=2 2 2 2 2 2 2 2 2 2 2 2 2 2
left_child=1 -1 7 -2 5 8 10 -3 -5 13 -4 -6 -13 -7
right_child=3 2 6 4 11 9 -8 -9 -10 -11 -12 12 -14 -15
leaf_value=0.028936676665925445 0.046956611138048866 -1.9844927407599784 0.52580397876215657 -0.21032853093718473 0.29449966142052103 0.46256195294545022 -1.6980590633856947 -1.2664984033975988 0.46992613635235791 -0.47403524043411016 -0.50032388955333584 0.96707380426215073 1.4981490016361061 1.26448286883533
leaf_weight=2562 3061 443 70 771 75 873 77 345 212 74 1058 395 601 88
leaf_count=2562 3061 443 70 771 75 873 77 345 212 74 1058 395 601 88
internal_value=-1.13845e-05 -0.410474 -0.975067 0.304015 0.558646 0.207522 -0.518209 -1.67215 -0.063292 0.464542 -0.436236 1.21943 1.28871 0.537233
internal_weight=10705 4555 1993 6150 3089 2018 1205 788 983 1035 1128 1071 996 961
internal_count=10705 4555 1993 6150 3089 2018 1205 788 983 1035 1128 1071 996 961
is_linear=0
shrinkage=0.05


Tree=3
num_leaves=15
num_cat=0
split_feature=71 84 71 84 71 84 69 69 67 71 24 42 69 67
split_gain=484128 330654 356988 221210 149266 47629.7 44535.4 31338.7 27551.6 24398.7 19919 18515.6 17951.1 17127
threshold=1.0000000180025095e-35 102.89871100000001 -2.8499999999999992 42.523274000000008 2.212499999999999 287.58038500000004 -26.30091713020833 -1.0000000180025095e-35 2.1362732083333338 3.9875000000000012 284.15934500000009 87.375000000000014 11.532673921875002 -8.1281092291666646
decision_type=2 2 2 2 2 2 2 2 2 2 2 2 2 2
left_child=1 -1 6 -2 7 8 -3 10 11 12 -5 -4 -6 -8
right_child=3 2 5 4 9 -7 13 -9 -10 -11 -12 -13 -14 -15
leaf_value=0.039697682112684478 0.044452662602311281 -2.1375788028423606 -0.20519002031956052 -0.03100001473848257 0.70223680797101162 -1.5084573675927364 -1.5207563321288793 0.57893190232025871 0.48319743531090875 1.4477120022089149 0.92038050341990696 -0.65656998835315772 1.2571628033621787 -1.0310031387767029
leaf_weight=3251 2439 207 1275 488 327 75 412 712 125 450 61 276 271 336
leaf_count=3251 2439 207 1275 488 327 75 412 712 125 450 61 276 271 336
internal_value=-1.35057e-05 -0.300183 -0.708382 0.376574 0.727222 -0.283934 -1.4855 0.360288 -0.22827 1.16797 0.0761902 -0.285884 0.955396 -1.30243
internal_weight=10705 5957 2706 4748 2309 1751 955 1261 1676 1048 549 1551 598 748
internal_count=10705 5957 2706 4748 2309 1751 955 1261 1676 1048 549 1551 598 748
is_linear=0
shrinkage=0.05


Tree=4
num_leaves=15
num_cat=0
split_feature=71 84 71 84 71 69 24 84 24 84 69 70 37 72
split_gain=438346 370384 204845 132166 232529 46334.1 40108.9 34202.7 26478.8 24997.5 23878.5 21846.1 19782.4 19414.7
threshold=-0.9875000000000006 106.94730550000001 -2.8499999999999992 42.523274000000008 2.1000000000000001 -1.0000000180025095e-35 247.91118100000003 287.58038500000004 281.72766850000005 273.02215500000005 -3.5859041562499985 11.07252721283376 49.875000000000007 0.93750000000000011
decision_type=2 2 2 2 2 2 2 2 2 2 2 2 2 2
left_child=1 -1 6 -2 5 8 -3 12 -5 -7 -6 -12 -4 -13
right_child=3 2 7 4 10 9 -8 -9 -10 -11 11 13 -14 -15
leaf_value=0.020318205079533923 0.042435935472523285 -1.8002123096044742 0.62192007925074844 -0.19219833961760366 0.237160292939332 0.49131898076739167 -1.1335065309981336 -1.5316328871581291 0.4375243101531352 -0.45777643418808778 0.87270891723138377 1.1501537405380711 -0.38172863235241672 1.7632841588512287
leaf_weight=2594 3061 407 51 771 75 961 527 62 212 74 395 401 914 200
leaf_count=2594 3061 407 51 771 75 961 527 62 212 74 395 401 914 200
internal_value=-2.03811e-05 -0.371749 -0.890119 0.275316 0.505997 0.189763 -1.42564 -0.402174 -0.0560817 0.423085 1.10112 1.16587 -0.328097 1.35678
internal_weight=10705 4555 1961 6150 3089 2018 934 1027 983 1035 1071 996 965 601
internal_count=10705 4555 1961 6150 3089 2018 934 1027 983 1035 1071 996 965 601
is_linear=0
shrinkage=0.05


Tree=5
num_leaves=15
num_cat=0
split_feature=71 84 71 84 71 84 24 68 43 69 71 70 70 67
split_gain=397461 271967 289425 181804 120218 39054.8 38164.5 26024.1 23768.4 23633.6 21416.5 18734.3 17484.9 17137.3
threshold=1.0000000180025095e-35 102.89871100000001 -2.8499999999999992 42.523274000000008 2.212499999999999 287.58038500000004 257.54432450000007 12.830171362394831 49.875000000000007 -1.0000000180025095e-35 3.9875000000000012 12.286321722767662 9.5888207438604312 -5.6931057291666649
decision_type=2 2 2 2 2 2 2 2 2 2 2 2 2 2
left_child=1 -1 6 -2 7 8 11 9 12 -5 -6 -3 -4 -10
right_child=3 2 5 4 10 -7 -8 -9 13 -11 -12 -13 -14 -15
leaf_value=0.036249704154948319 0.04011001254080749 -1.1231239062216547 0.0014006743398941545 0.019806988000131726 0.85566384740553192 -1.36886022137478 -0.98544823403101622 1.1646632195910676 -0.66363524244686145 0.47041192918301916 1.3165543975296148 -1.8097346925458244 1.2665583540092815 -0.19250086583162287
leaf_weight=3251 2439 143 72 529 598 75 426 86 225 646 450 386 43 1336
leaf_count=3251 2439 143 72 529 598 75 426 86 225 646 450 386 43 1336
internal_value=-1.87071e-05 -0.271997 -0.642202 0.3412 0.659086 -0.260022 -1.34193 0.329778 -0.209615 0.267733 1.05463 -1.6266 0.4813 -0.260791
internal_weight=10705 5957 2706 4748 2309 1751 955 1261 1676 1175 1048 529 115 1561
internal_count=10705 5957 2706 4748 2309 1751 955 1261 1676 1175 1048 529 115 1561
is_linear=0
shrinkage=0.05


Tree=6
num_leaves=15
num_cat=0
split_feature=71 84 71 84 71 69 84 24 24 84 37 69 70 22
split_gain=359796 303554 168521 108579 188410 38234.7 31559.5 27893.9 23284.7 22324.6 21520.8 21313.4 19189 18535
threshold=-0.9875000000000006 106.94730550000001 -3.0124999999999988 42.523274000000008 2.1000000000000001 -1.0000000180025095e-35 287.58038500000004 257.54432450000007 281.72766850000005 273.02215500000005 51.875000000000007 -3.5859041562499985 11.07252721283376 145.39469607812504
decision_type=2 2 2 2 2 2 2 2 2 2 2 2 2 2
left_child=1 -1 7 -2 5 8 10 -3 -5 -7 -4 -6 -13 -14
right_child=3 2 6 4 11 9 -8 -9 -10 -11 -12 12 13 -15
leaf_value=0.018136427705831151 0.038349194665075054 -1.6451290466692683 0.49448691454270616 -0.17711972307641222 0.17872005834391244 0.45029340214415492 -1.4037515760996404 -1.0330744862775594 0.41339922370039317 -0.44653901286919917 -0.41841814596207744 0.78088076026790376 1.4944429893611755 0.92956179962426955
leaf_weight=2594 3061 436 68 771 75 961 77 339 212 74 1041 395 322 279
leaf_count=2594 3061 436 68 771 75 961 77 339 212 74 1041 395 322 279
internal_value=-2.23107e-05 -0.336801 -0.806081 0.249428 0.458512 0.173853 -0.430804 -1.37908 -0.049474 0.385803 -0.362047 0.994211 1.05538 1.23419
internal_weight=10705 4555 1961 6150 3089 2018 1186 775 983 1035 1109 1071 996 601
internal_count=10705 4555 1961 6150 3089 2018 1186 775 983 1035 1109 1071 996 601
is_linear=0
shrinkage=0.05


Tree=7
num_leaves=15
num_cat=0
split_feature=71 84 71 84 71 24 84 68 67 84 69 47 58 32
split_gain=326300 223725 236706 149417 96792.9 32619.6 32075.1 23437.7 21739 19479.8 19254.8 18342.1 17622.1 18676.6
threshold=1.0000000180025095e-35 102.89871100000001 -2.8499999999999992 42.523274000000008 2.2375000000000012 247.91118100000003 287.58038500000004 12.984523312653595 1.5174142500000005 275.36804450000005 -3.5859041562499985 80.070312500000014 -14.974237 27.712500000000002
decision_type=2 2 2 2 2 2 2 2 2 2 2 2 2 2
left_child=1 -1 5 -2 7 11 8 9 12 -5 -6 -3 -4 -14
right_child=3 2 6 4 10 -7 -8 -9 -10 -11 -12 -13 13 -15
leaf_value=0.033120408320517672 0.036188660149202974 -1.9088727107414833 -0.84112404485759529 0.30083078492213139 0.15015803113789628 -0.95546990346254757 -1.2414811992331556 1.1051845325880192 0.40129168206484805 -0.48963444814795543 1.0110180093137404 -1.2271204697924691 -0.24580439132811627 0.47668414580887958
leaf_weight=3251 2439 194 114 1098 70 540 75 84 141 83 974 221 1326 95
leaf_count=3251 2439 194 114 1098 70 540 75 84 141 83 974 221 1326 95
internal_value=-2.27167e-05 -0.246454 -0.582224 0.309145 0.597328 -1.21502 -0.236598 0.302863 -0.190916 0.24491 0.953496 -1.54964 -0.24554 -0.197202
internal_weight=10705 5957 2706 4748 2309 955 1751 1265 1676 1181 1044 415 1535 1421
internal_count=10705 5957 2706 4748 2309 955 1751 1265 1676 1181 1044 415 1535 1421
is_linear=0
shrinkage=0.05


Tree=8
num_leaves=15
num_cat=0
split_feature=71 84 71 84 71 69 84 24 37 24 71 32 83 69
split_gain=295139 216947 183003 110915 120084 32811.4 31575.1 22871 22393.1 19229.3 19034.6 18853.6 16928.3 16569
threshold=-0.21249999999999855 103.63033200000002 -3.0124999999999988 42.523274000000008 2.1000000000000001 -1.0000000180025095e-35 292.35207400000007 257.54432450000007 51.875000000000007 281.72766850000005 5.1000000000000005 28.275000000000002 247.36838000000003 11.840655182291668
decision_type=2 2 2 2 2 2 2 2 2 2 2 2 2 2
left_child=1 -1 7 -2 5 9 8 -3 -4 -5 13 -7 -10 -6
right_child=3 2 6 4 10 11 -8 -9 12 -11 -12 -13 -14 -15
leaf_value=0.021684066159491974 0.034520519349971683 -1.4827543384655639 0.46662536686172296 -0.17718694290194809 0.56742780538545035 0.35321858567928904 -1.4259289906650294 -0.93323250664882584 -0.46216418466678982 0.40208140026604267 1.316236590321886 1.1994578938103384 -0.11151051132967978 1.0109401967428939
leaf_weight=2933 2722 443 97 555 428 801 60 345 822 192 218 71 593 425
leaf_count=2933 2722 443 97 555 428 801 60 345 822 192 218 71 593 425
internal_value=-3.7436e-05 -0.265484 -0.622233 0.259573 0.487206 0.215264 -0.31014 -1.24365 -0.26495 -0.0279602 0.897708 0.423416 -0.315394 0.789329
internal_weight=10705 5293 2360 5412 2690 1619 1572 788 1512 747 1071 872 1415 853
internal_count=10705 5293 2360 5412 2690 1619 1572 788 1512 747 1071 872 1415 853
is_linear=0
shrinkage=0.05


Tree=9
num_leaves=15
num_cat=0
split_feature=71 84 71 84 71 69 84 24 32 24 30 71 47 37
split_gain=267692 225609 124200 80841.8 137365 30182.7 23965.7 21056.5 19029.2 18935.3 17792.4 17565.2 17420.7 16000.5
threshold=-0.9875000000000006 106.94730550000001 -3.0124999999999988 42.523274000000008 2.1000000000000001 -1.0000000180025095e-35 290.2148160000001 247.91118100000003 28.275000000000002 284.15934500000009 19.962500000000002 3.9875000000000012 79.269531250000014 51.625000000000007
decision_type=2 2 2 2 2 2 2 2 2 2 2 2 2 2
left_child=1 -1 7 -2 5 9 10 12 -7 -5 -4 -6 -3 -12
right_child=3 2 6 4 11 8 -8 -9 -10 -11 13 -13 -14 -15
leaf_value=0.015469127125636119 0.033000277617373244 -1.8643512360843613 -0.6458562858812511 -0.11958114240327744 0.67848083337056198 0.27476514947093744 -1.2711322628813131 -0.95101124346942945 1.0403613518816264 0.60629531442001472 0.62116478464699221 1.0916970555936947 -1.1338101421083724 -0.25484696956283137
leaf_weight=2594 3061 161 299 884 621 947 69 433 88 99 55 450 181 763
leaf_count=2594 3061 161 299 884 621 947 69 433 88 99 55 450 181 763
internal_value=-3.19259e-05 -0.290524 -0.695092 0.215134 0.395547 0.152486 -0.372918 -1.18701 0.340801 -0.0459347 -0.316346 0.852958 -1.48215 -0.19526
internal_weight=10705 4555 1961 6150 3089 2018 1186 775 1035 983 1117 1071 342 818
internal_count=10705 4555 1961 6150 3089 2018 1186 775 1035 983 1117 1071 342 818
is_linear=0
shrinkage=0.05


Tree=10
num_leaves=15
num_cat=0
split_feature=71 84 71 84 71 24 84 68 84 69 67 70 70 72
split_gain=243439 168035 175493 111694 69559.6 27694.1 25580.8 20241 16863.4 16772.4 16645.2 15421.7 14895.5 17235.9
threshold=1.0000000180025095e-35 99.965581500000013 -2.8499999999999992 42.523274000000008 2.2375000000000012 247.91118100000003 275.36804450000005 12.830171362394831 275.36804450000005 -3.5859041562499985 1.6273948541666674 7.0452801370723561 11.07252721283376 0.93750000000000011
decision_type=2 2 2 2 2 2 2 2 2 2 2 2 2 2
left_child=1 -1 5 -2 7 -3 10 8 -5 -6 -4 -7 -11 -14
right_child=3 2 6 4 9 11 -8 -9 -10 12 -12 -13 13 -15
leaf_value=0.033029142815673124 0.031005312377800711 -1.3450920463205625 -0.18427817079224154 0.26385852932491527 0.069480929890988571 -0.18544065527532294 -0.71446412191834563 0.99833064856251108 -0.47161864212581089 0.62537080541097467 0.38181436012362269 -0.91604634488373216 0.83495513366892793 1.4132746495080717
leaf_weight=3207 2439 420 1418 1095 70 86 214 87 83 382 142 470 395 197
leaf_count=3207 2439 420 1418 1095 70 86 214 87 83 382 142 470 395 197
internal_value=-3.91056e-05 -0.212893 -0.499591 0.267004 0.516167 -1.03774 -0.203099 0.266529 0.211682 0.818106 -0.132538 -0.803575 0.871782 1.02946
internal_weight=10705 5957 2750 4748 2309 976 1774 1265 1178 1044 1560 556 974 592
internal_count=10705 5957 2750 4748 2309 976 1774 1265 1178 1044 1560 556 974 592
is_linear=0
shrinkage=0.05


Tree=11
num_leaves=15
num_cat=0
split_feature=71 84 71 84 71 24 84 68 43 69 71 83 46 58
split_gain=219766 151684 158540 100839 62814.3 24720.9 24106.2 18128.7 16868.4 15317.9 15261.3 14597.4 17012.3 14301.2
threshold=1.0000000180025095e-35 99.965581500000013 -2.9875000000000003 42.523274000000008 2.212499999999999 257.54432450000007 282.33339050000006 12.984523312653595 48.875000000000007 -1.0000000180025095e-35 5.1000000000000005 247.36838000000003 82.848958333333357 -6.4505194999999835
decision_type=2 2 2 2 2 2 2 2 2 2 2 2 2 2
left_child=1 -1 5 -2 7 13 8 9 -4 -5 -6 -10 -13 -3
right_child=3 2 6 4 10 -7 -8 -9 11 -11 -12 12 -14 -15
leaf_value=0.031378200979088888 0.029455684565129828 -1.7913112307799623 0.4433607227568116 0.0018077315462155725 0.67699844192278658 -0.70657265563846905 -0.90129195569377196 0.96237452101139798 -0.3193366637391013 0.36417298370341844 1.1498652786866987 0.28696199437260417 -0.23060041640594764 -1.0978706790371375
leaf_weight=3207 2439 93 111 529 830 423 113 83 924 649 218 276 371 439
leaf_count=3207 2439 93 111 529 830 423 113 83 924 649 218 276 371 439
internal_value=-3.32525e-05 -0.202273 -0.474666 0.253693 0.49044 -0.994805 -0.197535 0.252385 -0.149747 0.201587 0.776364 -0.191909 -0.00971432 -1.22223
internal_weight=10705 5957 2750 4748 2309 955 1795 1261 1682 1178 1048 1571 647 532
internal_count=10705 5957 2750 4748 2309 955 1795 1261 1682 1178 1048 1571 647 532
is_linear=0
shrinkage=0.05


Tree=12
num_leaves=15
num_cat=0
split_feature=71 84 71 0 69 84 73 84 24 44 62 69 49 31
split_gain=200300 187145 62504.6 61112.9 39663.5 70554.1 36111.7 30307.4 21345.8 20897.7 19597.4 16846.4 15754.9 15288.5
threshold=-1.2375000000000005 107.61979800000002 -3.0124999999999988 272.41065350000002 11.840655182291668 42.523274000000008 -5.6249999999999991 272.07054550000004 299.02505250000007 57.281250000000007 169.76704000000004 -26.462434338541666 3.5000000000000004 21.162500000000005
decision_type=2 2 2 2 2 2 2 2 2 2 2 2 2 2
left_child=1 -1 11 4 7 -6 13 10 9 -7 -2 -3 -8 -5
right_child=3 2 -4 6 5 8 12 -9 -10 -11 -12 -13 -14 -15
leaf_value=0.0081041607661817387 0.045974776906650028 -1.4463247064642006 -0.40044420591781354 0.36784591225200686 0.028231925958647777 1.8432262455333364 -0.02315448232041965 -0.49927026405930519 0.2414183238665423 0.7971880515940144 0.35317271799164279 -0.8925827927039921 1.0561829949534216 1.3012154722966036
leaf_weight=2195 4275 184 829 57 730 54 158 233 154 411 590 588 42 205
leaf_count=2195 4275 184 829 57 730 54 158 233 154 411 590 588 42 205
internal_value=-3.67321e-05 -0.291776 -0.702665 0.160272 0.120403 0.36139 0.715161 0.0565766 0.753611 0.922358 0.0832949 -1.02626 0.207633 1.10032
internal_weight=10705 3796 1601 6909 6447 1349 462 5098 619 465 4865 772 200 262
internal_count=10705 3796 1601 6909 6447 1349 462 5098 619 465 4865 772 200 262
is_linear=0
shrinkage=0.05


Tree=13
num_leaves=15
num_cat=0
split_feature=71 84 71 84 71 84 47 24 71 70 68 69 84 31
split_gain=181998 125827 129333 84241.5 52649.1 25649.6 20002.7 26494.9 18629.1 16680.2 15643.7 14284.8 13746.4 13422.9
threshold=1.0000000180025095e-35 99.965581500000013 -3.3625000000000003 42.523274000000008 2.2375000000000012 292.35207400000007 78.115885416666671 257.91047800000007 -2.0124999999999988 12.286321722767662 12.830171362394831 -3.5859041562499985 275.36804450000005 21.012500000000003
decision_type=2 2 2 2 2 2 2 2 2 2 2 2 2 2
left_child=1 -1 9 -2 10 6 7 -4 -8 -3 12 -6 13 -5
right_child=3 2 5 4 11 -7 8 -9 -10 -11 -12 -13 -14 -15
leaf_value=0.028741058861776043 0.025922033891814657 -0.58336592559855449 -0.51125164310529025 -0.033523142251830833 0.019736587749400611 -1.1854088599890915 -0.7718982259936048 0.082472348972938841 -0.23437205437055386 -1.133504217863083 0.87341653115370055 0.75948079217172193 -0.43502023617426561 0.34557917555079376
leaf_weight=3207 2439 188 240 337 70 66 216 852 633 555 87 974 83 758
leaf_count=3207 2439 188 240 337 70 66 216 852 633 555 87 974 83 758
internal_value=-2.19084e-05 -0.184065 -0.432157 0.230875 0.447263 -0.223296 -0.189988 -0.0483648 -0.371875 -0.995275 0.230081 0.709947 0.181868 0.228982
internal_weight=10705 5957 2750 4748 2309 2007 1941 1092 849 743 1265 1044 1178 1095
internal_count=10705 5957 2750 4748 2309 2007 1941 1092 849 743 1265 1044 1178 1095
is_linear=0
shrinkage=0.05


Tree=14
num_leaves=15
num_cat=0
split_feature=71 84 71 84 71 32 71 70 84 48 32 25 30 24
split_gain=164646 138609 74319.6 50421.2 83918.1 23193.3 19229.1 18163.4 17739.8 17292.3 15736.4 14989 14561.5 14141.3
threshold=-0.9875000000000006 107.61979800000002 -3.0124999999999988 42.523274000000008 1.8625000000000009 27.987500000000004 3.9875000000000012 7.6163749287518039 299.97504500000008 12.125000000000002 28.087500000000002 103.78067124249111 19.962500000000002 282.20391600000005
decision_type=2 2 2 2 2 2 2 2 2 2 2 2 2 2
left_child=1 -1 11 -2 5 7 9 -5 12 -6 -11 -3 -4 -9
right_child=3 2 8 4 6 -7 -8 13 -10 10 -12 -13 -14 -15
leaf_value=0.011132679706352792 0.024872355354836687 -1.0171993066316547 -0.5552067550804588 0.21790392270708023 0.59784064003071791 0.66277558622009403 0.87712492835759592 -0.26691697164476941 -1.3189420397688705 -0.218411844689399 0.70922480356782236 -0.38226332591997614 -0.15135310359548129 0.14754825756422379
leaf_weight=2602 3061 662 304 704 669 157 450 583 40 143 66 110 837 317
leaf_count=2602 3061 662 304 704 669 157 450 583 40 143 66 110 837 317
internal_value=-3.36696e-05 -0.227854 -0.546102 0.168711 0.311193 0.0847796 0.611139 0.0278275 -0.296319 0.47397 0.0765084 -0.927341 -0.259345 -0.120931
internal_weight=10705 4555 1953 6150 3089 1761 1328 1604 1181 878 209 772 1141 900
internal_count=10705 4555 1953 6150 3089 1761 1328 1604 1181 878 209 772 1141 900
is_linear=0
shrinkage=0.05


Tree=15
num_leaves=15
num_cat=0
split_feature=71 84 71 84 71 84 67 45 83 70 84 68 47 7
split_gain=149348 103756 105691 69190.8 42782.7 21442.8 18216.5 15400.3 15840.1 14784.1 14282.6 15471.6 12838.5 17198
threshold=1.0000000180025095e-35 99.965581500000013 -3.3625000000000003 42.523274000000008 2.2375000000000012 292.35207400000007 1.5174142500000005 52.562500000000007 246.65161950000001 12.286321722767662 273.90393550000005 12.830171362394831 71.899739583333357 135.89152700000002
decision_type=2 2 2 2 2 2 2 2 2 2 2 2 2 2
left_child=1 -1 9 -2 10 6 7 -4 -9 -3 11 -5 13 -6
right_child=3 2 5 4 12 -7 -8 8 -10 -11 -12 -13 -14 -15
leaf_value=0.026488541818788264 0.023383356211859673 -0.51368791154097948 0.48867683584827026 0.21237952691105211 1.0395699665816187 -1.0829104925269513 0.34384774219268449 -0.37474270360275674 -0.065268392995035229 -1.0311635707752955 -0.33549066451462833 0.9510549484899169 0.47141892726213508 0.42401290054569085
leaf_weight=3207 2439 188 73 1081 326 66 156 1013 699 555 109 75 541 177
leaf_count=3207 2439 188 73 1081 326 66 156 1013 699 555 109 75 541 177
internal_value=-3.50778e-05 -0.166755 -0.392039 0.209128 0.405235 -0.20323 -0.172776 -0.218093 -0.248498 -0.901094 0.209456 0.261085 0.642031 0.824233
internal_weight=10705 5957 2750 4748 2309 2007 1941 1785 1712 743 1265 1156 1044 503
internal_count=10705 5957 2750 4748 2309 2007 1941 1785 1712 743 1265 1156 1044 503
is_linear=0
shrinkage=0.05


Tree=16
num_leaves=15
num_cat=0
split_feature=71 84 0 71 69 84 73 84 24 44 54 36 62 49
split_gain=136213 126925 44276.1 41436.7 28863 50086.4 28219.5 23420.9 18040.3 18197.9 17980.8 17830 15488.8 13577.6
threshold=-1.2375000000000005 107.61979800000002 272.41065350000002 -3.9875000000000003 11.840655182291668 42.523274000000008 -5.6249999999999991 272.07054550000004 299.02505250000007 57.281250000000007 1.0000000180025095e-35 23.242578125000005 230.22416750000002 3.5000000000000004
decision_type=2 2 2 2 2 2 2 2 2 2 2 2 2 2
left_child=1 -1 4 -3 7 -6 -4 12 9 -7 11 -5 -2 -8
right_child=2 3 6 10 5 8 13 -9 -10 -11 -12 -13 -14 -15
leaf_value=0.0063498810591864898 0.047806853908256459 -0.91272159295001642 0.94493369209109146 -0.80838675291876783 0.02310388660830447 1.6477546735243367 -0.058037561967781509 -0.44484265801043082 0.16390232083537887 0.67286207974544787 -0.19831919687181948 -0.080206131879975537 0.47625545235466621 0.94375764741454027
leaf_weight=2195 4645 588 262 330 730 54 158 233 154 411 570 113 220 42
leaf_count=2195 4645 588 262 330 730 54 158 233 154 411 570 113 220 42
internal_value=-3.06264e-05 -0.240613 0.132168 -0.578997 0.0982335 0.303807 0.604473 0.043787 0.634275 0.789368 -0.384576 -0.623242 0.0672756 0.155988
internal_weight=10705 3796 6909 1601 6447 1349 462 5098 619 465 1013 443 4865 200
internal_count=10705 3796 6909 1601 6447 1349 462 5098 619 465 1013 443 4865 200
is_linear=0
shrinkage=0.05


Tree=17
num_leaves=15
num_cat=0
split_feature=71 84 71 84 71 69 24 84 84 62 73 24 44 62
split_gain=123458 86236.4 92965.3 57957.8 35734.3 23846.1 20676.4 17006.9 14181.8 14327.6 13736.3 15326.8 15562.4 14573.3
threshold=1.0000000180025095e-35 90.300388000000012 -2.7624999999999988 42.523274000000008 3.9000000000000008 -1.0000000180025095e-35 247.91118100000003 275.36804450000005 273.02215500000005 250.15921200000003 18.625000000000004 278.11863750000003 53.468750000000007 230.22416750000002
decision_type=2 2 2 2 2 2 2 2 2 2 2 2 2 2
left_child=1 -1 6 -2 5 -5 -3 10 9 -7 11 13 -13 -4
right_child=3 2 7 4 -6 8 -8 -9 -10 -11 -12 12 -14 -15
leaf_value=0.03208557684865361 0.020154340028396396 -0.99385633032187171 -0.20826561449510242 0.022004497628629494 0.76687725869345147 0.40516843586061291 -0.53821206142188449 -0.55637546999309706 -0.29774528694325597 1.2988363864574026 -0.90469747197871309 1.1075805757103898 0.090659931175427921 0.54298763106698578
leaf_weight=3083 2439 428 1012 630 454 1111 607 211 68 46 48 40 460 68
leaf_count=3083 2439 428 1012 630 454 1111 607 211 68 46 48 40 460 68
internal_value=-1.77731e-05 -0.151599 -0.348585 0.190153 0.369637 0.272054 -0.727411 -0.1351 0.400529 0.44179 -0.0801916 -0.0545869 0.174062 -0.160506
internal_weight=10705 5957 2874 4748 2309 1855 1035 1839 1225 1157 1628 1580 500 1080
internal_count=10705 5957 2874 4748 2309 1855 1035 1839 1225 1157 1628 1580 500 1080
is_linear=0
shrinkage=0.05


Tree=18
num_leaves=15
num_cat=0
split_feature=71 84 71 0 39 69 84 73 84 24 44 7 58 62
split_gain=111797 104431 43366.7 37118.6 24572.4 24352.4 41864.5 24082.2 19755.8 16129.7 16273.8 14412.5 14340.9 14147.8
threshold=-1.2375000000000005 90.300388000000012 -3.9875000000000003 272.41065350000002 51.875000000000007 11.840655182291668 42.523274000000008 -5.6249999999999991 271.70528650000006 299.02505250000007 57.281250000000007 81.691657500000005 1.1413169999999939 169.76704000000004
decision_type=2 2 2 2 2 2 2 2 2 2 2 2 2 2
left_child=1 -1 -3 5 -4 8 -7 -5 13 10 -8 12 -6 -2
right_child=3 2 4 7 11 6 9 -9 -10 -11 -12 -13 -14 -15
leaf_value=0.025628854590867767 0.029017722231748744 -0.82425089018639697 0.79814010900445287 0.86670976464739324 -0.75687024925092738 0.020878647261703062 1.5377681550112638 0.13793019488342662 -0.40225682974723748 0.13503214990419726 0.61618683582513134 -0.16729931144295318 -0.24029136854007779 0.29101409435323078
leaf_weight=2038 4272 650 47 262 315 730 54 200 241 154 411 510 236 585
leaf_count=2038 4272 650 47 262 315 730 54 200 241 154 411 510 236 585
internal_value=-1.32076e-05 -0.217969 -0.50022 0.119752 -0.309558 0.0886817 0.27751 0.5522 0.0386705 0.579639 0.726279 -0.359331 -0.536449 0.0606272
internal_weight=10705 3796 1758 6909 1108 6447 1349 462 5098 619 465 1061 551 4857
internal_count=10705 3796 1758 6909 1108 6447 1349 462 5098 619 465 1061 551 4857
is_linear=0
shrinkage=0.05


Tree=19
num_leaves=15
num_cat=0
split_feature=71 84 71 84 71 24 84 70 47 67 42 70 9 51
split_gain=102057 71290 75484.1 48242 30487.8 18584.6 14346.2 13014 12408.6 12129.5 11973.6 11728.4 11542.7 12529.5
threshold=1.0000000180025095e-35 87.746388500000009 -2.7624999999999988 42.523274000000008 2.2375000000000012 247.91118100000003 282.33339050000006 7.0452801370723561 79.805989583333357 1.4133323125000004 87.375000000000014 16.771288096255539 250.49878250000003 1.5000000000000002
decision_type=2 2 2 2 2 2 2 2 2 2 2 2 2 2
left_child=1 -1 5 -2 -5 8 9 -7 -3 10 -4 -9 13 -6
right_child=3 2 6 4 12 7 -8 11 -10 -11 -12 -13 -14 -15
leaf_value=0.030032039476060059 0.017805154164795015 -1.205306050181389 -0.068006517973347447 0.17138732391493072 0.2766880746359876 0.033496162107285975 -0.68670118596996665 -0.70928803689834163 -0.65887171670035305 0.31387658033276067 -0.42460686198513331 -0.12455373700406101 0.22162484725127404 0.73568815924197106
leaf_weight=3068 2439 195 1292 1265 198 103 106 396 233 167 287 110 229 617
leaf_count=3068 2439 195 1292 1265 198 103 106 396 233 167 287 110 229 617
internal_value=-2.8924e-06 -0.137822 -0.316024 0.172902 0.336652 -0.657365 -0.124644 -0.478572 -0.910061 -0.0901476 -0.13305 -0.582668 0.536545 0.624652
internal_weight=10705 5957 2889 4748 2309 1037 1852 609 428 1746 1579 506 1044 815
internal_count=10705 5957 2889 4748 2309 1037 1852 609 428 1746 1579 506 1044 815
is_linear=0
shrinkage=0.05


Tree=20
num_leaves=15
num_cat=0
split_feature=71 84 71 84 71 69 58 32 55 24 58 84 62 7
split_gain=92134.2 64532.3 63086.8 43547 27933.5 19608.2 14142.1 16440.4 13949.6 13875.8 12828.7 12535.5 12615.4 12169.2
threshold=1.0000000180025095e-35 103.63033200000002 -2.9875000000000003 42.523274000000008 3.9000000000000008 -1.0000000180025095e-35 -11.200341999999997 28.012500000000003 -0.56174490092936669 257.54432450000007 -6.3055149999999847 273.02215500000005 250.15921200000003 81.691657500000005
decision_type=2 2 2 2 2 2 2 2 2 2 2 2 2 2
left_child=1 -1 9 -2 5 -5 8 -8 -4 10 -3 12 -7 -11
right_child=3 2 6 4 -6 11 7 -9 -10 13 -12 -13 -14 -15
leaf_value=0.01848071451799058 0.016915261070015002 -1.3606521459071192 -0.9677639231396219 0.0068559085460240983 0.67105630114838322 0.35455031254648722 -0.13218883043519469 0.48879576883076326 -0.11181886995521684 -0.58868915517145937 -0.70042648113094452 -0.30619289929560134 1.192848880303667 0.029192077101917444
leaf_weight=3265 2439 90 95 630 454 1111 1459 114 95 302 429 68 46 108
leaf_count=3265 2439 90 95 630 454 1111 1459 114 95 302 429 68 46 108
internal_value=-1.24469e-05 -0.13096 -0.312149 0.164272 0.31985 0.233579 -0.136295 -0.0869023 -0.542618 -0.645369 -0.817313 0.350079 0.388881 -0.426255
internal_weight=10705 5957 2692 4748 2309 1855 1763 1573 190 929 519 1225 1157 410
internal_count=10705 5957 2692 4748 2309 1855 1763 1573 190 929 519 1225 1157 410
is_linear=0
shrinkage=0.05


Tree=21
num_leaves=15
num_cat=0
split_feature=71 84 67 0 35 36 73 22 69 84 84 25 84 61
split_gain=83625.8 70824.1 39964.2 28731.2 23574.6 20221.9 19946.5 17910.4 17492.1 33101.2 14198.5 13311.7 12002.9 11956.2
threshold=-0.9875000000000006 112.27111400000003 -5.2843796458333339 272.41065350000002 19.634375000000002 23.030078125000003 14.875000000000002 148.27345940104172 11.840655182291668 42.523274000000008 292.35207400000007 106.75073620495296 271.70528650000006 168.01043050000001
decision_type=2 2 2 2 2 2 2 2 2 2 2 2 2 2
left_child=1 -1 6 8 -4 -5 -3 -7 12 -10 -6 -11 13 -2
right_child=3 2 4 5 10 7 -8 -9 9 11 -12 -13 -14 -15
leaf_value=0.0043537612328299535 0.04139025965545523 -0.45342865430110069 -0.56117395869307563 -0.2354679910809194 -0.00959936039162489 0.84143924136292836 -0.9715632671710287 -0.02507377619806089 0.017901976810496177 0.80358410908987654 -0.93343081697821617 0.32609649613617342 -0.34024240391290922 0.44137946377147225
leaf_weight=2656 4001 440 331 75 760 289 325 75 711 246 43 363 195 195
leaf_count=2656 4001 440 331 75 760 289 325 75 711 246 43 363 195 195
internal_value=-1.83118e-05 -0.162381 -0.395462 0.120243 -0.206772 0.509582 -0.674532 0.66332 0.0902306 0.249758 -0.0601692 0.519974 0.0422283 0.0600796
internal_weight=10705 4555 1899 6150 1134 439 765 364 5711 1320 803 609 4391 4196
internal_count=10705 4555 1899 6150 1134 439 765 364 5711 1320 803 609 4391 4196
is_linear=0
shrinkage=0.05


Tree=22
num_leaves=15
num_cat=0
split_feature=71 84 71 84 24 84 49 67 24 73 71 47 83 67
split_gain=75961.4 79379.6 29258.9 46555.8 25944 19744.4 17310.5 16787.9 15758 14267.8 12335.6 11784.2 10273.4 8791.03
threshold=-2.0499999999999985 87.746388500000009 1.4500000000000013 42.523274000000008 273.57706450000006 282.33339050000006 3.5000000000000004 -2.9400345000000003 246.78300350000004 10.875000000000002 5.1000000000000005 76.917968750000014 189.35603550000005 -1.0000000180025095e-35
decision_type=2 2 2 2 2 2 2 2 2 2 2 2 2 2
left_child=1 -1 5 -4 6 -2 8 -5 -3 11 -9 -6 -12 -11
right_child=2 4 3 7 9 -7 -8 10 -10 13 12 -13 -14 -15
leaf_value=0.022736761842053754 0.014798663022085354 -0.8092172899463197 0.014600442348147287 -0.28699709091171183 0.70336623951994093 -0.67209004491706881 -1.0088707437117896 0.37575040439695667 -0.32859799529650013 -0.59933769141295645 0.60474233377925657 -0.31068019074328407 1.4662078868018256 0.21276595996485814
leaf_weight=1452 4701 284 1689 84 73 106 245 1209 431 131 166 46 44 44
leaf_count=1452 4701 284 1689 84 73 106 245 1209 431 131 166 46 44 44
internal_value=-2.2318e-05 -0.228969 0.0774474 0.194773 -0.520203 -0.000484676 -0.645956 0.397097 -0.520365 -0.108783 0.437767 0.312059 0.791333 -0.395103
internal_weight=10705 2706 7999 3192 1254 4807 960 1503 715 294 1419 119 210 175
internal_count=10705 2706 7999 3192 1254 4807 960 1503 715 294 1419 119 210 175
is_linear=0
shrinkage=0.05


Tree=23
num_leaves=15
num_cat=0
split_feature=71 84 71 84 69 39 68 70 73 68 84 65 36 7
split_gain=69401.7 49407.9 52201.4 33362.5 22104.7 16357.7 14538.1 13613.9 13221.6 13700.3 13024.6 12638.7 12555.7 13992.9
threshold=1.0000000180025095e-35 87.746388500000009 -3.3625000000000003 42.523274000000008 -1.0000000180025095e-35 50.375000000000007 10.13330921652207 8.2420240502277053 -6.6249999999999991 5.157222302555045 299.97504500000008 4.2706661666666674 23.030078125000003 105.34579400000001
decision_type=2 2 2 2 2 2 2 2 2 2 2 2 2 2
left_child=1 -1 -3 -2 6 -4 7 -5 9 -6 11 -7 -11 -14
right_child=3 2 5 4 8 10 -8 -9 -10 12 -12 -13 13 -15
leaf_value=0.026063079704005856 0.013581267007794537 -0.61248220404756282 0.52668974353207487 0.17468877095394877 0.26796139625535498 -0.17662464896609836 0.80919201346446901 -0.29717433989006919 0.25546345602826764 0.1702239948945741 -0.99434760808944711 0.32995574217797685 1.046490134505762 0.30012245199014975
leaf_weight=3068 2439 776 89 348 275 1848 55 271 941 83 45 131 251 85
leaf_count=3068 2439 776 89 348 275 1848 55 271 941 83 45 131 251 85
internal_value=-2.40076e-05 -0.113675 -0.262028 0.14256 0.278735 -0.133095 0.0377033 -0.0320404 0.378013 0.543572 -0.162353 -0.142942 0.723393 0.859128
internal_weight=10705 5957 2889 4748 2309 2113 674 619 1635 694 2024 1979 419 336
internal_count=10705 5957 2889 4748 2309 2113 674 619 1635 694 2024 1979 419 336
is_linear=0
shrinkage=0.05


Tree=24
num_leaves=15
num_cat=0
split_feature=71 84 67 0 84 83 84 36 73 24 73 49 16 15
split_gain=63007.5 59609.4 23531.3 22204.1 17722.8 18970.3 22759.8 17557.8 16233.8 16198.4 13145.6 10495.5 9795.4 9929.13
threshold=-1.2375000000000005 115.08257700000001 -5.2843796458333339 272.41065350000002 270.38757000000004 241.49687000000003 252.47833200000002 23.030078125000003 -4.6249999999999991 248.07883750000005 14.875000000000002 3.5000000000000004 269.11869150000007 189.18084100000002
decision_type=2 2 2 2 2 2 2 2 2 2 2 2 2 2
left_child=1 -1 10 4 5 -2 -7 -5 -9 -4 12 -10 13 -3
right_child=3 2 9 7 -6 6 -8 8 11 -11 -12 -13 -14 -15
leaf_value=-0.00088699959547832168 0.043001538522306065 -0.33428339311015992 -0.55642235793261663 -0.25692734785283666 -0.31074024282595858 0.47024312512984445 0.012306010534521192 0.8239533719121136 -0.098171090525952548 -0.075905006265150912 -0.85719480534331716 0.8302300212638718 0.29479103185409727 -0.92370932861870425
leaf_weight=2267 5046 246 252 78 297 625 479 233 110 573 315 41 42 101
leaf_count=2267 5046 246 252 78 297 625 479 233 110 573 315 41 42 101
internal_value=-1.42151e-05 -0.16364 -0.40479 0.0898969 0.0658665 0.0841014 0.271746 0.424364 0.563059 -0.223177 -0.616998 0.157715 -0.420796 -0.508007
internal_weight=10705 3796 1529 6909 6447 6150 1104 462 384 825 704 151 389 347
internal_count=10705 3796 1529 6909 6447 6150 1104 462 384 825 704 151 389 347
is_linear=0
shrinkage=0.05


Tree=25
num_leaves=15
num_cat=0
split_feature=71 84 71 84 71 39 84 69 67 83 84 70 62 25
split_gain=57621.8 41114.9 43300.9 28593.3 19061.4 15356.6 14372.4 13578.2 11377.2 12782.1 10361.5 10057.8 9826.32 9480.76
threshold=1.0000000180025095e-35 87.746388500000009 -3.9875000000000003 42.523274000000008 3.9000000000000008 50.375000000000007 299.97504500000008 -1.0000000180025095e-35 1.7345427083333307 246.65161950000001 273.02215500000005 12.286321722767662 250.15921200000003 105.31900164761846
decision_type=2 2 2 2 2 2 2 2 2 2 2 2 2 2
left_child=1 -1 11 -2 7 13 8 -5 9 -7 12 -3 -9 -4
right_child=3 2 5 4 -6 6 -8 10 -10 -11 -12 -13 -14 -15
leaf_value=0.023897015632325332 0.010499392835514957 -0.23514942285418511 -0.01375444453695546 -0.0039414103279995739 0.5460801975851991 -0.2749397524277632 -0.98271793172909661 0.28668284781460179 0.27154538731180849 -0.011386889968948927 -0.3147175807019939 -0.70505331734351195 1.0262730966223048 1.0067123214835705
leaf_weight=3068 2439 149 45 630 454 1197 51 1111 154 747 68 501 46 45
leaf_count=3068 2439 149 45 630 454 1197 51 1111 154 747 68 501 46 45
internal_value=-1.7893e-05 -0.103575 -0.238907 0.129903 0.25597 -0.134478 -0.161352 0.184711 -0.140927 -0.173725 0.281656 -0.597864 0.316948 0.501935
internal_weight=10705 5957 2889 4748 2309 2239 2149 1855 2098 1944 1225 650 1157 90
internal_count=10705 5957 2889 4748 2309 2239 2149 1855 2098 1944 1225 650 1157 90
is_linear=0
shrinkage=0.05


Tree=26
num_leaves=15
num_cat=0
split_feature=71 84 71 84 69 44 68 70 73 51 31 7 84 84
split_gain=52138.8 38391.6 34952.8 21647.6 27282.4 16194.1 14878.8 15725.2 13144.5 25914.3 16738.6 17320.6 12925 12408.8
threshold=-0.21249999999999855 77.844594000000015 -3.9875000000000003 42.523274000000008 -0.12570920833333388 53.031250000000007 11.137614778014253 7.707720604428558 0.37500000000000006 3.5000000000000004 20.162500000000005 98.502104500000016 247.55531450000004 295.90254450000003
decision_type=2 2 2 2 2 2 2 2 2 2 2 2 2 2
left_child=1 -1 -3 -2 6 -4 7 -5 10 -10 -6 -12 -13 -7
right_child=3 2 5 4 8 13 -8 -9 9 -11 11 12 -14 -15
leaf_value=0.01944276155513602 0.009679843280416529 -0.56602076050721306 0.4384555541737154 0.14184891756146736 -0.15222553252027585 -0.15391277324501426 0.84514752835669416 -0.29418883669126822 -0.21883008704889778 0.65219942898977379 0.61252396127734432 0.39959354262756591 -0.10396537679277927 -0.87406140743724769
leaf_weight=2719 2722 652 112 426 129 1749 46 400 264 125 701 416 183 61
leaf_count=2719 2722 652 112 426 129 1749 46 400 264 125 701 416 183 61
internal_value=-1.40559e-05 -0.111583 -0.249944 0.109102 0.209666 -0.142482 -0.0202501 -0.0694078 0.319896 0.0620183 0.390002 0.443884 0.245835 -0.178652
internal_weight=10705 5293 2574 5412 2690 1922 872 826 1818 389 1429 1300 599 1810
internal_count=10705 5293 2574 5412 2690 1922 872 826 1818 389 1429 1300 599 1810
is_linear=0
shrinkage=0.05


Tree=27
num_leaves=15
num_cat=0
split_feature=71 84 84 62 24 49 24 69 84 24 47 73 8 53
split_gain=47566.9 49836.9 20484.5 29345.3 20233.3 15024.4 13253.2 13068.2 19257.9 18890.8 11157.3 11254.5 10659.2 9913.42
threshold=-2.0499999999999985 87.746388500000009 277.88047750000004 233.77775500000001 273.57706450000006 3.5000000000000004 246.78300350000004 11.840655182291668 42.523274000000008 299.02505250000007 77.423177083333357 10.875000000000002 74.40643900000002 -0.81241147629688992
decision_type=2 2 2 2 2 2 2 2 2 2 2 2 2 2
left_child=1 -1 3 7 5 6 -3 -2 -9 13 11 -6 -11 -10
right_child=2 4 -4 -5 10 -7 -8 8 9 12 -12 -13 -14 -15
leaf_value=0.018259323652415792 0.020086110019206703 -0.6709547253449758 -0.41903172794129073 0.50021536228621943 0.62542860204780315 -0.86077797460119909 -0.23059908546445651 0.011795606336106467 0.99852980673313141 0.32652247153543018 -0.43104563188450096 -0.16637895089403099 -0.43053218247969788 0.42983148116433523
leaf_weight=1452 5981 284 215 384 82 245 431 738 95 92 115 97 92 402
leaf_count=1452 5981 284 215 384 82 245 431 738 95 92 115 97 92 402
internal_value=-9.82374e-06 -0.181181 0.061294 0.0746131 -0.411943 -0.522989 -0.406202 0.0524632 0.18882 0.380364 -0.0487995 0.197808 -0.052286 0.540323
internal_weight=10705 2706 7999 7784 1254 960 715 7400 1419 681 294 179 184 497
internal_count=10705 2706 7999 7784 1254 960 715 7400 1419 681 294 179 184 497
is_linear=0
shrinkage=0.05


Tree=28
num_leaves=15
num_cat=0
split_feature=67 84 12 73 47 69 71 84 43 41 68 70 39 30
split_gain=43808.9 38864.8 26430.3 23488.2 14324.3 16912.5 12522.8 23110.8 12208.2 11914.6 10130.4 9903.43 9586.19 9442.52
threshold=-2.4885673333333322 77.844594000000015 252.87840800000001 13.375000000000002 72.596354166666671 -7.7817612447916646 1.8125000000000002 42.523274000000008 45.375000000000007 88.125000000000014 10.496317830151206 14.54420179578752 54.375000000000007 19.712500000000002
decision_type=2 2 2 2 2 2 2 2 2 2 2 2 2 2
left_child=1 -1 6 4 5 -3 -2 -8 -4 10 -10 -6 -7 -5
right_child=2 3 8 13 11 12 7 -9 9 -11 -12 -13 -14 -15
leaf_value=0.016084587990281514 -0.024228461037078021 0.95469684027275958 0.84386005228322558 -0.86458251507875561 -0.16843498954005154 0.33715563572370089 0.0089151965906635686 0.3670826077193366 0.098965392313335676 0.90917345016233397 0.44097506598205566 -0.52253231297036606 -0.50626788137214518 -0.42094569630090073
leaf_weight=1651 4212 52 88 216 615 64 1370 670 768 61 301 291 69 277
leaf_count=1651 4212 52 88 216 615 64 1370 670 768 61 301 291 69 277
internal_value=-1.06341e-05 -0.153685 0.0665522 -0.330535 -0.200788 0.19933 0.0250217 0.126671 0.279533 0.234879 0.195588 -0.282619 -0.100923 -0.616675
internal_weight=10705 3235 7470 1584 1091 185 6252 2040 1218 1130 1069 906 133 493
internal_count=10705 3235 7470 1584 1091 185 6252 2040 1218 1130 1069 906 133 493
is_linear=0
shrinkage=0.05


Tree=29
num_leaves=15
num_cat=0
split_feature=71 84 67 0 36 22 84 62 35 31 73 83 37 54
split_gain=39843.7 39003.3 16458 14854.7 13740.4 14552.6 13472.5 14473.6 12892.7 11190.2 10048.5 10027.6 10553.2 9206.78
threshold=-1.2375000000000005 115.08257700000001 -5.2843796458333339 272.41065350000002 23.030078125000003 148.27345940104172 270.38757000000004 171.35318650000002 19.483333333333338 19.762500000000003 4.1250000000000009 189.35603550000005 56.875000000000007 1.0000000180025095e-35
decision_type=2 2 2 2 2 2 2 2 2 2 2 2 2 2
left_child=1 -1 10 6 -5 11 7 -2 13 -9 -3 12 -6 -4
right_child=3 2 8 4 5 -7 -8 9 -10 -11 -12 -13 -14 -15
leaf_value=0.0015288533097152753 0.040402191662829524 -0.1640004292064341 -0.72710330554679647 -0.25737513552502367 0.76992617709883326 -0.14044281821462173 -0.27651215004297164 -0.3274628581506584 -0.037866559015838415 0.34884993607373971 -0.60828733580218186 1.2513453359170905 0.11920533742554285 -0.13186619493625118
leaf_weight=2267 5458 168 145 78 144 78 297 67 562 625 536 52 110 118
leaf_count=2267 5458 168 145 78 144 78 297 67 562 625 536 52 110 118
internal_value=-3.23774e-06 -0.13012 -0.325186 0.0714953 0.345064 0.467785 0.0518405 0.0677399 -0.173327 0.282991 -0.502647 0.622777 0.489691 -0.46155
internal_weight=10705 3796 1529 6909 462 384 6447 6150 825 692 704 306 254 263
internal_count=10705 3796 1529 6909 462 384 6447 6150 825 692 704 306 254 263
is_linear=0
shrinkage=0.05


Tree=30
num_leaves=15
num_cat=0
split_feature=67 84 12 73 47 69 39 37 71 84 30 70 32 36
split_gain=37045.4 32819.7 22018.3 19738.6 12502.8 14381.6 12742.1 11298.5 10878.4 20754.2 10511.3 9032.1 8670.93 9641.05
threshold=-2.4885673333333322 83.389220000000009 252.87840800000001 13.375000000000002 72.708333333333357 -4.7744969531249994 54.375000000000007 42.875000000000007 1.8125000000000002 42.523274000000008 20.212500000000002 7.248982834895128 19.762500000000003 24.164453125000005
decision_type=2 2 2 2 2 2 2 2 2 2 2 2 2 2
left_child=1 -1 8 4 5 -3 -7 -4 -2 -10 -9 -6 -11 -14
right_child=2 3 7 -5 11 6 -8 10 9 12 -12 -13 13 -15
leaf_value=0.013920945138951025 -0.022603256846815675 0.64210637680565319 0.93114859588381094 -0.56820036503125215 0.029895184387215508 0.23328242453395345 -0.90744536817073829 0.59617937486040296 0.006451125696225378 -0.25197120010852814 0.1604926777269029 -0.34901077327553998 0.62306935242841166 0.22350763356033176
leaf_weight=1659 4212 89 58 489 203 60 40 160 1370 55 1000 695 270 345
leaf_count=1659 4212 89 58 489 203 60 40 160 1370 55 1000 695 270 345
internal_value=-3.72792e-06 -0.141319 0.0612057 -0.30464 -0.18566 0.183234 -0.227476 0.2556 0.0232995 0.11804 0.221049 -0.263418 0.345864 0.399652
internal_weight=10705 3235 7470 1576 1087 189 100 1218 6252 2040 1160 898 670 615
internal_count=10705 3235 7470 1576 1087 189 100 1218 6252 2040 1160 898 670 615
is_linear=0
shrinkage=0.05


Tree=31
num_leaves=15
num_cat=0
split_feature=71 84 71 84 24 71 49 24 80 84 31 31 39 18
split_gain=33641.9 25093.3 24503.7 17468.5 14321.2 13230.1 11720 11627.7 10434.5 10105.7 11638.6 16115.2 12244.1 16288.5
threshold=1.0000000180025095e-35 87.746388500000009 -2.3625000000000003 42.523274000000008 273.57706450000006 3.9875000000000012 3.5000000000000004 246.78300350000004 -0.91037613702198728 278.81235800000007 21.112500000000004 22.437500000000004 52.375000000000007 212.73030441666671
decision_type=2 2 2 2 2 2 2 2 2 2 2 2 2 2
left_child=1 -1 4 -2 6 9 7 -3 -6 10 -5 -12 -13 -14
right_child=3 2 -4 5 8 -7 -8 -9 -10 -11 11 12 13 -15
leaf_value=0.020460011078358552 0.0059474162742129116 -0.59291337894708185 -0.064987996438644585 -0.044600323707826683 0.69112113139459064 0.44082062748692386 -0.75474946480244398 -0.17084287687570235 -0.17086714989871277 -0.45529816185218702 0.53843387051352432 0.85351050602538248 0.13800761446065871 -0.87035070813837523
leaf_weight=3068 2439 279 1723 495 41 450 239 394 213 68 335 55 865 41
leaf_count=3068 2439 279 1723 495 41 450 239 394 213 68 335 55 865 41
internal_value=2.81429e-06 -0.0791246 -0.18485 0.0992745 -0.361763 0.197811 -0.45415 -0.346437 -0.0295627 0.138781 0.161578 0.240301 0.135921 0.0914662
internal_weight=10705 5957 2889 4748 1166 2309 912 673 254 1859 1791 1296 961 906
internal_count=10705 5957 2889 4748 1166 2309 912 673 254 1859 1791 1296 961 906
is_linear=0
shrinkage=0.05


Tree=32
num_leaves=15
num_cat=0
split_feature=67 84 12 73 47 69 58 84 43 30 69 81 30 70
split_gain=31292.9 27523.2 18643.3 17059.6 10547.7 14352.9 11601.4 10192.6 9782.17 10956.2 9781.92 9800.75 8358.71 8283.61
threshold=-2.4885673333333322 83.389220000000009 252.87840800000001 14.875000000000002 72.708333333333357 -7.7817612447916646 -10.038873500000006 267.36735600000003 48.875000000000007 20.012500000000003 -17.644610546874997 -0.8783796973249266 19.712500000000002 14.54420179578752
decision_type=2 2 2 2 2 2 2 2 2 2 2 2 2 2
left_child=1 -1 7 4 5 -3 -7 10 -4 -10 11 -2 -5 -6
right_child=2 3 8 12 13 6 -8 -9 9 -11 -12 -13 -14 -15
leaf_value=0.01228289779365422 -0.76941186206208334 0.83517454287835546 0.59716925584239733 -0.78288015714242842 -0.14003665095177323 -0.81995801387763612 0.17897712974250318 -0.2400016932631843 0.58012375842754538 0.11470140697303832 0.049530369032367953 -0.055345222940317622 -0.34558429202884439 -0.45619989226653068
leaf_weight=1659 71 55 161 198 625 40 99 351 146 911 5685 145 249 310
leaf_count=1659 71 55 161 198 625 40 99 351 146 911 5685 145 249 310
internal_value=6.35685e-07 -0.12988 0.0562573 -0.279443 -0.175657 0.159227 -0.11229 0.0213771 0.235133 0.179476 0.0369623 -0.292526 -0.540601 -0.245236
internal_weight=10705 3235 7470 1576 1129 194 139 6252 1218 1057 5901 216 447 935
internal_count=10705 3235 7470 1576 1129 194 139 6252 1218 1057 5901 216 447 935
is_linear=0
shrinkage=0.05


Tree=33
num_leaves=15
num_cat=0
split_feature=67 84 12 73 47 69 58 37 6 84 84 69 81 70
split_gain=28249.9 24861.1 16835.7 15366 9511 13809 10441 9340.41 9445.01 12473.4 9213.06 8818.06 7785.3 7631.3
threshold=-2.4885673333333322 77.844594000000015 252.87840800000001 14.875000000000002 72.596354166666671 -7.7817612447916646 -10.038873500000006 42.875000000000007 119.30378800000001 273.02215500000005 268.31435900000002 -18.227123838541665 -0.8783796973249266 7.248982834895128
decision_type=2 2 2 2 2 2 2 2 2 2 2 2 2 2
left_child=1 -1 10 4 5 -3 -7 -4 9 -9 11 12 -2 -6
right_child=2 3 7 -5 13 6 -8 8 -10 -11 -12 -13 -14 -15
leaf_value=0.012372979495480441 -0.82899520976363483 0.83281479102593881 0.83761139744419166 -0.51218804174858246 0.038303536288801905 -0.77996005993790751 0.1705237480327107 0.43029327703522074 0.041631886000050314 -0.16722744421435978 -0.23975477434590969 0.044472204957200834 -0.08228080628189044 -0.30621306910936807
leaf_weight=1651 52 53 58 449 205 40 97 505 550 105 322 5775 103 740
leaf_count=1651 52 53 58 449 205 40 97 505 550 105 322 5775 103 740
internal_value=-5.19376e-06 -0.123409 0.0534463 -0.264854 -0.166645 0.155523 -0.110631 0.223429 0.192025 0.327336 0.0203001 0.0344592 -0.3365 -0.231515
internal_weight=10705 3235 7470 1584 1135 190 137 1218 1160 610 6252 5930 155 945
internal_count=10705 3235 7470 1584 1135 190 137 1218 1160 610 6252 5930 155 945
is_linear=0
shrinkage=0.05


Tree=34
num_leaves=15
num_cat=0
split_feature=71 84 58 24 84 68 31 37 31 25 69 70 7 32
split_gain=26034.9 19222.9 18010 20796.5 14959.6 11619.4 10705.9 12410.4 10850.5 11851.8 10103.7 12933.4 9952.92 9405.96
threshold=1.0000000180025095e-35 111.17524400000001 -11.200341999999997 248.07883750000005 42.523274000000008 10.496317830151206 21.062500000000004 47.875000000000007 22.112500000000004 1.3929144003015315 9.8770825520833352 16.669096937163683 108.56920100000001 28.012500000000003
decision_type=2 2 2 2 2 2 2 2 2 2 2 2 2 2
left_child=1 -1 -3 -4 -2 6 10 -8 -9 -10 11 -6 -7 -5
right_child=4 2 3 13 5 12 7 8 9 -11 -12 -13 -14 -15
leaf_value=0.0088703287892789428 0.00095906579427823774 -0.45602084555713784 -0.35776685039515876 -0.047059872623354856 -0.044778947784877191 0.56542015323295236 0.69142917766530287 0.43074185950300725 0.57509145066209899 0.0059729957987778391 0.68102307362215864 -0.91602512420491977 0.072053786621175037 0.42522878855009349
leaf_weight=3378 2439 459 607 1400 456 309 116 268 102 818 41 46 153 113
leaf_count=3378 2439 459 607 1400 456 309 116 268 102 818 41 46 153 113
internal_value=-7.30949e-06 -0.0696163 -0.172382 -0.110786 0.0873227 0.178509 0.122283 0.199918 0.151384 0.0696268 -0.0641805 -0.126277 0.402541 -0.0115289
internal_weight=10705 5957 2579 2120 4748 2309 1847 1304 1188 920 543 502 462 1513
internal_count=10705 5957 2579 2120 4748 2309 1847 1304 1188 920 543 502 462 1513
is_linear=0
shrinkage=0.05


Tree=35
num_leaves=15
num_cat=0
split_feature=67 84 62 32 73 24 68 69 81 84 2 69 47 70
split_gain=23876.9 21144.9 14684.1 14673 14032.4 10998 10404.2 8428.35 17250.2 8377.51 7637.52 7824.48 12194.5 13480
threshold=-2.6006390416666663 87.746388500000009 57.116915499999998 28.012500000000003 14.875000000000002 297.26105400000006 9.8055000003107029 -10.12155789583333 -0.8783796973249266 273.02215500000005 70.579213000000024 -0.66454532812499967 72.596354166666671 13.693501098974814
decision_type=2 2 2 2 2 2 2 2 2 2 2 2 2 2
left_child=1 -1 7 5 10 6 -4 8 -2 -8 -3 12 13 -12
right_child=2 4 3 -5 -6 -7 9 -9 -10 -11 11 -13 -14 -15
leaf_value=0.010527059547412045 -0.78369122298107941 -0.54115064021496651 0.073791069184391864 0.51333031962685582 -0.48408290764384043 -0.30990687161717778 0.50524623376419653 0.029897285161617979 -0.03978976909300528 -0.21874341723766735 -0.055743624323821933 -0.46444248462137872 -0.1360974249633968 0.91619461964047155
leaf_weight=1650 96 112 910 275 443 137 280 5358 397 46 82 132 725 62
leaf_count=1650 96 112 910 275 443 137 280 5358 397 46 82 132 725 62
internal_value=6.92201e-07 -0.114184 0.0488259 0.180612 -0.24635 0.113646 0.160806 0.0116824 -0.18594 0.402732 -0.151377 -0.10727 -0.0525439 0.366162
internal_weight=10705 3206 7499 1648 1556 1373 1236 5851 493 326 1113 1001 869 144
internal_count=10705 3206 7499 1648 1556 1373 1236 5851 493 326 1113 1001 869 144
is_linear=0
shrinkage=0.05


Tree=36
num_leaves=15
num_cat=0
split_feature=84 36 84 49 36 37 24 54 62 84 36 36 47 68
split_gain=22988.3 19639.3 18143.4 16631.2 15687.9 11726.5 11953.7 11346.2 10808 14221.5 9585.8 13241.7 10708.2 9308.3
threshold=292.35207400000007 22.479947916666671 90.300388000000012 4.5000000000000009 18.666666666666668 47.875000000000007 281.04792900000001 1.0000000180025095e-35 194.84212100000005 272.35636400000004 21.826562500000005 20.906380208333335 75.553385416666671 8.8162641392929491
decision_type=2 2 2 2 2 2 2 2 2 2 2 2 2 2
left_child=1 2 -1 4 -4 6 -3 -8 -7 -10 11 -6 -13 -12
right_child=-2 5 3 -5 10 8 7 -9 9 -11 13 12 -14 -15
leaf_value=0.023496918077039623 -0.73267718673033544 0.029669077215496348 -0.57114065486602683 -0.66957128889530715 -0.15884959379213845 0.028119717414908769 0.21981942951104338 1.048269938703241 0.43256620214128461 -0.13781943100594704 -0.33506508334712976 -0.53016305702681443 0.24586514339383847 0.24894879435813883
leaf_weight=2366 105 143 188 158 670 5263 80 86 372 154 510 48 484 78
leaf_count=2366 105 143 188 158 670 5263 80 86 372 154 510 48 484 78
internal_value=-3.9409e-06 0.0073221 -0.0718772 -0.177483 -0.137857 0.0657951 0.36541 0.652724 0.0497422 0.265627 -0.0920563 -0.0110735 0.174984 -0.257303
internal_weight=10705 10600 4502 2136 1978 6098 309 166 5789 526 1790 1202 532 588
internal_count=10705 10600 4502 2136 1978 6098 309 166 5789 526 1790 1202 532 588
is_linear=0
shrinkage=0.05


Tree=37
num_leaves=15
num_cat=0
split_feature=84 67 62 84 84 61 41 9 63 58 16 69 84 84
split_gain=20767.3 17934.9 14684.3 14360.8 12496.9 11783.7 16425.9 13561 11525.7 9458.57 12636.9 6798.3 8831.91 14544.7
threshold=292.35207400000007 -2.4885673333333322 127.13975050000001 77.844594000000015 252.47833200000002 74.012692500000014 82.875000000000014 285.86399050000006 -28.762136250000008 18.444114500000016 277.80985600000002 -1.3059802708333337 42.523274000000008 100.78312150000001
decision_type=2 2 2 2 2 2 2 2 2 2 2 2 2 2
left_child=1 3 11 -1 9 7 -7 8 -5 10 -4 -3 -13 -14
right_child=-2 2 4 5 -6 6 -8 -9 -10 -11 -12 12 13 -15
leaf_value=0.009532777089566756 -0.69638892847974354 -0.070533905680076836 0.38137278988852308 -0.70721347261741374 0.025922140482915187 0.69707493141089405 -0.12113759152525745 0.16901515711476839 -0.27218173821602054 0.078892295557859898 1.1137175658386047 -4.485124575007738e-05 0.377014848704885 0.052896313409717892
leaf_weight=1651 105 1525 318 192 437 72 383 137 736 178 72 3135 472 1292
leaf_count=1651 105 1525 318 192 437 72 383 137 736 178 72 3135 472 1292
internal_value=-7.75356e-06 0.0069554 0.0494458 -0.0925751 0.227072 -0.203416 0.00958253 -0.29434 -0.362853 0.381513 0.519077 0.0216261 0.0503229 0.139786
internal_weight=10705 10600 7429 3171 1005 1520 455 1065 928 568 390 6424 4899 1764
internal_count=10705 10600 7429 3171 1005 1520 455 1065 928 568 390 6424 4899 1764
is_linear=0
shrinkage=0.05


Tree=38
num_leaves=15
num_cat=0
split_feature=84 62 69 84 24 49 37 84 80 83 84 15 83 84
split_gain=19273.5 16608.2 15476.7 13822.3 15313.8 16812 14886.7 11336.4 10362.8 8852.6 16362.6 9132.26 8864.76 9158.41
threshold=282.33339050000006 225.41628950000003 -0.035147567708333632 81.513918500000003 278.84935850000005 3.5000000000000004 51.375000000000007 244.96119200000001 -0.72947329433276253 188.57026100000004 202.25777700000003 216.91513 240.97423950000004 240.93142300000002
decision_type=2 2 2 2 2 2 2 2 2 2 2 2 2 2
left_child=1 2 3 -1 5 8 -6 -3 -5 -4 11 -11 -12 -14
right_child=-2 7 9 4 6 -7 -8 -9 -10 10 12 -13 13 -15
leaf_value=0.012729324017632149 -0.45076617520896661 0.70582059458948865 0.017653165142577861 0.022896761093694262 0.8986048312098891 -0.4944327067801908 0.002293051832529292 0.15779408716374202 -0.24745675519650093 0.29571132619564749 -0.39303816366195682 1.0446246730333024 0.49444265694630585 -0.04002538226172328
leaf_weight=2348 231 116 4040 596 53 426 326 493 873 584 124 43 103 349
leaf_count=2348 231 116 4040 596 53 426 326 493 873 584 124 43 103 349
internal_value=-2.51846e-06 0.00998098 -0.00567408 -0.0723675 -0.1602 -0.218212 0.12967 0.263166 -0.137828 0.0531225 0.172125 0.348654 -0.0203061 0.0825897
internal_weight=10705 10474 9865 4622 2274 1895 379 609 1469 5243 1203 627 576 452
internal_count=10705 10474 9865 4622 2274 1895 379 609 1469 5243 1203 627 576 452
is_linear=0
shrinkage=0.05


Tree=39
num_leaves=15
num_cat=0
split_feature=84 30 61 84 56 22 47 70 71 37 24 54 9 84
split_gain=17517.6 15273.2 12658 12271.4 13143.7 12107.4 11106.8 10652.1 9785.99 8961.85 10493.5 8638.38 7450.13 7086.07
threshold=292.35207400000007 19.812500000000004 62.325764500000027 84.599854500000006 12.126064000000001 135.55219963541671 69.231770833333357 13.92298783925208 4.012500000000002 47.875000000000007 281.04792900000001 1.0000000180025095e-35 250.49878250000003 270.38757000000004
decision_type=2 2 2 2 2 2 2 2 2 2 2 2 2 2
left_child=1 3 9 -1 7 6 -4 -5 -7 10 -3 -12 -11 -9
right_child=-2 2 5 4 -6 8 -8 13 -10 12 11 -13 -14 -15
leaf_value=0.038954158635986058 -0.63957228690807555 -0.0032736288988277976 0.95041676300267375 -0.14048885613468046 0.54946087859922421 0.0017491955972564893 0.27657702109865134 -0.55740933941583248 0.69549414526332509 0.014782492708122465 0.15133111424744131 0.90896624858890263 -0.16276059549960953 -0.019767033769504019
leaf_weight=737 105 169 71 720 52 671 419 336 54 6495 69 83 649 75
leaf_count=737 105 169 71 720 52 671 419 336 54 6495 69 83 649 75
internal_value=7.07367e-06 0.00640226 0.0346322 -0.121172 -0.220879 0.184227 0.375952 -0.256751 0.054308 0.0102629 0.268291 0.568277 -0.00136701 -0.459586
internal_weight=10705 10600 8680 1920 1183 1215 490 1131 725 7465 321 152 7144 411
internal_count=10705 10600 8680 1920 1183 1215 490 1131 725 7465 321 152 7144 411
is_linear=0
shrinkage=0.05


Tree=40
num_leaves=15
num_cat=0
split_feature=67 84 73 24 84 24 32 11 62 26 70 24 36 25
split_gain=16376.8 15148.2 10338.8 10094.3 9633.17 17590.9 10887.1 8641.24 8081.31 7423.72 6873.87 7961.95 7209.69 6813.55
threshold=-3.4530720208333308 87.746388500000009 11.625000000000002 274.65417650000006 42.523274000000008 276.63258750000006 28.012500000000003 257.47373850000002 230.22416750000002 30.575000000000006 19.029793230490885 301.16496950000004 24.944791666666671 104.10919296887657
decision_type=2 2 2 2 2 2 2 2 2 2 2 2 2 2
left_child=1 -1 -3 8 -5 -6 9 -8 13 10 11 -7 -12 -2
right_child=3 2 -4 4 5 6 7 -9 -10 -11 12 -13 -14 -15
leaf_value=0.0075825088314598948 -4.9261767961608546e-05 -0.11103880340783773 -0.38841539426407684 -0.0054623705080992478 1.0147347390163142 0.10141899453656039 0.78578214908639588 0.23548406384101042 0.38942301964312792 -0.56202787969793588 0.6260586890981843 -0.33047209293151103 0.12425375363065137 -0.22497908928395949
leaf_weight=1580 4203 879 544 1128 60 1034 104 227 124 41 119 118 179 365
leaf_count=1580 4203 879 544 1128 60 1034 104 227 124 41 119 118 179 365
internal_value=1.63615e-05 -0.0990055 -0.217276 0.0386327 0.110083 0.179302 0.151249 0.410233 -0.00721747 0.0935188 0.112429 0.0569319 0.326063 -0.0180673
internal_weight=10705 3003 1423 7702 3010 1882 1822 331 4692 1491 1450 1152 298 4568
internal_count=10705 3003 1423 7702 3010 1882 1822 331 4692 1491 1450 1152 298 4568
is_linear=0
shrinkage=0.05


Tree=41
num_leaves=15
num_cat=0
split_feature=84 62 69 84 49 51 80 84 69 11 84 84 9 83
split_gain=15742.6 13841.7 12270.9 10967.4 16379.7 10387 10469.2 9680.99 8054.62 7584.08 7419.99 12272 14974.4 9714.6
threshold=282.33339050000006 225.41628950000003 -0.035147567708333632 104.46489600000001 4.5000000000000009 3.5000000000000004 -0.83146961230254512 244.96119200000001 -14.27211109375 268.68434350000007 42.523274000000008 201.46603650000003 216.91513 188.57026100000004
decision_type=2 2 2 2 2 2 2 2 2 2 2 2 2 2
left_child=1 2 3 9 5 6 -5 -3 -8 -1 -4 13 -13 -12
right_child=-2 7 10 4 -6 -7 8 -9 -10 -11 11 12 -14 -15
leaf_value=-0.0076954108561177841 -0.40736385182766566 0.64923615567704562 -0.0019249476494091712 0.18400759673722597 -0.63520771592670355 -0.26308396617151347 -0.41779105953180073 0.14281681349919545 -0.03854845015668501 0.63331695769695528 0.1007061785365744 0.03051879293811462 -0.80094887162077022 0.38324620884563421
leaf_weight=2531 231 116 3122 411 160 695 182 493 597 46 724 815 57 525
leaf_count=2531 231 116 3122 411 160 695 182 493 597 46 724 815 57 525
internal_value=2.33069e-05 0.0090461 -0.00524571 -0.0646313 -0.151061 -0.109652 -0.0198964 0.240184 -0.127574 0.00398802 0.0471083 0.11925 -0.0246869 0.21968
internal_weight=10705 10474 9865 4622 2045 1885 1190 609 779 2577 5243 2121 872 1249
internal_count=10705 10474 9865 4622 2045 1885 1190 609 779 2577 5243 2121 872 1249
is_linear=0
shrinkage=0.05


end of trees

feature_importances:
consumo_alvo_semana_anterior=136
temperatura_externa_c_diferenca_semana_atual=88
correcao_semanal_media_1440m=45
consumo_max_1440m=44
correcao_semanal_std_1440m=26
correcao_semanal_media_360m=22
umidade_relativa_pct_diferenca_semana_atual=18
tendencia_consumo_360m=15
umidade_relativa_pct_media_1440m=14
correcao_semanal_std_360m=13
umidade_relativa_pct_atual=12
temperatura_externa_c_lag_1440m=11
temperatura_externa_c_media_1440m=11
consumo_alvo_dia_anterior=10
origem_dia_semana=9
consumo_diferenca_dia_atual=9
temperatura_externa_c_lag_720m=8
temperatura_externa_c_lag_360m=7
consumo_atual_kw=6
consumo_lag_720m=6
umidade_relativa_pct_lag_60m=6
consumo_std_1440m=5
umidade_relativa_pct_media_60m=5
consumo_lag_10080m=4
consumo_max_60m=4
consumo_mean_1440m=4
umidade_relativa_pct_lag_1440m=4
origem_semana_sin=4
umidade_relativa_pct_lag_720m=3
origem_mes=3
tendencia_consumo_180m=3
alvo_hora_cos=3
alvo_semana_sin=3
consumo_min_60m=2
consumo_min_180m=2
consumo_max_180m=2
temperatura_externa_c_media_360m=2
umidade_relativa_pct_lag_360m=2
umidade_relativa_pct_media_180m=2
temperatura_externa_c_tendencia_1h=2
consumo_lag_30m=1
consumo_lag_360m=1
consumo_lag_1440m=1
consumo_mean_360m=1
consumo_max_360m=1
temperatura_externa_c_atual=1
umidade_relativa_pct_media_360m=1
origem_hora=1
origem_hora_cos=1
origem_semana_cos=1
consumo_diferenca_semana_atual=1
correcao_semanal_media_60m=1
correcao_semanal_media_180m=1

parameters:
[boosting: gbdt]
[objective: regression]
[metric: l1]
[tree_learner: serial]
[device_type: cpu]
[data_sample_strategy: bagging]
[data: ]
[valid: ]
[num_iterations: 400]
[learning_rate: 0.05]
[num_leaves: 15]
[num_threads: 2]
[seed: 20260905]
[deterministic: 1]
[force_col_wise: 1]
[force_row_wise: 0]
[histogram_pool_size: -1]
[max_depth: -1]
[min_data_in_leaf: 40]
[min_sum_hessian_in_leaf: 0.001]
[bagging_fraction: 1]
[pos_bagging_fraction: 1]
[neg_bagging_fraction: 1]
[bagging_freq: 0]
[bagging_seed: 23218]
[bagging_by_query: 0]
[feature_fraction: 1]
[feature_fraction_bynode: 1]
[feature_fraction_seed: 28090]
[extra_trees: 0]
[extra_seed: 14360]
[early_stopping_round: 0]
[early_stopping_min_delta: 0]
[first_metric_only: 0]
[max_delta_step: 0]
[lambda_l1: 0]
[lambda_l2: 1]
[linear_lambda: 0]
[min_gain_to_split: 0]
[drop_rate: 0.1]
[max_drop: 50]
[skip_drop: 0.5]
[xgboost_dart_mode: 0]
[uniform_drop: 0]
[drop_seed: 16970]
[top_rate: 0.2]
[other_rate: 0.1]
[min_data_per_group: 100]
[max_cat_threshold: 32]
[cat_l2: 10]
[cat_smooth: 10]
[max_cat_to_onehot: 4]
[top_k: 20]
[monotone_constraints: ]
[monotone_constraints_method: basic]
[monotone_penalty: 0]
[feature_contri: ]
[forcedsplits_filename: ]
[refit_decay_rate: 0.9]
[cegb_tradeoff: 1]
[cegb_penalty_split: 0]
[cegb_penalty_feature_lazy: ]
[cegb_penalty_feature_coupled: ]
[path_smooth: 0]
[interaction_constraints: ]
[verbosity: -1]
[saved_feature_importance_type: 0]
[use_quantized_grad: 0]
[num_grad_quant_bins: 4]
[quant_train_renew_leaf: 0]
[stochastic_rounding: 1]
[linear_tree: 0]
[max_bin: 255]
[max_bin_by_feature: ]
[min_data_in_bin: 3]
[bin_construct_sample_cnt: 200000]
[data_random_seed: 5037]
[is_enable_sparse: 1]
[enable_bundle: 1]
[use_missing: 1]
[zero_as_missing: 0]
[feature_pre_filter: 1]
[pre_partition: 0]
[two_round: 0]
[header: 0]
[label_column: ]
[weight_column: ]
[group_column: ]
[ignore_column: ]
[categorical_feature: ]
[forcedbins_filename: ]
[precise_float_parser: 0]
[parser_config_file: ]
[objective_seed: 15411]
[num_class: 1]
[is_unbalance: 0]
[scale_pos_weight: 1]
[sigmoid: 1]
[boost_from_average: 1]
[reg_sqrt: 0]
[alpha: 0.9]
[fair_c: 1]
[poisson_max_delta_step: 0.7]
[tweedie_variance_power: 1.5]
[lambdarank_truncation_level: 30]
[lambdarank_norm: 1]
[label_gain: ]
[lambdarank_position_bias_regularization: 0]
[eval_at: ]
[multi_error_top_k: 1]
[auc_mu_weights: ]
[num_machines: 1]
[local_listen_port: 12400]
[time_out: 120]
[machine_list_filename: ]
[machines: ]
[gpu_platform_id: -1]
[gpu_device_id: -1]
[gpu_device_id_list: ]
[gpu_use_dp: 0]
[num_gpu: 1]

end of parameters

pandas_categorical:[]
