tree
version=v4
num_class=1
num_tree_per_iteration=1
label_index=0
max_feature_idx=84
objective=regression
feature_names=consumo_atual_kw consumo_lag_15m consumo_lag_30m consumo_lag_60m consumo_lag_120m consumo_lag_180m consumo_lag_360m consumo_lag_720m consumo_lag_1440m consumo_lag_10080m consumo_mean_60m consumo_min_60m consumo_max_60m consumo_std_60m consumo_mean_180m consumo_min_180m consumo_max_180m consumo_std_180m consumo_mean_360m consumo_min_360m consumo_max_360m consumo_std_360m consumo_mean_1440m consumo_min_1440m consumo_max_1440m consumo_std_1440m temperatura_externa_c_atual temperatura_externa_c_lag_15m temperatura_externa_c_lag_60m temperatura_externa_c_lag_180m temperatura_externa_c_lag_360m temperatura_externa_c_lag_720m temperatura_externa_c_lag_1440m temperatura_externa_c_media_60m temperatura_externa_c_media_180m temperatura_externa_c_media_360m temperatura_externa_c_media_1440m umidade_relativa_pct_atual umidade_relativa_pct_lag_15m umidade_relativa_pct_lag_60m umidade_relativa_pct_lag_180m umidade_relativa_pct_lag_360m umidade_relativa_pct_lag_720m umidade_relativa_pct_lag_1440m umidade_relativa_pct_media_60m umidade_relativa_pct_media_180m umidade_relativa_pct_media_360m umidade_relativa_pct_media_1440m origem_hora origem_dia_semana origem_fim_de_semana origem_mes origem_hora_sin origem_hora_cos origem_semana_sin origem_semana_cos consumo_diferenca_semana_atual consumo_razao_semana_atual consumo_diferenca_dia_atual tendencia_consumo_15m tendencia_consumo_60m tendencia_consumo_180m tendencia_consumo_360m correcao_semanal_media_60m correcao_semanal_std_60m correcao_semanal_media_180m correcao_semanal_std_180m correcao_semanal_media_360m correcao_semanal_std_360m correcao_semanal_media_1440m correcao_semanal_std_1440m temperatura_externa_c_diferenca_semana_atual temperatura_externa_c_tendencia_1h umidade_relativa_pct_diferenca_semana_atual umidade_relativa_pct_tendencia_1h alvo_hora alvo_dia_semana alvo_fim_de_semana alvo_mes alvo_hora_sin alvo_hora_cos alvo_semana_sin alvo_semana_cos consumo_alvo_dia_anterior consumo_alvo_semana_anterior
feature_infos=[22.399999999999999:324.71375799999998] [22.399999999999999:324.71375799999998] [22.399999999999999:324.71375799999998] [22.399999999999999:324.71375799999998] [22.399999999999999:324.71375799999998] [22.399999999999999:324.71375799999998] [22.399999999999999:324.71375799999998] [22.399999999999999:324.71375799999998] [22.399999999999999:324.71375799999998] [22.399999999999999:324.71375799999998] [22.399999999999999:321.24876725000001] [22.399999999999999:318.278571] [22.399999999999999:324.71375799999998] [0:82.540869055199337] [22.399999999999999:313.28577408333337] [22.399999999999999:302.53573799999998] [22.399999999999999:324.71375799999998] [0:92.970139865692389] [22.399999999999999:295.13563500000004] [22.399999999999999:249.29458700000001] [22.399999999999999:324.71375799999998] [0:116.53386463160022] [23.200000000000003:159.49963871874999] none [25.600000000000001:324.71375799999998] [1.3929144002343703:128.71471884334804] [15:33.700000000000003] [15:33.700000000000003] [15:33.700000000000003] [15:33.700000000000003] [15:33.700000000000003] [15:33.700000000000003] [15:33.700000000000003] [15:33.4375] [15:32.71875] [15.333333333333334:31.620833333333334] [16.439843749999998:27.283072916666669] [31:98] [31:98] [31:98] [31:98] [31:98] [31:98] [31:98] [32.5:95.625] [33.666666666666664:95.083333333333329] [37.041666666666664:94] [59.309895833333336:91.638020833333329] [0:23.75] [0:6] [0:1] [1:4] [-1:1] [-1:1] [-0.97492791218182362:0.97492791218182362] [-0.90096886790241903:1] [-72.635950000000008:77.445233000000002] [0.43630911779503978:2.09406877563422] [-291.363968:296.779246] [-121.30707899999999:153.05878799999999] [-124.27709300000001:153.05878799999999] [-180.63157299999997:268.16051600000003] [-299.363968:299.97924600000005] [-70.384351250000009:75.467424499999993] [0:44.359338508129341] [-67.777903583333341:70.921986416666655] [0:38.631403568061003] [-64.848194500000005:62.415354583333333] [0:37.083675449251288] [-34.945017510416669:27.905951093750001] [0:30.68446053870321] [-12:11.5] [-8:4.8000000000000007] [-49:48] [-30:40] [0:23.75] [0:6] [0:1] [1:4] [-1:1] [-1:1] [-0.97492791218182362:0.97492791218182362] [-0.90096886790241903:1] [22.399999999999999:324.71375799999998] [22.399999999999999:324.71375799999998]
tree_sizes=1427 1436 1432 1435 1430 1437 1434 1429 1441 1435 1437 1442 1435 1446 1444 1434 1438 1429 1440 1439 1444 1438 1441 1450 1440 1446 1438 1450 1439 1439 1444

Tree=0
num_leaves=15
num_cat=0
split_feature=71 84 71 84 71 84 69 84 69 7 58 51 63 65
split_gain=587959 436402 313955 234241 209438 79665.3 79570.4 61475.9 50828.6 46204.8 46152.9 31884.8 31151.4 28056.4
threshold=-1.0000000180025095e-35 102.78047100000002 -2.8499999999999992 42.523274000000008 2.212499999999999 282.33339050000006 -14.779579244791664 287.58038500000004 -0.18351217708333298 122.87923900000001 -8.4936504999999993 3.5000000000000004 23.853794374999996 2.6169231250000067
decision_type=2 2 2 2 2 2 2 2 2 2 2 2 2 2
left_child=1 -1 6 -2 5 8 -3 10 11 -8 -4 -5 -6 -12
right_child=3 2 7 4 12 -7 9 -9 -10 -11 13 -13 -14 -15
leaf_value=-1.0396769737257325 -1.037023693294715 -3.3115400890873303 -2.3042663459223887 -0.71893891366298956 0.081843266242242363 -2.6512426145205197 -2.6532030258137178 -2.9459583291631546 -0.41692780103606908 -1.6079296895705024 -1.4333522518034607 -1.4443043690204695 0.85961089985044659 -0.19082834790312075
leaf_weight=2914 2729 347 153 386 810 51 327 74 890 158 1416 248 156 46
leaf_count=2914 2729 347 153 386 810 51 327 74 890 158 1416 248 156 46
internal_value=-1.09158 -1.45643 -1.93799 -0.71531 -0.369952 -0.725846 -2.73247 -1.54589 -0.660433 -2.31444 -1.48063 -1.00279 0.209333 -1.39367
internal_weight=10705 5435 2521 5270 2541 1575 832 1689 1524 485 1615 634 966 1462
internal_count=10705 5435 2521 5270 2541 1575 832 1689 1524 485 1615 634 966 1462
is_linear=0
shrinkage=1


Tree=1
num_leaves=15
num_cat=0
split_feature=71 84 71 84 71 24 84 84 14 69 58 69 69 22
split_gain=530759 393978 283519 211432 189098 81909.6 72304.7 55443.8 43721.5 39936.8 39099.4 34238.6 31169.9 37398.4
threshold=-1.0000000180025095e-35 102.78047100000002 -2.5124999999999988 42.523274000000008 2.212499999999999 264.18653100000006 277.88047750000004 292.35207400000007 80.489196708333353 -0.18351217708333298 -10.845522500000007 -26.462434338541666 11.840655182291668 136.36143433333336
decision_type=2 2 2 2 2 2 2 2 2 2 2 2 2 2
left_child=1 -1 5 -2 6 11 9 10 -7 -5 -4 -3 13 -6
right_child=3 2 7 4 12 8 -8 -9 -10 -11 -12 -13 -14 -15
leaf_value=0.049311467626389265 0.051832190068650169 -2.4277357994476496 -1.2497669837304526 0.11637313818346534 1.2453451957275223 -0.099627390481327904 -0.98302003468076382 -1.9949028509967732 -1.3611644218762717 0.64621792689959667 -0.27941933267487207 -1.5885596298798124 1.4876820762634881 0.25001295009084668
leaf_weight=2914 2729 172 111 595 280 127 95 52 149 885 1444 466 543 143
leaf_count=2914 2729 172 111 595 280 127 95 52 149 885 1444 466 543 143
internal_value=-2.07386e-05 -0.346671 -0.804222 0.357481 0.685594 -1.50687 0.347422 -0.403896 -0.78313 0.433428 -0.349444 -1.81824 1.23603 0.910245
internal_weight=10705 5435 2521 5270 2541 914 1575 1607 276 1480 1555 638 966 423
internal_count=10705 5435 2521 5270 2541 914 1575 1607 276 1480 1555 638 966 423
is_linear=0
shrinkage=0.05


Tree=2
num_leaves=15
num_cat=0
split_feature=71 84 71 84 71 84 69 84 69 7 58 51 69 22
split_gain=479166 355904 253448 190851 170726 67073.1 65887.7 50675.6 41889.8 38067.2 37716.9 28229.8 28126.5 33761.7
threshold=-1.0000000180025095e-35 104.01284850000002 -2.8499999999999992 42.523274000000008 2.212499999999999 284.32638350000008 -14.779579244791664 287.58038500000004 -0.18351217708333298 122.87923900000001 -8.4936504999999993 3.5000000000000004 11.840655182291668 136.36143433333336
decision_type=2 2 2 2 2 2 2 2 2 2 2 2 2 2
left_child=1 -1 6 -2 5 8 -3 10 11 -8 -4 -5 13 -6
right_child=3 2 7 4 12 -7 9 -9 -10 -11 -12 -13 -14 -15
leaf_value=0.044444964609168885 0.049241532400632518 -2.0099821223609751 -1.0990112133082244 0.34179218528885158 1.1832995437218201 -1.642128476926259 -1.4119593602841622 -1.6852743991216024 0.60526527743306835 -0.45791659242520705 -0.27555191239027382 -0.33606155949088895 1.4134346918915126 0.2375991217998995
leaf_weight=2932 2729 347 153 390 280 41 320 74 892 157 1452 252 543 143
leaf_count=2932 2729 347 153 390 280 41 320 74 892 157 1452 252 543 143
internal_value=-4.83599e-05 -0.32942 -0.767206 0.339634 0.651369 0.330044 -1.48493 -0.414298 0.383791 -1.09956 -0.354685 0.0756099 1.17438 0.864909
internal_weight=10705 5435 2503 5270 2541 1575 824 1679 1534 477 1605 642 966 423
internal_count=10705 5435 2503 5270 2541 1575 824 1679 1534 477 1605 642 966 423
is_linear=0
shrinkage=0.05


Tree=3
num_leaves=15
num_cat=0
split_feature=71 84 71 84 69 24 84 84 14 58 71 22 69 36
split_gain=433242 308287 269776 211200 116374 69144.9 62022.9 45947.5 37772.7 35011.8 31395.2 30511.3 28538.6 26613.6
threshold=1.0000000180025095e-35 101.20536200000002 -2.5124999999999988 42.523274000000008 11.840655182291668 264.18653100000006 292.35207400000007 272.35636400000004 80.489196708333353 -10.845522500000007 3.4000000000000008 148.13106922916668 -26.462434338541666 26.024479166666669
decision_type=2 2 2 2 2 2 2 2 2 2 2 2 2 2
left_child=1 -1 5 -2 7 12 9 10 -7 -4 -5 -6 -3 -13
right_child=3 2 6 4 11 8 -8 -9 -10 -11 -12 13 -14 -15
leaf_value=0.058174266626872598 0.046779168665385742 -2.2030533642604433 -1.1053282148053503 0.44971458708758327 1.4847123244535794 -0.068803109494290624 -1.8401127628179699 -0.51073338912915334 -1.2333922721007291 -0.21120678028577133 1.1868525718197678 0.28151989744961725 -1.4398216828198755 1.2735813221746479
leaf_weight=3127 2552 173 116 1194 454 128 64 112 152 1726 164 128 471 144
leaf_count=3127 2552 173 116 1194 454 128 64 112 152 1726 164 128 471 144
internal_value=-6.9499e-05 -0.284026 -0.662026 0.356177 0.715547 -1.36272 -0.321806 0.45923 -0.703148 -0.268083 0.539543 1.23319 -1.64795 0.80947
internal_weight=10705 5957 2830 4748 2196 924 1906 1470 280 1842 1358 726 644 272
internal_count=10705 5957 2830 4748 2196 924 1906 1470 280 1842 1358 726 644 272
is_linear=0
shrinkage=0.05


Tree=4
num_leaves=15
num_cat=0
split_feature=71 84 71 84 71 24 84 84 69 8 58 56 69 51
split_gain=392471 290889 206805 156462 139248 62203.6 57425.6 41706.9 35834 33378.7 30401.9 26549.6 25892.4 25264
threshold=-1.0000000180025095e-35 104.01284850000002 -2.5124999999999988 42.523274000000008 2.212499999999999 264.18653100000006 282.33339050000006 295.90254450000003 -0.18351217708333298 200.46031700000003 -8.4936504999999993 25.342195999999998 -26.462434338541666 3.5000000000000004
decision_type=2 2 2 2 2 2 2 2 2 2 2 2 2 2
left_child=1 -1 5 -2 6 12 8 10 13 -7 -4 -6 -3 -5
right_child=3 2 7 4 11 9 -8 -9 -10 -11 -12 -13 -14 -15
leaf_value=0.039823063653746119 0.044405315945218335 -2.0976164409880003 -1.0030266594845099 0.3201787913342678 0.94113923333548155 -0.19852202359908894 -1.3352571012882086 -1.8699943997643211 0.5593964224862088 -1.3240157814962525 -0.23750641553742469 1.6433887491081702 -1.3672219128578251 -0.32549025727338704
leaf_weight=2932 2729 172 142 386 802 161 51 43 890 111 1412 164 462 248
leaf_count=2932 2729 172 142 386 802 161 51 43 890 111 1412 164 462 248
internal_value=-8.39145e-05 -0.298173 -0.693958 0.307337 0.589593 -1.29698 0.299398 -0.351257 0.354941 -0.66099 -0.308057 1.06194 -1.56836 0.0674994
internal_weight=10705 5435 2503 5270 2541 906 1575 1597 1524 272 1554 966 634 634
internal_count=10705 5435 2503 5270 2541 906 1575 1597 1524 272 1554 966 634 634
is_linear=0
shrinkage=0.05


Tree=5
num_leaves=15
num_cat=0
split_feature=71 84 71 84 69 24 84 8 84 22 6 30 69 65
split_gain=354746 253214 213903 173011 99141.4 63627.6 51654.8 43160.3 38208.6 26804.9 25965.8 40099.5 25909.9 24682.7
threshold=1.0000000180025095e-35 103.37176100000001 -2.1374999999999988 42.523274000000008 11.840655182291668 264.18653100000006 282.33339050000006 200.46031700000003 272.35636400000004 148.13106922916668 97.995967000000022 21.162500000000005 -26.30091713020833 3.8351150416666648
decision_type=2 2 2 2 2 2 2 2 2 2 2 2 2 2
left_child=1 -1 5 -2 8 12 13 -7 10 -6 11 -5 -3 -4
right_child=3 2 6 4 9 7 -8 -9 -10 -11 -12 -13 -14 -15
leaf_value=0.050062597541585166 0.042221729651741362 -1.9305238764822201 -0.23706986698003846 0.30165297459618656 1.3609593175212433 -0.20522915649094753 -1.3396230658551431 -1.3314252887731015 -0.47353076675033146 0.72837936797421499 0.10174453214221146 0.92841179673207463 -1.2490869166887495 0.82200362667310667
leaf_weight=3156 2552 208 1609 522 454 223 105 137 112 272 335 501 463 56
leaf_count=3156 2552 208 1609 522 454 223 105 137 112 272 335 501 463 56
internal_value=-0.000108724 -0.257057 -0.602995 0.322253 0.647514 -1.17516 -0.269242 -0.63631 0.410948 1.12529 0.484189 0.609206 -1.46288 -0.200977
internal_weight=10705 5957 2801 4748 2196 1031 1770 360 1470 726 1358 1023 671 1665
internal_count=10705 5957 2801 4748 2196 1031 1770 360 1470 726 1358 1023 671 1665
is_linear=0
shrinkage=0.05


Tree=6
num_leaves=15
num_cat=0
split_feature=71 84 71 84 71 24 84 84 31 42 14 58 63 84
split_gain=321363 237416 175014 128215 115943 51142.6 49648.7 35705.8 30299.7 31972 29383.3 26265.8 23989.9 23195.2
threshold=-1.0000000180025095e-35 101.20536200000002 -2.5124999999999988 42.523274000000008 2.212499999999999 264.18653100000006 263.70710200000008 295.90254450000003 21.112500000000004 68.875000000000014 63.00084054166669 -10.845522500000007 23.853794374999996 284.32638350000008
decision_type=2 2 2 2 2 2 2 2 2 2 2 2 2 2
left_child=1 -1 5 -2 6 -3 8 11 -5 -10 -7 -4 -6 -8
right_child=3 2 7 4 12 10 13 -9 9 -11 -12 -13 -14 -15
leaf_value=0.039707745377293366 0.040050131003935258 -1.4163915714344313 -1.0000992678759391 -0.063137566160550843 0.85322545615599621 0.0058939746238737024 -0.14300218405630707 -1.7137780969793146 0.23245436065815023 0.7940622989852999 -1.0325454755985377 -0.21166184002534832 1.5336826970148238 -1.4179108706258594
leaf_weight=2895 2729 644 113 278 810 116 239 43 487 530 164 1460 156 41
leaf_count=2895 2729 644 113 278 810 116 239 43 487 530 164 1460 156 41
internal_value=-0.000114638 -0.269852 -0.622554 0.278066 0.533576 -1.17108 0.26878 -0.308383 0.399282 0.525624 -0.603845 -0.2689 0.964585 -0.334067
internal_weight=10705 5435 2540 5270 2541 924 1575 1616 1295 1017 280 1573 966 280
internal_count=10705 5435 2540 5270 2541 924 1575 1616 1295 1017 280 1573 966 280
is_linear=0
shrinkage=0.05


Tree=7
num_leaves=15
num_cat=0
split_feature=71 84 71 84 69 24 84 84 8 36 24 22 36 63
split_gain=290104 214843 154069 115731 105954 52311 50199.3 32293.4 32052.6 30704.4 35119.3 28146.8 24446.1 23795
threshold=-1.0000000180025095e-35 105.889583 -2.1374999999999988 42.523274000000008 11.840655182291668 257.54432450000007 272.69961450000005 275.36804450000005 200.46031700000003 20.844531250000003 253.84974350000002 148.13106922916668 25.780468750000001 18.554911875000009
decision_type=2 2 2 2 2 2 2 2 2 2 2 2 2 2
left_child=1 -1 5 -2 6 -3 9 -4 -7 -5 -11 -6 -13 -12
right_child=3 2 7 4 11 8 -8 -9 -10 10 13 12 -14 -15
leaf_value=0.031710224503087109 0.038048357074950641 -1.3925835028172486 -0.18584334699637362 -0.28324158909963443 1.250590852273864 -0.36777880967639548 -0.59504670262336734 -0.91530329896960161 -1.2669263577301231 0.90430681877328078 0.24575347942643444 0.080958471146802755 1.0036955745233966 1.0390261297042553
leaf_weight=2954 2729 566 1296 159 457 300 144 171 148 326 1057 123 172 103
leaf_count=2954 2729 566 1296 159 457 300 144 171 148 326 1057 123 172 103
internal_value=-0.000125253 -0.256408 -0.599331 0.26418 0.506933 -1.07297 0.297304 -0.271438 -0.666979 0.375732 0.446385 1.00458 0.620534 0.317025
internal_weight=10705 5435 2481 5270 2541 1014 1789 1467 448 1645 1486 752 295 1160
internal_count=10705 5435 2481 5270 2541 1014 1789 1467 448 1645 1486 752 295 1160
is_linear=0
shrinkage=0.05


Tree=8
num_leaves=15
num_cat=0
split_feature=71 84 71 84 69 24 84 8 84 46 69 71 47 25
split_gain=262564 188871 157545 128148 76234.1 49175.2 40538.4 33183.6 28091.4 22905.3 22328.9 21954.4 21908.3 21409.3
threshold=1.0000000180025095e-35 104.01284850000002 -2.1374999999999988 42.523274000000008 11.840655182291668 264.18653100000006 282.33339050000006 200.46031700000003 272.35636400000004 82.848958333333357 -13.065936541666668 3.4000000000000008 81.669270833333357 1.392914400275197
decision_type=2 2 2 2 2 2 2 2 2 2 2 2 2 2
left_child=1 -1 5 -2 8 10 9 -7 11 -4 12 13 -3 -5
right_child=3 2 6 4 -6 7 -8 -9 -10 -11 -12 -13 -14 -15
leaf_value=0.04326318308589857 0.036208076053071019 -1.8380607712111285 0.048578596250577408 1.0344532272603253 0.9760925208491259 -0.16309959775036467 -1.1829695703286045 -1.1549522295594217 -0.40866795347723289 -0.32863841852436598 -0.94244821075090146 0.95368168358549932 -1.0277342573125312 0.2728481795577562
leaf_weight=3165 2552 226 681 100 726 223 105 135 112 982 300 164 140 1094
leaf_count=3165 2552 226 681 100 726 223 105 135 112 982 300 164 140 1094
internal_value=-0.000120917 -0.221178 -0.520856 0.277213 0.557144 -1.01408 -0.234774 -0.539298 0.349712 -0.174231 -1.26811 0.412514 -1.53174 0.337446
internal_weight=10705 5957 2792 4748 2196 1024 1768 358 1470 1663 666 1358 366 1194
internal_count=10705 5957 2792 4748 2196 1024 1768 358 1470 1663 666 1358 366 1194
is_linear=0
shrinkage=0.05


Tree=9
num_leaves=15
num_cat=0
split_feature=71 84 71 84 71 84 69 69 22 24 57 84 58 73
split_gain=238039 197921 95687.1 70483.9 121288 50588.4 38134.9 31313.4 28597.6 27425.9 25994.4 25171.4 24976 32374.5
threshold=-0.9875000000000006 100.45845300000002 -2.8499999999999992 42.523274000000008 1.6374999999999995 258.94589250000007 -14.779579244791664 11.840655182291668 136.36143433333336 281.72766850000005 0.96993317078688457 295.90254450000003 -1.7172850000000037 3.8750000000000004
decision_type=2 2 2 2 2 2 2 2 2 2 2 2 2 2
left_child=1 -1 6 -2 5 9 -3 8 -6 -5 -11 -7 13 -4
right_child=3 2 12 4 7 11 -8 -9 -10 10 -12 -13 -14 -15
leaf_value=0.030522995428814939 0.034295916362550798 -1.4411613675681028 0.091788994598744525 0.1102825078921619 0.75206143484400245 -0.23974013967555952 -0.75565947484858231 0.99519157207578424 0.076345528501458482 0.23412087931442011 1.0551015827344374 -1.5419185719838957 -0.25017165048735607 -1.2279233899492867
leaf_weight=2457 3090 351 66 937 422 399 491 624 249 212 177 40 1035 155
leaf_count=2457 3090 351 66 937 422 399 491 624 249 212 177 40 1035 155
internal_value=-0.000132064 -0.274063 -0.630613 0.202767 0.372822 0.103061 -1.04279 0.740126 0.501798 0.257062 0.609425 -0.361624 -0.353687 -0.835163
internal_weight=10705 4555 2098 6150 3060 1765 842 1295 671 1326 389 439 1256 221
internal_count=10705 4555 2098 6150 3060 1765 842 1295 671 1326 389 439 1256 221
is_linear=0
shrinkage=0.05


Tree=10
num_leaves=15
num_cat=0
split_feature=71 84 71 84 71 24 84 20 84 24 70 36 73 57
split_gain=215339 158829 113540 86040.5 78249.7 41038.8 36649.2 29005.2 25795.4 24793 34708.4 28252.7 28108.3 25167.4
threshold=-1.0000000180025095e-35 105.889583 -2.1374999999999988 42.523274000000008 2.212499999999999 264.18653100000006 284.32638350000008 196.34908100000004 275.36804450000005 281.04792900000001 7.8207851708806606 20.844531250000003 -8.8749999999999982 0.96993317078688457
decision_type=2 2 2 2 2 2 2 2 2 2 2 2 2 2
left_child=1 -1 5 -2 6 -3 9 -7 -4 10 11 -5 -13 -11
right_child=3 2 8 4 -6 7 -8 -9 -10 13 -12 12 -14 -15
leaf_value=0.026790377834335907 0.032599857437523298 -1.1543115555442207 -0.15781285240895274 -0.30096447854370312 0.79097127074215878 0.030839046095648123 -1.2383555974279132 -0.88288753061513214 -0.80974467206789658 0.22644819273422523 -0.26953805059645169 -0.17949383187816184 0.70266983534895189 0.93313702950620103
leaf_weight=2954 2729 662 1296 137 966 154 41 198 171 282 370 116 401 228
leaf_count=2954 2729 662 1296 137 966 154 41 198 171 282 370 116 401 228
internal_value=-0.00013516 -0.220938 -0.515787 0.227579 0.436889 -0.922387 0.219355 -0.484177 -0.234305 0.259097 0.117015 0.335785 0.504773 0.543588
internal_weight=10705 5435 2481 5270 2541 1014 1575 352 1467 1534 1024 654 517 510
internal_count=10705 5435 2481 5270 2541 1014 1575 352 1467 1534 1024 654 517 510
is_linear=0
shrinkage=0.05


Tree=11
num_leaves=15
num_cat=0
split_feature=71 84 71 84 71 84 24 58 69 22 24 57 73 45
split_gain=195225 162409 80660.7 57846.9 98964.3 45035.3 30061.3 30725.9 25702 29162.5 25668.9 24092.4 23529.7 22194.9
threshold=-0.9875000000000006 99.767267000000018 -3.7624999999999988 42.523274000000008 1.7624999999999995 258.94589250000007 243.11060200000003 -1.1141225000000075 11.840655182291668 136.36143433333336 281.72766850000005 0.96993317078688457 8.8750000000000018 81.677083333333357
decision_type=2 2 2 2 2 2 2 2 2 2 2 2 2 2
left_child=1 -1 -3 -2 5 10 -4 12 9 -6 -5 -12 -8 -7
right_child=3 2 6 4 8 13 7 -9 -10 -11 11 -13 -14 -15
leaf_value=0.028428276845209946 0.030986134012283076 -1.136236388090345 -0.83849612124782957 0.10381740309919725 0.71599996108233332 0.15360536505378064 -0.32906347515281315 -0.16296015387071891 0.91213848590608149 0.010338505531077638 0.21289652243496909 0.98288946830923318 -1.2264766667147771 -0.58609541397478615
leaf_weight=2451 3090 484 315 963 396 154 160 1010 613 232 216 192 135 294
leaf_count=2451 3090 484 315 963 396 154 160 1010 613 232 216 192 135 294
internal_value=-0.000138908 -0.248215 -0.570343 0.183609 0.337668 0.102685 -0.400677 -0.294435 0.681734 0.455741 0.244881 0.576763 -0.7425 -0.332047
internal_weight=10705 4555 2104 6150 3060 1819 1620 1305 1241 628 1371 408 295 448
internal_count=10705 4555 2104 6150 3060 1819 1620 1305 1241 628 1371 408 295 448
is_linear=0
shrinkage=0.05


Tree=12
num_leaves=15
num_cat=0
split_feature=71 84 22 84 71 84 58 36 47 56 24 58 73 84
split_gain=176242 146624 73934.5 52221.3 89329 40658.5 35429.7 29304.7 29120.7 24756.8 23180.7 22053.6 21698.5 20787.6
threshold=-0.9875000000000006 100.45845300000002 125.64656252604168 42.523274000000008 1.7624999999999995 258.94589250000007 -1.1141225000000075 23.609114583333334 78.256510416666671 24.524234499999981 281.72766850000005 0.55402850000000126 4.3750000000000009 295.90254450000003
decision_type=2 2 2 2 2 2 2 2 2 2 2 2 2 2
left_child=1 -1 7 -2 5 10 12 8 -3 -6 -5 -12 -4 -7
right_child=3 2 6 4 9 13 -8 -9 -10 -11 11 -13 -14 -15
leaf_value=0.026316189402494611 0.029437328731886432 -1.4787159822739575 -0.10031937603717266 0.09863191786909542 0.55208590850096939 -0.20709328903750604 -0.1802680896864049 -0.12785650631903034 -0.78353447300519363 1.1742824066155835 0.33375198113783616 1.1815469084289469 -1.0004017498697066 -1.3891541440312456
leaf_weight=2457 3090 262 91 963 1052 408 1031 94 365 189 306 102 255 40
leaf_count=2457 3090 262 91 963 1052 408 1031 94 365 189 306 102 255 40
internal_value=-0.000137232 -0.235844 -0.54273 0.174449 0.320825 0.0975747 -0.327554 -0.952662 -1.07592 0.647713 0.232684 0.548071 -0.764646 -0.315493
internal_weight=10705 4555 2098 6150 3060 1819 1377 721 627 1241 1371 408 346 448
internal_count=10705 4555 2098 6150 3060 1819 1377 721 627 1241 1371 408 346 448
is_linear=0
shrinkage=0.05


Tree=13
num_leaves=15
num_cat=0
split_feature=71 84 71 84 69 69 84 83 24 30 84 22 36 24
split_gain=159746 116564 96075.8 78101.5 48925.5 34324.2 29237.8 21560.6 21525.5 23934.3 21778.3 19262.3 18583.8 18312.1
threshold=1.0000000180025095e-35 104.01284850000002 -2.1374999999999988 42.523274000000008 11.840655182291668 -26.30091713020833 270.38757000000004 255.57108200000002 253.43744300000003 19.487500000000004 260.0556155000001 148.13106922916668 26.024479166666669 278.11863750000003
decision_type=2 2 2 2 2 2 2 2 2 2 2 2 2 2
left_child=1 -1 5 -2 8 -3 13 -7 9 -5 -10 -6 -13 -4
right_child=3 2 6 4 11 7 -8 -9 10 -11 -12 12 -14 -15
leaf_value=0.035178677918242106 0.028034913208360449 -1.3662644927011154 -0.19678059523081062 -0.18872209947164123 0.96972019814200461 -0.74150713853969286 -0.60516798353239676 0.041792249959884308 0.26814718306917884 0.81257093781670486 -0.2903155959477382 -0.0038352880424769352 0.82280042872346693 0.20216238946939386
leaf_weight=3165 2552 208 1037 75 454 716 334 100 894 285 216 128 144 397
leaf_count=3165 2552 208 1037 75 454 716 334 100 894 285 216 128 144 397
internal_value=-0.000139109 -0.172565 -0.407991 0.216183 0.43472 -0.79316 -0.184584 -0.645581 0.268556 0.604023 0.15931 0.770336 0.435206 -0.0862701
internal_weight=10705 5957 2792 4748 2196 1024 1768 816 1470 360 1110 726 272 1434
internal_count=10705 5957 2792 4748 2196 1024 1768 816 1470 360 1110 726 272 1434
is_linear=0
shrinkage=0.05


Tree=14
num_leaves=15
num_cat=0
split_feature=71 84 71 84 71 84 83 69 56 51 70 58 76 73
split_gain=144990 120061 61384 43084.7 72955.8 33033.4 23976.5 23197.5 22208.2 21542.4 18430.5 17560.7 20933.5 19779
threshold=-0.9875000000000006 99.767267000000018 -3.7624999999999988 42.523274000000008 1.6374999999999995 284.32638350000008 105.86520100000001 -1.3059802708333337 24.524234499999981 3.5000000000000004 15.169894325524382 -0.65915800000000491 4.5000000000000009 8.8750000000000018
decision_type=2 2 2 2 2 2 2 2 2 2 2 2 2 2
left_child=1 -1 -3 -2 5 7 -4 9 -6 10 -5 13 -13 -8
right_child=3 2 6 4 8 -7 11 -9 -10 -11 -12 12 -14 -15
leaf_value=0.023933953087515586 0.026502477182168784 -0.98454365709009251 -0.6812514690244853 0.39072456489006679 0.4893645066995288 -1.0156461444316489 -0.21433038460760337 0.27427577511624718 1.0749566864124769 -0.42097681791290342 -0.35059786198139192 -0.04508269787505801 -0.75372753716817431 -1.0830847457243964
leaf_weight=2451 3090 484 395 254 1105 65 152 1025 190 297 124 840 118 115
leaf_count=2451 3090 484 395 254 1105 65 152 1025 190 297 124 840 118 115
internal_value=-0.000133144 -0.213923 -0.490887 0.158219 0.291175 0.0819554 -0.342883 0.124495 0.576045 -0.103019 0.147256 -0.23331 -0.133064 -0.591158
internal_weight=10705 4555 2104 6150 3060 1765 1620 1700 1295 675 378 1225 958 267
internal_count=10705 4555 2104 6150 3060 1765 1620 1700 1295 675 378 1225 958 267
is_linear=0
shrinkage=0.05


Tree=15
num_leaves=15
num_cat=0
split_feature=71 84 71 84 69 24 70 63 36 36 20 45 84 22
split_gain=130924 96795 69758.2 52436.9 52109.1 30274.2 28993.2 31886.2 26606.2 22142.7 21102.7 20065 19870.2 19749.2
threshold=-1.0000000180025095e-35 105.07400350000002 -2.1374999999999988 42.523274000000008 11.840655182291668 264.18653100000006 8.2420240502277053 4.6262223749999984 24.531770833333336 20.844531250000003 196.34908100000004 78.635416666666671 292.35207400000007 148.13106922916668
decision_type=2 2 2 2 2 2 2 2 2 2 2 2 2 2
left_child=1 -1 5 -2 6 -3 8 -8 9 -5 -7 -11 -4 -6
right_child=3 2 12 4 13 10 7 -9 -10 11 -12 -13 -14 -15
leaf_value=0.02187116642640119 0.02520136586966969 -0.91962748399428562 -0.14829678136073834 -0.2905429646021862 0.89559520367110013 0.09176841272154633 -0.26253334609555629 0.48447131583881053 1.4392945183648003 0.04270213441824882 -0.68412759787037014 0.55252510794548715 -1.1934716918367021 0.36905506876158856
leaf_weight=2943 2729 662 1429 137 457 155 512 197 53 283 200 607 46 295
leaf_count=2943 2729 662 1429 137 457 155 512 197 53 283 200 607 46 295
internal_value=-0.000141758 -0.17231 -0.40155 0.177416 0.340818 -0.719948 0.193819 -0.0545835 0.35679 0.29958 -0.34605 0.390643 -0.181679 0.689805
internal_weight=10705 5435 2492 5270 2541 1017 1789 709 1080 1027 355 890 1475 752
internal_count=10705 5435 2492 5270 2541 1017 1789 709 1080 1027 355 890 1475 752
is_linear=0
shrinkage=0.05


Tree=16
num_leaves=15
num_cat=0
split_feature=71 84 35 84 84 71 69 65 69 51 36 36 57 47
split_gain=119035 98541.1 52163.7 35438.7 51731.9 54540 29687.4 23170 20910.2 24359.3 19450.5 30731.9 17930.8 16517.8
threshold=-0.9875000000000006 99.767267000000018 19.946354166666669 275.02512300000006 42.523274000000008 2.1625000000000001 -10.293456088541664 -3.8802609583333334 -1.3059802708333337 3.5000000000000004 18.395963541666671 21.329817708333337 1.1217152843747329 81.669270833333357
decision_type=2 2 2 2 2 2 2 2 2 2 2 2 2 2
left_child=1 -1 6 4 -2 8 13 -4 9 -6 -8 -12 -7 -3
right_child=3 2 7 -5 5 12 10 -9 -10 -11 11 -13 -14 -15
leaf_value=0.021644629914994197 0.023937568166367024 -1.3314942980601694 -0.53734600082841211 -0.49986979782768048 0.1898177847328143 0.53872348962701222 -1.322562907913984 -0.084627090339541008 0.29457094735505562 -0.40275202119955794 0.002325716242194176 -0.89201097785483441 1.1514688305950291 -0.65726227197650966
leaf_weight=2451 3090 236 429 206 435 793 58 826 1198 287 245 157 141 153
leaf_count=2451 3090 236 429 206 435 793 58 826 1198 287 245 157 141 153
internal_value=-0.000132689 -0.193844 -0.444762 0.143348 0.16572 0.319164 -0.74727 -0.239686 0.166558 -0.0459641 -0.473746 -0.348302 0.632358 -1.06867
internal_weight=10705 4555 2104 6150 5944 2854 849 1255 1920 722 460 402 934 389
internal_count=10705 4555 2104 6150 5944 2854 849 1255 1920 722 460 402 934 389
is_linear=0
shrinkage=0.05


Tree=17
num_leaves=15
num_cat=0
split_feature=71 84 71 84 69 69 84 31 65 46 70 16 36 44
split_gain=107535 79984.6 63766.5 52656.8 36051.1 27186.4 23645.8 18482.1 17378.2 17408.9 17122.3 25770.9 22766.1 16346
threshold=1.0000000180025095e-35 105.889583 -2.0499999999999985 42.523274000000008 11.840655182291668 -26.462434338541666 295.90254450000003 18.012500000000003 3.8351150416666648 82.848958333333357 8.1012924249459495 266.38679650000006 24.497135416666669 77.406250000000014
decision_type=2 2 2 2 2 2 2 2 2 2 2 2 2 2
left_child=1 -1 5 -2 10 -3 8 -7 9 -4 12 -12 13 -5
right_child=3 2 6 4 -6 7 -8 -9 -10 -11 11 -13 -14 -15
leaf_value=0.029146554026496879 0.022853126242914436 -1.2227232954233369 0.050442343582708674 -0.038080618327694542 0.64486522264266199 -1.4224583552100443 -1.2362614504536804 -0.47218641779506987 0.74445457941453375 -0.28309009933353646 -0.13708295313916635 0.6884412992874096 1.3357145956584386 0.44808663868835308
leaf_weight=3188 2552 172 646 255 726 54 48 804 55 990 510 115 55 535
leaf_count=3188 2552 172 646 255 726 54 48 804 55 990 510 115 55 535
internal_value=-0.000142427 -0.141612 -0.338148 0.177342 0.356783 -0.649735 -0.15333 -0.53358 -0.121877 -0.151439 0.214164 0.0156706 0.360787 0.291309
internal_weight=10705 5957 2769 4748 2196 1030 1739 858 1691 1636 1470 625 845 790
internal_count=10705 5957 2769 4748 2196 1030 1739 858 1691 1636 1470 625 845 790
is_linear=0
shrinkage=0.05


Tree=18
num_leaves=15
num_cat=0
split_feature=71 84 35 84 84 69 51 69 56 83 25 24 84 36
split_gain=97958.3 80670.2 43654.8 30696 43022.8 45732.2 27401.4 25057.2 24014.2 21241 21542.7 34711.1 18345 16627.6
threshold=-0.9875000000000006 99.767267000000018 19.946354166666669 275.02512300000006 42.523274000000008 -0.12570920833333388 3.5000000000000004 -10.293456088541664 29.05797699999999 196.93279500000003 108.78301200260144 278.11863750000003 96.401743500000009 18.395963541666671
decision_type=2 2 2 2 2 2 2 2 2 2 2 2 2 2
left_child=1 -1 7 4 -2 6 -6 -3 12 -4 11 -11 -7 -9
right_child=3 2 9 -5 5 8 -8 13 -10 10 -12 -13 -14 -15
leaf_value=0.019106106374368718 0.021544020886908686 -0.97489386544109158 -0.43621431228418805 -0.46860744656976944 0.21669528576655914 0.73944425075112485 -0.33683509775518261 -1.2131165407471738 1.0679034248696291 -0.13460967356717665 -0.62223831197110624 0.75275654297224004 0.30917743307986911 -0.31241442272116066
leaf_weight=2451 3090 389 582 206 589 298 359 58 137 400 122 151 1471 402
leaf_count=2451 3090 389 582 206 589 298 359 58 137 400 122 151 1471 402
internal_value=-0.000139265 -0.175866 -0.402895 0.13002 0.150842 0.290775 0.00694371 -0.67963 0.431869 -0.215293 -0.0238795 0.109494 0.382036 -0.428366
internal_weight=10705 4555 2104 6150 5944 2854 948 849 1906 1255 673 551 1769 460
internal_count=10705 4555 2104 6150 5944 2854 948 849 1906 1255 673 551 1769 460
is_linear=0
shrinkage=0.05


Tree=19
num_leaves=15
num_cat=0
split_feature=71 84 71 84 69 69 84 31 70 16 36 65 46 37
split_gain=88652.5 66026.2 53172.4 43476.5 30918.9 22433.8 20960.5 15646.8 15348.6 21784.8 20452.8 14981.6 15101.6 14832.3
threshold=1.0000000180025095e-35 107.33202100000001 -2.0499999999999985 42.523274000000008 11.840655182291668 -26.462434338541666 292.35207400000007 18.012500000000003 8.0129088345045254 266.38679650000006 24.497135416666669 5.0940865416666625 82.848958333333357 77.875000000000014
decision_type=2 2 2 2 2 2 2 2 2 2 2 2 2 2
left_child=1 -1 5 -2 8 -3 11 -7 10 -10 13 12 -4 -5
right_child=3 2 6 4 -6 7 -8 -9 9 -11 -12 -13 -14 -15
leaf_value=0.025200955914058267 0.020634138476741209 -1.1151901403431259 0.057705246537448712 -0.037364027293315581 0.59084736018196937 -1.3220770443947811 -1.0658850074319517 -0.43206738676759704 -0.13652591602185568 0.61449666219849552 1.255445923975536 0.80381527414376086 -0.2541172517962994 0.42096734917624135
leaf_weight=3214 2552 172 640 267 726 52 58 793 511 118 55 43 985 519
leaf_count=3214 2552 172 640 267 726 52 58 793 511 118 55 43 985 519
internal_value=-0.000138712 -0.128588 -0.308728 0.161011 0.324062 -0.595343 -0.1396 -0.488335 0.191991 0.0051172 0.331585 -0.106772 -0.131347 0.265425
internal_weight=10705 5957 2743 4748 2196 1017 1726 845 1470 629 841 1668 1625 786
internal_count=10705 5957 2743 4748 2196 1017 1726 845 1470 629 841 1668 1625 786
is_linear=0
shrinkage=0.05


Tree=20
num_leaves=15
num_cat=0
split_feature=71 84 35 84 84 71 69 65 31 42 47 36 36 36
split_gain=80620.1 66250.3 39242.2 26553.6 36210.4 39801.3 22796.9 19201.1 17665.8 33579.7 23030.7 25881.5 15962.5 25845.8
threshold=-0.9875000000000006 86.770001500000021 19.946354166666669 274.29007000000007 42.523274000000008 2.1625000000000001 -10.293456088541664 -3.8802609583333334 21.012500000000003 68.875000000000014 70.903645833333357 24.424479166666671 21.329817708333337 18.395963541666671
decision_type=2 2 2 2 2 2 2 2 2 2 2 2 2 2
left_child=1 -1 6 4 -2 8 -3 -4 -6 -10 -11 -12 13 -8
right_child=3 2 7 -5 5 -7 12 -9 9 10 11 -13 -14 -15
leaf_value=0.024924883534206028 0.019396050472989975 -0.89722151677171247 -0.44420394761886117 -0.42280850390389085 -0.15593924493615643 0.5347905093352846 -1.119896029631297 -0.044937706913967396 -0.022913079403893633 0.98051586813808234 0.43037866686918697 -0.55767629550690268 -0.79468430964358205 0.028836375046809193
leaf_weight=2353 3090 395 462 218 407 930 59 862 747 160 523 75 158 266
leaf_count=2353 3090 395 462 218 407 930 59 862 747 160 523 75 158 266
internal_value=-0.000134457 -0.159553 -0.356603 0.117946 0.137886 0.266664 -0.615642 -0.184489 0.136035 0.215046 0.449273 0.305735 -0.383986 -0.182498
internal_weight=10705 4555 2202 6150 5932 2842 878 1324 1912 1505 758 598 483 325
internal_count=10705 4555 2202 6150 5932 2842 878 1324 1912 1505 758 598 483 325
is_linear=0
shrinkage=0.05


Tree=21
num_leaves=15
num_cat=0
split_feature=71 84 35 84 84 69 51 69 25 24 47 7 56 84
split_gain=72783 59815.6 35440.3 24476 28279.6 37372.6 21474 20567.2 18100.6 44157.4 22720.7 21249 17867.1 17195.6
threshold=-0.9875000000000006 86.770001500000021 19.946354166666669 282.33339050000006 42.523274000000008 -0.12570920833333388 3.5000000000000004 -10.293456088541664 109.2624300420939 278.11863750000003 78.904947916666671 174.11692250000002 29.05797699999999 96.401743500000009
decision_type=2 2 2 2 2 2 2 2 2 2 2 2 2 2
left_child=1 -1 7 4 -2 6 -6 -3 9 -4 11 -11 13 -7
right_child=3 2 8 -5 5 12 -8 -9 -10 10 -12 -13 -14 -15
leaf_value=0.023679167645158108 0.018426562380015523 -0.85247372010478173 -0.27585529708060613 -0.69746660121979764 0.17403411541725533 0.66591712350436927 -0.29686095357345338 -0.36498157346182436 -0.72178318611181835 1.6820446816145205 -0.094309874959625645 0.43172680167657024 0.89853138232396723 0.25060510529014984
leaf_weight=2353 3090 395 924 91 610 298 400 483 135 50 110 105 143 1518
leaf_count=2353 3090 395 924 91 610 298 400 483 135 50 110 105 143 1518
internal_value=-0.000139135 -0.151611 -0.338847 0.112055 0.124326 0.234498 -0.0125681 -0.585018 -0.175283 -0.112678 0.455184 0.843252 0.36182 0.319086
internal_weight=10705 4555 2202 6150 6059 2969 1010 878 1324 1189 265 155 1959 1816
internal_count=10705 4555 2202 6150 6059 2969 1010 878 1324 1189 265 155 1959 1816
is_linear=0
shrinkage=0.05


Tree=22
num_leaves=15
num_cat=0
split_feature=71 84 71 84 69 84 83 70 16 36 69 47 22 36
split_gain=66331.9 49794.1 39701.8 32598.8 25541.2 18671.6 18646.3 13837 17826.5 17763.7 13745.1 15386.8 13408.6 15087
threshold=1.0000000180025095e-35 107.33202100000001 -2.1374999999999988 42.523274000000008 11.840655182291668 269.42642150000006 255.09913100000003 8.0129088345045254 266.38679650000006 24.497135416666669 -13.746666145833332 81.669270833333357 148.13106922916668 26.024479166666669
decision_type=2 2 2 2 2 2 2 2 2 2 2 2 2 2
left_child=1 -1 6 -2 7 -4 10 9 -9 -5 11 -3 -6 -14
right_child=3 2 5 4 12 -7 -8 8 -10 -11 -12 -13 13 -15
leaf_value=0.022316780214257318 0.017712445904402654 -1.0532919904878062 -0.039680359958380124 0.23134102730513606 0.68909504990124115 -0.44354937247663656 0.12115023222218441 -0.14506531048318722 0.53431191352986485 1.1538877308368682 -0.41818029494162046 -0.39936207972466947 -0.15050433267687643 0.59338714159768202
leaf_weight=3214 2552 247 1382 786 454 360 102 511 118 55 508 144 128 144
leaf_count=3214 2552 247 1382 786 454 360 102 511 118 55 508 144 128 144
internal_value=-0.00012825 -0.111237 -0.267674 0.139267 0.280454 -0.12335 -0.518462 0.16043 -0.0169688 0.292973 -0.591086 -0.814092 0.522922 0.244052
internal_weight=10705 5957 2743 4748 2196 1742 1001 1470 629 841 899 391 726 272
internal_count=10705 5957 2743 4748 2196 1742 1001 1470 629 841 899 391 726 272
is_linear=0
shrinkage=0.05


Tree=23
num_leaves=15
num_cat=0
split_feature=71 84 71 84 84 69 24 25 47 51 7 54 51 84
split_gain=59929.8 48837.4 30459.2 21289.7 23743.3 31393.8 19192.5 36032.5 22125.5 18892.4 18228.7 17688.2 23089.7 16274.6
threshold=-0.93749999999999989 86.770001500000021 -3.7624999999999988 282.33339050000006 42.523274000000008 -0.12570920833333388 278.11863750000003 109.2624300420939 78.904947916666671 3.5000000000000004 174.11692250000002 1.0000000180025095e-35 1.5000000000000002 249.14793600000004
decision_type=2 2 2 2 2 2 2 2 2 2 2 2 2 2
left_child=1 -1 -3 4 -2 9 11 8 10 -6 -8 12 -4 -7
right_child=3 2 6 -5 5 13 7 -9 -10 -11 -12 -13 -14 -15
leaf_value=0.021359502457924128 0.016582090631465801 -0.65064651500170811 0.073120061758645757 -0.65277055815348162 0.1631277368243611 0.41414591336360113 1.5822506628036501 -0.64072630007400133 -0.056499821964083922 -0.28090717779561619 0.41612864291330554 -0.14197896335840007 -0.69215938904641883 0.079213586588550211
leaf_weight=2362 3081 495 128 91 603 1471 49 121 150 396 105 746 425 482
leaf_count=2362 3081 495 128 91 603 1471 49 121 150 396 105 746 425 482
internal_value=-0.000118505 -0.136886 -0.305263 0.102195 0.113689 0.214999 -0.205776 0.0857326 0.376035 -0.012991 0.794982 -0.301143 -0.515212 0.331568
internal_weight=10705 4581 2219 6124 6033 2952 1724 425 304 999 154 1299 553 1953
internal_count=10705 4581 2219 6124 6033 2952 1724 425 304 999 154 1299 553 1953
is_linear=0
shrinkage=0.05


Tree=24
num_leaves=15
num_cat=0
split_feature=71 84 71 84 69 69 84 58 45 31 70 36 63 44
split_gain=54673.9 41126.5 31285.7 26910.7 22038.5 16268.1 16019.6 13040 12834 12402 12212.9 16139.6 15806.8 12868.5
threshold=1.0000000180025095e-35 105.07400350000002 -2.0499999999999985 42.523274000000008 11.840655182291668 -26.462434338541666 295.90254450000003 -11.200341999999997 82.989583333333357 18.012500000000003 8.0129088345045254 24.497135416666669 4.6262223749999984 77.406250000000014
decision_type=2 2 2 2 2 2 2 2 2 2 2 2 2 2
left_child=1 -1 5 -2 10 -3 7 -4 -9 -7 11 13 -12 -5
right_child=3 2 6 4 -6 9 -8 8 -10 -11 12 -13 -14 -15
leaf_value=0.021953017001008327 0.015998390273771423 -0.9025616185685803 -0.65579837623395421 -0.085260715100016052 0.47994513978933129 -1.0975638662685048 -1.0037049075170439 0.12134969838895633 -0.16739680781104777 -0.31990616227454616 -0.19198475805146639 1.0883215546607972 0.34806259356079822 0.34780565677680708
leaf_weight=3176 2552 172 94 252 726 54 48 637 969 807 433 55 196 534
leaf_count=3176 2552 172 94 252 726 54 48 637 969 807 433 55 196 534
internal_value=-0.000114214 -0.100988 -0.241348 0.12644 0.254719 -0.459375 -0.112313 -0.0865695 -0.0528648 -0.369896 0.143235 0.267757 -0.0234175 0.209028
internal_weight=10705 5957 2781 4748 2196 1033 1748 1700 1606 861 1470 841 629 786
internal_count=10705 5957 2781 4748 2196 1033 1748 1700 1606 861 1470 841 629 786
is_linear=0
shrinkage=0.05


Tree=25
num_leaves=15
num_cat=0
split_feature=71 84 71 84 69 83 84 22 81 47 33 17 36 69
split_gain=49368.2 37138.3 28253.8 24296.5 19887.5 15410.3 15040.2 12033.6 13744.5 23443.1 22276.3 16493.2 13560.4 12012.4
threshold=1.0000000180025095e-35 105.07400350000002 -2.1374999999999988 42.523274000000008 11.840655182291668 255.09913100000003 269.76935550000002 148.13106922916668 0.87837969732492682 68.669270833333357 23.043750000000006 1.5496245184389131e-05 26.024479166666669 -13.746666145833332
decision_type=2 2 2 2 2 2 2 2 2 2 2 2 2 2
left_child=1 -1 5 -2 -5 13 -4 8 9 -6 -10 -11 -9 -3
right_child=3 2 6 4 7 -7 -8 12 10 11 -12 -13 -14 -15
leaf_value=0.020855711369787255 0.015198783934279793 -0.71461469245577414 -0.035746419955545811 0.13612404233644027 1.3643163987493094 0.13338591453887277 -0.40223693953223932 -0.18181325380885327 0.76264573227275501 -0.12079768694268976 -0.60696658339627374 0.78291186882345476 0.52326480545232013 -0.34681210114167454
leaf_weight=3176 2552 391 1416 1470 112 105 348 128 65 76 53 148 144 521
leaf_count=3176 2552 391 1416 1470 112 105 348 128 65 76 53 148 144 521
internal_value=-0.000117847 -0.0959719 -0.229353 0.120139 0.242028 -0.439122 -0.108234 0.455981 0.61336 0.776024 0.14755 0.477122 0.192013 -0.505109
internal_weight=10705 5957 2781 4748 2196 1017 1764 726 454 336 118 224 272 912
internal_count=10705 5957 2781 4748 2196 1017 1764 726 454 336 118 224 272 912
is_linear=0
shrinkage=0.05


Tree=26
num_leaves=15
num_cat=0
split_feature=71 84 24 25 49 30 47 84 84 36 6 7 71 58
split_gain=44944.7 36702.6 25066.6 37220.7 23931.2 21786 20093.4 18494.6 21706 26001.2 21902.6 17353.1 14338.7 16030.8
threshold=-0.9875000000000006 86.770001500000021 278.11863750000003 109.2624300420939 3.5000000000000004 16.862500000000004 78.904947916666671 273.02215500000005 42.523274000000008 22.658854166666671 93.886427500000011 174.11692250000002 1.6374999999999995 174.30699950000002
decision_type=2 2 2 2 2 2 2 2 2 2 2 2 2 2
left_child=1 -1 4 6 5 -3 11 8 -2 -10 12 -4 13 -11
right_child=7 2 3 -5 -6 -7 -8 -9 9 10 -12 -13 -14 -15
leaf_value=0.018173299255063197 0.014090188821661399 -0.96990649907125359 1.5321366715664959 -0.61759089267648326 -0.70717811250853335 -0.19987568539431266 -0.034857535926857967 -0.33949276487507818 -0.0080438612042938572 0.33678026952363171 0.091898199449426371 0.40200249794343457 0.60815064702079535 -0.65920677185058596
leaf_weight=2353 3090 98 50 135 370 1293 151 242 944 503 699 105 629 43
leaf_count=2353 3090 98 50 135 370 1293 151 242 944 503 699 105 629 43
internal_value=-0.000105744 -0.119136 -0.265802 0.0711777 -0.350183 -0.254784 0.376068 0.0880589 0.105627 0.205958 0.313704 0.774046 0.445465 0.25728
internal_weight=10705 4555 2202 441 1761 1391 306 6150 5908 2818 1874 155 1175 546
internal_count=10705 4555 2202 441 1761 1391 306 6150 5908 2818 1874 155 1175 546
is_linear=0
shrinkage=0.05


Tree=27
num_leaves=15
num_cat=0
split_feature=71 84 71 84 56 58 84 31 73 58 83 65 62 47
split_gain=40587.2 30606.2 23612.5 19995.9 17210.4 15403.1 16845.7 15017.9 13792.6 22279 13145.1 12078 11519.4 12864.4
threshold=1.0000000180025095e-35 105.07400350000002 -2.1374999999999988 42.523274000000008 24.524234499999981 24.977233000000002 252.47833200000002 21.212500000000002 0.37500000000000006 -0.8425244999999818 257.68170650000008 1.9409688749999991 -71.834160999999995 71.428385416666671
decision_type=2 2 2 2 2 2 2 2 2 2 2 2 2 2
left_child=1 -1 10 -2 5 6 7 -5 -4 -10 -3 -11 -9 -14
right_child=3 2 8 4 -6 -7 -8 12 9 11 -12 -13 13 -15
leaf_value=0.019041703844036667 0.013734910173412402 -0.45447446915566875 0.090572513767169419 -0.14334330938053794 0.65945961638353767 -0.3370715254849761 -0.040787904374608046 0.17697129995157623 -0.73661903237183413 -0.15138405858772636 0.18973040700215718 0.63200796865499942 0.73285117142189016 0.30383319757154936
leaf_weight=3176 2552 931 628 166 201 136 485 494 165 920 86 51 311 403
leaf_count=3176 2552 931 628 166 201 136 485 494 165 920 86 51 311 403
internal_value=-0.000102945 -0.0870153 -0.208099 0.108936 0.219513 0.174879 0.212493 0.301862 -0.0973762 -0.201266 -0.399866 -0.10963 0.363109 0.491466
internal_weight=10705 5957 2781 4748 2196 1995 1859 1374 1764 1136 1017 971 1208 714
internal_count=10705 5957 2781 4748 2196 1995 1859 1374 1764 1136 1017 971 1208 714
is_linear=0
shrinkage=0.05


Tree=28
num_leaves=15
num_cat=0
split_feature=35 84 84 69 67 84 84 57 36 36 84 47 36 47
split_gain=36985.5 27905.3 24621.4 21706.1 20553.8 20467.8 20226.3 17989.7 17583.2 23215.8 12976.3 12040.9 11805 11298.8
threshold=19.946354166666669 90.348270500000027 299.97504500000008 -10.466263937499997 -2.4885673333333322 42.523274000000008 270.38757000000004 1.1217152843747329 21.329817708333337 20.748177083333335 79.680672500000014 81.669270833333357 18.395963541666671 79.941406250000014
decision_type=2 2 2 2 2 2 2 2 2 2 2 2 2 2
left_child=1 -1 4 11 -2 -6 7 10 9 12 -7 -3 -5 -14
right_child=2 3 -4 8 5 6 -8 -9 -10 -11 -12 -13 13 -15
leaf_value=0.044192890913109295 -0.071706827254965896 -0.86415305251086305 -1.0297586605233968 -0.8904331227143607 0.012365417065618944 0.85483729102477235 -0.1244668596755687 0.7415439854652166 -0.56518214343212037 0.46195477903444576 0.19034800296662766 -0.30445114633102727 -0.34751860988434918 0.20184584946224562
leaf_weight=767 2439 241 52 59 3226 75 426 171 231 160 2302 162 243 151
leaf_count=767 2439 241 52 59 3226 75 426 171 231 160 2302 162 243 151
internal_value=-9.334e-05 -0.193101 0.0446501 -0.338973 0.0512356 0.0996034 0.194197 0.247503 -0.194423 -0.054015 0.211665 -0.640472 -0.236872 -0.136997
internal_weight=10705 2014 8691 1247 8639 6200 2974 2548 844 613 2377 403 453 394
internal_count=10705 2014 8691 1247 8639 6200 2974 2548 844 613 2377 403 453 394
is_linear=0
shrinkage=0.05


Tree=29
num_leaves=15
num_cat=0
split_feature=71 84 71 84 69 84 83 70 36 16 35 28 51 22
split_gain=33656.9 26224 19819.1 16489.9 15238.9 12372.8 11992.7 11176.3 13384.9 12992.3 11450.4 15727.9 11943 10712.8
threshold=1.0000000180025095e-35 107.33202100000001 -2.0499999999999985 42.523274000000008 11.840655182291668 292.35207400000007 255.09913100000003 8.0129088345045254 24.497135416666669 266.38679650000006 18.688541666666669 22.437500000000004 2.5000000000000004 148.13106922916668
decision_type=2 2 2 2 2 2 2 2 2 2 2 2 2 2
left_child=1 -1 6 -2 7 -4 -3 8 10 -9 -5 12 -12 -6
right_child=3 2 5 4 13 -7 -8 9 -10 -11 11 -13 -14 -15
leaf_value=0.017678649597431925 0.012744622332905959 -0.42810826506332522 -0.064300077134791328 -0.54505932216460884 0.53534493234950109 -0.80114669345193001 0.11939702132568422 -0.1617624844699094 0.97323735058307648 0.41825144997163988 0.7367470968284725 -0.10779526225168044 0.21229339924858448 0.13805387323592608
leaf_weight=3214 2552 905 1668 51 454 58 112 511 55 118 161 241 333 272
leaf_count=3214 2552 905 1668 51 454 58 112 511 55 118 161 241 333 272
internal_value=-9.65691e-05 -0.0792417 -0.192769 0.0991973 0.199614 -0.0895104 -0.367755 0.106921 0.226046 -0.0524611 0.172591 0.223061 0.384362 0.386892
internal_weight=10705 5957 2743 4748 2196 1726 1017 1470 841 629 786 735 494 726
internal_count=10705 5957 2743 4748 2196 1726 1017 1470 841 629 786 735 494 726
is_linear=0
shrinkage=0.05


Tree=30
num_leaves=15
num_cat=0
split_feature=84 35 84 69 67 84 84 57 84 70 70 36 36 36
split_gain=31619.5 29937.5 21651.2 20623.6 17388 17393.3 17507.6 16013.1 11826.9 12118.8 20299.5 11744.4 15878 12721
threshold=299.97504500000008 19.946354166666669 90.348270500000027 -10.466263937499997 -2.4885673333333322 42.523274000000008 272.07054550000004 1.1217152843747329 95.689753500000009 8.0129088345045254 8.9434632000208651 18.395963541666671 21.44947916666667 20.748177083333335
decision_type=2 2 2 2 2 2 2 2 2 2 2 2 2 2
left_child=1 2 -1 -4 -3 -6 7 8 -7 -10 -11 -5 13 -13
right_child=-2 4 3 11 5 6 -8 -9 9 10 -12 12 -14 -15
leaf_value=0.041124245993948233 -1.1081273532472551 -0.066118486317458619 -0.59017619759269846 -0.82857676744461062 0.011028273813230245 0.47136815676892907 -0.14387693190593828 0.68781702439675385 0.28541750832906226 -0.52965868348459699 0.11691061133666464 -0.12289310713616919 -0.47707004021619259 0.3892119964687154
leaf_weight=767 63 2439 403 59 3226 325 368 173 907 136 1065 394 206 174
leaf_count=767 63 2439 403 59 3226 325 368 173 907 136 1065 394 206 174
internal_value=-8.68111e-05 0.00657622 -0.167538 -0.296952 0.0469603 0.0914476 0.178648 0.22423 0.190998 0.147569 0.043314 -0.154555 -0.102173 0.0343925
internal_weight=10705 10642 2003 1236 8639 6200 2974 2606 2433 2108 1201 833 774 568
internal_count=10705 10642 2003 1236 8639 6200 2974 2606 2433 2108 1201 833 774 568
is_linear=0
shrinkage=0.05


end of trees

feature_importances:
consumo_alvo_semana_anterior=114
temperatura_externa_c_diferenca_semana_atual=67
correcao_semanal_media_1440m=45
temperatura_externa_c_media_1440m=28
consumo_max_1440m=21
consumo_diferenca_dia_atual=15
consumo_mean_1440m=13
umidade_relativa_pct_media_1440m=12
origem_mes=10
correcao_semanal_std_1440m=10
temperatura_externa_c_media_360m=7
correcao_semanal_media_180m=7
consumo_alvo_dia_anterior=7
temperatura_externa_c_lag_720m=6
consumo_diferenca_semana_atual=6
consumo_razao_semana_atual=6
umidade_relativa_pct_diferenca_semana_atual=6
consumo_lag_720m=5
consumo_std_1440m=5
correcao_semanal_media_60m=5
consumo_lag_1440m=4
consumo_max_180m=4
consumo_mean_180m=3
temperatura_externa_c_lag_360m=3
umidade_relativa_pct_media_180m=3
umidade_relativa_pct_media_360m=3
consumo_lag_360m=2
consumo_max_360m=2
umidade_relativa_pct_lag_720m=2
umidade_relativa_pct_media_60m=2
correcao_semanal_media_360m=2
consumo_std_180m=1
temperatura_externa_c_lag_60m=1
temperatura_externa_c_media_60m=1
umidade_relativa_pct_atual=1
origem_dia_semana=1
origem_semana_sin=1
tendencia_consumo_360m=1
alvo_dia_semana=1
alvo_semana_sin=1

parameters:
[boosting: gbdt]
[objective: regression]
[metric: l1]
[tree_learner: serial]
[device_type: cpu]
[data_sample_strategy: bagging]
[data: ]
[valid: ]
[num_iterations: 400]
[learning_rate: 0.05]
[num_leaves: 15]
[num_threads: 2]
[seed: 20260905]
[deterministic: 1]
[force_col_wise: 1]
[force_row_wise: 0]
[histogram_pool_size: -1]
[max_depth: -1]
[min_data_in_leaf: 40]
[min_sum_hessian_in_leaf: 0.001]
[bagging_fraction: 1]
[pos_bagging_fraction: 1]
[neg_bagging_fraction: 1]
[bagging_freq: 0]
[bagging_seed: 23218]
[bagging_by_query: 0]
[feature_fraction: 1]
[feature_fraction_bynode: 1]
[feature_fraction_seed: 28090]
[extra_trees: 0]
[extra_seed: 14360]
[early_stopping_round: 0]
[early_stopping_min_delta: 0]
[first_metric_only: 0]
[max_delta_step: 0]
[lambda_l1: 0]
[lambda_l2: 1]
[linear_lambda: 0]
[min_gain_to_split: 0]
[drop_rate: 0.1]
[max_drop: 50]
[skip_drop: 0.5]
[xgboost_dart_mode: 0]
[uniform_drop: 0]
[drop_seed: 16970]
[top_rate: 0.2]
[other_rate: 0.1]
[min_data_per_group: 100]
[max_cat_threshold: 32]
[cat_l2: 10]
[cat_smooth: 10]
[max_cat_to_onehot: 4]
[top_k: 20]
[monotone_constraints: ]
[monotone_constraints_method: basic]
[monotone_penalty: 0]
[feature_contri: ]
[forcedsplits_filename: ]
[refit_decay_rate: 0.9]
[cegb_tradeoff: 1]
[cegb_penalty_split: 0]
[cegb_penalty_feature_lazy: ]
[cegb_penalty_feature_coupled: ]
[path_smooth: 0]
[interaction_constraints: ]
[verbosity: -1]
[saved_feature_importance_type: 0]
[use_quantized_grad: 0]
[num_grad_quant_bins: 4]
[quant_train_renew_leaf: 0]
[stochastic_rounding: 1]
[linear_tree: 0]
[max_bin: 255]
[max_bin_by_feature: ]
[min_data_in_bin: 3]
[bin_construct_sample_cnt: 200000]
[data_random_seed: 5037]
[is_enable_sparse: 1]
[enable_bundle: 1]
[use_missing: 1]
[zero_as_missing: 0]
[feature_pre_filter: 1]
[pre_partition: 0]
[two_round: 0]
[header: 0]
[label_column: ]
[weight_column: ]
[group_column: ]
[ignore_column: ]
[categorical_feature: ]
[forcedbins_filename: ]
[precise_float_parser: 0]
[parser_config_file: ]
[objective_seed: 15411]
[num_class: 1]
[is_unbalance: 0]
[scale_pos_weight: 1]
[sigmoid: 1]
[boost_from_average: 1]
[reg_sqrt: 0]
[alpha: 0.9]
[fair_c: 1]
[poisson_max_delta_step: 0.7]
[tweedie_variance_power: 1.5]
[lambdarank_truncation_level: 30]
[lambdarank_norm: 1]
[label_gain: ]
[lambdarank_position_bias_regularization: 0]
[eval_at: ]
[multi_error_top_k: 1]
[auc_mu_weights: ]
[num_machines: 1]
[local_listen_port: 12400]
[time_out: 120]
[machine_list_filename: ]
[machines: ]
[gpu_platform_id: -1]
[gpu_device_id: -1]
[gpu_device_id_list: ]
[gpu_use_dp: 0]
[num_gpu: 1]

end of parameters

pandas_categorical:[]
