tree
version=v4
num_class=1
num_tree_per_iteration=1
label_index=0
max_feature_idx=84
objective=regression
feature_names=consumo_atual_kw consumo_lag_15m consumo_lag_30m consumo_lag_60m consumo_lag_120m consumo_lag_180m consumo_lag_360m consumo_lag_720m consumo_lag_1440m consumo_lag_10080m consumo_mean_60m consumo_min_60m consumo_max_60m consumo_std_60m consumo_mean_180m consumo_min_180m consumo_max_180m consumo_std_180m consumo_mean_360m consumo_min_360m consumo_max_360m consumo_std_360m consumo_mean_1440m consumo_min_1440m consumo_max_1440m consumo_std_1440m temperatura_externa_c_atual temperatura_externa_c_lag_15m temperatura_externa_c_lag_60m temperatura_externa_c_lag_180m temperatura_externa_c_lag_360m temperatura_externa_c_lag_720m temperatura_externa_c_lag_1440m temperatura_externa_c_media_60m temperatura_externa_c_media_180m temperatura_externa_c_media_360m temperatura_externa_c_media_1440m umidade_relativa_pct_atual umidade_relativa_pct_lag_15m umidade_relativa_pct_lag_60m umidade_relativa_pct_lag_180m umidade_relativa_pct_lag_360m umidade_relativa_pct_lag_720m umidade_relativa_pct_lag_1440m umidade_relativa_pct_media_60m umidade_relativa_pct_media_180m umidade_relativa_pct_media_360m umidade_relativa_pct_media_1440m origem_hora origem_dia_semana origem_fim_de_semana origem_mes origem_hora_sin origem_hora_cos origem_semana_sin origem_semana_cos consumo_diferenca_semana_atual consumo_razao_semana_atual consumo_diferenca_dia_atual tendencia_consumo_15m tendencia_consumo_60m tendencia_consumo_180m tendencia_consumo_360m correcao_semanal_media_60m correcao_semanal_std_60m correcao_semanal_media_180m correcao_semanal_std_180m correcao_semanal_media_360m correcao_semanal_std_360m correcao_semanal_media_1440m correcao_semanal_std_1440m temperatura_externa_c_diferenca_semana_atual temperatura_externa_c_tendencia_1h umidade_relativa_pct_diferenca_semana_atual umidade_relativa_pct_tendencia_1h alvo_hora alvo_dia_semana alvo_fim_de_semana alvo_mes alvo_hora_sin alvo_hora_cos alvo_semana_sin alvo_semana_cos consumo_alvo_dia_anterior consumo_alvo_semana_anterior
feature_infos=[22.399999999999999:324.71375799999998] [22.399999999999999:324.71375799999998] [22.399999999999999:324.71375799999998] [22.399999999999999:324.71375799999998] [22.399999999999999:324.71375799999998] [22.399999999999999:324.71375799999998] [22.399999999999999:324.71375799999998] [22.399999999999999:324.71375799999998] [22.399999999999999:324.71375799999998] [22.399999999999999:324.71375799999998] [22.399999999999999:321.24876725000001] [22.399999999999999:318.278571] [22.399999999999999:324.71375799999998] [0:82.540869055199337] [22.399999999999999:313.28577408333337] [22.399999999999999:302.53573799999998] [22.399999999999999:324.71375799999998] [0:92.970139865692389] [22.399999999999999:295.13563500000004] [22.399999999999999:249.29458700000001] [22.399999999999999:324.71375799999998] [0:116.53386463160022] [23.200000000000003:159.49963871874999] none [25.600000000000001:324.71375799999998] [1.3929144002343703:128.71471884334804] [15:33.700000000000003] [15:33.700000000000003] [15:33.700000000000003] [15:33.700000000000003] [15:33.700000000000003] [15:33.700000000000003] [15:33.700000000000003] [15:33.4375] [15:32.71875] [15.333333333333334:31.620833333333334] [16.439843749999998:27.283072916666669] [31:98] [31:98] [31:98] [31:98] [31:98] [31:98] [31:98] [32.5:95.625] [33.666666666666664:95.083333333333329] [37.041666666666664:94] [59.309895833333336:91.638020833333329] [0:23.75] [0:6] [0:1] [1:4] [-1:1] [-1:1] [-0.97492791218182362:0.97492791218182362] [-0.90096886790241903:1] [-72.635950000000008:77.445233000000002] [0.43630911779503978:2.09406877563422] [-291.363968:296.779246] [-121.30707899999999:153.05878799999999] [-124.27709300000001:153.05878799999999] [-180.63157299999997:268.16051600000003] [-299.363968:299.97924600000005] [-70.384351250000009:75.467424499999993] [0:44.359338508129341] [-67.777903583333341:70.921986416666655] [0:38.631403568061003] [-64.848194500000005:62.415354583333333] [0:37.083675449251288] [-34.945017510416669:27.905951093750001] [0:30.68446053870321] [-12:11.5] [-8:4.8000000000000007] [-49:48] [-30:40] [0:23.75] [0:6] [0:1] [1:4] [-1:1] [-1:1] [-0.97492791218182362:0.97492791218182362] [-0.90096886790241903:1] [22.399999999999999:324.71375799999998] [22.399999999999999:324.71375799999998]
tree_sizes=1422 1437 1435 1433 1421 1435 1431 1436 1425 1444 1435 1446 1452 1437 1441 1452 1435 1445 1445 1463 1449 1435 1432 1452 1449 1444 1453 1435 1437 1442 1448 1450 1446 1448 1447 1445 1437 1440 1440 1447

Tree=0
num_leaves=15
num_cat=0
split_feature=71 84 71 84 69 24 84 84 6 30 58 12 69 63
split_gain=579538 406993 315815 284398 152703 108104 90024.2 50348.7 35192.8 53741.3 35133.4 34804 33929.8 27556.6
threshold=1.0000000180025095e-35 103.26667750000001 -2.8499999999999992 42.523274000000008 11.26756466666667 264.18653100000006 287.58038500000004 272.35636400000004 97.995967000000022 21.062500000000004 -10.845522500000007 121.14967050000001 -26.30091713020833 3.0074183749999972
decision_type=2 2 2 2 2 2 2 2 2 2 2 2 2 2
left_child=1 -1 5 -2 7 12 10 8 9 -5 -4 -7 -3 -12
right_child=3 2 6 4 -6 11 -8 -9 -10 -11 13 -13 -14 -15
leaf_value=-1.0560238119588963 -1.0648983578432296 -3.576550562318531 -2.2963916484548053 -0.75776631833989472 0.30086198483535842 -1.1816052823768408 -3.0763611154629533 -1.5824762915561283 -0.89024003903732174 0.0094995436379146092 -1.4504900605039523 -2.5410063482881542 -2.7721078129231786 -0.2100371828544445
leaf_weight=3126 2572 204 121 411 730 124 91 116 403 516 1761 75 410 45
leaf_count=3126 2572 204 121 411 730 124 91 116 403 516 1761 75 410 45
internal_value=-1.12092 -1.44934 -1.88351 -0.708895 -0.288324 -2.71497 -1.54792 -0.586546 -0.499402 -0.329922 -1.47476 -1.69848 -3.04294 -1.41909
internal_weight=10705 5957 2831 4748 2176 813 2018 1446 1330 927 1927 199 614 1806
internal_count=10705 5957 2831 4748 2176 813 2018 1446 1330 927 1927 199 614 1806
is_linear=0
shrinkage=1


Tree=1
num_leaves=15
num_cat=0
split_feature=71 84 71 84 69 24 84 84 51 69 58 12 69 63
split_gain=523176 367446 285167 256712 137832 97558.2 81358.8 45462.9 33995.7 34828.3 31745.9 31454.9 30654.4 24912.1
threshold=1.0000000180025095e-35 103.26667750000001 -2.8499999999999992 42.523274000000008 11.26756466666667 264.18653100000006 287.58038500000004 272.35636400000004 3.5000000000000004 -0.18351217708333298 -10.845522500000007 121.14967050000001 -26.30091713020833 3.0074183749999972
decision_type=2 2 2 2 2 2 2 2 2 2 2 2 2 2
left_child=1 -1 5 -2 7 12 10 8 -5 -10 -4 -7 -3 -12
right_child=3 2 6 4 -6 11 -8 -9 9 -11 13 -13 -14 -15
leaf_value=0.061654993527407158 0.053224224873752946 -2.3334454080535147 -1.1171772273104699 0.74176326105784518 1.3507927381990301 -0.057672712466120726 -1.8587291738261347 -0.43867314335627433 -0.38142842578367808 0.61694678815835413 -0.31309832248217151 -1.3500136794620439 -1.5688267359727599 0.86633135784498383
leaf_weight=3126 2572 204 121 979 730 124 91 116 158 193 1761 75 410 45
leaf_count=3126 2572 204 121 979 730 124 91 116 158 193 1761 75 410 45
internal_value=-2.48974e-05 -0.312065 -0.724605 0.391455 0.79103 -1.51469 -0.405709 0.507701 0.59051 0.167729 -0.336164 -0.549051 -1.82625 -0.283247
internal_weight=10705 5957 2831 4748 2176 813 2018 1446 1330 351 1927 199 614 1806
internal_count=10705 5957 2831 4748 2176 813 2018 1446 1330 351 1927 199 614 1806
is_linear=0
shrinkage=0.05


Tree=2
num_leaves=15
num_cat=0
split_feature=71 84 71 84 71 24 84 84 84 30 58 12 69 52
split_gain=473323 347886 230436 193123 161119 87474.7 82234.4 46188.1 34037.3 34058 29758.3 28869.1 28250.4 28124.1
threshold=-1.0000000180025095e-35 101.19925800000001 -2.8499999999999992 42.523274000000008 2.0625000000000004 264.18653100000006 282.33339050000006 287.58038500000004 252.77660250000002 19.762500000000003 -1.7172850000000037 121.14967050000001 -13.065936541666668 0.77259657388510639
decision_type=2 2 2 2 2 2 2 2 2 2 2 2 2 2
left_child=1 -1 5 -2 6 12 8 10 9 -5 -4 -7 -3 -11
right_child=3 2 7 4 -6 11 -8 -9 -10 13 -12 -13 -14 -15
leaf_value=0.054009308027145403 0.050502212156651682 -2.0184237385060317 -0.82275221602972537 -0.13181012136861683 1.1509645809977496 -0.05522351296367272 -1.4390409709915284 -1.6555022185795929 -0.023703960520362104 0.46155910128953243 -0.27249940534885131 -1.286419683365853 -1.3251733832943597 1.042468300405361
leaf_weight=2847 2775 360 298 159 992 125 62 72 348 618 1392 76 265 316
leaf_count=2847 2775 360 298 159 992 125 62 72 348 618 1392 76 265 316
internal_value=-5.04094e-05 -0.327408 -0.746854 0.337554 0.656672 -1.4355 0.329884 -0.423395 0.406938 0.543947 -0.369955 -0.524814 -1.72707 0.659003
internal_weight=10705 5435 2588 5270 2495 826 1503 1762 1441 1093 1690 201 625 934
internal_count=10705 5435 2588 5270 2495 826 1503 1762 1441 1093 1690 201 625 934
is_linear=0
shrinkage=0.05


Tree=3
num_leaves=15
num_cat=0
split_feature=71 84 71 84 69 24 84 24 84 17 51 58 12 43
split_gain=427536 301356 232076 209810 117712 80200.2 66983.2 38546.3 49128.6 32241.1 26916.4 25829.3 25686.9 25612.7
threshold=1.0000000180025095e-35 104.00788000000001 -2.8499999999999992 42.523274000000008 11.26756466666667 264.18653100000006 287.58038500000004 253.43744300000003 260.0556155000001 1.1692635583363182e-06 3.5000000000000004 -10.845522500000007 121.14967050000001 88.875000000000014
decision_type=2 2 2 2 2 2 2 2 2 2 2 2 2 2
left_child=1 -1 5 -2 7 13 11 9 10 -5 -9 -4 -7 -3
right_child=3 2 6 4 -6 12 -8 8 -10 -11 -12 -13 -14 -15
leaf_value=0.055151294332602088 0.048039918213654165 -1.7743968127941601 -1.0161726135512195 1.5373934494018555 1.2323339632683641 -0.052073062247037886 -1.6871627676098244 0.6098829920737372 -0.36048751129084722 0.5660506136125798 -0.12277794223639274 -0.2580341100552172 -1.2199264855565211 -0.76142655164506801
leaf_weight=3136 2572 538 119 124 730 124 91 666 225 277 154 1801 75 73
leaf_count=3136 2572 538 119 124 730 124 91 666 225 277 154 1801 75 73
internal_value=-7.71765e-05 -0.282158 -0.657018 0.353816 0.71505 -1.37111 -0.368855 0.453233 0.292821 0.869493 0.472304 -0.305527 -0.496118 -1.65481
internal_weight=10705 5957 2821 4748 2176 810 2011 1446 1045 401 820 1920 199 611
internal_count=10705 5957 2821 4748 2176 810 2011 1446 1045 401 820 1920 199 611
is_linear=0
shrinkage=0.05


Tree=4
num_leaves=15
num_cat=0
split_feature=71 84 71 84 71 24 84 84 69 51 35 36 69 12
split_gain=388085 284766 183553 158511 133904 72365.8 70468.8 37908.3 31048 33049.5 26023.6 33363.7 25066.7 23215.1
threshold=-1.0000000180025095e-35 104.00788000000001 -2.8499999999999992 42.523274000000008 2.212499999999999 264.18653100000006 282.33339050000006 292.35207400000007 -0.27905442708333383 3.5000000000000004 22.621354166666674 24.091666666666672 -13.065936541666668 121.14967050000001
decision_type=2 2 2 2 2 2 2 2 2 2 2 2 2 2
left_child=1 -1 5 -2 6 12 8 -4 9 -5 11 -6 -3 -7
right_child=3 2 7 4 10 13 -8 -9 -10 -11 -12 -13 -14 -15
leaf_value=0.043647876894262798 0.045550877988467298 -1.8457479195100586 -0.35115548459177437 0.40267884579604263 1.1494539404144655 -0.049490237128734592 -1.3337473842832779 -1.7492305712699889 0.55567296782299025 -0.37225329562634607 0.86686713723104425 2.3870272549105365 -1.1847772181703478 -1.1597328054865723
leaf_weight=2886 2775 356 1690 333 259 124 62 49 906 233 632 70 255 75
leaf_count=2886 2775 356 1690 333 259 124 62 49 906 233 632 70 255 75
internal_value=-8.828e-05 -0.296508 -0.681501 0.30561 0.59472 -1.30279 0.304467 -0.391532 0.374326 0.0835758 1.05724 1.4192 -1.57228 -0.47163
internal_weight=10705 5435 2549 5270 2495 810 1534 1739 1472 566 961 329 611 199
internal_count=10705 5435 2549 5270 2495 810 1534 1739 1472 566 961 329 611 199
is_linear=0
shrinkage=0.05


Tree=5
num_leaves=15
num_cat=0
split_feature=71 84 71 84 71 84 24 84 30 70 58 73 69 35
split_gain=350361 257442 169671 143096 120934 65521.6 64469.2 34664 31225.9 27855.7 24487.7 25874.7 24276.1 23528.7
threshold=-1.0000000180025095e-35 101.19925800000001 -2.8499999999999992 42.523274000000008 2.212499999999999 260.47696050000008 264.18653100000006 292.35207400000007 19.762500000000003 6.320390302425472 -1.7172850000000037 3.8750000000000004 -26.30091713020833 22.621354166666674
decision_type=2 2 2 2 2 2 2 2 2 2 2 2 2 2
left_child=1 -1 6 -2 5 8 12 10 -5 -7 11 -4 -3 -6
right_child=3 2 7 4 13 9 -8 -9 -10 -11 -12 -13 -14 -15
leaf_value=0.046371568574078301 0.043274154288624481 -1.9341782389335263 -0.16863473159807529 -0.16766160331752111 1.3487786142166818 0.53934667761273247 -0.45166041676582086 -1.6635183224678043 0.55642692222889978 -0.60553310806045735 -0.23983305703603316 -1.1191630238760784 -1.2598922706476796 0.82359225733108576
leaf_weight=2847 2775 205 120 173 329 67 201 49 1050 244 1415 178 420 632
leaf_count=2847 2775 205 120 173 329 67 201 49 1050 244 1415 178 420 632
internal_value=-9.59851e-05 -0.28174 -0.642567 0.290365 0.565057 0.289219 -1.23348 -0.365011 0.453947 -0.357949 -0.326919 -0.738244 -1.48379 1.00461
internal_weight=10705 5435 2588 5270 2495 1534 826 1762 1223 311 1713 298 625 961
internal_count=10705 5435 2588 5270 2495 1534 826 1762 1223 311 1713 298 625 961
is_linear=0
shrinkage=0.05


Tree=6
num_leaves=15
num_cat=0
split_feature=71 84 71 84 69 24 84 70 63 36 25 24 79 8
split_gain=316895 224425 169475 155650 94445.5 69986.8 47931.7 32958.1 32131.1 28513.8 24845 64078 25497.2 23371.5
threshold=1.0000000180025095e-35 104.00788000000001 -2.5124999999999988 42.523274000000008 11.26756466666667 264.18653100000006 284.32638350000008 8.1012924249459495 4.6262223749999984 20.795963541666669 109.00154112320878 283.32550850000001 -0.68322629814330782 211.45088300000003
decision_type=2 2 2 2 2 2 2 2 2 2 2 2 2 2
left_child=1 -1 5 -2 7 -3 10 9 -9 -5 11 -4 -12 -7
right_child=3 2 6 4 -6 13 -8 8 -10 -11 12 -13 -14 -15
leaf_value=0.048123025374738206 0.041199329841753139 -1.4172737513582301 -0.29403365611097904 -0.22899309251956718 1.0790347386261121 -0.14500476615998814 -1.3704508018195629 -0.14664199555364366 0.65146040110154213 0.6837503679799195 -1.5468175487241884 0.68072556026416464 -0.36856701022132921 -1.2594866578541106
leaf_weight=3136 2572 636 1439 96 730 187 99 415 180 755 68 190 140 62
leaf_count=3136 2572 636 1439 96 730 187 99 415 180 755 68 190 140 62
internal_value=-0.000111045 -0.242965 -0.566458 0.304568 0.615704 -1.13929 -0.304147 0.381212 0.0954887 0.580637 -0.245967 -0.179994 -0.759322 -0.426434
internal_weight=10705 5957 2821 4748 2176 885 1936 1446 595 851 1837 1629 208 249
internal_count=10705 5957 2821 4748 2176 885 1936 1446 595 851 1837 1629 208 249
is_linear=0
shrinkage=0.05


Tree=7
num_leaves=15
num_cat=0
split_feature=71 84 71 84 71 84 24 84 69 51 43 84 58 73
split_gain=286655 210262 138338 117161 101323 56942.9 52651.2 29219.2 25407.4 27046.6 22340.9 21767.8 21134.3 22360.6
threshold=-1.0000000180025095e-35 101.19925800000001 -2.8499999999999992 42.523274000000008 2.212499999999999 282.33339050000006 264.18653100000006 295.90254450000003 -0.27905442708333383 3.5000000000000004 88.875000000000014 256.09265850000003 -1.7172850000000037 3.8750000000000004
decision_type=2 2 2 2 2 2 2 2 2 2 2 2 2 2
left_child=1 -1 6 -2 5 8 10 12 9 -5 -3 -6 13 -4
right_child=3 2 7 4 11 -7 -8 -9 -10 -11 -12 -13 -14 -15
leaf_value=0.041648496071719096 0.039026685937251421 -1.4495290833823451 -0.15119575742355063 0.34720682365329059 1.0316906086895423 -1.2138870215605175 -0.40800149535188579 -1.634139953340803 0.48553774114883003 -0.35381343765860884 -0.50971203720247427 0.43097880203691336 -0.21787286629256786 -1.0347632770598267
leaf_weight=2847 2775 552 120 333 771 62 201 41 906 233 73 190 1423 178
leaf_count=2847 2775 552 120 333 771 62 201 41 906 233 73 190 1423 178
internal_value=-0.000122272 -0.254877 -0.580968 0.262607 0.511164 0.258686 -1.11454 -0.330347 0.321492 0.0585092 -1.34075 0.913495 -0.298356 -0.68066
internal_weight=10705 5435 2588 5270 2495 1534 826 1762 1472 566 625 961 1721 298
internal_count=10705 5435 2588 5270 2495 1534 826 1762 1472 566 625 961 1721 298
is_linear=0
shrinkage=0.05


Tree=8
num_leaves=15
num_cat=0
split_feature=71 84 71 84 69 24 84 24 84 47 32 69 2 25
split_gain=259219 184351 138022 127359 80021.5 57335.6 40605.8 29906.3 33008.1 26740.2 22396.6 21473 21327.6 20780.5
threshold=1.0000000180025095e-35 104.00788000000001 -2.5124999999999988 42.523274000000008 11.26756466666667 264.18653100000006 292.35207400000007 253.43744300000003 260.0556155000001 72.009114583333343 20.162500000000005 -13.065936541666668 120.49142050000002 109.00154112320878
decision_type=2 2 2 2 2 2 2 2 2 2 2 2 2 2
left_child=1 -1 5 -2 7 11 13 9 -9 -5 -6 -3 -7 -4
right_child=3 2 6 4 10 12 -8 8 -10 -11 -12 -13 -14 -15
leaf_value=0.044039264825375499 0.037189588632928323 -1.535825287080665 -0.1753471961754485 1.417468315601349 1.7783393585681915 -0.049978680414091231 -1.5461492388951976 0.34696046929425323 -0.33558706096249874 0.47101323536840012 0.88429138827040521 -0.94120405901562076 -1.0224699787795544 -0.70120830047383631
leaf_weight=3136 2572 362 1665 99 79 164 60 820 225 302 651 274 85 211
leaf_count=3136 2572 362 1665 99 79 164 60 820 225 302 651 274 85 211
internal_value=-0.000137629 -0.219782 -0.512975 0.275424 0.556868 -1.02993 -0.276252 0.341034 0.19982 0.707621 0.983345 -1.28153 -0.384716 -0.234835
internal_weight=10705 5957 2821 4748 2176 885 1936 1446 1045 401 730 636 249 1876
internal_count=10705 5957 2821 4748 2176 885 1936 1446 1045 401 730 636 249 1876
is_linear=0
shrinkage=0.05


Tree=9
num_leaves=15
num_cat=0
split_feature=71 84 71 84 71 84 26 69 22 69 36 25 24 36
split_gain=235054 172079 110688 96186 84698.8 46225.5 32547.6 31998.8 37522.7 27682.9 24523.1 22028.9 43834.6 26004.5
threshold=-1.0000000180025095e-35 104.00788000000001 -3.5624999999999996 42.523274000000008 1.8625000000000009 282.33339050000006 19.012500000000003 10.839889104166671 136.22269246875001 -14.779579244791664 21.329817708333337 108.78301200260144 278.11863750000003 21.286979166666669
decision_type=2 2 2 2 2 2 2 2 2 2 2 2 2 2
left_child=1 -1 9 -2 5 -5 10 8 -6 -3 -4 12 13 -8
right_child=3 2 6 4 7 -7 11 -9 -10 -11 -12 -13 -14 -15
leaf_value=0.033596501470885234 0.035192199830792484 -1.520202132777164 -0.54146577620683578 0.23909368978341872 0.82027904693890563 -1.2562112909672714 0.10581301226025999 1.0068226983181283 0.014204201090758968 -0.76596766845746478 -1.4289636198800095 -0.73080784663904552 0.38530732031152759 -0.46062606416081781
leaf_weight=2886 2775 284 352 1212 357 53 266 631 242 219 100 214 269 845
leaf_count=2886 2775 284 352 1212 357 53 266 631 242 219 100 214 269 845
internal_value=-0.000136949 -0.230826 -0.530103 0.237773 0.462984 0.175502 -0.366385 0.758264 0.495186 -1.19399 -0.740536 -0.259892 -0.18639 -0.325034
internal_weight=10705 5435 2549 5270 2495 1265 2046 1230 599 503 452 1594 1380 1111
internal_count=10705 5435 2549 5270 2495 1265 2046 1230 599 503 452 1594 1380 1111
is_linear=0
shrinkage=0.05


Tree=10
num_leaves=15
num_cat=0
split_feature=71 84 71 84 71 24 84 69 22 8 84 43 30 43
split_gain=212187 155515 104583 86814.7 76472.5 46787.5 43499.3 28880.1 33874.1 20407.2 20302.5 20186.5 19269.9 19157.5
threshold=-1.0000000180025095e-35 101.19925800000001 -2.5124999999999988 42.523274000000008 1.8625000000000009 264.18653100000006 260.0556155000001 10.839889104166671 136.22269246875001 211.45088300000003 292.35207400000007 74.875000000000014 19.762500000000003 89.375000000000014
decision_type=2 2 2 2 2 2 2 2 2 2 2 2 2 2
left_child=1 -1 5 -2 6 13 12 8 -6 -7 -4 -8 -5 -3
right_child=3 2 10 4 7 9 11 -9 -10 -11 -12 -13 -14 -15
leaf_value=0.035686378684934759 0.033433224115874995 -1.2529598255249961 -0.23716696071790225 -0.19639613286230218 0.779379661763139 -0.087958908970985156 -1.3786012781908115 0.95656120702034875 0.013496915185862364 -1.1104490059794803 -1.3029754084089529 -0.21013260830670455 0.40681582528088134 -0.38685003579468341
leaf_weight=2847 2775 579 1638 156 357 188 44 631 242 65 45 210 855 73
leaf_count=2847 2775 579 1638 156 357 188 44 631 242 65 45 210 855 73
internal_value=-0.000149083 -0.21933 -0.499772 0.225893 0.439852 -0.932955 0.166687 0.720426 0.470496 -0.353992 -0.266421 -0.417157 0.313637 -1.15673
internal_weight=10705 5435 2588 5270 2495 905 1265 1230 599 253 1683 254 1011 652
internal_count=10705 5435 2588 5270 2495 905 1265 1230 599 253 1683 254 1011 652
is_linear=0
shrinkage=0.05


Tree=11
num_leaves=15
num_cat=0
split_feature=71 84 71 84 71 84 27 69 31 36 70 25 24 79
split_gain=191538 140635 91437.6 78353 69360.7 42950.3 28069.7 24323.8 23074.7 21347.5 20653.1 19919.4 39479.7 22872.8
threshold=-1.0000000180025095e-35 104.00788000000001 -3.5624999999999996 42.523274000000008 2.212499999999999 260.0556155000001 19.012500000000003 -14.779579244791664 21.562500000000004 21.329817708333337 6.320390302425472 108.78301200260144 278.11863750000003 -0.79335334029123528
decision_type=2 2 2 2 2 2 2 2 2 2 2 2 2 2
left_child=1 -1 7 -2 5 8 9 -3 -5 -4 -7 12 -8 -13
right_child=3 2 6 4 -6 10 11 -9 -10 -11 -12 13 -14 -15
leaf_value=0.030642122151778518 0.031762166352411171 -1.3880090459606105 -0.48836310319812964 -0.058206866668631396 0.75074372215510166 0.43674034193779038 -0.29265822527883073 -0.6814753008007326 0.46138984030981728 -1.3066461300934094 -0.52696558332025278 -1.4213028069904874 0.38169340971719334 -0.31756961208780948
leaf_weight=2886 2775 284 353 276 961 71 1107 219 942 103 245 69 269 145
leaf_count=2886 2775 284 353 276 961 71 1107 219 942 103 245 69 269 145
internal_value=-0.000160023 -0.208403 -0.478958 0.214602 0.417866 0.208977 -0.330159 -1.08236 0.343698 -0.675649 -0.309742 -0.230713 -0.160645 -0.678402
internal_weight=10705 5435 2549 5270 2495 1534 2046 503 1218 456 316 1590 1376 214
internal_count=10705 5435 2549 5270 2495 1534 2046 503 1218 456 316 1590 1376 214
is_linear=0
shrinkage=0.05


Tree=12
num_leaves=15
num_cat=0
split_feature=71 84 71 84 69 24 84 24 51 17 63 73 32 33
split_gain=173428 124469 94756.2 85248.1 56762.4 40425.5 33207.8 23883.6 26254.7 22629.9 21829.9 22337.9 20323 19973.3
threshold=1.0000000180025095e-35 104.00788000000001 -2.5124999999999988 42.523274000000008 11.26756466666667 264.18653100000006 275.36804450000005 253.43744300000003 3.5000000000000004 1.1692635583363182e-06 -1.0000000180025095e-35 1.0000000180025095e-35 20.162500000000005 19.996875000000003
decision_type=2 2 2 2 2 2 2 2 2 2 2 2 2 2
left_child=1 -1 5 -2 7 -3 10 9 -9 -5 11 -4 -6 -12
right_child=3 2 6 4 12 -7 -8 8 -10 -11 13 -13 -14 -15
leaf_value=0.036948953301681145 0.030313403306190857 -1.0603308766416539 0.053700981086733712 1.1603386024475097 1.5705587011575699 -0.30738878283500676 -0.79147901229168249 0.2931979589535833 -0.28276276508240766 0.34775756084889498 -0.35013109004076126 -0.63868303524588965 0.72066397980752583 0.10290126925603607
leaf_weight=3136 2572 636 172 124 79 249 227 781 264 277 342 359 651 836
leaf_count=3136 2572 636 172 124 79 249 227 781 264 277 342 359 651 836
internal_value=-0.000172515 -0.17983 -0.420743 0.225222 0.455482 -0.849072 -0.224605 0.273716 0.147561 0.601291 -0.14889 -0.414729 0.814662 -0.0288097
internal_weight=10705 5957 2821 4748 2176 885 1936 1446 1045 401 1709 531 730 1178
internal_count=10705 5957 2821 4748 2176 885 1936 1446 1045 401 1709 531 730 1178
is_linear=0
shrinkage=0.05


Tree=13
num_leaves=15
num_cat=0
split_feature=71 84 71 84 84 69 24 22 25 67 36 70 36 24
split_gain=156666 114709 79299.5 64146.3 60591.4 49476.7 35638.2 26493.3 20501.5 21020.3 20046 19486.4 31581.8 21728.8
threshold=-1.0000000180025095e-35 101.19925800000001 -2.5124999999999988 42.523274000000008 274.29007000000007 11.26756466666667 268.37109800000002 148.13106922916668 104.19667212036495 4.8948084791666666 26.109635416666674 8.1012924249459495 20.795963541666669 283.21306650000002
decision_type=2 2 2 2 2 2 2 2 2 2 2 2 2 2
left_child=1 -1 6 -2 5 11 -3 8 -7 -10 -9 12 -5 -13
right_child=3 2 -4 4 -6 7 -8 10 9 -11 -12 13 -14 -15
leaf_value=0.030524316889997783 0.028635241867442984 -0.97296743120990237 -0.22615995299478389 -0.25628720089313289 -0.52253428874858499 0.29680481221102462 -0.21424155058339239 -0.002444308668631932 1.7165301969436211 0.90493356116374091 0.83625490783799616 -0.12695876207386314 0.53685196480188313 0.55187271827363349
leaf_weight=2847 2775 706 1683 146 173 78 199 144 126 230 140 425 871 162
leaf_count=2847 2775 706 1683 146 173 78 199 144 126 230 140 425 871 162
internal_value=-0.000159754 -0.188495 -0.429351 0.194071 0.377987 0.445276 -0.806552 0.790047 1.0356 1.19619 0.412483 0.290549 0.422849 0.0610048
internal_weight=10705 5435 2588 5270 2495 2322 905 718 434 356 284 1604 1017 587
internal_count=10705 5435 2588 5270 2495 2322 905 718 434 356 284 1604 1017 587
is_linear=0
shrinkage=0.05


Tree=14
num_leaves=15
num_cat=0
split_feature=71 84 71 84 69 24 84 8 24 51 17 58 43 30
split_gain=141939 102207 76751.9 69827.7 46373.7 42153.3 28430.4 21464.7 20495.3 21949 20013.4 19523.6 17894.5 17315.3
threshold=1.0000000180025095e-35 104.00788000000001 -2.1374999999999988 42.523274000000008 11.26756466666667 264.18653100000006 275.36804450000005 211.45088300000003 253.43744300000003 3.5000000000000004 1.1692635583363182e-06 -10.845522500000007 89.375000000000014 22.012500000000003
decision_type=2 2 2 2 2 2 2 2 2 2 2 2 2 2
left_child=1 -1 5 -2 8 12 11 -7 10 -10 -5 -4 -3 -6
right_child=3 2 6 4 13 7 -8 -9 9 -11 -12 -13 -14 -15
leaf_value=0.033767719614442117 0.027367117026877968 -1.049586713835224 -0.79399281199833371 1.0770054573059082 1.152059200001841 -0.048184007777319862 -0.7314636165373275 -0.98182147049609536 0.26417777063491782 -0.26243605759908573 0.31296395685342848 -0.068986224854787601 -0.23159992269107274 0.59195981233668349
leaf_weight=3136 2572 598 98 124 187 257 210 80 781 264 277 1502 76 543
leaf_count=3136 2572 598 98 124 187 257 210 80 781 264 277 1502 76 543
internal_value=-0.00013971 -0.162671 -0.38098 0.203769 0.412166 -0.729738 -0.185881 -0.272068 0.247872 0.131015 0.551318 -0.113861 -0.957831 0.736817
internal_weight=10705 5957 2821 4748 2176 1011 1810 337 1446 1045 401 1600 674 730
internal_count=10705 5957 2821 4748 2176 1011 1810 337 1446 1045 401 1600 674 730
is_linear=0
shrinkage=0.05


Tree=15
num_leaves=15
num_cat=0
split_feature=71 84 71 84 84 71 84 36 84 40 69 31 75 20
split_gain=128318 93647.1 66840.1 52617.1 52669.2 33936.5 24197.7 23140.5 22985.7 20633.7 21283.8 20457.9 20067.7 19450.9
threshold=-1.0000000180025095e-35 101.19925800000001 -3.7624999999999988 42.523274000000008 252.77660250000002 2.9500000000000015 284.32638350000008 18.395963541666671 287.58038500000004 82.875000000000014 -10.466263937499997 21.212500000000002 13.125000000000002 101.99091850000001
decision_type=2 2 2 2 2 2 2 2 2 2 2 2 2 2
left_child=1 -1 -3 -2 5 11 -6 -4 9 13 -11 -5 -13 -9
right_child=3 2 7 4 6 -7 -8 8 -10 10 -12 12 -14 -15
leaf_value=0.027310845374621535 0.025812731786853817 -0.92916338621582995 -1.3214289001390047 -0.078331786027598771 0.039379061962305881 0.78932897371899324 -1.0772477736169437 0.43295109805479215 -1.0337098560549998 -0.65824176319805738 -0.2017612207807222 0.16607272202265722 0.6131916429154366 -0.16957044099280053
leaf_weight=2847 2775 467 50 247 573 588 52 205 87 336 1061 430 605 382
leaf_count=2847 2775 467 50 247 573 588 52 205 87 336 1061 430 605 382
internal_value=-0.000136037 -0.170582 -0.388205 0.175645 0.342215 0.474965 -0.0550967 -0.268716 -0.242675 -0.207484 -0.311944 0.330277 0.427772 0.0412287
internal_weight=10705 5435 2588 5270 2495 1870 625 2121 2071 1984 1397 1282 1035 587
internal_count=10705 5435 2588 5270 2495 1870 625 2121 2071 1984 1397 1282 1035 587
is_linear=0
shrinkage=0.05


Tree=16
num_leaves=15
num_cat=0
split_feature=71 84 71 84 69 24 84 8 70 63 36 46 34 25
split_gain=115990 83914.6 63030.3 57070.2 39218.3 35802.2 24440.1 19075.3 18957.5 19423.7 19347.8 16648 18696.7 18287
threshold=1.0000000180025095e-35 105.02005400000002 -2.1374999999999988 42.523274000000008 11.26756466666667 264.18653100000006 295.90254450000003 211.45088300000003 8.1012924249459495 4.6262223749999984 24.497135416666669 82.848958333333357 21.021875000000005 98.16314542257372
decision_type=2 2 2 2 2 2 2 2 2 2 2 2 2 2
left_child=1 -1 5 -2 8 -3 11 -7 10 -10 -5 12 13 -4
right_child=3 2 6 4 -6 7 -8 -9 9 -11 -12 -13 -14 -15
leaf_value=0.030265891018679797 0.024709157442425737 -0.87310561086716398 -0.20127674187442254 0.31217119507259339 0.67113640552409581 -0.028722168088202993 -1.3065160431453717 -0.91336703896522531 -0.1832002536172625 0.43729398826044569 1.3179684049942915 -0.26404215607542147 -0.17411571579690366 0.621096776748574
leaf_weight=3147 2572 671 101 801 730 256 45 79 415 180 50 1057 400 201
leaf_count=3147 2572 671 101 801 730 256 45 79 415 180 50 1057 400 201
internal_value=-0.000144999 -0.147071 -0.345615 0.184185 0.372585 -0.66254 -0.168612 -0.239437 0.221504 0.00493105 0.372744 -0.138776 0.0499444 0.346308
internal_weight=10705 5957 2810 4748 2176 1006 1804 335 1446 595 851 1759 702 302
internal_count=10705 5957 2810 4748 2176 1006 1804 335 1446 595 851 1759 702 302
is_linear=0
shrinkage=0.05


Tree=17
num_leaves=15
num_cat=0
split_feature=71 84 71 84 84 71 26 36 6 69 36 36 32 67
split_gain=105096 76471.8 55606.4 43143.5 46244.5 36058.9 20344.1 19522.7 18180.3 24803.3 19839 17246.3 17234.6 15502.7
threshold=-1.0000000180025095e-35 101.19925800000001 -3.7624999999999988 42.523274000000008 275.02512300000006 1.7624999999999995 19.012500000000003 21.329817708333337 96.187470500000018 8.2327959375000024 22.733854166666671 18.395963541666671 22.012500000000003 2.1362732083333338
decision_type=2 2 2 2 2 2 2 2 2 2 2 2 2 2
left_child=1 -1 -3 -2 5 -5 7 11 10 -10 -7 -4 -8 -14
right_child=3 2 6 4 -6 8 12 -9 9 -11 -12 -13 13 -15
leaf_value=0.024433018919636413 0.023267228950770515 -0.84445806916218058 -1.2165106259140315 0.16688938720254409 -0.49962053315967997 0.042170438644560902 -0.054581845462906411 -1.1391371478733507 -0.12952788450222993 0.58317602872049523 0.85574530509018576 -0.22686589379090039 -0.51287499955694593 0.38871985414513838
leaf_weight=2847 2775 467 50 1147 164 87 1166 102 181 372 544 328 422 53
leaf_count=2847 2775 467 50 1147 164 87 1166 102 181 372 544 328 422 53
internal_value=-0.000140223 -0.154394 -0.351051 0.158942 0.309773 0.366909 -0.242066 -0.528092 0.560374 0.350091 0.743817 -0.360636 -0.158132 -0.411671
internal_weight=10705 5435 2588 5270 2495 2331 2121 480 1184 553 631 378 1641 475
internal_count=10705 5435 2588 5270 2495 2331 2121 480 1184 553 631 378 1641 475
is_linear=0
shrinkage=0.05


Tree=18
num_leaves=15
num_cat=0
split_feature=71 84 36 84 84 47 69 26 36 33 47 68 76 22
split_gain=94876.3 69080 48173.9 38942.7 43055.8 28186.7 27233.8 21342.7 21296.9 25129.6 26632.3 21006.9 23290.2 19875.4
threshold=-1.0000000180025095e-35 104.00788000000001 20.337109375000004 42.523274000000008 257.75375800000006 78.209635416666671 11.26756466666667 20.987500000000004 21.286979166666669 19.065625000000004 77.710937500000014 6.3233071835179979 2.5000000000000004 136.98705236979171
decision_type=2 2 2 2 2 2 2 2 2 2 2 2 2 2
left_child=1 -1 5 -2 6 -3 -5 -6 -4 -10 -11 -8 -13 -9
right_child=3 2 8 4 7 -7 11 13 9 10 -12 12 -14 -15
leaf_value=0.020829573336048013 0.022104286171646215 -1.2225727590346578 0.10637316420229513 0.26992748605687555 -0.79965486034590716 -0.48398561017979919 1.1082617303689843 0.71556081940788174 -1.0492156111129693 -0.071463446475436204 -0.50489888622473778 -0.097951307939732168 0.69813321610851886 -0.13630610357116288
leaf_weight=2886 2775 197 401 1332 92 379 189 85 104 871 597 126 336 335
leaf_count=2886 2775 197 401 1332 92 379 189 85 104 871 597 126 336 335
internal_value=-0.000145071 -0.146707 -0.336328 0.151005 0.294305 -0.738274 0.399806 -0.114286 -0.218668 -0.301598 -0.247955 0.664725 0.481277 0.0373857
internal_weight=10705 5435 2549 5270 2495 576 1983 512 1973 1572 1468 651 462 420
internal_count=10705 5435 2549 5270 2495 576 1983 512 1973 1572 1468 651 462 420
is_linear=0
shrinkage=0.05


Tree=19
num_leaves=15
num_cat=0
split_feature=71 84 71 84 69 24 84 56 8 25 24 25 30 54
split_gain=86013.7 62619.2 48462 42353.1 30518.5 28777 21681.9 17578.3 16470.9 16170.6 34731.9 26049 19273.7 17456.7
threshold=1.0000000180025095e-35 105.02005400000002 -2.1374999999999988 42.523274000000008 -1.0000000180025095e-35 264.18653100000006 282.33339050000006 27.694647000000021 211.45088300000003 109.03423916388498 277.22543400000006 104.00661095731722 19.212500000000002 1.0000000180025095e-35
decision_type=2 2 2 2 2 2 2 2 2 2 2 2 2 2
left_child=1 -1 5 -2 -5 -3 9 -6 -7 10 11 12 -4 -13
right_child=3 2 6 4 7 8 -8 -9 -10 -11 -12 13 -14 -15
leaf_value=0.026523046251638246 0.021206485903128736 -0.76484387144723565 -0.54040740508521568 0.0065423260158704241 0.37723617827650896 -0.0011181411312998124 -0.84747913504399153 0.93223182960126383 -0.82304968774318699 -0.56912126165719323 0.43717096096810865 -1.2489790511131287 0.038470909860807125 -0.3197263632735885
leaf_weight=3147 2572 671 172 570 1448 256 102 158 79 165 295 79 851 140
leaf_count=3147 2572 671 172 570 1448 256 102 158 79 165 295 79 851 140
internal_value=-0.000144472 -0.126668 -0.298179 0.158589 0.320889 -0.576074 -0.142978 0.432383 -0.196819 -0.100285 -0.0496166 -0.165497 -0.0592903 -0.65909
internal_weight=10705 5957 2810 4748 2176 1006 1804 1606 335 1702 1537 1242 1023 219
internal_count=10705 5957 2810 4748 2176 1006 1804 1606 335 1702 1537 1242 1023 219
is_linear=0
shrinkage=0.05


Tree=20
num_leaves=15
num_cat=0
split_feature=71 84 71 84 84 22 31 44 84 6 47 70 36 69
split_gain=77820.3 56546.4 43851.3 31984.6 38023.8 25473.2 25175.1 19036.8 17290.4 15880.2 18371.6 39985.8 35337.8 18160.8
threshold=-1.0000000180025095e-35 99.716735500000013 -2.1374999999999988 42.523274000000008 252.77660250000002 126.29556024479167 21.212500000000002 82.843750000000014 179.60684750000004 96.187470500000018 71.428385416666671 21.231464633960698 24.386718750000004 -0.035147567708333632
decision_type=2 2 2 2 2 2 2 2 2 2 2 2 2 2
left_child=1 -1 5 -2 6 -3 -5 -6 -7 10 11 -8 -12 -11
right_child=3 2 -4 4 7 8 9 -9 -10 13 12 -13 -14 -15
leaf_value=0.021795334169998935 0.01992008894821495 -0.77903779100041959 -0.13407202385403952 -0.066019325586967173 0.19307278734959366 -0.62841029104781265 1.1213133742386845 -0.35848249237829199 -0.016605723368827961 -0.23759520628740549 0.55054377672818311 -0.16869273470028451 -0.67326442089988225 0.40228862712488295
leaf_weight=2831 2775 566 1568 271 326 202 296 299 268 140 500 75 66 522
leaf_count=2831 2775 566 1568 271 326 202 296 299 268 140 500 75 66 522
internal_value=-0.000152545 -0.132889 -0.301001 0.136739 0.266607 -0.553277 0.379402 -0.0709424 -0.280327 0.454887 0.587338 0.860778 0.406902 0.266812
internal_weight=10705 5435 2604 5270 2495 1036 1870 625 470 1599 937 371 566 662
internal_count=10705 5435 2604 5270 2495 1036 1870 625 470 1599 937 371 566 662
is_linear=0
shrinkage=0.05


Tree=21
num_leaves=15
num_cat=0
split_feature=71 84 71 84 69 69 84 65 31 6 71 32 84 30
split_gain=70777.9 51039.7 45425.9 37519.8 24087.1 23432.9 22334.5 19109.3 16952 16749.8 21996.2 14966.2 14850.3 14129.7
threshold=0.31250000000000006 99.716735500000013 -2.1374999999999988 42.523274000000008 11.26756466666667 -26.30091713020833 273.02215500000005 -1.0000000180025095e-35 18.112500000000004 97.995967000000022 3.1500000000000008 20.162500000000005 77.882384000000016 21.062500000000004
decision_type=2 2 2 2 2 2 2 2 2 2 2 2 2 2
left_child=1 -1 5 -2 9 -3 7 -4 -7 10 13 -6 -13 -5
right_child=3 2 6 4 11 8 -8 -9 -10 -11 -12 12 -14 -15
leaf_value=0.028914505212189592 0.0191506141169769 -0.99942755723755328 -0.26145065765019304 -0.024858797556919859 1.1911179979390736 -1.2719927373289499 -0.53152417171773292 0.085035536677466356 -0.34599285183961059 -0.08213510323854456 1.0260836121883798 1.2718111517337654 0.3885576860030831 0.39778244713272048
leaf_weight=3208 2459 208 644 345 78 52 277 1038 776 414 93 51 600 462
leaf_count=3208 2459 208 644 345 78 52 277 1038 776 414 93 51 600 462
internal_value=-0.000148435 -0.10967 -0.258071 0.150745 0.309048 -0.525682 -0.116351 -0.0477028 -0.405612 0.180941 0.301913 0.539391 0.459597 0.217292
internal_weight=10705 6203 2995 4502 2043 1036 1959 1682 828 1314 900 729 651 807
internal_count=10705 6203 2995 4502 2043 1036 1959 1682 828 1314 900 729 651 807
is_linear=0
shrinkage=0.05


Tree=22
num_leaves=15
num_cat=0
split_feature=71 84 71 84 69 24 84 46 8 25 48 47 6 71
split_gain=63914.8 46082.2 41019.7 33886.6 21757.2 21646.9 21146.2 16844 16213.5 16096.7 23226.3 15655 15124 19878.6
threshold=0.31250000000000006 99.716735500000013 -2.1374999999999988 42.523274000000008 11.26756466666667 268.37109800000002 295.90254450000003 82.848958333333357 256.80026200000003 109.00154112320878 9.6250000000000018 82.634114583333357 97.995967000000022 3.1500000000000008
decision_type=2 2 2 2 2 2 2 2 2 2 2 2 2 2
left_child=1 -1 5 -2 12 -3 7 9 -7 10 -4 -9 13 -5
right_child=3 2 6 4 -6 8 -8 11 -10 -11 -12 -13 -14 -15
leaf_value=0.027469230900912141 0.018193472620190644 -0.63609830122636102 0.44005316664724403 0.20645070163084867 0.51261707882664787 0.1122185267262583 -1.1583931190219332 -0.2888867303135596 -0.7612212618398998 -0.39830245019301125 -0.16853183026688587 0.22474746222243211 -0.078038244129520429 0.97532522798852728
leaf_weight=3208 2459 763 390 807 729 202 46 950 71 137 261 175 414 93
leaf_count=3208 2459 763 390 807 729 202 46 950 71 137 261 175 414 93
internal_value=-0.000136851 -0.104213 -0.245223 0.143254 0.293697 -0.499524 -0.110551 -0.0847628 -0.116889 0.0924458 0.196174 -0.208859 0.171944 0.286895
internal_weight=10705 6203 2995 4502 2043 1036 1959 1913 273 788 651 1125 1314 900
internal_count=10705 6203 2995 4502 2043 1036 1959 1913 273 788 651 1125 1314 900
is_linear=0
shrinkage=0.05


Tree=23
num_leaves=15
num_cat=0
split_feature=71 84 22 84 58 84 69 51 56 47 84 69 24 24
split_gain=58106.7 45090.2 38141.3 36009.1 27387.7 25546.6 30259.8 31133.5 14999.6 14756.3 14767.3 14305.5 13885.5 18205.3
threshold=-0.9875000000000006 84.775400500000018 125.64656252604168 282.33339050000006 -1.0000000180025095e-35 42.523274000000008 -0.27905442708333383 3.5000000000000004 27.694647000000021 76.425781250000014 163.30129150000002 -26.462434338541666 266.28453700000006 269.12478300000004
decision_type=2 2 2 2 2 2 2 2 2 2 2 2 2 2
left_child=1 -1 11 5 -4 -2 7 12 -8 -6 -11 -3 -7 -14
right_child=3 2 4 -5 9 6 8 -9 -10 10 -12 -13 13 -15
leaf_value=0.018803561881370601 0.016469987213916973 -0.99063816832474372 -0.53299934362053403 -0.82243627735700187 0.18467480378952983 -0.19912793261930348 0.291855459699224 -0.35217857242577322 0.79889537986344517 -0.76169063893562938 -0.084651059469343051 -0.46687933283747785 0.96876057993733533 0.18903325732791396
leaf_weight=2322 3122 169 352 103 472 139 1829 391 158 93 565 582 98 310
leaf_count=2322 3122 169 352 103 472 139 1829 391 158 93 565 582 98 310
internal_value=-0.00013455 -0.135476 -0.295841 0.100112 -0.148556 0.115959 0.222107 -0.0119651 0.332555 -0.0284352 -0.181353 -0.585903 0.231421 0.378231
internal_weight=10705 4555 2233 6150 1482 6047 2925 938 1987 1130 658 751 547 408
internal_count=10705 4555 2233 6150 1482 6047 2925 938 1987 1130 658 751 547 408
is_linear=0
shrinkage=0.05


Tree=24
num_leaves=15
num_cat=0
split_feature=71 84 71 84 84 71 24 25 76 52 51 79 47 83
split_gain=52541.3 38479.6 31995.8 27867.6 23792.2 18907.3 16517.4 41798.2 27503.9 17784.3 17146.4 16752.1 16351.4 16363
threshold=0.31250000000000006 107.30231450000001 -3.7624999999999988 42.523274000000008 299.97504500000008 3.0124999999999997 277.22543400000006 108.78301200260144 3.5000000000000004 0.58216583101416164 1.5000000000000002 -0.84874750804349186 82.634114583333357 186.32061600000003
decision_type=2 2 2 2 2 2 2 2 2 2 2 2 2 2
left_child=1 -1 -3 -2 6 -5 8 9 12 -8 -10 -9 13 -4
right_child=3 2 4 5 -6 -7 7 11 10 -11 -12 -13 -14 -15
leaf_value=0.021440874841998622 0.016461003732269372 -0.61355057445514771 -0.37638751949446908 0.17365883374351221 -1.1843310070037842 0.51639290463813736 0.046113715376327372 -1.1898469314240574 0.13703314813913084 0.72196942822656773 -0.89313284714774399 -0.19916178494950251 0.34918778077160822 -0.025915646854828778
leaf_weight=3323 2459 453 611 1492 54 551 184 56 50 206 204 172 159 731
leaf_count=3323 2459 453 611 1492 54 551 184 56 50 206 204 172 159 731
internal_value=-0.000135959 -0.0944989 -0.228233 0.129872 -0.156091 0.266302 -0.132203 0.0899878 -0.210452 0.404038 -0.690602 -0.446621 -0.128795 -0.185644
internal_weight=10705 6203 2880 4502 2427 2043 2373 618 1755 390 254 228 1501 1342
internal_count=10705 6203 2880 4502 2427 2043 2373 618 1755 390 254 228 1501 1342
is_linear=0
shrinkage=0.05


Tree=25
num_leaves=15
num_cat=0
split_feature=71 84 22 84 84 71 58 47 35 47 36 84 47 47
split_gain=47837.6 36988.8 32154.7 31656.8 26241 26063.7 24168.2 15805.3 13438.5 22945.5 13505.6 13143.5 12974 17878.8
threshold=-0.9875000000000006 84.775400500000018 126.05083759895835 273.02215500000005 42.523274000000008 1.7624999999999995 -1.0000000180025095e-35 76.397135416666671 22.655208333333338 69.141927083333357 22.658854166666671 163.30129150000002 73.654947916666671 78.128906250000014
decision_type=2 2 2 2 2 2 2 2 2 2 2 2 2 2
left_child=1 -1 12 4 -2 -6 -4 -8 9 -7 -11 -9 -3 -14
right_child=3 2 6 -5 5 8 7 11 -10 10 -12 -13 13 -15
leaf_value=0.016792205774381251 0.014771104112549008 0.042341152810388138 -0.49085498345071149 -0.45803517109108355 0.095322174179677976 1.564200149689402 0.22801358734878405 -0.71090696225775052 0.26596049125066829 0.021518490958059657 0.65871255136964435 -0.073984356137255056 -0.89004865899185348 -0.37684002810827077
leaf_weight=2322 3122 89 348 251 1608 55 419 93 699 115 300 588 299 397
leaf_count=2322 3122 89 348 251 1608 55 419 93 699 115 300 588 299 397
internal_value=-0.000140837 -0.122942 -0.268188 0.0908169 0.114244 0.226029 -0.128326 -0.0132937 0.405586 0.612237 0.482617 -0.16188 -0.525682 -0.598274
internal_weight=10705 4555 2233 6150 5899 2777 1448 1100 1169 470 415 681 785 696
internal_count=10705 4555 2233 6150 5899 2777 1448 1100 1169 470 415 681 785 696
is_linear=0
shrinkage=0.05


Tree=26
num_leaves=15
num_cat=0
split_feature=71 84 84 22 58 84 69 51 47 84 24 56 69 70
split_gain=43191.4 33395 29034.7 29026 21816.2 19307.7 24813.4 26849.5 14270.8 13059.3 12553.3 12487.5 12272.5 12235.7
threshold=-0.9875000000000006 84.775400500000018 282.33339050000006 126.05083759895835 -1.0000000180025095e-35 42.523274000000008 -0.27905442708333383 3.5000000000000004 76.397135416666671 97.110596500000014 256.28648850000008 27.339237999999998 -26.462434338541666 15.169894325524382
decision_type=2 2 2 2 2 2 2 2 2 2 2 2 2 2
left_child=1 -1 5 12 -5 -2 7 13 -6 -8 -10 -11 -3 -7
right_child=2 3 -4 4 8 6 9 -9 10 11 -12 -13 -14 -15
leaf_value=0.015952957153410118 0.014032785408616334 -0.87652087180108273 -0.74210506277427513 -0.46638255320425365 0.21664005368759504 0.34536542129490577 0.56837474764824591 -0.33508242741176669 0.22785417421198473 0.19831852608065534 -0.27416043775425308 0.78659278533111021 -0.39478054492986447 -0.19530572949096245
leaf_weight=2322 3122 169 103 348 419 407 353 391 163 1539 518 95 616 140
leaf_count=2322 3122 169 103 348 419 407 353 391 163 1539 518 95 616 140
internal_value=-0.00013423 -0.116819 0.0862936 -0.254829 -0.121946 0.100524 0.192805 -0.0191494 -0.0126543 0.292821 -0.153843 0.232981 -0.499476 0.206881
internal_weight=10705 4555 6150 2233 1448 6047 2925 938 1100 1987 681 1634 785 547
internal_count=10705 4555 6150 2233 1448 6047 2925 938 1100 1987 681 1634 785 547
is_linear=0
shrinkage=0.05


Tree=27
num_leaves=15
num_cat=0
split_feature=71 84 30 84 70 70 47 69 68 76 47 46 32 20
split_gain=39277.9 29410.7 24810.2 20841.1 17718.4 18342.2 16903.3 15928.3 14763.8 19376.8 17663 14078.1 14606.8 14462.7
threshold=0.31250000000000006 107.30231450000001 19.962500000000002 42.523274000000008 7.8207851708806606 5.9667827006740533 80.576822916666671 11.26756466666667 6.8820949206591058 2.5000000000000004 70.485677083333357 82.703125000000014 19.512500000000003 101.99091850000001
decision_type=2 2 2 2 2 2 2 2 2 2 2 2 2 2
left_child=1 -1 6 -2 5 -4 -3 -5 10 -10 -9 13 -13 -6
right_child=3 2 4 7 11 -7 -8 8 9 -11 -12 12 -14 -15
leaf_value=0.019640987579431723 0.014198678764022463 -0.65218758673546406 -0.12861494724079967 0.12610717020263124 0.33034815326244876 0.34374403783272323 -0.16934324347234864 1.0924125505494071 -0.21458666295992834 0.46689311634142733 0.21020422849687748 0.14456805405777753 -0.50901708093926656 -0.20391810066085092
leaf_weight=3323 2459 427 499 1314 168 348 316 142 149 343 95 102 515 505
leaf_count=3323 2459 427 499 1314 168 348 316 142 149 343 95 102 515 505
internal_value=-0.000131774 -0.0817196 -0.198638 0.112276 -0.112 0.0656358 -0.447336 0.230259 0.417559 0.260493 0.741154 -0.228595 -0.40091 -0.0702577
internal_weight=10705 6203 2880 4502 2137 847 743 2043 729 492 237 1290 617 673
internal_count=10705 6203 2880 4502 2137 847 743 2043 729 492 237 1290 617 673
is_linear=0
shrinkage=0.05


Tree=28
num_leaves=15
num_cat=0
split_feature=71 84 84 84 22 31 58 6 25 24 24 66 47 47
split_gain=36072.9 27704.3 26434.1 26669.1 25275.9 20730.7 18811.7 17195.4 16484.9 16168.1 18919 17387.6 13762.2 16800.7
threshold=-0.9875000000000006 84.775400500000018 263.70710200000008 42.523274000000008 125.64656252604168 21.112500000000004 -1.0000000180025095e-35 94.588452500000002 103.98276118801375 280.08090150000004 283.25600400000002 5.667750500032926 76.108072916666671 70.266927083333357
decision_type=2 2 2 2 2 2 2 2 2 2 2 2 2 2
left_child=1 -1 3 -2 -3 -5 -6 9 -4 11 -11 -7 13 -12
right_child=2 4 8 5 6 7 -8 -9 -10 10 12 -13 -14 -15
leaf_value=0.014174025962181355 0.012563896110252125 -0.46858420379675353 0.054344358084020772 -0.10199089121749522 -0.43118444563789304 0.37894367210209373 -0.013025780430266998 0.12870063418425357 -0.51521746081739872 1.3604659577306266 0.67827576015629543 -0.26976276080334383 1.0707774720731236 -0.067836821715544615
leaf_weight=2322 3122 751 227 393 352 624 1130 910 287 77 168 123 83 136
leaf_count=2322 3122 751 227 393 352 624 1130 910 287 77 168 123 83 136
internal_value=-0.000121119 -0.106758 0.078864 0.11018 -0.23246 0.231351 -0.112569 0.293135 -0.264062 0.41649 0.648165 0.271911 0.5033 0.345361
internal_weight=10705 4555 6150 5636 2233 2514 1482 2121 514 1211 464 747 387 304
internal_count=10705 4555 6150 5636 2233 2514 1482 2121 514 1211 464 747 387 304
is_linear=0
shrinkage=0.05


Tree=29
num_leaves=15
num_cat=0
split_feature=35 84 69 84 21 36 36 36 49 46 36 24 79 25
split_gain=33713.5 25030 26696.8 23031.1 18553.6 15295.1 20810.1 17485.8 15218.3 15377.1 14801.5 13954.7 14977.9 37527.1
threshold=19.946354166666669 91.073221500000017 -10.466263937499997 275.36804450000005 1.4402954876835646e-05 18.395963541666671 21.329817708333337 20.748177083333335 4.5000000000000009 81.901041666666671 19.638802083333335 278.91518350000007 -0.70710678118654735 110.83232094980485
decision_type=2 2 2 2 2 2 2 2 2 2 2 2 2 2
left_child=1 -1 -3 4 8 -4 7 10 9 -2 -7 -6 13 -13
right_child=3 2 5 -5 11 6 -8 -9 -10 -11 -12 12 -14 -15
leaf_value=0.03365690174481599 0.73191148524188265 -0.66354688299486719 -0.88226143542458024 -0.34176963778866842 -0.019037143193415734 0.40961978544264732 -0.513905165727785 0.50540382800711092 0.050231084389654734 0.21582250493450586 -0.30049172166380772 0.65088171576773446 0.069911482332790251 -0.4461627902353511
leaf_weight=796 237 396 67 372 4793 98 215 159 523 370 283 332 1963 101
leaf_count=796 237 396 67 372 4793 98 215 159 523 370 283 332 1963 101
internal_value=-0.000106514 -0.184379 -0.326783 0.042612 0.0598393 -0.163937 -0.0991087 0.0666864 0.248087 0.418199 -0.117244 0.0302193 0.12872 0.394551
internal_weight=10705 2014 1218 8691 8319 822 755 540 1130 607 381 7189 2396 433
internal_count=10705 2014 1218 8691 8319 822 755 540 1130 607 381 7189 2396 433
is_linear=0
shrinkage=0.05


Tree=30
num_leaves=15
num_cat=0
split_feature=35 84 69 84 21 49 36 36 36 47 24 79 25 47
split_gain=30437.8 22597.7 24097.5 21178.1 18414.8 16355.3 13828.1 18793.1 15788.6 13594.1 12579.6 15517.8 37688.6 16244.2
threshold=19.946354166666669 91.073221500000017 -10.466263937499997 273.02215500000005 1.4402954876835646e-05 4.5000000000000009 18.395963541666671 21.329817708333337 20.748177083333335 80.190104166666671 280.08090150000004 -0.55557023301960229 110.83232094980485 70.266927083333357
decision_type=2 2 2 2 2 2 2 2 2 2 2 2 2 2
left_child=1 -1 -3 4 5 -2 -4 8 9 -8 -6 12 13 -12
right_child=3 2 6 -5 10 -7 7 -9 -10 -11 11 -13 -14 -15
leaf_value=0.03197616819628845 0.43816717393968496 -0.6304531094667406 -0.83879707140081072 -0.28968650690026826 -0.015362044999802702 0.048977956139695279 -0.34234008933125248 -0.48832886834387423 0.48029157342854889 0.27275563863416513 0.961632072449909 0.056762122164053602 -0.41014123569015698 0.31193494565091856
leaf_weight=796 561 396 67 459 4883 520 238 215 159 143 176 1760 118 214
leaf_count=796 561 396 67 459 4883 520 238 215 159 143 176 1760 118 214
internal_value=-0.000103522 -0.175195 -0.310503 0.0404866 0.0589294 0.251171 -0.155787 -0.0941466 0.0634088 -0.111368 0.0298375 0.127116 0.370271 0.606841
internal_weight=10705 2014 1218 8691 8232 1081 822 755 540 381 7151 2268 508 390
internal_count=10705 2014 1218 8691 8232 1081 822 755 540 381 7151 2268 508 390
is_linear=0
shrinkage=0.05


Tree=31
num_leaves=15
num_cat=0
split_feature=84 71 29 84 84 69 84 84 31 30 29 60 69 81
split_gain=28881 28538.9 19283.5 13848.9 18375.2 26747.8 12259.2 21793.2 17007.3 13974.9 22070.8 15134.3 13866 14508.9
threshold=292.35207400000007 -0.9875000000000006 16.025000000000002 84.775400500000018 182.30607700000004 -12.483824843749998 263.70710200000008 42.523274000000008 21.112500000000004 22.212500000000002 21.112500000000004 55.840928000000012 -0.035147567708333632 0.6078576107927941
decision_type=2 2 2 2 2 2 2 2 2 2 2 2 2 2
left_child=1 2 -1 -4 5 -5 7 -3 -9 10 -10 -12 -11 -14
right_child=-2 6 3 4 -6 -7 -8 8 9 12 11 -13 13 -15
leaf_value=-0.79594324957975682 -0.82132627973860173 0.010626266817787434 0.012138403996256056 -0.7275079476521058 -0.058350659267271149 -0.10958428321589385 -0.17014584921587128 -0.093520382696734322 0.22489825209826725 -0.1941332505177312 0.56113594029393565 1.4040897289318826 0.35106389488073453 -0.097435019279975207
leaf_weight=93 105 3122 2316 302 1380 416 457 393 606 235 277 66 694 243
leaf_count=93 105 3122 2316 302 1380 416 457 393 606 235 277 66 694 243
internal_value=-0.000100273 0.00811122 -0.0872688 -0.0721606 -0.16518 -0.370141 0.0786667 0.0988685 0.208404 0.264365 0.40693 0.726947 0.148678 0.234771
internal_weight=10705 10600 4507 4414 2098 718 6093 5636 2514 2121 949 343 1172 937
internal_count=10705 10600 4507 4414 2098 718 6093 5636 2514 2121 949 343 1172 937
is_linear=0
shrinkage=0.05


Tree=32
num_leaves=15
num_cat=0
split_feature=84 71 29 84 84 69 83 84 84 31 84 52 24 36
split_gain=26329.4 25679.7 17397.8 12633.8 16433.2 24148.7 11978.6 11950.6 19677.3 15355 13258.5 14848.2 11383 21403.4
threshold=295.90254450000003 -0.9875000000000006 16.025000000000002 84.775400500000018 182.30607700000004 -12.483824843749998 244.73605600000005 263.70710200000008 42.523274000000008 21.112500000000004 100.39330950000002 0.63405362205439497 278.56941200000006 24.045572916666668
decision_type=2 2 2 2 2 2 2 2 2 2 2 2 2 2
left_child=1 2 -1 -4 5 -5 -6 8 -3 -10 -11 -12 13 -13
right_child=-2 7 3 4 6 -7 -8 -9 9 10 11 12 -14 -15
leaf_value=-0.75656948397134216 -0.87659440321080828 0.010095123088436415 0.011531745562415104 -0.69125259983116649 -0.18004653596629699 -0.10411820794953752 0.11770381069669258 -0.16928202516341492 -0.08885623027811651 0.51514242255251019 0.05962962991303266 0.33089442495283794 0.56016222226588674 -0.64395762161532444
leaf_weight=93 84 3122 2316 302 818 416 574 466 393 388 955 353 359 66
leaf_count=93 84 3122 2316 302 818 416 574 466 393 388 955 353 359 66
internal_value=-9.76135e-05 0.00691635 -0.0834168 -0.0691046 -0.157577 -0.351692 -0.0572709 0.0738177 0.0939443 0.198027 0.2512 0.191843 0.353851 0.17617
internal_weight=10705 10621 4519 4426 2110 718 1392 6102 5636 2514 2121 1733 778 419
internal_count=10705 10621 4519 4426 2110 718 1392 6102 5636 2514 2121 1733 778 419
is_linear=0
shrinkage=0.05


Tree=33
num_leaves=15
num_cat=0
split_feature=71 84 84 29 70 84 41 69 70 46 32 58 83 35
split_gain=24545.1 22664.1 19953.7 17898.4 11872.2 19539.9 17424.1 14684.5 24072 12401.6 11956.3 11892.9 10890.3 10655.4
threshold=1.7624999999999995 303.76010700000006 42.523274000000008 16.512500000000003 8.0129088345045254 105.02005400000002 82.625000000000014 -17.644610546874997 20.217528983325611 91.427083333333357 18.937500000000004 4.932154000000005 135.22764750000002 22.655208333333338
decision_type=2 2 2 2 2 2 2 2 2 2 2 2 2 2
left_child=1 3 -2 -1 9 -6 7 -7 11 12 -8 -9 -5 -4
right_child=2 -3 13 4 5 6 10 8 -10 -11 -12 -13 -14 -15
leaf_value=-0.65119998828208048 0.01014620654722698 -1.1912158888439801 0.45840124594969356 -0.00083675695203251621 0.0081686797469425927 -0.50967801349447261 0.062001416217280586 -0.11207475527398665 0.90681517973122472 -0.55908553619610979 -0.4308791545029676 0.62092897134522607 0.20598241843994547 0.1585492929595155
leaf_weight=117 1667 42 482 2151 2551 150 145 712 70 82 803 59 903 771
leaf_count=117 1667 42 482 2151 2551 150 145 712 70 82 803 59 903 771
internal_value=-0.000101632 -0.0464706 0.123496 -0.0401082 -0.0306485 -0.0827787 -0.202374 -0.0556765 0.025808 0.0439921 -0.355505 -0.0552507 0.0603625 0.274169
internal_weight=10705 7785 2920 7743 7626 4490 1939 991 841 3136 948 771 3054 1253
internal_count=10705 7785 2920 7743 7626 4490 1939 991 841 3136 948 771 3054 1253
is_linear=0
shrinkage=0.05


Tree=34
num_leaves=15
num_cat=0
split_feature=35 84 69 84 48 84 48 48 36 36 47 84 42 46
split_gain=22564.9 17129.5 17085.5 15379.5 15224.9 12505.3 37433.7 13652.4 11404.9 20140.9 11395.2 9709.38 12488.4 11770.9
threshold=19.946354166666669 91.073221500000017 -10.466263937499997 273.02215500000005 6.6250000000000009 224.60736200000005 21.625000000000004 7.6250000000000009 21.329817708333337 20.748177083333335 81.669270833333357 228.24203700000001 50.375000000000007 81.192708333333357
decision_type=2 2 2 2 2 2 2 2 2 2 2 2 2 2
left_child=1 -1 10 4 11 7 -7 -6 9 -4 -3 -2 -13 -14
right_child=3 2 8 -5 5 6 -8 -9 -10 -11 -12 12 13 -15
leaf_value=0.029512606877973829 0.053817067504831895 -0.76653563797797852 -0.19890122935839646 -0.24651704818314024 0.43084339971313829 -1.1802214469327483 -0.00079120723455543491 0.018636806116698386 -0.45040071746334437 0.45443731892621148 -0.22210299446624485 -0.10440599930731993 0.64158504711630859 0.23257806404419279
leaf_weight=796 814 229 448 459 207 85 309 5866 215 159 167 166 267 518
leaf_count=796 814 229 448 459 207 85 309 5866 215 159 167 166 267 518
internal_value=-0.000101332 -0.150858 -0.268663 0.0348474 0.0505637 0.0150299 -0.257581 0.0327556 -0.138376 -0.0272972 -0.538077 0.180678 0.289093 0.372332
internal_weight=10705 2014 1218 8691 8232 6467 394 6073 822 607 396 1765 951 785
internal_count=10705 2014 1218 8691 8232 6467 394 6073 822 607 396 1765 951 785
is_linear=0
shrinkage=0.05


Tree=35
num_leaves=15
num_cat=0
split_feature=84 71 84 24 25 47 49 17 51 84 84 71 67 30
split_gain=21605.8 20244.3 13812 15728.5 27522.4 20212.4 17767.7 14429 12487.6 11813.1 16356.4 13105.9 9903.52 9875.57
threshold=303.76010700000006 -0.9875000000000006 84.775400500000018 278.11863750000003 109.2624300420939 69.231770833333357 3.5000000000000004 2.0018641137551049e-06 1.5000000000000002 263.70710200000008 42.523274000000008 2.9500000000000015 -2.3841713958333335 16.862500000000004
decision_type=2 2 2 2 2 2 2 2 2 2 2 2 2 2
left_child=1 2 -1 6 5 -5 7 -4 -8 10 -3 -12 -7 -9
right_child=-2 9 3 4 -6 12 8 13 -10 -11 11 -13 -14 -15
leaf_value=0.0096750775349714931 -1.1186302864274313 0.0076947807529991908 0.081105641381965229 1.3626464734676966 -0.50289994092252022 -0.11554837565224869 0.18211926694186231 -0.78232615180762421 -0.64882440652198548 -0.17255025227452311 0.11004053153364804 0.36809175041361458 0.48636844606264262 -0.21028284489185337
leaf_weight=2322 42 3122 458 42 132 132 52 82 327 486 1843 671 140 854
leaf_count=2322 42 3122 458 42 132 132 52 82 327 486 1843 671 140 854
internal_value=-0.000102377 0.00440783 -0.075576 -0.164748 0.100488 0.354933 -0.231488 -0.148744 -0.534637 0.0637386 0.0841411 0.179035 0.194908 -0.261179
internal_weight=10705 10663 4541 2219 446 314 1773 1394 379 6122 5636 2514 272 936
internal_count=10705 10663 4541 2219 446 314 1773 1394 379 6122 5636 2514 272 936
is_linear=0
shrinkage=0.05


Tree=36
num_leaves=15
num_cat=0
split_feature=71 84 84 29 70 84 41 69 70 32 58 46 35 47
split_gain=19698.4 18077 16396.9 13922.8 9992.66 15741.7 14687.3 11282.8 19178.6 10743.5 10717.8 10454 9445.62 17249.5
threshold=1.7624999999999995 303.76010700000006 42.523274000000008 16.512500000000003 8.0129088345045254 105.02005400000002 82.625000000000014 -17.644610546874997 20.217528983325611 18.937500000000004 4.932154000000005 91.427083333333357 22.655208333333338 69.141927083333357
decision_type=2 2 2 2 2 2 2 2 2 2 2 2 2 2
left_child=1 3 -2 -1 11 -6 7 -7 10 -8 -9 -5 13 -4
right_child=2 -3 12 4 5 6 9 8 -10 -11 -12 -13 -14 -15
leaf_value=-0.57492754315420735 0.0078716266283886029 -1.0639994980290879 1.2384387271446096 0.055892046778218955 0.0061897144666291752 -0.44606217747393828 0.072307352867927915 -0.10298021987987079 0.8096987584946862 -0.39482744941256237 0.59286191711823155 -0.51283965814544497 0.1383712137938318 0.31050410647931087
leaf_weight=117 1667 42 56 3054 2551 150 145 712 70 803 59 82 771 426
leaf_count=117 1667 42 56 3054 2551 150 145 712 70 803 59 82 771 426
internal_value=-0.000101663 -0.041641 0.110623 -0.0359588 -0.0276155 -0.0754416 -0.182786 -0.0481048 0.02332 -0.323377 -0.0490326 0.0408621 0.247208 0.420655
internal_weight=10705 7785 2920 7743 7626 4490 1939 991 841 948 771 3136 1253 482
internal_count=10705 7785 2920 7743 7626 4490 1939 991 841 948 771 3136 1253 482
is_linear=0
shrinkage=0.05


Tree=37
num_leaves=15
num_cat=0
split_feature=84 35 84 69 36 36 36 47 47 71 84 35 36 22
split_gain=18118.3 16740.8 12195.9 14188.8 9812.51 10359.3 12331.2 12910.3 9627.02 9070.3 15388.2 9743.41 14746.3 9018.5
threshold=295.90254450000003 19.946354166666669 91.073221500000017 -10.466263937499997 18.395963541666671 21.329817708333337 20.748177083333335 80.190104166666671 81.669270833333357 1.7624999999999995 42.523274000000008 22.655208333333338 24.091666666666672 129.34820464062503
decision_type=2 2 2 2 2 2 2 2 2 2 2 2 2 2
left_child=1 2 -1 8 -5 6 7 -6 -4 -3 -11 12 -12 -8
right_child=-2 9 3 4 5 -7 13 -9 -10 10 11 -13 -14 -15
leaf_value=0.027209732341118523 -0.72718619334347112 -5.1752628092703222e-05 -0.68328476462627064 -0.68007305948173302 -0.31747975563747366 -0.35602889956230777 0.64748301664988206 0.28191772339762083 -0.18171005191647316 0.0075316132778323721 0.27909602329739797 0.13293488108057094 0.97953351130414967 -0.21496780336630056
leaf_weight=796 84 5776 226 67 238 203 119 143 167 1616 367 769 94 40
leaf_count=796 84 5776 226 67 238 203 119 143 167 1616 367 769 94 40
internal_value=-9.59433e-05 0.00572243 -0.124609 -0.225004 -0.105144 -0.0524558 0.0621123 -0.09236 -0.47115 0.0359507 0.108992 0.242179 0.423729 0.430527
internal_weight=10705 10621 1999 1203 810 743 540 381 393 8622 2846 1230 461 159
internal_count=10705 10621 1999 1203 810 743 540 381 393 8622 2846 1230 461 159
is_linear=0
shrinkage=0.05


Tree=38
num_leaves=15
num_cat=0
split_feature=84 71 84 83 70 84 83 25 45 17 40 36 32 67
split_gain=16477.2 15643.4 10359.8 13054.4 10741.7 9411.36 15904.3 12385 10571.7 10377.3 8178.71 7598.5 10171.1 7939.97
threshold=299.97504500000008 -0.9875000000000006 84.775400500000018 247.19484100000003 14.093098137153982 260.0556155000001 227.60934500000005 103.98276118801375 82.531250000000014 2.5927198770225745e-06 73.375000000000014 18.395963541666671 18.512500000000003 1.4133323125000004
decision_type=2 2 2 2 2 2 2 2 2 2 2 2 2 2
left_child=1 2 -1 4 11 6 -3 8 9 -7 -5 -4 -13 -14
right_child=-2 5 3 10 -6 7 -8 -9 -10 -11 -12 12 13 -15
leaf_value=0.0080024643248693596 -0.79996574651449925 0.041127065929205099 -0.64602482690185803 0.63986552876454816 -0.36974966063117476 0.73661100511749589 0.27694580337557928 -0.34780748643004783 -0.21238027806008672 -0.12828488340764715 -0.0043023254595208147 0.37607775698914858 -0.17783552669229563 0.48734562968214351
leaf_weight=2322 63 4681 60 53 677 89 843 313 132 56 563 111 695 47
leaf_count=2322 63 4681 60 53 677 89 843 313 132 56 563 111 695 47
internal_value=-9.49059e-05 0.004715 -0.0657192 -0.143286 -0.218955 0.0568804 0.0771582 -0.132784 0.110562 0.403991 0.0520684 -0.106857 -0.0682204 -0.135102
internal_weight=10705 10642 4528 2206 1590 6114 5524 590 277 145 616 913 853 742
internal_count=10705 10642 4528 2206 1590 6114 5524 590 277 145 616 913 853 742
is_linear=0
shrinkage=0.05


Tree=39
num_leaves=15
num_cat=0
split_feature=84 24 69 25 49 69 84 29 47 25 52 35 22 22
split_gain=15173.7 14632.7 21905.6 13454.6 20783 14624.2 14922.3 22443.5 10676.5 8647.15 13569.4 13125.9 10951.9 20080.7
threshold=303.76010700000006 274.65417650000006 -14.27211109375 103.88651708931739 3.5000000000000004 -11.581825156249996 77.882384000000016 20.762500000000003 81.669270833333357 110.83232094980485 0.13052619222005182 21.865625000000001 137.06521589583335 139.88877832291669
decision_type=2 2 2 2 2 2 2 2 2 2 2 2 2 2
left_child=1 3 -3 5 -5 6 -1 8 -8 10 -4 -11 -12 -14
right_child=-2 2 9 4 -6 -7 7 -9 -10 11 12 -13 13 -15
leaf_value=0.0050760932470211885 -0.93745490867038106 1.0684901412576437 0.015039082750569234 -0.11471059895469016 -0.8093514474320479 0.031654584387553357 -0.62423845198310146 0.063495403447228926 -0.15549603718749727 -0.68687822759887318 -0.027308047467162484 -0.0077377445084351173 0.8532903773436944 0.21846685708420333
leaf_weight=896 42 55 1595 587 131 4694 378 298 180 80 292 585 149 743
leaf_count=896 42 55 1595 587 131 4694 378 298 180 80 292 585 149 743
internal_value=-9.07226e-05 0.00368898 0.0874851 -0.0372448 -0.242398 -0.0143593 -0.137589 -0.286751 -0.47358 0.0715131 0.110264 -0.0903475 0.238423 0.325345
internal_weight=10705 10663 3499 7164 718 6446 1752 856 558 3444 2779 665 1184 892
internal_count=10705 10663 3499 7164 718 6446 1752 856 558 3444 2779 665 1184 892
is_linear=0
shrinkage=0.05


end of trees

feature_importances:
consumo_alvo_semana_anterior=141
temperatura_externa_c_diferenca_semana_atual=73
correcao_semanal_media_1440m=46
consumo_max_1440m=36
temperatura_externa_c_media_1440m=31
umidade_relativa_pct_media_1440m=24
consumo_std_1440m=17
correcao_semanal_std_1440m=14
consumo_diferenca_dia_atual=13
consumo_mean_1440m=12
temperatura_externa_c_media_360m=11
temperatura_externa_c_lag_360m=10
origem_mes=10
temperatura_externa_c_lag_1440m=8
temperatura_externa_c_lag_720m=7
umidade_relativa_pct_media_360m=7
consumo_lag_360m=6
consumo_lag_1440m=6
temperatura_externa_c_lag_180m=6
consumo_max_60m=5
consumo_std_180m=5
umidade_relativa_pct_lag_1440m=5
correcao_semanal_media_60m=5
alvo_hora_sin=5
consumo_alvo_dia_anterior=5
origem_hora=4
origem_dia_semana=4
origem_hora_sin=4
correcao_semanal_media_360m=4
temperatura_externa_c_atual=3
consumo_diferenca_semana_atual=3
umidade_relativa_pct_diferenca_semana_atual=3
alvo_dia_semana=3
consumo_max_360m=2
consumo_std_360m=2
temperatura_externa_c_media_60m=2
umidade_relativa_pct_lag_180m=2
umidade_relativa_pct_lag_360m=2
correcao_semanal_std_360m=2
consumo_lag_30m=1
temperatura_externa_c_lag_15m=1
temperatura_externa_c_media_180m=1
umidade_relativa_pct_lag_720m=1
umidade_relativa_pct_media_60m=1
umidade_relativa_pct_media_180m=1
origem_semana_sin=1
tendencia_consumo_60m=1
correcao_semanal_media_180m=1
correcao_semanal_std_180m=1
alvo_hora=1
alvo_semana_sin=1

parameters:
[boosting: gbdt]
[objective: regression]
[metric: l1]
[tree_learner: serial]
[device_type: cpu]
[data_sample_strategy: bagging]
[data: ]
[valid: ]
[num_iterations: 400]
[learning_rate: 0.05]
[num_leaves: 15]
[num_threads: 2]
[seed: 20260905]
[deterministic: 1]
[force_col_wise: 1]
[force_row_wise: 0]
[histogram_pool_size: -1]
[max_depth: -1]
[min_data_in_leaf: 40]
[min_sum_hessian_in_leaf: 0.001]
[bagging_fraction: 1]
[pos_bagging_fraction: 1]
[neg_bagging_fraction: 1]
[bagging_freq: 0]
[bagging_seed: 23218]
[bagging_by_query: 0]
[feature_fraction: 1]
[feature_fraction_bynode: 1]
[feature_fraction_seed: 28090]
[extra_trees: 0]
[extra_seed: 14360]
[early_stopping_round: 0]
[early_stopping_min_delta: 0]
[first_metric_only: 0]
[max_delta_step: 0]
[lambda_l1: 0]
[lambda_l2: 1]
[linear_lambda: 0]
[min_gain_to_split: 0]
[drop_rate: 0.1]
[max_drop: 50]
[skip_drop: 0.5]
[xgboost_dart_mode: 0]
[uniform_drop: 0]
[drop_seed: 16970]
[top_rate: 0.2]
[other_rate: 0.1]
[min_data_per_group: 100]
[max_cat_threshold: 32]
[cat_l2: 10]
[cat_smooth: 10]
[max_cat_to_onehot: 4]
[top_k: 20]
[monotone_constraints: ]
[monotone_constraints_method: basic]
[monotone_penalty: 0]
[feature_contri: ]
[forcedsplits_filename: ]
[refit_decay_rate: 0.9]
[cegb_tradeoff: 1]
[cegb_penalty_split: 0]
[cegb_penalty_feature_lazy: ]
[cegb_penalty_feature_coupled: ]
[path_smooth: 0]
[interaction_constraints: ]
[verbosity: -1]
[saved_feature_importance_type: 0]
[use_quantized_grad: 0]
[num_grad_quant_bins: 4]
[quant_train_renew_leaf: 0]
[stochastic_rounding: 1]
[linear_tree: 0]
[max_bin: 255]
[max_bin_by_feature: ]
[min_data_in_bin: 3]
[bin_construct_sample_cnt: 200000]
[data_random_seed: 5037]
[is_enable_sparse: 1]
[enable_bundle: 1]
[use_missing: 1]
[zero_as_missing: 0]
[feature_pre_filter: 1]
[pre_partition: 0]
[two_round: 0]
[header: 0]
[label_column: ]
[weight_column: ]
[group_column: ]
[ignore_column: ]
[categorical_feature: ]
[forcedbins_filename: ]
[precise_float_parser: 0]
[parser_config_file: ]
[objective_seed: 15411]
[num_class: 1]
[is_unbalance: 0]
[scale_pos_weight: 1]
[sigmoid: 1]
[boost_from_average: 1]
[reg_sqrt: 0]
[alpha: 0.9]
[fair_c: 1]
[poisson_max_delta_step: 0.7]
[tweedie_variance_power: 1.5]
[lambdarank_truncation_level: 30]
[lambdarank_norm: 1]
[label_gain: ]
[lambdarank_position_bias_regularization: 0]
[eval_at: ]
[multi_error_top_k: 1]
[auc_mu_weights: ]
[num_machines: 1]
[local_listen_port: 12400]
[time_out: 120]
[machine_list_filename: ]
[machines: ]
[gpu_platform_id: -1]
[gpu_device_id: -1]
[gpu_device_id_list: ]
[gpu_use_dp: 0]
[num_gpu: 1]

end of parameters

pandas_categorical:[]
