tree
version=v4
num_class=1
num_tree_per_iteration=1
label_index=0
max_feature_idx=84
objective=regression
feature_names=consumo_atual_kw consumo_lag_15m consumo_lag_30m consumo_lag_60m consumo_lag_120m consumo_lag_180m consumo_lag_360m consumo_lag_720m consumo_lag_1440m consumo_lag_10080m consumo_mean_60m consumo_min_60m consumo_max_60m consumo_std_60m consumo_mean_180m consumo_min_180m consumo_max_180m consumo_std_180m consumo_mean_360m consumo_min_360m consumo_max_360m consumo_std_360m consumo_mean_1440m consumo_min_1440m consumo_max_1440m consumo_std_1440m temperatura_externa_c_atual temperatura_externa_c_lag_15m temperatura_externa_c_lag_60m temperatura_externa_c_lag_180m temperatura_externa_c_lag_360m temperatura_externa_c_lag_720m temperatura_externa_c_lag_1440m temperatura_externa_c_media_60m temperatura_externa_c_media_180m temperatura_externa_c_media_360m temperatura_externa_c_media_1440m umidade_relativa_pct_atual umidade_relativa_pct_lag_15m umidade_relativa_pct_lag_60m umidade_relativa_pct_lag_180m umidade_relativa_pct_lag_360m umidade_relativa_pct_lag_720m umidade_relativa_pct_lag_1440m umidade_relativa_pct_media_60m umidade_relativa_pct_media_180m umidade_relativa_pct_media_360m umidade_relativa_pct_media_1440m origem_hora origem_dia_semana origem_fim_de_semana origem_mes origem_hora_sin origem_hora_cos origem_semana_sin origem_semana_cos consumo_diferenca_semana_atual consumo_razao_semana_atual consumo_diferenca_dia_atual tendencia_consumo_15m tendencia_consumo_60m tendencia_consumo_180m tendencia_consumo_360m correcao_semanal_media_60m correcao_semanal_std_60m correcao_semanal_media_180m correcao_semanal_std_180m correcao_semanal_media_360m correcao_semanal_std_360m correcao_semanal_media_1440m correcao_semanal_std_1440m temperatura_externa_c_diferenca_semana_atual temperatura_externa_c_tendencia_1h umidade_relativa_pct_diferenca_semana_atual umidade_relativa_pct_tendencia_1h alvo_hora alvo_dia_semana alvo_fim_de_semana alvo_mes alvo_hora_sin alvo_hora_cos alvo_semana_sin alvo_semana_cos consumo_alvo_dia_anterior consumo_alvo_semana_anterior
feature_infos=[22.399999999999999:324.71375799999998] [22.399999999999999:324.71375799999998] [22.399999999999999:324.71375799999998] [22.399999999999999:324.71375799999998] [22.399999999999999:324.71375799999998] [22.399999999999999:324.71375799999998] [22.399999999999999:324.71375799999998] [22.399999999999999:324.71375799999998] [22.399999999999999:324.71375799999998] [22.399999999999999:324.71375799999998] [22.399999999999999:321.24876725000001] [22.399999999999999:318.278571] [22.399999999999999:324.71375799999998] [0:82.540869055199337] [22.399999999999999:313.28577408333337] [22.399999999999999:302.53573799999998] [22.399999999999999:324.71375799999998] [0:92.970139865692389] [22.399999999999999:295.13563500000004] [22.399999999999999:249.29458700000001] [22.399999999999999:324.71375799999998] [0:116.53386463160022] [23.200000000000003:159.49963871874999] none [25.600000000000001:324.71375799999998] [1.3929144002343703:128.71471884334804] [15:33.700000000000003] [15:33.700000000000003] [15:33.700000000000003] [15:33.700000000000003] [15:33.700000000000003] [15:33.700000000000003] [15:33.700000000000003] [15:33.4375] [15:32.71875] [15.333333333333334:31.620833333333334] [16.439843749999998:27.283072916666669] [31:98] [31:98] [31:98] [31:98] [31:98] [31:98] [31:98] [32.5:95.625] [33.666666666666664:95.083333333333329] [37.041666666666664:94] [59.309895833333336:91.638020833333329] [0:23.75] [0:6] [0:1] [1:4] [-1:1] [-1:1] [-0.97492791218182362:0.97492791218182362] [-0.90096886790241903:1] [-72.635950000000008:77.445233000000002] [0.43630911779503978:2.09406877563422] [-291.363968:296.779246] [-121.30707899999999:153.05878799999999] [-124.27709300000001:153.05878799999999] [-180.63157299999997:268.16051600000003] [-299.363968:299.97924600000005] [-70.384351250000009:75.467424499999993] [0:44.359338508129341] [-67.777903583333341:70.921986416666655] [0:38.631403568061003] [-64.848194500000005:62.415354583333333] [0:37.083675449251288] [-34.945017510416669:27.905951093750001] [0:30.68446053870321] [-12:11.5] [-8:4.8000000000000007] [-49:48] [-30:40] [0:23.75] [0:6] [0:1] [1:4] [-1:1] [-1:1] [-0.97492791218182362:0.97492791218182362] [-0.90096886790241903:1] [22.399999999999999:324.71375799999998] [22.399999999999999:324.71375799999998]
tree_sizes=1427 1428 1429 1436 1431 1432 1437 1437 1440 1434 1431 1434 1438 1453 1442 1431 1439 1441 1455 1444 1453 1451 1437 1445 1448 1438 1440 1448 1441 1441 1443 1437 1442 1447 1464

Tree=0
num_leaves=15
num_cat=0
split_feature=71 84 71 84 71 24 84 84 30 58 12 69 6 69
split_gain=583776 429531 289956 235850 197120 93916.3 90061.3 60562.5 39572.7 39481.1 38607.2 34381.5 33801.8 30111.7
threshold=-1.0000000180025095e-35 103.37176100000001 -2.8499999999999992 42.523274000000008 2.212499999999999 264.18653100000006 273.38934050000006 287.58038500000004 19.762500000000003 -5.9249009999999975 121.14967050000001 -26.30091713020833 92.256014000000008 11.532673921875002
decision_type=2 2 2 2 2 2 2 2 2 2 2 2 2 2
left_child=1 -1 5 -2 6 11 8 9 -5 -4 -7 -3 -10 -6
right_child=3 2 7 4 13 10 -8 -9 12 -11 -12 -13 -14 -15
leaf_value=-1.0597231048787463 -1.0578193906338424 -3.5659864691221137 -2.1927612100908993 -1.2544338943101474 -0.15830566771121957 -1.1835284265247132 -1.9378229596270282 -2.9721533539820921 -0.31960616696882804 -1.4294781632067655 -2.5583626606726644 -2.7587607746211442 -0.88235674732246261 0.41449027541504568
leaf_weight=2889 2758 206 191 207 404 115 141 74 803 1460 91 409 401 556
leaf_count=2889 2758 206 191 207 404 115 141 74 803 1460 91 409 401 556
internal_value=-1.11347 -1.47702 -1.95038 -0.738541 -0.388157 -2.72332 -0.736911 -1.58179 -0.616407 -1.51838 -1.7949 -3.03269 -0.506687 0.174683
internal_weight=10705 5435 2546 5270 2512 821 1552 1725 1411 1651 206 615 1204 960
internal_count=10705 5435 2546 5270 2512 821 1552 1725 1411 1651 206 615 1204 960
is_linear=0
shrinkage=1


Tree=1
num_leaves=15
num_cat=0
split_feature=71 84 71 84 69 24 84 84 58 12 6 30 69 63
split_gain=527969 368228 298518 257993 138878 84754.2 77078.8 51200.1 37395 34883.3 34811 49746.9 32070.1 30901.9
threshold=1.0000000180025095e-35 103.37176100000001 -2.8499999999999992 42.523274000000008 11.532673921875002 264.18653100000006 287.58038500000004 272.35636400000004 -10.845522500000007 121.14967050000001 97.995967000000022 21.012500000000003 -13.065936541666668 2.5519782499999946
decision_type=2 2 2 2 2 2 2 2 2 2 2 2 2 2
left_child=1 -1 5 -2 7 12 8 10 -4 -7 11 -5 -3 -10
right_child=3 2 6 4 -6 9 -8 -9 13 -11 -12 -13 -14 -15
leaf_value=0.059993903322554512 0.052870340019975925 -2.1366620091989006 -1.1805152100226113 0.37057092730162416 1.3541738266705492 -0.066582976487176176 -1.8040355684936689 -0.4953541023035844 -0.30645822167724357 -1.3734305565123974 0.18710875452912235 1.091744884542744 -1.3924285740520492 0.96728606265114281
leaf_weight=3131 2563 354 120 450 731 115 92 116 1745 91 375 513 261 48
leaf_count=3131 2563 354 120 450 731 115 92 116 1745 91 375 513 261 48
internal_value=-2.90215e-05 -0.313496 -0.727169 0.39324 0.792285 -1.5297 -0.397954 0.509059 -0.329426 -0.647726 0.596443 0.755482 -1.82359 -0.271839
internal_weight=10705 5957 2826 4748 2185 821 2005 1454 1913 206 1338 963 615 1793
internal_count=10705 5957 2826 4748 2185 821 2005 1454 1913 206 1338 963 615 1793
is_linear=0
shrinkage=0.05


Tree=2
num_leaves=15
num_cat=0
split_feature=71 84 71 84 71 84 24 84 69 58 73 51 12 69
split_gain=478193 351189 235679 193350 165062 78777.8 78080.3 49066 40042 33412.2 37971.3 32588 30984.4 28291.3
threshold=-1.0000000180025095e-35 104.01284850000002 -2.8499999999999992 42.523274000000008 2.212499999999999 282.33339050000006 264.18653100000006 287.58038500000004 -0.27905442708333383 -1.7172850000000037 3.8750000000000004 3.5000000000000004 121.14967050000001 -26.30091713020833
decision_type=2 2 2 2 2 2 2 2 2 2 2 2 2 2
left_child=1 -1 6 -2 5 8 13 9 11 10 -4 -5 -8 -3
right_child=3 2 7 4 -6 -7 12 -9 -10 -11 -12 -13 -14 -15
leaf_value=0.04699304364608789 0.050204068469845681 -2.2241632977545551 -0.19220555980326767 0.39260545527588736 1.1715752676562052 -1.4397485651572546 -0.063282539310126479 -1.6779864762624106 0.6182628292906327 -0.26888885296454768 -1.3856636405373233 -0.36266065739118591 -1.3025140276882385 -1.4906997480663688
leaf_weight=2898 2758 206 117 354 960 59 115 74 901 1376 155 238 89 405
leaf_count=2898 2758 206 117 354 960 59 115 74 901 1376 155 238 89 405
internal_value=-4.939e-05 -0.329086 -0.758529 0.339287 0.656534 0.337403 -1.45857 -0.426554 0.408549 -0.369378 -0.874886 0.0888685 -0.607644 -1.74122
internal_weight=10705 5435 2537 5270 2512 1552 815 1722 1493 1648 272 592 204 611
internal_count=10705 5435 2537 5270 2512 1552 815 1722 1493 1648 272 592 204 611
is_linear=0
shrinkage=0.05


Tree=3
num_leaves=15
num_cat=0
split_feature=71 84 71 84 69 24 84 84 6 30 58 65 16 69
split_gain=432019 301835 248897 211173 118094 69201.2 63773.3 42453.8 31220.1 43645 30943.2 29489.2 29061.2 27083.7
threshold=1.0000000180025095e-35 101.20536200000002 -2.8499999999999992 42.523274000000008 11.532673921875002 264.18653100000006 287.58038500000004 272.35636400000004 97.995967000000022 21.062500000000004 -10.845522500000007 0.22060337499999785 162.04901450000003 -13.065936541666668
decision_type=2 2 2 2 2 2 2 2 2 2 2 2 2 2
left_child=1 -1 5 -2 7 13 10 8 9 -5 -4 -12 -7 -3
right_child=3 2 6 4 -6 12 -8 -9 -10 -11 11 -13 -14 -15
leaf_value=0.058278698443154746 0.04771863145989115 -1.9324341374402607 -1.0447235182335135 0.32599031610694612 1.2348135097043924 -0.028526109242224481 -1.6341120601020833 -0.45904564658482361 0.14755406321962661 1.0013040180312611 -0.29725216965991091 0.46863195300102234 -1.2096177020608776 -1.2546412916770624
leaf_weight=3098 2563 357 127 451 731 110 92 116 375 512 1673 135 98 267
leaf_count=3098 2563 357 127 451 731 110 92 116 375 512 1673 135 98 267
internal_value=-8.48812e-05 -0.283641 -0.654034 0.355659 0.716684 -1.38172 -0.354814 0.455525 0.535099 0.685702 -0.293177 -0.239838 -0.588127 -1.64489
internal_weight=10705 5957 2859 4748 2185 832 2027 1454 1338 963 1935 1808 208 624
internal_count=10705 5957 2859 4748 2185 832 2027 1454 1338 963 1935 1808 208 624
is_linear=0
shrinkage=0.05


Tree=4
num_leaves=15
num_cat=0
split_feature=71 84 71 84 71 84 24 84 69 51 58 73 43 84
split_gain=391424 287240 191406 158377 138338 66529.9 63642.6 40153.9 33896.2 28607 27116.4 33374 25691.1 25461.2
threshold=-1.0000000180025095e-35 104.01284850000002 -2.8499999999999992 42.523274000000008 2.212499999999999 282.33339050000006 264.18653100000006 292.35207400000007 -0.27905442708333383 3.5000000000000004 -1.7172850000000037 3.8750000000000004 88.875000000000014 253.37260750000004
decision_type=2 2 2 2 2 2 2 2 2 2 2 2 2 2
left_child=1 -1 6 -2 5 8 12 10 9 -5 11 -4 -3 -6
right_child=3 2 7 4 13 -7 -8 -9 -10 -11 -12 -13 -14 -15
leaf_value=0.042325601024118198 0.045272387962230702 -1.6890486324845206 -0.15945090601157585 0.35775422894513942 1.1952824615495767 -1.3312553836901984 -0.54880888930181182 -1.7840481538772583 0.56021755070331614 -0.34987017880953758 -0.25578724185447227 -1.2765797538552315 -0.65830657364616929 0.54975192809334172
leaf_weight=2898 2758 541 117 354 766 59 204 49 901 238 1400 156 70 194
leaf_count=2898 2758 541 117 354 766 59 204 49 901 238 1400 156 70 194
internal_value=-0.000102009 -0.297794 -0.686174 0.306908 0.594034 0.301883 -1.31705 -0.386999 0.367269 0.0731598 -0.34504 -0.80014 -1.57223 1.06554
internal_weight=10705 5435 2537 5270 2512 1552 815 1722 1493 592 1673 273 611 960
internal_count=10705 5435 2537 5270 2512 1552 815 1722 1493 592 1673 273 611 960
is_linear=0
shrinkage=0.05


Tree=5
num_leaves=15
num_cat=0
split_feature=71 84 71 84 69 24 84 24 84 47 58 22 12 63
split_gain=353459 247744 196721 172830 99884.2 57444.2 52864.3 35444.2 42813 30291.3 26158.2 25554.6 25443.2 24979.6
threshold=1.0000000180025095e-35 104.01284850000002 -2.8499999999999992 42.523274000000008 11.532673921875002 264.18653100000006 284.32638350000008 253.43744300000003 260.0556155000001 72.009114583333343 -10.845522500000007 148.13106922916668 121.14967050000001 2.5519782499999946
decision_type=2 2 2 2 2 2 2 2 2 2 2 2 2 2
left_child=1 -1 5 -2 7 -3 10 9 -9 -5 -4 -6 -7 -12
right_child=3 2 6 4 11 12 -8 8 -10 -11 13 -13 -14 -15
leaf_value=0.048822561917967078 0.043070892155077457 -1.4938092835235344 -0.97951364517827677 1.6000523820836496 1.3522338899251967 -0.028473247388570475 -1.3959206736223264 0.42115610033102863 -0.35795262101995906 0.56526532931177798 -0.25077246010933735 0.73510829822762924 -1.1511675525373883 0.89450360576109011
leaf_weight=3140 2563 611 120 93 460 115 109 844 222 295 1725 271 89 48
leaf_count=3140 2563 611 120 93 460 115 109 844 222 295 1725 271 89 48
internal_value=-0.000121673 -0.256603 -0.596946 0.321655 0.648265 -1.25137 -0.330042 0.408094 0.258719 0.81677 -0.267964 1.12477 -0.521502 -0.21928
internal_weight=10705 5957 2817 4748 2185 815 2002 1454 1066 388 1893 731 204 1773
internal_count=10705 5957 2817 4748 2185 815 2002 1454 1066 388 1893 731 204 1773
is_linear=0
shrinkage=0.05


Tree=6
num_leaves=15
num_cat=0
split_feature=71 84 71 84 71 84 69 7 84 69 51 58 73 84
split_gain=320674 234531 155408 129879 114123 56341.1 53640.2 36370.4 33775.2 28447.6 25428.8 22755.2 29636.1 22199.7
threshold=-1.0000000180025095e-35 104.01284850000002 -2.8499999999999992 42.523274000000008 2.212499999999999 282.33339050000006 -14.779579244791664 122.87923900000001 295.90254450000003 -0.27905442708333383 3.5000000000000004 -1.7172850000000037 3.8750000000000004 252.77660250000002
decision_type=2 2 2 2 2 2 2 2 2 2 2 2 2 2
left_child=1 -1 6 -2 5 9 -3 -8 11 10 -5 12 -4 -6
right_child=3 2 8 4 13 -7 7 -9 -10 -11 -12 -13 -14 -15
leaf_value=0.037769765735556647 0.040836500068339977 -1.6556062633341011 -0.12927652627103411 0.33150250683368093 1.0887202481376703 -1.2304413839181265 -1.1831458924742013 -0.27246575579461124 -1.7522608314241683 0.50936499062211593 -0.33565234911232184 -0.23439135042533432 -1.181767207042427 0.49077811057880594
leaf_weight=2898 2758 351 117 354 762 59 285 179 41 901 238 1408 156 198
leaf_count=2898 2758 351 117 354 762 59 285 179 41 901 238 1408 156 198
internal_value=-0.000115575 -0.269563 -0.620505 0.277767 0.53778 0.27243 -1.18897 -0.833169 -0.350925 0.332604 0.0631745 -0.315725 -0.732818 0.966034
internal_weight=10705 5435 2537 5270 2512 1552 815 464 1722 1493 592 1681 273 960
internal_count=10705 5435 2537 5270 2512 1552 815 464 1722 1493 592 1681 273 960
is_linear=0
shrinkage=0.05


Tree=7
num_leaves=15
num_cat=0
split_feature=71 84 71 84 71 84 69 69 22 7 84 58 73 84
split_gain=289483 211750 140289 117224 103317 49920.1 48420 36664.4 43445.1 32834.2 31040.7 22046 27042.5 21495.6
threshold=-1.0000000180025095e-35 104.01284850000002 -2.8499999999999992 42.523274000000008 1.7624999999999995 283.32550850000001 -14.779579244791664 11.532673921875002 136.22269246875001 122.87923900000001 287.58038500000004 -1.7172850000000037 3.8750000000000004 257.75375800000006
decision_type=2 2 2 2 2 2 2 2 2 2 2 2 2 2
left_child=1 -1 6 -2 5 13 -3 8 -6 -8 11 12 -4 -5
right_child=3 2 10 4 7 -7 9 -9 -10 -11 -12 -13 -14 -15
leaf_value=0.035881927839334811 0.038795414476258117 -1.5730610875920816 -0.12286748480746301 0.35551213358630701 0.89479457444299459 -1.4261944468902505 -1.1241954182834737 1.1014128216312977 0.039843157609182646 -0.25891814380056327 -1.3288183273275695 -0.20638850937883549 -1.1296179689466954 -0.17459859096390362
leaf_weight=2898 2758 351 117 978 377 45 285 630 245 179 74 1376 155 237
leaf_count=2898 2758 351 117 978 377 45 285 630 245 179 74 1376 155 237
internal_value=-0.000135372 -0.256144 -0.589606 0.263887 0.510908 0.191029 -1.12971 0.832422 0.558642 -0.791667 -0.333475 -0.288002 -0.698604 0.252049
internal_weight=10705 5435 2537 5270 2512 1260 815 1252 622 464 1722 1648 272 1215
internal_count=10705 5435 2537 5270 2512 1260 815 1252 622 464 1722 1648 272 1215
is_linear=0
shrinkage=0.05


Tree=8
num_leaves=15
num_cat=0
split_feature=71 84 71 84 69 24 84 24 84 17 8 58 24 25
split_gain=261746 184681 150131 128070 76776.4 51823.5 40909.2 29032 32846.7 27268.8 24675 22152.4 24800.7 33189.7
threshold=1.0000000180025095e-35 101.20536200000002 -2.5124999999999988 42.523274000000008 11.532673921875002 264.18653100000006 275.36804450000005 253.43744300000003 260.0556155000001 1.1692635583363182e-06 201.91442500000002 -10.845522500000007 277.22543400000006 109.00154112320878
decision_type=2 2 2 2 2 2 2 2 2 2 2 2 2 2
left_child=1 -1 5 -2 7 -3 11 9 -9 -5 -7 -4 -13 -14
right_child=3 2 6 4 -6 10 -8 8 -10 -11 -12 12 13 -15
leaf_value=0.046590267185600512 0.036938146085662892 -1.2761576710311511 -0.85217919303267675 1.3525039785999364 0.97565904853845142 -0.1071266273692167 -0.89157674551304233 0.35447839817417975 -0.32792257188856938 0.43894204185515479 -1.1560847247519144 -0.24850053918753182 0.48295081062366568 -0.48159713008272365
leaf_weight=3098 2563 654 113 117 731 178 227 844 222 271 81 1181 299 126
leaf_count=3098 2563 654 113 117 731 178 227 844 222 271 81 1181 299 126
internal_value=-0.000151388 -0.220864 -0.510591 0.27675 0.557904 -1.03923 -0.262164 0.347351 0.212191 0.717192 -0.438364 -0.178578 -0.130682 0.196531
internal_weight=10705 5957 2859 4748 2185 913 1946 1454 1066 388 259 1719 1606 425
internal_count=10705 5957 2859 4748 2185 913 1946 1454 1066 388 259 1719 1606 425
is_linear=0
shrinkage=0.05


Tree=9
num_leaves=15
num_cat=0
split_feature=71 84 71 84 71 84 26 30 42 69 69 32 24 25
split_gain=236853 173100 115517 95993.9 86591.3 44145 31950.1 24103.5 28423.5 23181 21774.5 21390 21661.1 28102
threshold=-1.0000000180025095e-35 104.01284850000002 -3.7624999999999988 42.523274000000008 2.212499999999999 284.32638350000008 19.012500000000003 19.762500000000003 51.125000000000007 -6.2117165312500005 -26.462434338541666 22.012500000000003 278.11863750000003 107.98559925686267
decision_type=2 2 2 2 2 2 2 2 2 2 2 2 2 2
left_child=1 -1 10 -2 5 7 -4 -5 -9 -10 -3 12 -8 -14
right_child=3 2 6 4 -6 -7 11 8 9 -11 -12 -13 13 -15
leaf_value=0.03231114681177908 0.034976000251567808 -1.7080595093572926 -0.7379145757138641 -0.22086425021682918 0.83523730374271832 -1.2784559503514716 -0.2644540114673552 -0.21853331771537499 -0.30924657902315911 0.52074383462240881 -0.98433331179398087 -0.54662742732400449 0.60245927856382675 -0.56973875057366163
leaf_weight=2898 2758 166 466 208 960 46 881 183 91 1024 296 481 176 71
leaf_count=2898 2758 166 466 208 960 46 881 183 91 1024 296 481 176 71
internal_value=-0.00015154 -0.231721 -0.533218 0.238667 0.462203 0.231071 -0.373658 0.277997 0.358046 0.452788 -1.2475 -0.267769 -0.14848 0.264573
internal_weight=10705 5435 2537 5270 2512 1552 2075 1506 1298 1115 462 1609 1128 247
internal_count=10705 5435 2537 5270 2512 1552 2075 1506 1298 1115 462 1609 1128 247
is_linear=0
shrinkage=0.05


Tree=10
num_leaves=15
num_cat=0
split_feature=71 84 71 84 71 24 84 69 22 84 8 43 69 71
split_gain=213791 156348 110980 86628.5 79164.3 43805.3 38937.5 28752.5 36418.9 25012.4 21736.7 20296 18558.4 18343.1
threshold=-1.0000000180025095e-35 101.20536200000002 -2.5124999999999988 42.523274000000008 1.7624999999999995 264.18653100000006 283.32550850000001 11.532673921875002 136.22269246875001 292.35207400000007 201.91442500000002 88.875000000000014 -13.065936541666668 3.4000000000000008
decision_type=2 2 2 2 2 2 2 2 2 2 2 2 2 2
left_child=1 -1 5 -2 6 11 -5 8 13 -4 -7 12 -3 -6
right_child=3 2 9 4 7 10 -8 -9 -10 -11 -12 -13 -14 -15
leaf_value=0.034583360682394121 0.033227833826803742 -1.5283146526365037 -0.22677322416240467 0.21298198954893066 0.58697786637219707 -0.082001026532373414 -1.2691763427918374 0.95869235509811723 0.0032608029228158118 -1.422458926431007 -1.0663902114077313 -0.37689206473032638 -0.95266484310266275 1.4067755961156154
leaf_weight=2857 2758 310 1621 1215 287 178 45 630 245 44 81 74 270 90
leaf_count=2857 2758 310 1621 1215 287 178 45 630 245 44 81 74 270 90
internal_value=-0.000166437 -0.220174 -0.502406 0.226728 0.43908 -0.94515 0.159083 0.720513 0.478119 -0.259206 -0.392778 -1.16297 -1.26244 0.785889
internal_weight=10705 5435 2578 5270 2512 913 1260 1252 622 1665 259 654 580 377
internal_count=10705 5435 2578 5270 2512 913 1260 1252 622 1665 259 654 580 377
is_linear=0
shrinkage=0.05


Tree=11
num_leaves=15
num_cat=0
split_feature=71 84 71 84 69 24 84 8 70 63 36 22 46 36
split_gain=193445 137350 112928 94675.9 59785.9 48952.7 32216.2 26781.3 25369.3 32350.3 24091.6 20529.9 19705.2 18626
threshold=1.0000000180025095e-35 101.20536200000002 -2.1374999999999988 42.523274000000008 11.532673921875002 264.18653100000006 275.36804450000005 201.91442500000002 8.1012924249459495 4.6262223749999984 20.795963541666669 148.13106922916668 82.848958333333357 24.497135416666669
decision_type=2 2 2 2 2 2 2 2 2 2 2 2 2 2
left_child=1 -1 5 -2 8 -3 12 -7 10 -10 -5 -6 -4 -12
right_child=3 2 6 4 11 7 -8 -9 9 -11 13 -13 -14 -15
leaf_value=0.040731359232925111 0.031683096569757943 -1.0992832199763372 0.081968910459322919 -0.28722714627597562 1.0517597189177144 -0.090172717848654285 -0.78765245749113655 -1.0497641864332181 -0.19444654791287852 0.60126487203756651 0.4948206478532251 0.50019108900451104 -0.27288133810178911 1.4786294744564938
leaf_weight=3098 2563 690 666 93 460 248 207 102 422 182 706 271 946 51
leaf_count=3098 2563 690 666 93 460 248 207 102 422 182 706 271 946 51
internal_value=-0.00017534 -0.189918 -0.439776 0.237873 0.479607 -0.855123 -0.201965 -0.372019 0.29382 0.0459183 0.469715 0.848242 -0.126315 0.562964
internal_weight=10705 5957 2859 4748 2185 1040 1819 350 1454 604 850 731 1612 757
internal_count=10705 5957 2859 4748 2185 1040 1819 350 1454 604 850 731 1612 757
is_linear=0
shrinkage=0.05


Tree=12
num_leaves=15
num_cat=0
split_feature=71 84 71 84 71 84 84 36 56 69 26 36 24 25
split_gain=175083 128044 87131.4 71028.7 65398 34806.2 27590 25296.8 24158.3 17794.1 17707.6 18903.6 17079.2 50535.1
threshold=-1.0000000180025095e-35 104.01284850000002 -3.7624999999999988 42.523274000000008 1.7624999999999995 258.94589250000007 295.90254450000003 18.395963541666671 27.694647000000021 -14.462286713541664 22.662500000000005 22.658854166666671 278.11863750000003 109.00154112320878
decision_type=2 2 2 2 2 2 2 2 2 2 2 2 2 2
left_child=1 -1 9 -2 5 -5 7 -4 10 -3 11 -6 -9 -14
right_child=3 2 6 4 8 -7 -8 12 -10 -11 -12 -13 13 -15
leaf_value=0.027823863996796136 0.029951487343870417 -1.3389361027832871 -1.4764685067263517 0.28082330681042722 0.19546902211422618 -0.3569982463418892 -1.4360632856686912 -0.34991615926432762 1.2457183189788148 -0.70160314915457944 0.41273619780537851 1.0057887255279663 0.38000866596699712 -0.64158826455246976
leaf_weight=2898 2758 272 43 988 93 272 53 1470 151 190 682 326 313 196
leaf_count=2898 2758 272 43 988 93 272 53 1470 151 190 682 326 313 196
internal_value=-0.00016424 -0.199261 -0.458568 0.205165 0.397449 0.142961 -0.319995 -0.290045 0.653244 -1.07891 0.570931 0.826826 -0.263534 -0.0138631
internal_weight=10705 5435 2537 5270 2512 1260 2075 2022 1252 462 1101 419 1979 509
internal_count=10705 5435 2537 5270 2512 1260 2075 2022 1252 462 1101 419 1979 509
is_linear=0
shrinkage=0.05


Tree=13
num_leaves=15
num_cat=0
split_feature=71 84 71 84 69 24 84 8 24 51 65 17 73 43
split_gain=158183 112624 94952.6 77449 51086 40024.3 27419.2 23817.2 22786.4 23834.5 21399.5 20991.5 19301.7 18121
threshold=1.0000000180025095e-35 101.20536200000002 -2.1374999999999988 42.523274000000008 11.532673921875002 264.18653100000006 269.42642150000006 201.91442500000002 253.43744300000003 3.5000000000000004 -1.0000000180025095e-35 1.1692635583363182e-06 1.0000000180025095e-35 88.875000000000014
decision_type=2 2 2 2 2 2 2 2 2 2 2 2 2 2
left_child=1 -1 5 -2 8 13 10 -7 11 -10 12 -5 -4 -3
right_child=3 2 6 4 -6 7 -8 -9 9 -11 -12 -13 -14 -15
leaf_value=0.037110239729794929 0.028602568484412713 -1.090384850513906 0.066876879651163235 1.1468701017104974 0.77448356992722867 -0.076247801348926073 -0.57214926243525566 -0.98113357719865812 0.27755970691437304 -0.27008984085440524 0.077785283467291799 0.34569303694605719 -0.519740495931034 -0.27245954351547436
leaf_weight=3098 2563 613 218 117 731 248 357 102 803 263 853 271 391 77
leaf_count=3098 2563 613 218 117 731 248 357 102 803 263 853 271 391 77
internal_value=-0.000168745 -0.171749 -0.398001 0.215092 0.433731 -0.778857 -0.179941 -0.342001 0.262002 0.142319 -0.0838439 0.589612 -0.309987 -0.999636
internal_weight=10705 5957 2859 4748 2185 1040 1819 350 1454 1066 1462 388 609 690
internal_count=10705 5957 2859 4748 2185 1040 1819 350 1454 1066 1462 388 609 690
is_linear=0
shrinkage=0.05


Tree=14
num_leaves=15
num_cat=0
split_feature=71 84 71 84 84 69 22 26 24 68 76 31 6 36
split_gain=142901 104374 72269.2 58008.2 55437.2 41790.2 26058.9 24151.8 20975.4 19892 23658.2 19736.9 22052.5 19372.5
threshold=-1.0000000180025095e-35 104.01284850000002 -3.7624999999999988 42.523274000000008 257.75375800000006 11.532673921875002 23.814895182291668 19.012500000000003 277.22543400000006 6.3233071835179979 2.5000000000000004 21.162500000000005 91.264061500000011 21.286979166666669
decision_type=2 2 2 2 2 2 2 2 2 2 2 2 2 2
left_child=1 -1 -3 -2 5 11 -6 13 -8 -7 -11 -5 -13 -4
right_child=3 2 7 4 6 9 8 -9 -10 10 -12 12 -14 -15
leaf_value=0.024988058117411394 0.026994780560968237 -0.97911323095545111 -0.42645655990681713 -0.051488338220014911 0.74343470033113057 1.2523340694278806 -0.67207838710230061 -0.19592246244171987 0.032829262615682989 0.061458425951952292 0.85280624745358891 0.58982028178210366 0.11706255450558203 -1.192849773892926
leaf_weight=2898 2758 462 359 284 76 181 177 1609 259 131 339 676 389 107
leaf_count=2898 2758 462 359 284 76 181 177 1609 259 131 339 676 389 107
internal_value=-0.000165107 -0.180036 -0.414152 0.185337 0.359105 0.477901 -0.104971 -0.287951 -0.25422 0.806735 0.632838 0.318732 0.417413 -0.604608
internal_weight=10705 5435 2537 5270 2512 2000 512 2075 436 651 470 1349 1065 466
internal_count=10705 5435 2537 5270 2512 2000 512 2075 436 651 470 1349 1065 466
is_linear=0
shrinkage=0.05


Tree=15
num_leaves=15
num_cat=0
split_feature=71 84 71 84 69 24 84 70 63 36 8 46 70 31
split_gain=129339 92549.2 74581.2 63354 41944.2 35378.7 24937 20386.6 25731.1 19912.3 19852.7 17533.7 17312 21260.1
threshold=1.0000000180025095e-35 105.07400350000002 -2.1374999999999988 42.523274000000008 11.532673921875002 264.18653100000006 295.90254450000003 8.1012924249459495 4.6262223749999984 20.795963541666669 201.91442500000002 82.848958333333357 16.669096937163683 23.312500000000004
decision_type=2 2 2 2 2 2 2 2 2 2 2 2 2 2
left_child=1 -1 5 -2 7 -3 11 9 -9 -5 -7 -4 -6 -14
right_child=3 2 6 4 12 10 -8 8 -10 -11 -12 -13 13 -15
leaf_value=0.030680482283938999 0.025823787410341078 -0.91763373495001965 0.05497190245675098 -0.29363138043182962 1.1252300903201105 -0.052707331500540258 -1.3325218129158021 -0.19987048593307924 0.50977370831100755 0.47909951109272042 -0.89758832522274301 -0.26848982105800662 1.3959023351544766 0.44291545351909606
leaf_weight=3151 2563 671 694 93 181 246 44 422 182 757 96 1055 66 484
leaf_count=3151 2563 671 694 93 181 246 44 422 182 757 96 1055 66 484
internal_value=-0.000155993 -0.155306 -0.364096 0.194492 0.392237 -0.706839 -0.170169 0.236632 0.0144519 0.394308 -0.291792 -0.140183 0.700999 0.5596
internal_weight=10705 5957 2806 4748 2185 1013 1793 1454 604 850 342 1749 731 550
internal_count=10705 5957 2806 4748 2185 1013 1793 1454 604 850 342 1749 731 550
is_linear=0
shrinkage=0.05


Tree=16
num_leaves=15
num_cat=0
split_feature=71 84 71 84 84 69 22 84 36 24 68 76 31 6
split_gain=117122 85159.9 59961.4 47612.1 47161 33857.4 22498.4 21799.5 20031.6 18254.7 17736.2 21395.2 17220.7 18946.9
threshold=-1.0000000180025095e-35 104.01284850000002 -3.7624999999999988 42.523274000000008 257.75375800000006 11.532673921875002 23.814895182291668 292.35207400000007 18.395963541666671 277.22543400000006 6.3233071835179979 2.5000000000000004 21.162500000000005 91.264061500000011
decision_type=2 2 2 2 2 2 2 2 2 2 2 2 2 2
left_child=1 -1 -3 -2 5 12 -6 8 -4 -8 -7 -12 -5 -14
right_child=3 2 7 4 6 10 9 -9 -10 -11 11 -13 13 -15
leaf_value=0.022205591580206314 0.024337646378668032 -0.88906762078887192 -1.2862950563430786 -0.054281149618981173 0.68552907972366783 1.1513698095312486 -0.63129282218268079 -1.1758202747308784 -0.20703557223028551 0.026326154278447995 0.023619441287309834 0.77588322689866329 0.54350006004810569 0.10530472040677874
leaf_weight=2898 2758 462 43 284 76 181 177 62 1970 259 131 339 676 389
leaf_count=2898 2758 462 43 284 76 181 177 62 1970 259 131 339 676 389
internal_value=-0.000147718 -0.162988 -0.37446 0.16779 0.325219 0.43479 -0.102806 -0.259509 -0.230717 -0.241477 0.730778 0.566705 0.291517 0.383695
internal_weight=10705 5435 2537 5270 2512 2000 512 2075 2013 436 651 470 1349 1065
internal_count=10705 5435 2537 5270 2512 2000 512 2075 2013 436 651 470 1349 1065
is_linear=0
shrinkage=0.05


Tree=17
num_leaves=15
num_cat=0
split_feature=71 84 22 84 84 71 58 69 56 20 24 58 69 70
split_gain=105972 84426.8 58082.9 43387 49462.2 50988.3 28914 20134.2 17898.8 19835.2 17519.3 24656.8 19880.5 16415.5
threshold=-0.9875000000000006 86.770001500000021 125.64656252604168 275.02512300000006 42.523274000000008 1.7624999999999995 -1.1141225000000075 -26.462434338541666 27.694647000000021 96.401743500000009 281.72766850000005 0.55402850000000126 -0.28348833333333345 12.272028159644577
decision_type=2 2 2 2 2 2 2 2 2 2 2 2 2 2
left_child=1 -1 7 4 -2 10 -4 -3 9 13 12 -12 -6 -7
right_child=3 2 6 -5 5 8 -8 -9 -10 -11 11 -13 -14 -15
leaf_value=0.027081086552628104 0.022952667697282207 -1.2373528149498758 -0.62828196684371185 -0.56093021236377316 -0.20024119206688354 0.55013209547583775 -0.099461719058371978 -0.61821415597959506 1.0730920512179534 0.33430168929050796 0.20134553020578572 1.0888243410623435 0.2147587391380569 1.2917660655682548
leaf_weight=2334 3110 171 334 215 528 225 1134 582 149 701 377 98 634 113
leaf_count=2334 3110 171 334 215 528 225 1134 582 149 701 377 98 634 113
internal_value=-0.000144468 -0.182918 -0.403514 0.135234 0.160544 0.311954 -0.220125 -0.76027 0.561173 0.486799 0.130859 0.386349 0.0261773 0.801154
internal_weight=10705 4555 2221 6150 5935 2825 1468 753 1188 1039 1637 475 1162 338
internal_count=10705 4555 2221 6150 5935 2825 1468 753 1188 1039 1637 475 1162 338
is_linear=0
shrinkage=0.05


Tree=18
num_leaves=15
num_cat=0
split_feature=71 84 71 84 69 24 84 8 70 63 36 58 30 46
split_gain=95680.5 69476.1 61795.4 46896.3 32052.9 27179.7 21541.3 18358.8 17394.7 20166.5 17044.9 16731.2 15822.3 16185.3
threshold=1.0000000180025095e-35 101.20536200000002 -2.1374999999999988 42.523274000000008 11.532673921875002 264.18653100000006 275.36804450000005 201.91442500000002 8.1012924249459495 4.6262223749999984 24.497135416666669 -11.200341999999997 19.212500000000002 91.171875000000014
decision_type=2 2 2 2 2 2 2 2 2 2 2 2 2 2
left_child=1 -1 5 -2 8 -3 11 -7 10 -10 -5 -4 -13 -14
right_child=3 2 6 4 -6 7 -8 -9 9 -11 -12 12 13 -15
leaf_value=0.030467650944757133 0.022169506846812327 -0.8004390511877415 -0.70328107828443709 0.28954004841423558 0.60732629456114573 -0.025478470753354722 -0.61426910412712743 -0.81973360614371904 -0.19351357003149905 0.43472672006410495 1.225058455650623 -0.45150922391568404 0.062015588257894654 -0.92423517544602241
leaf_weight=3098 2563 690 98 799 731 248 207 102 422 182 51 195 1277 42
leaf_count=3098 2563 690 98 799 731 248 207 102 422 182 51 195 1277 42
internal_value=-0.000130426 -0.133574 -0.311278 0.167286 0.337418 -0.618521 -0.135371 -0.258623 0.201398 -0.00380372 0.347045 -0.0735318 -0.0323314 0.0299347
internal_weight=10705 5957 2859 4748 2185 1040 1819 350 1454 604 850 1612 1514 1319
internal_count=10705 5957 2859 4748 2185 1040 1819 350 1454 604 850 1612 1514 1319
is_linear=0
shrinkage=0.05


Tree=19
num_leaves=15
num_cat=0
split_feature=71 84 22 84 84 71 58 70 73 47 56 20 24 24
split_gain=87283.5 69276.1 48301.9 37463.7 41233 42366 24435.4 17648.2 15912.3 15909.2 15825.1 17583.5 15211.3 15028
threshold=-0.9875000000000006 84.775400500000018 125.64656252604168 275.02512300000006 42.523274000000008 1.7624999999999995 -1.1141225000000075 21.848635477332824 8.8750000000000018 76.397135416666671 27.694647000000021 98.500433000000015 256.28648850000008 281.72766850000005
decision_type=2 2 2 2 2 2 2 2 2 2 2 2 2 2
left_child=1 -1 7 4 -2 13 8 -3 -4 -8 11 -7 -11 -6
right_child=3 2 6 -5 5 10 9 -9 -10 12 -12 -13 -14 -15
leaf_value=0.02438405427716088 0.020624332031763778 -0.53779005453538675 -0.23280712130822634 -0.52416734707765966 0.022465616315687342 0.73133459869548045 0.14639613025350828 -1.0778466305734826 -0.92392420542962628 0.17000447534929122 0.99292845310612288 0.29507640666177637 -0.37125343829683349 0.35604449066513477
leaf_weight=2332 3110 541 170 215 1162 348 442 212 164 172 149 691 522 475
leaf_count=2332 3110 541 170 215 1162 348 442 212 164 172 149 691 522 475
internal_value=-0.000132597 -0.166008 -0.365658 0.12273 0.146249 0.284491 -0.198612 -0.691066 -0.573903 -0.0878639 0.511664 0.441758 -0.237057 0.119417
internal_weight=10705 4555 2223 6150 5935 2825 1470 753 334 1136 1188 1039 694 1637
internal_count=10705 4555 2223 6150 5935 2825 1470 753 334 1136 1188 1039 694 1637
is_linear=0
shrinkage=0.05


Tree=20
num_leaves=15
num_cat=0
split_feature=71 84 22 84 84 71 58 84 51 47 56 73 31 53
split_gain=78799.8 62543.3 43604.7 34924.8 32426.2 37745.2 22140.2 18209.8 16636.1 25120.1 14965.6 14707.2 14361.1 15139.2
threshold=-0.9875000000000006 84.775400500000018 125.64656252604168 282.33339050000006 42.523274000000008 1.7624999999999995 -0.214467500000012 258.94589250000007 1.5000000000000002 78.256510416666671 27.694647000000021 8.8750000000000018 21.062500000000004 0.68322629814330826
decision_type=2 2 2 2 2 2 2 2 2 2 2 2 2 2
left_child=1 -1 8 4 -2 7 11 12 -3 -10 -7 -4 -6 -14
right_child=3 2 6 -5 5 10 -8 -9 9 -11 -12 -13 13 -15
leaf_value=0.023165374331294442 0.019593446527175758 -0.014469303335580561 -0.22106286694606145 -0.79644111131580131 -0.10898518409740963 0.39591010331495963 -0.080865144252032048 -0.22252149973383065 -1.1137759862323309 -0.4859635899357404 0.92715796673376316 -0.87408830754048683 0.45199887993212118 0.067776640151536546
leaf_weight=2332 3110 89 179 102 323 1084 1124 350 270 394 151 167 549 481
leaf_count=2332 3110 89 179 102 323 1084 1124 350 270 394 151 167 549 481
internal_value=-0.000130211 -0.157739 -0.347438 0.116609 0.132137 0.251222 -0.188723 0.0985044 -0.65662 -0.74254 0.461562 -0.537862 0.181652 0.272811
internal_weight=10705 4555 2223 6150 6048 2938 1470 1703 753 664 1235 346 1353 1030
internal_count=10705 4555 2223 6150 6048 2938 1470 1703 753 664 1235 346 1353 1030
is_linear=0
shrinkage=0.05


Tree=21
num_leaves=15
num_cat=0
split_feature=71 84 22 84 84 71 58 47 71 84 36 70 70 47
split_gain=71136.7 56465.6 39544.5 31848.7 35154.9 34801.6 20517.1 16508.3 15920.4 14703.5 13474.7 17947.6 20161 23393.4
threshold=-0.9875000000000006 84.775400500000018 126.05083759895835 273.02215500000005 42.523274000000008 1.7624999999999995 -0.214467500000012 76.397135416666671 -1.8499999999999994 163.43167900000003 20.748177083333335 8.0129088345045254 9.0377305047663761 70.485677083333357
decision_type=2 2 2 2 2 2 2 2 2 2 2 2 2 2
left_child=1 -1 8 4 -2 10 -4 -8 -3 -9 -6 -12 -13 -14
right_child=3 2 6 -5 5 -7 7 9 -10 -11 11 12 13 -15
leaf_value=0.022007602128765895 0.018614089060772353 -0.73449418653130349 -0.51142031471122806 -0.44088781205918715 -0.22675483996168741 0.47028204244981942 0.18150663292847269 -0.74850403525612574 -0.19011379766395722 -0.11714322594496543 0.33747587028016346 -0.76149117534543265 0.50496889823093649 -0.17358949331310158
leaf_weight=2332 3110 613 342 250 247 1173 412 109 173 574 753 80 204 333
leaf_count=2332 3110 613 342 250 247 1173 412 109 173 574 753 80 204 333
internal_value=-0.000133193 -0.149882 -0.330129 0.110785 0.134232 0.263057 -0.173955 -0.0681848 -0.615069 -0.218849 0.112534 0.173826 -0.0261182 0.0846463
internal_weight=10705 4555 2223 6150 5900 2790 1437 1095 786 683 1617 1370 617 537
internal_count=10705 4555 2223 6150 5900 2790 1437 1095 786 683 1617 1370 617 537
is_linear=0
shrinkage=0.05


Tree=22
num_leaves=15
num_cat=0
split_feature=71 84 71 84 84 31 24 45 24 18 6 47 70 36
split_gain=64340.8 48220.2 35334.7 26211.9 31328.6 22500.6 20450.5 15347.1 16853.3 14524 14252.1 18015.7 38327.8 34476.2
threshold=-1.0000000180025095e-35 104.01284850000002 -2.1374999999999988 42.523274000000008 252.77660250000002 21.212500000000002 268.37109800000002 81.677083333333357 172.80594750000003 59.075469937500003 93.886427500000011 71.428385416666671 21.040396992618884 24.424479166666671
decision_type=2 2 2 2 2 2 2 2 2 2 2 2 2 2
left_child=1 -1 6 -2 5 -5 -3 8 -6 -8 11 12 -7 -13
right_child=3 2 -4 4 7 10 9 -9 -10 -11 -12 13 -14 -15
leaf_value=0.018523136136501455 0.017896061863489625 -0.64294502237032314 -0.12693430499364228 -0.06436893555542661 1.0338693643102841 1.0590655737358039 0.3408897362686325 -0.31209717548458249 0.024973216697698766 -0.41308376084178172 0.23635537761597691 0.50118644038635884 -0.17466796087101102 -0.71614482202990493
leaf_weight=2898 2758 746 1518 287 48 304 100 313 267 173 654 495 79 65
leaf_count=2898 2758 746 1518 287 48 304 100 313 267 173 654 495 79 65
internal_value=-0.000137599 -0.120832 -0.279961 0.124335 0.241143 0.343045 -0.507575 -0.0646202 0.181495 -0.136667 0.416256 0.54064 0.804796 0.358864
internal_weight=10705 5435 2537 5270 2512 1884 1019 628 315 273 1597 943 383 560
internal_count=10705 5435 2537 5270 2512 1884 1019 628 315 273 1597 943 383 560
is_linear=0
shrinkage=0.05


Tree=23
num_leaves=15
num_cat=0
split_feature=71 84 35 84 84 69 51 69 56 36 36 25 24 47
split_gain=58345.6 46346.7 34757.7 28694.9 24394.3 31776.3 29066.8 22960.7 17143.1 16592.9 24655.5 16296.8 38058.4 20140.1
threshold=-0.9875000000000006 84.775400500000018 19.882812500000004 282.33339050000006 42.523274000000008 -0.27905442708333383 3.5000000000000004 -10.293456088541664 25.342195999999998 18.395963541666671 21.329817708333337 109.2624300420939 278.11863750000003 69.231770833333357
decision_type=2 2 2 2 2 2 2 2 2 2 2 2 2 2
left_child=1 -1 7 4 -2 6 -6 -3 -7 -9 -11 12 -4 -14
right_child=3 2 11 -5 5 8 -8 9 -10 10 -12 -13 13 -15
leaf_value=0.019981933692673783 0.016785621311610169 -0.83139731218785884 -0.23074472196467377 -0.72728583148129067 0.21000893367865048 0.28553909538990957 -0.34993435648562182 -1.0460288535464894 0.80051231268332923 0.099892102017770323 -0.71717209483307975 -0.66817310308211286 1.435807959354201 0.25209725350889911
leaf_weight=2332 3110 390 969 102 566 1804 391 65 177 260 142 132 42 223
leaf_count=2332 3110 390 969 102 566 1804 391 65 177 260 142 132 42 223
internal_value=-0.000127066 -0.135746 -0.299046 0.100325 0.114401 0.21769 -0.0188927 -0.548483 0.331932 -0.310944 -0.189786 -0.142268 -0.0855165 0.444397
internal_weight=10705 4555 2223 6150 6048 2938 957 857 1981 467 402 1366 1234 265
internal_count=10705 4555 2223 6150 6048 2938 957 857 1981 467 402 1366 1234 265
is_linear=0
shrinkage=0.05


Tree=24
num_leaves=15
num_cat=0
split_feature=71 84 71 84 69 69 84 22 36 70 63 31 65 25
split_gain=53089 40548.2 31670.4 26066.9 23606.9 17669.9 16005.1 13921 14174.2 13769.6 13814.7 13376.7 13287.1 14637.7
threshold=1.0000000180025095e-35 105.07400350000002 -2.1374999999999988 42.523274000000008 11.840655182291668 -26.462434338541666 295.90254450000003 148.13106922916668 26.141666666666669 8.1012924249459495 4.6262223749999984 18.012500000000003 3.8351150416666648 109.03423916388498
decision_type=2 2 2 2 2 2 2 2 2 2 2 2 2 2
left_child=1 -1 5 -2 9 -3 12 -6 -9 -5 -11 -7 13 -4
right_child=3 2 6 4 7 11 -8 8 -10 10 -12 -13 -14 -15
leaf_value=0.023577368116481371 0.016387610308326164 -0.92685034466140415 -0.066076582961208497 0.26467976431021978 0.65137584548106742 -1.2068969859017267 -1.0425039209259881 -0.12151868162354079 0.60476225305659081 -0.20465801377972284 0.31336668695952441 -0.31917106861327971 0.65692886536105954 -0.57593888314530983
leaf_weight=3151 2563 169 1538 850 458 44 44 152 119 422 184 800 57 154
leaf_count=3151 2563 169 1538 850 458 44 44 152 119 422 184 800 57 154
internal_value=-0.000127484 -0.0995281 -0.237729 0.124579 0.251421 -0.461076 -0.111356 0.483508 0.198453 0.134966 -0.0471129 -0.366824 -0.0873489 -0.112795
internal_weight=10705 5957 2806 4748 2185 1013 1793 729 271 1456 606 844 1749 1692
internal_count=10705 5957 2806 4748 2185 1013 1793 729 271 1456 606 844 1749 1692
is_linear=0
shrinkage=0.05


Tree=25
num_leaves=15
num_cat=0
split_feature=71 84 35 84 84 31 69 6 45 69 24 66 22 47
split_gain=48014.1 37974.2 29564.4 24802.6 31383.7 22075.4 19317.4 17563.6 17269.6 16104 15527.9 18531 16256.9 14908.2
threshold=-0.9875000000000006 84.775400500000018 19.882812500000004 263.70710200000008 42.523274000000008 21.112500000000004 -10.293456088541664 93.886427500000011 81.677083333333357 1.3151656770833331 280.08090150000004 5.9545554084028529 148.4124377447917 81.669270833333357
decision_type=2 2 2 2 2 2 2 2 2 2 2 2 2 2
left_child=1 -1 6 4 -2 -6 13 10 -5 -9 11 -7 -12 -3
right_child=3 2 -4 8 5 7 -8 9 -10 -11 12 -13 -14 -15
leaf_value=0.01780490224971007 0.015064284892537826 -1.0276710495884929 -0.12638547691733229 0.088354513999404374 -0.087205378839482664 0.39951594243957517 -0.28314760805656897 -0.17773566767990367 -0.49417788553982978 0.28646732821983728 0.8282073428545621 -0.29306368759522833 0.16529189658957344 -0.39978305228897154
leaf_weight=2332 3110 223 1366 225 402 639 467 267 291 617 361 113 125 167
leaf_count=2332 3110 223 1366 225 402 639 467 267 291 617 361 113 125 167
internal_value=-0.000130135 -0.123157 -0.270973 0.0909953 0.121392 0.252348 -0.50102 0.316685 -0.240487 0.146219 0.438191 0.295194 0.658394 -0.760516
internal_weight=10705 4555 2223 6150 5634 2524 857 2122 516 884 1238 752 486 390
internal_count=10705 4555 2223 6150 5634 2524 857 2122 516 884 1238 752 486 390
is_linear=0
shrinkage=0.05


Tree=26
num_leaves=15
num_cat=0
split_feature=71 84 71 84 71 24 84 18 49 30 58 63 58 22
split_gain=43554.4 33563.8 26093.5 21391.7 20756.1 14926.3 14112 12843.9 12623.8 14378.5 12127.2 12793.4 11628.3 11284.4
threshold=1.0000000180025095e-35 105.07400350000002 -2.1374999999999988 42.523274000000008 3.0124999999999997 268.37109800000002 295.90254450000003 59.075469937500003 3.5000000000000004 16.862500000000004 -11.200341999999997 3.2553585000000056 187.63779400000001 143.52180946875004
decision_type=2 2 2 2 2 2 2 2 2 2 2 2 2 2
left_child=1 -1 5 -2 12 8 10 -7 9 -3 -4 -12 -5 -6
right_child=3 2 6 4 13 7 -8 -9 -10 -11 11 -13 -14 -15
leaf_value=0.021840294085083728 0.01481562810841012 -1.012235302522958 -0.62202266946281359 0.169537516238113 0.70881389250673743 0.3474131598994874 -0.97552828080124332 -0.3630516225472093 -0.86924894998440649 -0.29523459549252501 -0.069412863434947542 0.80448400399019548 -0.43801412068038109 0.25086599749385141
leaf_weight=3151 2563 82 96 1560 289 100 44 171 204 456 1611 42 82 254
leaf_count=3151 2563 82 96 1560 289 100 44 171 204 456 1611 42 82 254
internal_value=-0.000128712 -0.090162 -0.215898 0.112825 0.227731 -0.418629 -0.10119 -0.100574 -0.5345 -0.406192 -0.0786497 -0.0467356 0.138949 0.495454
internal_weight=10705 5957 2806 4748 2185 1013 1793 271 742 538 1749 1653 1642 543
internal_count=10705 5957 2806 4748 2185 1013 1793 271 742 538 1749 1653 1642 543
is_linear=0
shrinkage=0.05


Tree=27
num_leaves=15
num_cat=0
split_feature=35 84 69 84 67 84 84 25 24 22 79 71 36 36
split_gain=40169.5 28722.8 28690.9 25547.8 17744.6 19413 25772.7 19172.9 22283.7 26078.7 24294.3 17445.5 15328.8 21702.3
threshold=19.946354166666669 90.348270500000027 -10.466263937499997 299.97504500000008 -2.4885673333333322 42.523274000000008 273.02215500000005 113.37412887341182 280.08090150000004 143.30230728645839 -0.63405362205439475 3.0124999999999997 18.395963541666671 21.329817708333337
decision_type=2 2 2 2 2 2 2 2 2 2 2 2 2 2
left_child=1 -1 -3 4 -2 -6 7 8 9 11 -10 -7 -4 -14
right_child=3 2 12 -5 5 6 -8 -9 10 -11 -12 -13 13 -15
leaf_value=0.038716158971441705 -0.060865259877191817 -0.6967639961328459 -0.91512461322726635 -1.0376957849219994 0.012854591118537376 0.15363333083523853 -0.21077873460832711 -0.29992920535074824 0.73085757464776235 -0.52026150005350591 0.23603680953686046 0.71617148011349718 0.046196583505023085 -0.53773312108599558
leaf_weight=770 2442 402 65 53 3209 1193 353 152 451 130 553 155 555 222
leaf_count=770 2442 402 65 53 3209 1193 353 152 451 130 553 155 555 222
internal_value=-0.000133144 -0.201277 -0.349738 0.0464965 0.0532681 0.0982535 0.189964 0.24373 0.277132 0.153487 0.458818 0.2188 -0.183425 -0.121117
internal_weight=10705 2014 1244 8691 8638 6196 2987 2634 2482 1478 1004 1348 842 777
internal_count=10705 2014 1244 8691 8638 6196 2987 2634 2482 1478 1004 1348 842 777
is_linear=0
shrinkage=0.05


Tree=28
num_leaves=15
num_cat=0
split_feature=35 84 69 84 71 84 36 36 36 47 35 36 47 70
split_gain=36268.3 25934.6 25893.8 23099.9 16497.1 27526.3 13858.6 19595.1 19941.2 14671.5 13554.3 21859.2 13068.9 11930.8
threshold=19.946354166666669 90.348270500000027 -10.466263937499997 299.97504500000008 1.7624999999999995 42.523274000000008 18.395963541666671 21.329817708333337 20.748177083333335 79.941406250000014 22.655208333333338 24.091666666666672 81.669270833333357 8.0129088345045254
decision_type=2 2 2 2 2 2 2 2 2 2 2 2 2 2
left_child=1 -1 12 4 13 -6 -4 8 9 -8 11 -7 -3 -2
right_child=3 2 6 -5 5 10 7 -9 -10 -11 -12 -13 -14 -15
leaf_value=0.036782862418047339 0.086849570292132833 -0.90314375524825241 -0.8700616549361837 -0.98677184272695484 0.013732037361869837 0.36170711805896155 -0.3858032604558318 -0.51096703036867852 0.50693952599767511 0.24441126465193325 0.19519065001532337 1.1985059312497728 -0.3227938003573545 -0.058652054379812385
leaf_weight=770 2419 234 65 53 1620 377 245 222 163 147 753 98 168 3371
leaf_count=770 2419 234 65 53 1620 377 245 222 163 147 753 98 168 3371
internal_value=-0.000137437 -0.191264 -0.332335 0.0441701 0.0506091 0.149109 -0.174337 -0.115093 0.0438909 -0.149452 0.327544 0.536507 -0.662012 0.00214147
internal_weight=10705 2014 1244 8691 8638 2848 842 777 555 392 1228 475 402 5790
internal_count=10705 2014 1244 8691 8638 2848 842 777 555 392 1228 475 402 5790
is_linear=0
shrinkage=0.05


Tree=29
num_leaves=15
num_cat=0
split_feature=71 84 24 25 46 49 84 84 17 31 6 45 51 69
split_gain=33171 26958.3 20946.2 33153.1 20928.8 20368.8 20345.6 22792.3 20283.6 17544.5 14866.4 14394.7 13430 13330.6
threshold=-0.9875000000000006 84.775400500000018 278.11863750000003 109.2624300420939 79.098958333333357 3.5000000000000004 263.70710200000008 42.523274000000008 2.0018641137551049e-06 21.112500000000004 93.886427500000011 81.677083333333357 1.5000000000000002 1.3151656770833331
decision_type=2 2 2 2 2 2 2 2 2 2 2 2 2 2
left_child=1 -1 5 4 -4 8 7 -2 -3 -9 -11 -8 -7 -12
right_child=6 2 3 -5 -6 12 11 9 -10 10 13 -13 -14 -15
leaf_value=0.016374177261516357 0.012523417886345381 0.056085587214140302 1.1099671215646798 -0.58064126858025567 0.13726208857666408 0.12234069287347107 0.075627745119689976 -0.087952141079210469 -0.3484223129208458 0.38387403008689663 -0.17940925976522998 -0.45622811618273795 -0.74799655269077225 0.2429063695624567
leaf_weight=2332 3110 461 71 132 240 51 225 402 943 1238 267 291 325 617
leaf_count=2332 3110 461 71 132 240 51 225 402 943 1238 267 291 325 617
internal_value=-0.000137076 -0.102395 -0.226939 0.0805687 0.362172 -0.303472 0.0756045 0.103136 -0.215658 0.214737 0.272093 -0.224617 -0.629934 0.115293
internal_weight=10705 4555 2223 443 311 1780 6150 5634 1404 2524 2122 516 376 884
internal_count=10705 4555 2223 443 311 1780 6150 5634 1404 2524 2122 516 376 884
is_linear=0
shrinkage=0.05


Tree=30
num_leaves=15
num_cat=0
split_feature=35 84 69 84 67 84 84 25 24 22 79 71 37 25
split_gain=30241 21753.5 21486.9 20251.1 13959.1 15239.9 21046.1 16360.6 18978.3 23104 20769.3 14501.6 14637.8 12583.7
threshold=19.946354166666669 91.073221500000017 -10.466263937499997 299.97504500000008 -2.4885673333333322 42.523274000000008 273.02215500000005 113.37412887341182 280.08090150000004 143.30230728645839 -0.68322629814330782 3.0124999999999997 77.875000000000014 105.41539964256184
decision_type=2 2 2 2 2 2 2 2 2 2 2 2 2 2
left_child=1 -1 -3 4 -2 -6 7 8 9 11 -10 12 -7 -11
right_child=3 2 -4 -5 5 6 -8 -9 10 13 -12 -13 -14 -15
leaf_value=0.033544665059551247 -0.054873047531702503 -0.60495869443886241 -0.16016878931086587 -0.92495165224428533 0.010590753898001348 -0.19630094988350097 -0.19461635028033145 -0.28607849892155801 0.68355796301075067 -1.1458441585302352 0.221952154795168 0.64780146198777055 0.2273483195759424 -0.12698137467350101
leaf_weight=773 2442 401 840 53 3209 260 353 152 418 47 586 155 933 83
leaf_count=773 2442 401 840 53 3209 260 353 152 418 47 586 155 933 83
internal_value=-0.00013136 -0.174656 -0.304264 0.0403274 0.0463564 0.0862559 0.167514 0.216101 0.246958 0.132859 0.414624 0.194341 0.134932 -0.501274
internal_weight=10705 2014 1241 8691 8638 6196 2987 2634 2482 1478 1004 1348 1193 130
internal_count=10705 2014 1241 8691 8638 6196 2987 2634 2482 1478 1004 1348 1193 130
is_linear=0
shrinkage=0.05


Tree=31
num_leaves=15
num_cat=0
split_feature=84 71 84 83 70 46 84 84 31 6 47 70 24 36
split_gain=28269.4 27601.6 21001.8 17608.5 16516 13315.7 11396.4 18952.4 14821.7 12562.4 11987.9 28589.1 24961.4 19483.8
threshold=303.76010700000006 -0.9875000000000006 84.775400500000018 252.70563150000004 14.093098137153982 81.619791666666671 263.70710200000008 42.523274000000008 21.112500000000004 93.886427500000011 70.591145833333357 21.040396992618884 274.65417650000006 24.424479166666671
decision_type=2 2 2 2 2 2 2 2 2 2 2 2 2 2
left_child=1 2 -1 4 -4 -5 7 -3 -9 10 11 12 -10 -12
right_child=-2 6 3 5 -6 -7 -8 8 9 -11 13 -13 -14 -15
leaf_value=0.01623130499441584 -1.2795743886814561 0.011769616493325991 -0.14223885555149118 0.44429027248029718 -0.45548755809757602 -0.1164477973735718 -0.1567894993718835 -0.08204498408366892 0.09763030486576485 0.10474678212976725 0.32419967558592888 -0.27713858518335555 1.0456868491050166 -0.46353260744363073
leaf_weight=2332 42 3110 1012 158 721 316 490 402 98 884 734 80 239 87
leaf_count=2332 42 3110 1012 158 721 316 490 402 98 884 734 80 239 87
internal_value=-0.000133525 0.00502552 -0.088404 -0.198923 -0.272751 0.0710067 0.0742769 0.0943975 0.196164 0.248883 0.351637 0.569813 0.771095 0.240263
internal_weight=10705 10663 4539 2207 1733 474 6124 5634 2524 2122 1238 417 337 821
internal_count=10705 10663 4539 2207 1733 474 6124 5634 2524 2122 1238 417 337 821
is_linear=0
shrinkage=0.05


Tree=32
num_leaves=15
num_cat=0
split_feature=84 71 84 24 25 47 7 49 17 30 51 84 71 84
split_gain=25807.4 24193.1 17698 16241.7 28350.4 18855.4 20515 18463.6 17265.8 11947.4 11228.8 9563.47 17980.4 13208.5
threshold=292.35207400000007 -0.9875000000000006 84.775400500000018 278.11863750000003 109.2624300420939 75.242187500000014 204.75732950000003 3.5000000000000004 2.0018641137551049e-06 16.862500000000004 1.5000000000000002 42.523274000000008 3.0124999999999997 258.94589250000007
decision_type=2 2 2 2 2 2 2 2 2 2 2 2 2 2
left_child=1 2 -1 7 5 6 -5 8 -4 -10 -9 -3 13 -13
right_child=-2 11 3 4 -6 -7 -8 10 9 -11 -12 12 -14 -15
leaf_value=0.015420087873121342 -0.77642985222474592 0.011181324792110396 0.092908405394504359 1.6610883914099799 -0.52765922523636855 -0.0030393197914661721 0.35744921939937696 0.12170904415229766 -0.839630462346452 -0.22962512914011501 -0.67513805287992323 0.14008142833753831 0.39643542996790909 -0.14084387450907274
leaf_weight=2332 105 3110 436 44 130 170 94 51 88 841 318 1908 543 535
leaf_count=2332 105 3110 436 44 130 170 94 51 88 841 318 1908 543 535
internal_value=-0.000131187 0.00763108 -0.080238 -0.182902 0.0889831 0.35012 0.782062 -0.251591 -0.166523 -0.288249 -0.564973 0.0725552 0.136453 0.0785283
internal_weight=10705 10600 4504 2172 438 308 138 1734 1365 929 369 6096 2986 2443
internal_count=10705 10600 4504 2172 438 308 138 1734 1365 929 369 6096 2986 2443
is_linear=0
shrinkage=0.05


Tree=33
num_leaves=15
num_cat=0
split_feature=84 35 84 69 47 71 84 36 36 36 47 26 36 70
split_gain=24006.7 22572.2 15704.5 17910.4 12108.3 11517.3 18494.4 11391.1 12011.2 17241.2 13380.9 11152.7 10920 9205.96
threshold=303.76010700000006 19.946354166666669 91.073221500000017 -10.466263937499997 81.669270833333357 1.7624999999999995 42.523274000000008 18.395963541666671 21.329817708333337 20.748177083333335 79.941406250000014 22.662500000000005 22.684505208333338 8.0129088345045254
decision_type=2 2 2 2 2 2 2 2 2 2 2 2 2 2
left_child=1 2 -1 4 -4 13 -7 -5 9 10 -9 12 -8 -3
right_child=-2 5 3 7 -6 6 11 8 -10 -11 -12 -13 -14 -15
leaf_value=0.030076597021887853 -1.1791648792666058 0.073417314739998907 -0.76285723166262853 -0.7548461764147788 -0.20440360068986638 0.011012583236077331 -0.02995181965759431 -0.35357888758247863 -0.38911007151090726 0.48480749474895513 0.24870366650331463 0.15749649110468456 0.59963282317174926 -0.054131198820035309
leaf_weight=773 42 2432 234 65 167 1620 86 244 212 162 147 799 343 3379
leaf_count=773 42 2432 234 65 167 1620 86 244 212 162 147 799 343 3379
internal_value=-0.000126477 0.00462772 -0.146547 -0.257392 -0.531371 0.0396279 0.121978 -0.124543 -0.0700725 0.0527165 -0.127088 0.268238 0.473646 -0.00074658
internal_weight=10705 10663 2004 1231 401 8659 2848 830 765 553 391 1228 429 5811
internal_count=10705 10663 2004 1231 401 8659 2848 830 765 553 391 1228 429 5811
is_linear=0
shrinkage=0.05


Tree=34
num_leaves=15
num_cat=0
split_feature=84 71 84 76 58 36 73 84 84 56 30 24 24 36
split_gain=21718.7 20704.3 15486.2 13513.2 15312.4 14398.8 10989.6 9773.18 13925.2 16291 11548.6 14062.1 14690.8 17020.5
threshold=303.76010700000006 -1.0000000180025095e-35 105.07400350000002 4.5000000000000009 -0.65915800000000491 18.395963541666671 0.62500000000000011 42.523274000000008 95.689753500000009 25.342195999999998 19.762500000000003 253.43744300000003 280.08090150000004 23.242578125000005
decision_type=2 2 2 2 2 2 2 2 2 2 2 2 2 2
left_child=1 2 -1 4 6 -6 -4 -3 -9 10 -10 -12 13 -13
right_child=-2 7 3 -5 5 -7 -8 8 9 -11 11 12 -14 -15
leaf_value=0.014214990831477438 -1.1215777535771216 0.010213172038420953 0.051767562627792363 -0.58056504421963773 -0.53314887249469756 -0.022748588472018699 -0.53894610477622995 0.4155524852821641 -0.34327704529795383 0.67605473363216517 0.4107624662283148 0.10177286040915508 0.18871704369736542 -0.37531097298699689
leaf_weight=2908 42 2758 104 173 149 1755 321 403 161 113 298 398 771 351
leaf_count=2908 42 2758 104 173 149 1755 321 403 161 113 298 398 771 351
internal_value=-0.000130068 0.00439191 -0.0642563 -0.15543 -0.123615 -0.0629495 -0.394613 0.0750906 0.146774 0.0948231 0.0613104 0.0973092 0.0356262 -0.122003
internal_weight=10705 10663 5410 2502 2329 1904 425 5253 2495 2092 1979 1818 1520 749
internal_count=10705 10663 5410 2502 2329 1904 425 5253 2495 2092 1979 1818 1520 749
is_linear=0
shrinkage=0.05


end of trees

feature_importances:
consumo_alvo_semana_anterior=127
temperatura_externa_c_diferenca_semana_atual=72
correcao_semanal_media_1440m=39
consumo_max_1440m=35
temperatura_externa_c_media_1440m=26
consumo_diferenca_dia_atual=18
consumo_mean_1440m=15
umidade_relativa_pct_media_1440m=14
correcao_semanal_std_1440m=14
consumo_std_1440m=10
consumo_lag_360m=9
temperatura_externa_c_lag_720m=9
temperatura_externa_c_lag_360m=8
origem_mes=8
umidade_relativa_pct_diferenca_semana_atual=8
temperatura_externa_c_media_360m=7
correcao_semanal_media_60m=7
consumo_lag_1440m=6
consumo_diferenca_semana_atual=6
umidade_relativa_pct_media_360m=5
consumo_max_60m=4
consumo_std_180m=4
temperatura_externa_c_atual=4
consumo_lag_720m=3
umidade_relativa_pct_lag_1440m=3
umidade_relativa_pct_media_180m=3
origem_dia_semana=3
correcao_semanal_media_180m=3
alvo_dia_semana=3
consumo_mean_360m=2
consumo_max_360m=2
correcao_semanal_media_360m=2
correcao_semanal_std_360m=2
alvo_hora_sin=2
consumo_max_180m=1
temperatura_externa_c_lag_1440m=1
umidade_relativa_pct_atual=1
umidade_relativa_pct_lag_720m=1
origem_hora_cos=1
correcao_semanal_std_180m=1
consumo_alvo_dia_anterior=1

parameters:
[boosting: gbdt]
[objective: regression]
[metric: l1]
[tree_learner: serial]
[device_type: cpu]
[data_sample_strategy: bagging]
[data: ]
[valid: ]
[num_iterations: 400]
[learning_rate: 0.05]
[num_leaves: 15]
[num_threads: 2]
[seed: 20260905]
[deterministic: 1]
[force_col_wise: 1]
[force_row_wise: 0]
[histogram_pool_size: -1]
[max_depth: -1]
[min_data_in_leaf: 40]
[min_sum_hessian_in_leaf: 0.001]
[bagging_fraction: 1]
[pos_bagging_fraction: 1]
[neg_bagging_fraction: 1]
[bagging_freq: 0]
[bagging_seed: 23218]
[bagging_by_query: 0]
[feature_fraction: 1]
[feature_fraction_bynode: 1]
[feature_fraction_seed: 28090]
[extra_trees: 0]
[extra_seed: 14360]
[early_stopping_round: 0]
[early_stopping_min_delta: 0]
[first_metric_only: 0]
[max_delta_step: 0]
[lambda_l1: 0]
[lambda_l2: 1]
[linear_lambda: 0]
[min_gain_to_split: 0]
[drop_rate: 0.1]
[max_drop: 50]
[skip_drop: 0.5]
[xgboost_dart_mode: 0]
[uniform_drop: 0]
[drop_seed: 16970]
[top_rate: 0.2]
[other_rate: 0.1]
[min_data_per_group: 100]
[max_cat_threshold: 32]
[cat_l2: 10]
[cat_smooth: 10]
[max_cat_to_onehot: 4]
[top_k: 20]
[monotone_constraints: ]
[monotone_constraints_method: basic]
[monotone_penalty: 0]
[feature_contri: ]
[forcedsplits_filename: ]
[refit_decay_rate: 0.9]
[cegb_tradeoff: 1]
[cegb_penalty_split: 0]
[cegb_penalty_feature_lazy: ]
[cegb_penalty_feature_coupled: ]
[path_smooth: 0]
[interaction_constraints: ]
[verbosity: -1]
[saved_feature_importance_type: 0]
[use_quantized_grad: 0]
[num_grad_quant_bins: 4]
[quant_train_renew_leaf: 0]
[stochastic_rounding: 1]
[linear_tree: 0]
[max_bin: 255]
[max_bin_by_feature: ]
[min_data_in_bin: 3]
[bin_construct_sample_cnt: 200000]
[data_random_seed: 5037]
[is_enable_sparse: 1]
[enable_bundle: 1]
[use_missing: 1]
[zero_as_missing: 0]
[feature_pre_filter: 1]
[pre_partition: 0]
[two_round: 0]
[header: 0]
[label_column: ]
[weight_column: ]
[group_column: ]
[ignore_column: ]
[categorical_feature: ]
[forcedbins_filename: ]
[precise_float_parser: 0]
[parser_config_file: ]
[objective_seed: 15411]
[num_class: 1]
[is_unbalance: 0]
[scale_pos_weight: 1]
[sigmoid: 1]
[boost_from_average: 1]
[reg_sqrt: 0]
[alpha: 0.9]
[fair_c: 1]
[poisson_max_delta_step: 0.7]
[tweedie_variance_power: 1.5]
[lambdarank_truncation_level: 30]
[lambdarank_norm: 1]
[label_gain: ]
[lambdarank_position_bias_regularization: 0]
[eval_at: ]
[multi_error_top_k: 1]
[auc_mu_weights: ]
[num_machines: 1]
[local_listen_port: 12400]
[time_out: 120]
[machine_list_filename: ]
[machines: ]
[gpu_platform_id: -1]
[gpu_device_id: -1]
[gpu_device_id_list: ]
[gpu_use_dp: 0]
[num_gpu: 1]

end of parameters

pandas_categorical:[]
