tree
version=v4
num_class=1
num_tree_per_iteration=1
label_index=0
max_feature_idx=84
objective=regression
feature_names=consumo_atual_kw consumo_lag_15m consumo_lag_30m consumo_lag_60m consumo_lag_120m consumo_lag_180m consumo_lag_360m consumo_lag_720m consumo_lag_1440m consumo_lag_10080m consumo_mean_60m consumo_min_60m consumo_max_60m consumo_std_60m consumo_mean_180m consumo_min_180m consumo_max_180m consumo_std_180m consumo_mean_360m consumo_min_360m consumo_max_360m consumo_std_360m consumo_mean_1440m consumo_min_1440m consumo_max_1440m consumo_std_1440m temperatura_externa_c_atual temperatura_externa_c_lag_15m temperatura_externa_c_lag_60m temperatura_externa_c_lag_180m temperatura_externa_c_lag_360m temperatura_externa_c_lag_720m temperatura_externa_c_lag_1440m temperatura_externa_c_media_60m temperatura_externa_c_media_180m temperatura_externa_c_media_360m temperatura_externa_c_media_1440m umidade_relativa_pct_atual umidade_relativa_pct_lag_15m umidade_relativa_pct_lag_60m umidade_relativa_pct_lag_180m umidade_relativa_pct_lag_360m umidade_relativa_pct_lag_720m umidade_relativa_pct_lag_1440m umidade_relativa_pct_media_60m umidade_relativa_pct_media_180m umidade_relativa_pct_media_360m umidade_relativa_pct_media_1440m origem_hora origem_dia_semana origem_fim_de_semana origem_mes origem_hora_sin origem_hora_cos origem_semana_sin origem_semana_cos consumo_diferenca_semana_atual consumo_razao_semana_atual consumo_diferenca_dia_atual tendencia_consumo_15m tendencia_consumo_60m tendencia_consumo_180m tendencia_consumo_360m correcao_semanal_media_60m correcao_semanal_std_60m correcao_semanal_media_180m correcao_semanal_std_180m correcao_semanal_media_360m correcao_semanal_std_360m correcao_semanal_media_1440m correcao_semanal_std_1440m temperatura_externa_c_diferenca_semana_atual temperatura_externa_c_tendencia_1h umidade_relativa_pct_diferenca_semana_atual umidade_relativa_pct_tendencia_1h alvo_hora alvo_dia_semana alvo_fim_de_semana alvo_mes alvo_hora_sin alvo_hora_cos alvo_semana_sin alvo_semana_cos consumo_alvo_dia_anterior consumo_alvo_semana_anterior
feature_infos=[22.399999999999999:324.71375799999998] [22.399999999999999:324.71375799999998] [22.399999999999999:324.71375799999998] [22.399999999999999:324.71375799999998] [22.399999999999999:324.71375799999998] [22.399999999999999:324.71375799999998] [22.399999999999999:324.71375799999998] [22.399999999999999:324.71375799999998] [22.399999999999999:324.71375799999998] [22.399999999999999:324.71375799999998] [22.399999999999999:321.24876725000001] [22.399999999999999:318.278571] [22.399999999999999:324.71375799999998] [0:82.540869055199337] [22.399999999999999:313.28577408333337] [22.399999999999999:302.53573799999998] [22.399999999999999:324.71375799999998] [0:92.970139865692389] [22.399999999999999:295.13563500000004] [22.399999999999999:249.29458700000001] [22.399999999999999:324.71375799999998] [0:116.53386463160022] [23.200000000000003:159.49963871874999] none [25.600000000000001:324.71375799999998] [1.3929144002343703:128.71471884334804] [15:33.700000000000003] [15:33.700000000000003] [15:33.700000000000003] [15:33.700000000000003] [15:33.700000000000003] [15:33.700000000000003] [15:33.700000000000003] [15:33.4375] [15:32.71875] [15.333333333333334:31.620833333333334] [16.439843749999998:27.283072916666669] [31:98] [31:98] [31:98] [31:98] [31:98] [31:98] [31:98] [32.5:95.625] [33.666666666666664:95.083333333333329] [37.041666666666664:94] [59.309895833333336:91.638020833333329] [0:23.75] [0:6] [0:1] [1:4] [-1:1] [-1:1] [-0.97492791218182362:0.97492791218182362] [-0.90096886790241903:1] [-72.635950000000008:77.445233000000002] [0.43630911779503978:2.09406877563422] [-291.363968:296.779246] [-121.30707899999999:153.05878799999999] [-124.27709300000001:153.05878799999999] [-180.63157299999997:268.16051600000003] [-299.363968:299.97924600000005] [-70.384351250000009:75.467424499999993] [0:44.359338508129341] [-67.777903583333341:70.921986416666655] [0:38.631403568061003] [-64.848194500000005:62.415354583333333] [0:37.083675449251288] [-34.945017510416669:27.905951093750001] [0:30.68446053870321] [-12:11.5] [-8:4.8000000000000007] [-49:48] [-30:40] [0:23.75] [0:6] [0:1] [1:4] [-1:1] [-1:1] [-0.97492791218182362:0.97492791218182362] [-0.90096886790241903:1] [22.399999999999999:324.71375799999998] [22.399999999999999:324.71375799999998]
tree_sizes=1427 1432 1435 1433 1434 1426 1430 1435 1430 1440 1433 1446 1436 1440 1443 1439 1442 1444 1443 1442 1430 1440 1455 1444 1431 1448 1435 1447 1438 1444 1454 1432 1435 1443 1436 1450 1447 1431 1460

Tree=0
num_leaves=15
num_cat=0
split_feature=71 84 71 84 71 84 69 84 7 69 58 51 69 22
split_gain=585888 432781 304463 235309 206400 85334.7 84092.7 61436.2 52626.3 47250.1 42906.2 32976.6 28997 38877.5
threshold=-1.0000000180025095e-35 103.37176100000001 -2.8499999999999992 42.523274000000008 2.212499999999999 282.33339050000006 -14.779579244791664 287.58038500000004 122.87923900000001 -0.12570920833333388 -8.4936504999999993 3.5000000000000004 11.840655182291668 136.36143433333336
decision_type=2 2 2 2 2 2 2 2 2 2 2 2 2 2
left_child=1 -1 6 -2 5 9 -3 10 -8 11 -4 -5 13 -6
right_child=3 2 7 4 12 -7 8 -9 -10 -11 -12 -13 -14 -15
leaf_value=-1.0507161810720291 -1.047643908724061 -3.3242544991341374 -2.2998553249332763 -0.70110358722348209 0.21932830891610511 -2.6173221620144762 -2.6842834938271349 -2.9734104609569565 -1.5782223831934454 -0.42900866587668307 -1.4171516912744111 -1.4467966856076826 0.43465560834873895 -0.80923761665068905
leaf_weight=2906 2745 349 151 370 274 57 307 73 167 888 1482 246 551 139
leaf_count=2906 2745 349 151 370 274 57 307 73 167 888 1482 246 551 139
internal_value=-1.10276 -1.46697 -1.94511 -0.727152 -0.378897 -0.734541 -2.73445 -1.56359 -2.29642 -0.662227 -1.49946 -0.998972 0.196018 -0.125302
internal_weight=10705 5435 2529 5270 2525 1561 823 1706 474 1504 1633 616 964 413
internal_count=10705 5435 2529 5270 2525 1561 823 1706 474 1504 1633 616 964 413
is_linear=0
shrinkage=1


Tree=1
num_leaves=15
num_cat=0
split_feature=71 84 71 84 71 24 84 84 69 58 16 69 51 69
split_gain=528904 390849 274266 212397 186356 78815.3 77125 55381.8 42648.4 38569.3 36437.7 31307.5 29771.8 26164
threshold=-1.0000000180025095e-35 104.01284850000002 -2.8499999999999992 42.523274000000008 2.212499999999999 264.18653100000006 282.33339050000006 287.58038500000004 -0.12570920833333388 -8.4936504999999993 162.04901450000003 -26.30091713020833 3.5000000000000004 11.840655182291668
decision_type=2 2 2 2 2 2 2 2 2 2 2 2 2 2
left_child=1 -1 5 -2 6 11 8 9 12 -4 -7 -3 -5 -6
right_child=3 2 7 4 13 10 -8 -9 -10 -11 -12 -13 -14 -15
leaf_value=0.048193329535692997 0.052363119178328824 -2.3446289477736189 -1.1376324908905908 0.38162954616036537 0.92878161493850797 -0.044933688280483088 -1.4401378619259804 -1.7783799957584692 0.64010348709840204 -0.30061411082806311 -1.3657859401475818 -1.5743829865757348 -0.32690267688349678 1.4606859482458685
leaf_weight=2915 2745 208 151 370 413 104 57 73 888 1478 104 402 246 551
leaf_count=2915 2745 208 151 370 413 104 57 73 888 1478 104 402 246 551
internal_value=-2.42081e-05 -0.346068 -0.801967 0.356852 0.687719 -1.55388 0.349785 -0.439888 0.418533 -0.378852 -0.708735 -1.84043 0.0986055 1.234
internal_weight=10705 5435 2520 5270 2525 818 1561 1702 1504 1629 208 610 616 964
internal_count=10705 5435 2520 5270 2525 818 1561 1702 1504 1629 208 610 616 964
is_linear=0
shrinkage=0.05


Tree=2
num_leaves=15
num_cat=0
split_feature=71 84 71 84 69 24 84 84 58 16 6 30 65 69
split_gain=478044 334338 283062 233183 125761 69939.3 65344.6 51443 40147.3 33432 32732.3 47740.4 32338.2 29176.8
threshold=1.0000000180025095e-35 103.37176100000001 -2.8499999999999992 42.523274000000008 11.840655182291668 264.18653100000006 287.58038500000004 272.35636400000004 -10.845522500000007 162.04901450000003 96.187470500000018 21.112500000000004 0.89303787499999876 -26.462434338541666
decision_type=2 2 2 2 2 2 2 2 2 2 2 2 2 2
left_child=1 -1 5 -2 7 13 8 10 -4 -7 11 -5 -10 -3
right_child=3 2 6 4 -6 9 -8 -9 12 -11 -12 -13 -14 -15
leaf_value=0.056239791325762546 0.049744585835672712 -2.3067587177655851 -1.1716346246737337 0.37176114315900038 1.2881822933834022 -0.042708396883237937 -1.6882219505310059 -0.52263333932456812 -0.30004558678387849 -1.3020116796699641 0.1643727576632063 1.0694596411430322 0.61724442424453507 -1.5222715286005222
leaf_weight=3142 2557 170 125 492 730 104 89 116 1677 106 362 491 101 443
leaf_count=3142 2557 170 125 492 730 104 89 116 1677 106 362 491 101 443
internal_value=-5.47603e-05 -0.298333 -0.693973 0.374159 0.75257 -1.47348 -0.371341 0.484249 -0.308899 -0.681515 0.571411 0.720988 -0.247621 -1.74323
internal_weight=10705 5957 2815 4748 2191 823 1992 1461 1903 210 1345 983 1778 613
internal_count=10705 5957 2815 4748 2191 823 1992 1461 1903 210 1345 983 1778 613
is_linear=0
shrinkage=0.05


Tree=3
num_leaves=15
num_cat=0
split_feature=71 84 71 84 71 84 69 84 7 69 58 51 56 65
split_gain=433004 319308 225296 173995 156566 65332.7 64204.3 45752.9 40934.1 36337.9 31499.5 25843.3 25630.7 23569.9
threshold=-1.0000000180025095e-35 102.78047100000002 -2.8499999999999992 42.523274000000008 2.212499999999999 283.32550850000001 -14.779579244791664 292.35207400000007 122.87923900000001 -0.27905442708333383 -8.4936504999999993 3.5000000000000004 25.342195999999998 3.5916065833333302
decision_type=2 2 2 2 2 2 2 2 2 2 2 2 2 2
left_child=1 -1 6 -2 5 9 -3 10 -8 11 -4 -5 -6 -12
right_child=3 2 7 4 12 -7 8 -9 -10 -11 13 -13 -14 -15
leaf_value=0.045819603421246809 0.047237359163149903 -1.9156953056880408 -1.0272962766357006 0.33801619466685229 1.0059781912444148 -1.4307216770373858 -1.3593556184752866 -1.8415534599772041 -0.387729574634126 0.57521106054074023 -0.31147693101806795 -0.32418113179642283 1.7055618285154925 0.89061729429910574
leaf_weight=2895 2745 349 154 371 805 51 310 52 168 896 1466 243 159 41
leaf_count=2895 2745 349 154 371 805 51 310 52 168 896 1466 243 159 41
internal_value=-7.64939e-05 -0.313181 -0.722213 0.322829 0.622295 0.312554 -1.39949 -0.394611 -1.01939 0.37234 -0.348232 0.0758404 1.12301 -0.278203
internal_weight=10705 5435 2540 5270 2525 1561 827 1713 478 1510 1661 614 964 1507
internal_count=10705 5435 2540 5270 2525 1561 827 1713 478 1510 1661 614 964 1507
is_linear=0
shrinkage=0.05


Tree=4
num_leaves=15
num_cat=0
split_feature=71 84 71 84 69 24 84 84 58 16 6 30 22 65
split_gain=391232 274308 237213 190919 106793 58876.7 54685.7 42891.5 33009.7 29099.6 29021.1 42005.2 27951.9 27411.6
threshold=1.0000000180025095e-35 101.20536200000002 -2.8499999999999992 42.523274000000008 11.840655182291668 264.18653100000006 287.58038500000004 272.35636400000004 -10.845522500000007 124.43980800000001 96.187470500000018 21.112500000000004 148.13106922916668 0.22060337499999785
decision_type=2 2 2 2 2 2 2 2 2 2 2 2 2 2
left_child=1 -1 5 -2 7 -3 8 10 -4 -7 11 -5 -6 -10
right_child=3 2 6 4 12 9 -8 -9 13 -11 -12 -13 -14 -15
leaf_value=0.054603772560627734 0.044897384362541391 -1.5787710877647474 -1.0492452912381851 0.32651894242648211 1.4141272555792697 0.058286299051777013 -1.5347992026474742 -0.48575301463914733 -0.27179794029565946 -1.1147490960575881 0.13001207723397731 0.98087663647181145 0.76942122948430747 0.48771970639063511
leaf_weight=3111 2557 621 127 492 457 92 89 116 1667 123 362 491 273 127
leaf_count=3111 2557 621 127 492 457 92 89 116 1667 123 362 491 273 127
internal_value=-9.13013e-05 -0.26993 -0.624577 0.338443 0.680848 -1.3319 -0.329869 0.433602 -0.273275 -0.614853 0.513194 0.65403 1.17441 -0.217789
internal_weight=10705 5957 2846 4748 2191 836 2010 1461 1921 215 1345 983 730 1794
internal_count=10705 5957 2846 4748 2191 836 2010 1461 1921 215 1345 983 730 1794
is_linear=0
shrinkage=0.05


Tree=5
num_leaves=15
num_cat=0
split_feature=71 84 71 84 71 84 69 84 7 69 58 84 51 30
split_gain=354309 261138 181044 142493 130775 55158.1 54896.6 37904 33713.4 30884 26815.1 23260.5 22525.2 22158.6
threshold=-1.0000000180025095e-35 104.01284850000002 -2.8499999999999992 42.523274000000008 2.212499999999999 283.32550850000001 -14.779579244791664 295.90254450000003 122.87923900000001 -0.27905442708333383 -8.4936504999999993 253.37260750000004 3.5000000000000004 19.762500000000003
decision_type=2 2 2 2 2 2 2 2 2 2 2 2 2 2
left_child=1 -1 6 -2 5 9 -3 10 -8 12 -4 -6 -5 -11
right_child=3 2 7 4 11 -7 8 -9 -10 13 -12 -13 -14 -15
leaf_value=0.038944825434237107 0.04259907437538632 -1.742172838006701 -0.95143645130605869 0.3063130559547434 1.1388317232756706 -1.3218358853688608 -1.2248362120622063 -1.7944055822160507 -0.33742407364105542 -0.10074388867905062 -0.25820514294184349 0.50580012752971315 -0.3119073273919401 0.6209654355934251
leaf_weight=2915 2745 349 153 371 783 51 302 44 167 123 1505 181 243 773
leaf_count=2915 2745 349 153 371 783 51 302 44 167 123 1505 181 243 773
internal_value=-9.4998e-05 -0.283322 -0.65597 0.291998 0.563002 0.279925 -1.26688 -0.361789 -0.91024 0.334863 -0.322711 1.02062 0.0615334 0.52189
internal_weight=10705 5435 2520 5270 2525 1561 818 1702 469 1510 1658 964 614 896
internal_count=10705 5435 2520 5270 2525 1561 818 1702 469 1510 1658 964 614 896
is_linear=0
shrinkage=0.05


Tree=6
num_leaves=15
num_cat=0
split_feature=71 84 71 84 69 24 84 84 58 8 6 71 31 22
split_gain=319944 225070 186508 156183 89936 59641.8 44847.7 35552.8 29446.7 28068 26114.5 39143.4 32160.2 24768.2
threshold=1.0000000180025095e-35 104.01284850000002 -2.5124999999999988 42.523274000000008 11.840655182291668 264.18653100000006 275.36804450000005 272.35636400000004 -10.845522500000007 200.46031700000003 96.187470500000018 3.4000000000000008 21.112500000000004 148.13106922916668
decision_type=2 2 2 2 2 2 2 2 2 2 2 2 2 2
left_child=1 -1 5 -2 7 -3 8 10 -4 -7 11 12 -5 -6
right_child=3 2 6 4 13 9 -8 -9 -10 -11 -12 -13 -14 -15
leaf_value=0.045805694513044171 0.040524271639694548 -1.4232247983162323 -1.0117671405701409 -0.034053859732744406 1.2942086578074308 -0.14155758682703765 -0.95718607391725785 -0.44815773240203022 -0.14683094886835787 -1.2192322150189827 0.097898633950890226 1.5183038216192746 0.66148698953304896 0.6877133340676771
leaf_weight=3152 2557 638 104 222 457 170 221 116 1579 93 362 102 659 273
leaf_count=3152 2557 638 104 222 457 170 221 116 1579 93 362 102 659 273
internal_value=-0.000115419 -0.244134 -0.569843 0.306026 0.615719 -1.16215 -0.289094 0.388834 -0.200848 -0.525811 0.4613 0.594891 0.48638 1.06865
internal_weight=10705 5957 2805 4748 2191 901 1904 1461 1683 263 1345 983 881 730
internal_count=10705 5957 2805 4748 2191 901 1904 1461 1683 263 1345 983 881 730
is_linear=0
shrinkage=0.05


Tree=7
num_leaves=15
num_cat=0
split_feature=71 84 71 84 71 84 69 84 7 69 58 63 47 65
split_gain=290222 213355 154141 116822 107518 47121.9 46991.3 33182.9 28977.2 26556.6 21814.9 21535.2 21056.5 19534.9
threshold=-1.0000000180025095e-35 101.20536200000002 -2.8499999999999992 42.523274000000008 2.212499999999999 284.32638350000008 -14.779579244791664 292.35207400000007 122.87923900000001 -0.27905442708333383 -8.4936504999999993 24.890670374999999 81.669270833333357 2.6169231250000067
decision_type=2 2 2 2 2 2 2 2 2 2 2 2 2 2
left_child=1 -1 6 -2 5 9 12 10 -8 -5 -4 -6 -3 -12
right_child=3 2 7 4 11 -7 8 -9 -10 -11 13 -13 -14 -15
leaf_value=0.039071226103162042 0.038426339572047288 -1.8924107680626965 -0.84384014598784918 0.048301086013524792 0.82199373215145111 -1.3421676656934951 -1.104142169541553 -1.5501187063613029 -0.28970390152649061 0.47384590368532137 -0.25396992666860951 1.4807826870439837 -1.0809567607500974 0.7419447850362928
leaf_weight=2876 2745 217 154 620 816 44 316 52 168 897 1467 148 135 50
leaf_count=2876 2745 217 154 620 816 44 316 52 168 897 1467 148 135 50
internal_value=-0.000114485 -0.25645 -0.588464 0.264245 0.509627 0.252952 -1.1452 -0.317831 -0.822625 0.300072 -0.278579 0.924565 -1.58514 -0.220678
internal_weight=10705 5435 2559 5270 2525 1561 836 1723 484 1517 1671 964 352 1517
internal_count=10705 5435 2559 5270 2525 1561 836 1723 484 1517 1671 964 352 1517
is_linear=0
shrinkage=0.05


Tree=8
num_leaves=15
num_cat=0
split_feature=71 84 71 84 71 24 84 8 84 24 69 45 83 84
split_gain=262002 192936 132880 105446 97079.6 56807.7 43789.6 34210.9 26205.2 24815.9 23088.2 21650.1 19961.6 19897.3
threshold=-1.0000000180025095e-35 105.889583 -2.1374999999999988 42.523274000000008 2.212499999999999 264.18653100000006 258.94589250000007 200.46031700000003 292.35207400000007 281.04792900000001 -26.462434338541666 81.552083333333357 240.49638400000001 253.37260750000004
decision_type=2 2 2 2 2 2 2 2 2 2 2 2 2 2
left_child=1 -1 5 -2 6 10 9 -7 -4 12 -3 -8 -5 -6
right_child=3 2 8 4 13 7 11 -9 -10 -11 -12 -13 -14 -15
leaf_value=0.030870766601949731 0.036505722269166235 -1.7829167589109547 -0.22829253336817504 0.089684734735358804 0.98772517454819941 -0.13311460032930664 0.15612396095505732 -1.1892445773275002 -1.4815671398196111 0.7054877579221549 -1.1004565428733826 -0.63374188418567012 0.67905821127676846 0.40293312717925062
leaf_weight=2939 2745 170 1440 633 783 231 166 114 42 397 499 180 185 181
leaf_count=2939 2745 170 1440 633 783 231 166 114 42 397 499 180 185 181
internal_value=-0.000130772 -0.243685 -0.566852 0.251047 0.484175 -1.00764 0.240278 -0.484525 -0.264786 0.381537 -1.27628 -0.255431 0.223645 0.878456
internal_weight=10705 5435 2496 5270 2525 1014 1561 345 1482 1215 669 346 818 964
internal_count=10705 5435 2496 5270 2525 1014 1561 345 1482 1215 669 346 818 964
is_linear=0
shrinkage=0.05


Tree=9
num_leaves=15
num_cat=0
split_feature=71 84 71 84 69 24 84 8 24 84 17 73 58 22
split_gain=236996 167734 143393 115775 71337.9 51424.3 36483.8 33027.9 28482.2 30379.9 24717.6 23276.6 39594.3 21432.8
threshold=1.0000000180025095e-35 101.20536200000002 -2.1374999999999988 42.523274000000008 11.840655182291668 264.18653100000006 270.38757000000004 200.46031700000003 253.43744300000003 260.47696050000008 1.1692635583363182e-06 0.37500000000000006 -0.8425244999999818 148.13106922916668
decision_type=2 2 2 2 2 2 2 2 2 2 2 2 2 2
left_child=1 -1 5 -2 8 -3 11 -7 10 -10 -5 -4 -13 -6
right_child=3 2 6 4 13 7 -8 -9 9 -11 -12 12 -14 -15
leaf_value=0.043617800034099 0.034753711274632074 -1.2061197627270812 0.14812056269344281 1.3267874555928367 1.1430384934631757 -0.1204229218149636 -0.6883792419856537 -1.1308189428434141 0.32892674348366108 -0.33468566713464815 0.4367976465608191 -1.0373922432469096 -0.12386625039952402 0.57946012042680362
leaf_weight=3111 2557 687 549 111 457 237 333 122 873 214 263 139 779 273
leaf_count=3111 2557 687 549 111 457 237 333 122 873 214 263 139 779 273
internal_value=-0.000140399 -0.210159 -0.487483 0.263344 0.529983 -0.952781 -0.216715 -0.465976 0.327934 0.198092 0.703773 -0.109254 -0.263167 0.933357
internal_weight=10705 5957 2846 4748 2191 1046 1800 359 1461 1087 374 1467 918 730
internal_count=10705 5957 2846 4748 2191 1046 1800 359 1461 1087 374 1467 918 730
is_linear=0
shrinkage=0.05


Tree=10
num_leaves=15
num_cat=0
split_feature=71 84 71 84 71 24 84 84 30 42 69 69 14 56
split_gain=213969 157361 108282 86166 80629.7 41173.2 38845 25674.2 21835.2 26201.8 22849 20011.4 19978.1 19514
threshold=-1.0000000180025095e-35 104.01284850000002 -2.5124999999999988 42.523274000000008 2.212499999999999 264.18653100000006 282.33339050000006 295.90254450000003 19.762500000000003 53.125000000000007 -5.9078175052083326 -26.462434338541666 80.489196708333353 25.342195999999998
decision_type=2 2 2 2 2 2 2 2 2 2 2 2 2 2
left_child=1 -1 5 -2 6 11 8 -4 -5 -10 -11 -3 -7 -6
right_child=3 2 7 4 13 12 -8 -9 9 10 -12 -13 -14 -15
leaf_value=0.029930872616226518 0.032913704575714367 -1.6329335324248377 -0.2324890300545317 -0.19180356738839432 0.69531858607065899 0.024790945225037064 -1.0548512714947094 -1.5005099389611223 -0.15655425226042441 -0.30483254599835607 0.51691298561272636 -0.99257506517840355 -0.84515921783943981 1.3037480315938592
leaf_weight=2915 2745 170 1579 223 805 129 57 40 217 92 972 468 134 159
leaf_count=2915 2745 170 1579 223 805 129 57 40 217 92 972 468 134 159
internal_value=-0.000136181 -0.220235 -0.509511 0.226853 0.437593 -0.948584 0.215322 -0.264724 0.264129 0.343587 0.44564 -1.16549 -0.419976 0.796919
internal_weight=10705 5435 2520 5270 2525 901 1561 1619 1504 1281 1064 638 263 964
internal_count=10705 5435 2520 5270 2525 901 1561 1619 1504 1281 1064 638 263 964
is_linear=0
shrinkage=0.05


Tree=11
num_leaves=15
num_cat=0
split_feature=71 84 71 84 69 24 84 8 24 84 17 24 25 25
split_gain=193624 137588 117789 94604.8 61211.7 41645.9 31790.4 28347.3 25448.2 25907.6 21757.4 21575.4 34286 22584.3
threshold=1.0000000180025095e-35 101.20536200000002 -2.1374999999999988 42.523274000000008 11.840655182291668 264.18653100000006 275.36804450000005 200.46031700000003 253.43744300000003 257.75375800000006 1.1692635583363182e-06 277.22543400000006 109.00154112320878 104.00661095731722
decision_type=2 2 2 2 2 2 2 2 2 2 2 2 2 2
left_child=1 -1 5 -2 8 -3 11 -7 10 -10 -5 13 -13 -4
right_child=3 2 6 4 -6 7 -8 -9 9 -11 -12 12 -14 -15
leaf_value=0.039862671437946584 0.031371662703410456 -1.0908541654696862 -0.13707050081347258 1.2315925470420295 0.85267924977270271 -0.10465702968923485 -0.78193534473820436 -1.0406858425799423 0.30079722566439515 -0.28252984390241981 0.39672567877551601 0.49147699478562323 -0.43615639727834044 -0.73882583720229011
leaf_weight=3111 2557 687 969 111 730 237 204 122 842 245 263 292 150 185
leaf_count=3111 2557 687 969 111 730 237 204 122 842 245 263 292 150 185
internal_value=-0.000149491 -0.18998 -0.44115 0.238008 0.479038 -0.862866 -0.195743 -0.424758 0.29189 0.169182 0.647131 -0.120374 0.176395 -0.234095
internal_weight=10705 5957 2846 4748 2191 1046 1800 359 1461 1087 374 1596 442 1154
internal_count=10705 5957 2846 4748 2191 1046 1800 359 1461 1087 374 1596 442 1154
is_linear=0
shrinkage=0.05


Tree=12
num_leaves=15
num_cat=0
split_feature=71 84 71 84 71 84 84 36 69 22 24 25 76 52
split_gain=175110 128636 89423.8 70581 67477.9 32288.7 27721.5 24566.6 24167.5 34123.3 18423.7 49362.8 30674.1 18644.1
threshold=-1.0000000180025095e-35 105.889583 -3.7624999999999988 42.523274000000008 1.7624999999999995 282.33339050000006 287.58038500000004 18.395963541666671 11.840655182291668 136.36143433333336 278.11863750000003 109.00154112320878 3.5000000000000004 0.41248606129204562
decision_type=2 2 2 2 2 2 2 2 2 2 2 2 2 2
left_child=1 -1 -3 -2 5 -5 7 -4 9 -6 12 13 -9 -12
right_child=3 2 6 4 8 -7 -8 10 -10 -11 11 -13 -14 -15
leaf_value=0.024923786398999039 0.029671542012205284 -1.0929394154218228 -1.4911542915716405 0.19251960165534523 0.72365891165897978 -1.068125376133424 -1.1506272437283769 -0.24128141068076153 0.87854046001191888 -0.03753962944249941 -0.11161739366749923 -0.63308618800934935 -0.86959318264103747 0.69466384532407699
leaf_weight=2939 2745 459 40 1226 390 52 95 1178 621 236 113 185 232 194
leaf_count=2939 2745 459 40 1226 390 52 95 1178 621 236 113 185 232 194
internal_value=-0.000147939 -0.19926 -0.463138 0.205197 0.395929 0.140431 -0.320757 -0.279589 0.657457 0.437087 -0.253339 0.0101035 -0.345206 0.39849
internal_weight=10705 5435 2496 5270 2525 1278 2037 1942 1247 626 1902 492 1410 307
internal_count=10705 5435 2496 5270 2525 1278 2037 1942 1247 626 1902 492 1410 307
is_linear=0
shrinkage=0.05


Tree=13
num_leaves=15
num_cat=0
split_feature=71 84 71 84 69 69 84 70 63 36 31 58 22 36
split_gain=158287 113044 93737.9 77355.2 50158.8 37212.5 26317.2 22124.7 32594.9 24354.9 20596.4 18429.1 18123.3 21217.7
threshold=1.0000000180025095e-35 104.01284850000002 -2.1374999999999988 42.523274000000008 11.840655182291668 -26.30091713020833 269.42642150000006 8.1012924249459495 4.6262223749999984 24.497135416666669 18.012500000000003 -11.200341999999997 148.13106922916668 25.780468750000001
decision_type=2 2 2 2 2 2 2 2 2 2 2 2 2 2
left_child=1 -1 5 -2 7 -3 11 9 -9 -5 -7 -4 -6 -14
right_child=3 2 6 4 12 10 -8 8 -10 -11 -12 -13 13 -15
leaf_value=0.033684904928074876 0.028320695741788034 -1.3783576202392578 -0.79147239133886904 0.35852504232255661 0.96398643467363831 -1.6158254581689837 -0.5645163990237293 -0.20671636548409389 0.58486843991247728 1.4574198404947918 -0.56445246000908988 -0.040374728892985622 -0.1326187174877908 0.78015249189974245
leaf_weight=3152 2557 209 86 796 457 49 360 426 186 53 766 1335 100 173
leaf_count=3152 2557 209 86 796 457 49 360 426 186 53 766 1335 100 173
internal_value=-0.000159934 -0.171796 -0.402627 0.215172 0.433123 -0.783592 -0.183271 0.263712 0.034425 0.428759 -0.629567 -0.0863564 0.771351 0.44654
internal_weight=10705 5957 2805 4748 2191 1024 1781 1461 612 849 815 1421 730 273
internal_count=10705 5957 2805 4748 2191 1024 1781 1461 612 849 815 1421 730 273
is_linear=0
shrinkage=0.05


Tree=14
num_leaves=15
num_cat=0
split_feature=71 84 22 84 84 71 58 51 47 56 24 58 69 73
split_gain=144261 115757 65964.4 46885.8 64243.8 64676.2 34942.5 23683.6 27350.9 22355 22261.7 30481.6 22918.9 22041.2
threshold=-0.9875000000000006 100.45845300000002 125.64656252604168 275.02512300000006 42.523274000000008 1.7624999999999995 -1.1141225000000075 1.5000000000000002 78.256510416666671 26.11363500000002 281.72766850000005 0.55402850000000126 -0.54777072395833348 8.8750000000000018
decision_type=2 2 2 2 2 2 2 2 2 2 2 2 2 2
left_child=1 -1 7 4 -2 10 13 -3 -9 -7 12 -12 -6 -4
right_child=3 2 6 -5 5 9 -8 8 -10 -11 11 -13 -14 -15
leaf_value=0.021387855006290264 0.026663126376157881 -0.11084025535773445 -0.31602046309698445 -0.56940894412207554 -0.21115673452843239 0.5513653742472322 -0.14428173465767405 -1.3678280299564578 -0.69773263629966387 1.1923264446208559 0.23127043686710397 1.2008686650725244 0.23479907101234856 -1.1423676334208612
leaf_weight=2439 3101 90 160 213 523 1031 1069 264 369 157 384 102 639 164
leaf_count=2439 3101 90 160 213 523 1031 1069 264 369 157 384 102 639 164
internal_value=-0.000157014 -0.213408 -0.483927 0.157796 0.183978 0.355922 -0.282462 -0.871163 -0.97892 0.637003 0.153034 0.436814 0.0340716 -0.736523
internal_weight=10705 4555 2116 6150 5937 2836 1393 723 633 1188 1648 486 1162 324
internal_count=10705 4555 2116 6150 5937 2836 1393 723 633 1188 1648 486 1162 324
is_linear=0
shrinkage=0.05


Tree=15
num_leaves=15
num_cat=0
split_feature=71 84 71 84 84 71 83 36 70 24 8 69 22 81
split_gain=130242 104657 62662.1 42333.4 58000.8 58458.8 27473 20441.9 20759.1 26564.8 24921.8 19538.5 23618.8 19914.1
threshold=-0.9875000000000006 86.770001500000021 -3.7624999999999988 275.02512300000006 42.523274000000008 1.9000000000000006 103.19900650000001 20.795963541666669 8.0129088345045254 278.56941200000006 70.619905000000017 11.840655182291668 136.36143433333336 0.87837969732492682
decision_type=2 2 2 2 2 2 2 2 2 2 2 2 2 2
left_child=1 -1 -3 4 -2 7 -4 -6 -9 -10 -11 12 -7 -13
right_child=3 2 6 -5 5 11 -8 8 9 10 -12 13 -14 -15
leaf_value=0.0301077972220276 0.025330399750202875 -0.95039609395870195 -0.64183404152794432 -0.54107153415222975 -0.25072103217626407 0.64092389767637137 -0.18853820671244809 0.40801628140024743 -0.29341969139462859 -0.038629290247574832 0.82265398049525718 0.94520689636987987 -0.030094655765467049 0.15560098411803394
leaf_weight=2343 3101 486 453 213 267 369 1273 741 332 194 147 487 203 96
leaf_count=2343 3101 486 453 213 267 369 1273 741 332 194 147 487 203 96
internal_value=-0.000154306 -0.202779 -0.44936 0.149928 0.174806 0.338182 -0.307811 0.149861 0.225625 0.0244975 0.333977 0.6119 0.403146 0.815675
internal_weight=10705 4555 2212 6150 5937 2836 1726 1681 1414 673 341 1155 572 583
internal_count=10705 4555 2212 6150 5937 2836 1726 1681 1414 673 341 1155 572 583
is_linear=0
shrinkage=0.05


Tree=16
num_leaves=15
num_cat=0
split_feature=71 84 35 84 84 71 69 83 56 25 24 36 36 24
split_gain=117567 94874 55234.2 38222.3 52360.2 52816.4 32232.8 25093.2 19710.6 19480.9 22331.4 18809 28466.1 18720.8
threshold=-0.9875000000000006 100.45845300000002 19.946354166666669 275.02512300000006 42.523274000000008 1.7624999999999995 -10.293456088541664 195.08672200000004 26.900994000000008 109.03423916388498 278.11863750000003 18.395963541666671 21.329817708333337 281.72766850000005
decision_type=2 2 2 2 2 2 2 2 2 2 2 2 2 2
left_child=1 -1 6 4 -2 13 -3 -4 -7 10 -9 -8 -13 -6
right_child=3 2 7 -5 5 8 11 9 -10 -11 -12 12 -14 -15
leaf_value=0.019904931907038223 0.024064287087903494 -1.0832443372460501 -0.48059218520602914 -0.51414437538848445 0.028880498245703209 0.49670623743400583 -1.2653282801310222 -0.12778869929055409 1.1083878020657913 -0.68404811975461521 0.52433242521509926 0.0071271401377881712 -0.86557087355530737 0.39820480651969903
leaf_weight=2439 3101 391 556 213 1162 1037 62 429 151 98 188 240 152 486
leaf_count=2439 3101 391 556 213 1162 1037 62 429 151 98 188 240 152 486
internal_value=-0.000146156 -0.192659 -0.437564 0.142447 0.166086 0.321315 -0.750664 -0.228979 0.57532 -0.0329205 0.0714396 -0.462484 -0.332607 0.137971
internal_weight=10705 4555 2116 6150 5937 2836 845 1271 1188 715 617 454 392 1648
internal_count=10705 4555 2116 6150 5937 2836 845 1271 1188 715 617 454 392 1648
is_linear=0
shrinkage=0.05


Tree=17
num_leaves=15
num_cat=0
split_feature=71 84 71 84 69 69 84 46 24 30 84 31 22 36
split_gain=106582 78105.5 63878.3 52166.3 36632.3 26843.6 21348.4 18922.4 18915.8 18415.3 16622.7 16491.1 16086.7 17599.5
threshold=1.0000000180025095e-35 105.07400350000002 -2.1374999999999988 42.523274000000008 11.840655182291668 -26.30091713020833 295.90254450000003 82.848958333333357 253.43744300000003 19.487500000000004 257.75375800000006 18.012500000000003 148.13106922916668 26.109635416666674
decision_type=2 2 2 2 2 2 2 2 2 2 2 2 2 2
left_child=1 -1 5 -2 8 -3 7 -4 9 -5 -10 -7 -6 -14
right_child=3 2 6 4 12 11 -8 -9 10 -11 -12 -13 13 -15
leaf_value=0.029177485473473722 0.023103809906599392 -1.1555645327248643 0.079274039316844028 -0.1933055630809552 0.82591448553296942 -1.4093780376473253 -1.2158287080085797 -0.25831268459563778 0.21046621909857788 0.68934169513996801 -0.25674306983090334 -0.46000613045714939 -0.079020860713596153 0.72265092071432335
leaf_weight=3163 2557 208 688 73 457 48 45 1044 842 301 245 761 131 142
leaf_count=3163 2557 208 688 73 457 48 45 1044 842 301 245 761 131 142
internal_value=-0.000150118 -0.140991 -0.333575 0.176546 0.355528 -0.649408 -0.152556 -0.124245 0.210767 0.517004 0.105022 -0.518005 0.644565 0.339081
internal_weight=10705 5957 2794 4748 2191 1017 1777 1732 1461 374 1087 809 730 273
internal_count=10705 5957 2794 4748 2191 1017 1777 1732 1461 374 1087 809 730 273
is_linear=0
shrinkage=0.05


Tree=18
num_leaves=15
num_cat=0
split_feature=71 84 35 84 84 69 51 69 56 83 25 24 16 84
split_gain=96979 78076.8 48736.4 33321.1 38255.3 44636.4 30931.8 29164.7 22581.2 19495.6 18139.3 25901.5 18131.1 18029.3
threshold=-0.9875000000000006 86.770001500000021 19.946354166666669 282.33339050000006 42.523274000000008 -0.12570920833333388 3.5000000000000004 -10.293456088541664 25.342195999999998 195.08672200000004 109.00154112320878 278.11863750000003 268.2539685000001 96.401743500000009
decision_type=2 2 2 2 2 2 2 2 2 2 2 2 2 2
left_child=1 -1 7 4 -2 6 -6 -3 13 12 11 -11 -4 -7
right_child=3 2 9 -5 5 8 -8 -9 -10 10 -12 -13 -14 -15
leaf_value=0.026149975380672735 0.021653385027560937 -0.99358229315161106 -0.47630118119230797 -0.77601411227881911 0.22793552928380417 0.71557433676088644 -0.34270461149846843 -0.4145261063282627 0.95022964624025053 -0.11057134755648845 -0.56763339915871625 0.62319483026862321 0.61414012432825282 0.28667009834999024
leaf_weight=2343 3101 397 571 99 590 293 396 485 176 429 124 166 40 1495
leaf_count=2343 3101 397 571 99 590 293 396 485 176 429 124 166 40 1495
internal_value=-0.000154046 -0.175 -0.387978 0.129353 0.144292 0.273156 -0.00136153 -0.675997 0.410905 -0.196612 -0.0200366 0.0948454 -0.404027 0.357315
internal_weight=10705 4555 2212 6150 6051 2950 986 882 1964 1330 719 595 611 1788
internal_count=10705 4555 2212 6150 6051 2950 986 882 1964 1330 719 595 611 1788
is_linear=0
shrinkage=0.05


Tree=19
num_leaves=15
num_cat=0
split_feature=71 84 71 84 69 24 8 84 65 70 63 36 46 34
split_gain=87780 64509.6 52846.5 43018.8 31280.3 22572.9 19387.1 18452.8 17167.3 17087.5 21917.1 19710.9 16507.9 16414
threshold=1.0000000180025095e-35 105.07400350000002 -2.1374999999999988 42.523274000000008 11.840655182291668 264.18653100000006 200.46031700000003 295.90254450000003 3.8351150416666648 8.1012924249459495 4.6262223749999984 24.497135416666669 82.848958333333357 21.459375000000001
decision_type=2 2 2 2 2 2 2 2 2 2 2 2 2 2
left_child=1 -1 5 -2 9 -3 -7 8 12 11 -11 -5 13 -4
right_child=3 2 7 4 -6 6 -8 -9 -10 10 -12 -13 -14 -15
leaf_value=0.026687065673127827 0.020866825385565307 -0.76004206265086571 0.28944299265870393 0.27092331591137619 0.58982745266931003 0.00033580686928879504 -0.79076411088944643 -1.1268676047091899 0.7338743532622426 -0.21012255894979878 0.4389779985468974 1.2591395696004233 -0.26644356680017156 -0.2126903260303814
leaf_weight=3163 2557 669 348 796 730 233 115 45 57 426 186 53 1023 304
leaf_count=3163 2557 669 348 796 730 233 115 45 57 426 186 53 1023 304
internal_value=-0.000147351 -0.127963 -0.302985 0.160208 0.322742 -0.590254 -0.262608 -0.138338 -0.112019 0.188978 -0.0124526 0.334023 -0.141225 0.0553523
internal_weight=10705 5957 2794 4748 2191 1017 348 1777 1732 1461 612 849 1675 652
internal_count=10705 5957 2794 4748 2191 1017 348 1777 1732 1461 612 849 1675 652
is_linear=0
shrinkage=0.05


Tree=20
num_leaves=15
num_cat=0
split_feature=71 84 35 84 84 71 69 31 42 47 36 83 16 36
split_gain=79873.9 64148 40752 29124.2 36484.9 37568 24947.4 18714 33699.1 20965.2 23224 16843.3 16165.5 16123.4
threshold=-0.9875000000000006 86.770001500000021 19.946354166666669 275.02512300000006 42.523274000000008 2.212499999999999 -10.293456088541664 21.012500000000003 68.875000000000014 70.485677083333357 24.424479166666671 195.08672200000004 268.2539685000001 18.395963541666671
decision_type=2 2 2 2 2 2 2 2 2 2 2 2 2 2
left_child=1 -1 6 4 -2 7 -3 -6 -9 -10 -11 12 -4 -8
right_child=3 2 11 -5 5 -7 13 8 9 10 -12 -13 -14 -15
leaf_value=0.023509250311721311 0.019477025345015882 -0.90894483210022869 -0.43792492659319637 -0.45574225422264752 -0.17056239566119108 0.52838766694407757 -1.1135800540447236 -0.014600872414397876 0.98119613818922324 0.43698379286608402 -0.51458862105971326 -0.012762233543649524 0.59159897980166642 -0.26057675946558922
leaf_weight=2343 3101 397 571 213 385 928 63 766 151 534 72 719 40 422
leaf_count=2343 3101 397 571 213 385 928 63 766 151 534 72 719 40 422
internal_value=-0.000138755 -0.158818 -0.351866 0.117394 0.138029 0.267606 -0.615236 0.140559 0.219268 0.455624 0.323264 -0.176879 -0.369669 -0.373443
internal_weight=10705 4555 2212 6150 5937 2836 882 1908 1523 757 606 1330 611 485
internal_count=10705 4555 2212 6150 5937 2836 882 1908 1523 757 606 1330 611 485
is_linear=0
shrinkage=0.05


Tree=21
num_leaves=15
num_cat=0
split_feature=71 84 35 84 84 69 51 69 56 58 73 84 70 54
split_gain=72102.6 57909.4 36802.5 26926.8 27954.9 35919.4 25166.6 22512.5 19234.4 16083 16824.3 15862.9 15784.7 22509
threshold=-0.9875000000000006 86.770001500000021 19.946354166666669 284.32638350000008 42.523274000000008 -0.12570920833333388 3.5000000000000004 -10.293456088541664 25.342195999999998 -0.214467500000012 8.8750000000000018 96.401743500000009 15.169894325524382 0.87837969732492682
decision_type=2 2 2 2 2 2 2 2 2 2 2 2 2 2
left_child=1 -1 7 4 -2 6 12 -3 11 10 -4 -7 13 -6
right_child=3 2 9 -5 5 8 -8 -9 -10 -11 -12 -13 -14 -15
leaf_value=0.022334289946831738 0.018503487570815363 -0.86361178020436569 -0.1217621143107061 -0.79990140253212305 0.16750173459538845 0.64363115486707922 -0.31794401006323136 -0.35491182513749653 0.85447448118679281 -0.081288592467023871 -0.91965749035553856 0.24160675426057085 -0.22103567540151886 1.0566424258550009
leaf_weight=2343 3101 397 134 79 343 293 400 485 176 1066 130 1504 165 89
leaf_count=2343 3101 397 134 79 343 293 400 485 176 1066 130 1504 165 89
internal_value=-0.000137927 -0.1509 -0.334321 0.111531 0.12352 0.233126 -0.011492 -0.584603 0.356681 -0.16803 -0.516653 0.307478 0.194024 0.352698
internal_weight=10705 4555 2212 6150 6071 2970 997 882 1973 1330 264 1797 597 432
internal_count=10705 4555 2212 6150 6071 2970 997 882 1973 1330 264 1797 597 432
is_linear=0
shrinkage=0.05


Tree=22
num_leaves=15
num_cat=0
split_feature=71 84 71 84 69 69 84 24 17 73 58 65 22 36
split_gain=65408.8 48866.5 39185.1 32097.9 25796.2 19003.3 16241.3 15007.2 15271 13687.9 26047.3 14735.6 13243.2 14809.8
threshold=1.0000000180025095e-35 105.07400350000002 -2.1374999999999988 42.523274000000008 11.840655182291668 -26.462434338541666 269.42642150000006 253.43744300000003 1.1692635583363182e-06 0.37500000000000006 -0.8425244999999818 3.117803625000001 148.13106922916668 26.109635416666674
decision_type=2 2 2 2 2 2 2 2 2 2 2 2 2 2
left_child=1 -1 5 -2 7 -3 9 8 -5 -4 -11 -12 -6 -14
right_child=3 2 6 4 12 -7 -8 -9 -10 10 11 -13 13 -15
leaf_value=0.024132370792609534 0.017925608748216196 -0.99181443889848675 0.15736185125052307 0.91923150952373234 0.68567535578513183 -0.41243723233333096 -0.42042178760677412 0.063070030487656109 0.22078485054591895 -0.79025696908789023 -0.10169730136592109 0.85150359397710762 -0.13868045082852018 0.59634818009563262
leaf_weight=3163 2557 170 526 111 457 847 360 1087 263 139 710 42 131 142
leaf_count=3163 2557 170 526 111 457 847 360 1087 263 139 710 42 131 142
internal_value=-0.000134185 -0.110467 -0.262797 0.138287 0.278683 -0.510164 -0.121018 0.157224 0.429976 -0.0447097 -0.164045 -0.0473999 0.521219 0.244423
internal_weight=10705 5957 2794 4748 2191 1017 1777 1461 374 1417 891 752 730 273
internal_count=10705 5957 2794 4748 2191 1017 1777 1461 374 1417 891 752 730 273
is_linear=0
shrinkage=0.05


Tree=23
num_leaves=15
num_cat=0
split_feature=71 84 71 84 69 69 84 70 63 36 65 46 22 34
split_gain=59051 44112.1 35376.1 28980.8 23286 17167.1 14862.8 14064.3 17382 16409.7 13472.1 13373.5 14408.6 13877.8
threshold=1.0000000180025095e-35 105.07400350000002 -2.1374999999999988 42.523274000000008 11.840655182291668 -26.462434338541666 295.90254450000003 8.1012924249459495 4.6262223749999984 24.497135416666669 3.8351150416666648 82.848958333333357 130.26329514062505 21.459375000000001
decision_type=2 2 2 2 2 2 2 2 2 2 2 2 2 2
left_child=1 -1 5 -2 7 -3 10 9 -9 -5 11 13 -13 -4
right_child=3 2 6 4 -6 -7 -8 8 -10 -11 -12 12 -14 -15
leaf_value=0.022926133541583051 0.017029679617302042 -0.94251371292691477 0.27492060297619775 0.22345968925430926 0.49523650740391778 -0.39183968825903853 -1.0021282513828382 -0.20930891704311555 0.36875401749848363 1.1249805335645322 0.65796323689664238 -0.038609339957816111 -0.41387748565324989 -0.1868000878078947
leaf_weight=3163 2557 170 348 796 730 847 45 426 186 53 57 502 521 304
leaf_count=3163 2557 170 348 796 730 847 45 426 186 53 57 502 521 304
internal_value=-0.000124295 -0.104958 -0.249688 0.131398 0.264802 -0.484725 -0.114976 0.149404 -0.0333082 0.280996 -0.0913615 -0.117238 -0.229946 0.0596834
internal_weight=10705 5957 2794 4748 2191 1017 1777 1461 612 849 1732 1675 1023 652
internal_count=10705 5957 2794 4748 2191 1017 1777 1461 612 849 1732 1675 1023 652
is_linear=0
shrinkage=0.05


Tree=24
num_leaves=15
num_cat=0
split_feature=71 84 35 84 84 31 6 47 70 24 36 22 69 45
split_gain=53730.8 42914.8 29886.2 23406.4 33448.9 26031.9 23849 18261.5 32182.1 26424.4 20230.4 16569.6 16318.1 16261.5
threshold=-0.9875000000000006 86.770001500000021 19.882812500000004 263.70710200000008 42.523274000000008 21.062500000000004 93.886427500000011 70.591145833333357 20.762038324507092 274.65417650000006 24.424479166666671 144.58368682812502 -10.293456088541664 81.552083333333357
decision_type=2 2 2 2 2 2 2 2 2 2 2 2 2 2
left_child=1 -1 12 4 -2 -6 7 8 9 -7 11 -9 -3 -5
right_child=3 2 -4 13 5 6 -8 10 -10 -11 -12 -13 -14 -15
leaf_value=0.018866130050411607 0.015725282639707003 -0.75882869717356183 -0.14182368953065647 0.098951064407624106 -0.099706826939887694 0.24386604829710357 0.12527916759466876 0.34547363253358848 -0.13186802704786432 1.2190799709677698 -0.37766159361849233 1.2005306347723932 -0.31958498655288348 -0.46709183782640135
leaf_weight=2343 3101 388 1355 221 418 97 842 690 86 249 89 61 469 296
leaf_count=2343 3101 388 1355 221 418 97 842 690 86 249 89 61 469 296
internal_value=-0.000118081 -0.130263 -0.288162 0.0962796 0.125839 0.260638 0.331902 0.46847 0.732555 0.947173 0.331945 0.41643 -0.519102 -0.225404
internal_weight=10705 4555 2212 6150 5633 2532 2114 1272 432 346 840 751 857 517
internal_count=10705 4555 2212 6150 5633 2532 2114 1272 432 346 840 751 857 517
is_linear=0
shrinkage=0.05


Tree=25
num_leaves=15
num_cat=0
split_feature=71 84 71 84 69 83 84 43 24 35 65 69 72 73
split_gain=48574.4 36496.1 29255.5 23865.8 19734.8 15661.6 13099.6 12957.9 12653.1 14495.1 11879.9 11857.5 11810 11550.6
threshold=1.0000000180025095e-35 105.07400350000002 -2.1374999999999988 42.523274000000008 11.840655182291668 255.09913100000003 295.90254450000003 89.375000000000014 253.43744300000003 18.688541666666669 3.8351150416666648 -13.746666145833332 2.1374999999999997 0.37500000000000006
decision_type=2 2 2 2 2 2 2 2 2 2 2 2 2 2
left_child=1 -1 5 -2 8 7 10 11 9 -5 13 -3 -10 -4
right_child=3 2 6 4 -6 -7 -8 -9 12 -11 -12 -13 -14 -15
leaf_value=0.021133601802435686 0.015392570489430633 -0.78899585632661173 0.067185061213094741 -0.48224877618079964 0.45237361701656387 0.13355289532968373 -0.93718991571146515 0.11623440243473107 0.013731928467310512 0.49521207842394133 0.62148339501742667 -0.40478635959577602 0.8499901870360852 -0.20563496988643776
leaf_weight=3163 2557 345 609 42 730 106 45 76 1044 332 57 490 43 1066
leaf_count=3163 2557 345 609 42 730 106 45 76 1044 332 57 490 43 1066
internal_value=-0.000107641 -0.095188 -0.226832 0.119178 0.240239 -0.440572 -0.104328 -0.507448 0.134007 0.38445 -0.0821602 -0.564285 0.0475638 -0.106462
internal_weight=10705 5957 2794 4748 2191 1017 1777 911 1461 374 1732 835 1087 1675
internal_count=10705 5957 2794 4748 2191 1017 1777 911 1461 374 1732 835 1087 1675
is_linear=0
shrinkage=0.05


Tree=26
num_leaves=15
num_cat=0
split_feature=71 84 24 25 49 30 47 7 84 84 31 6 47 70
split_gain=44108.5 35109.1 25868 36494.8 23133 22274.2 21287.9 21208.3 20664.2 28081.6 22748.8 21248.4 16112.6 29197.9
threshold=-0.9875000000000006 86.770001500000021 278.11863750000003 109.2624300420939 3.5000000000000004 16.862500000000004 78.904947916666671 175.45021050000003 263.70710200000008 42.523274000000008 21.062500000000004 93.886427500000011 70.591145833333357 20.762038324507092
decision_type=2 2 2 2 2 2 2 2 2 2 2 2 2 2
left_child=1 -1 4 6 5 -3 7 -4 9 -2 -11 12 13 -12
right_child=8 2 3 -5 -6 -7 -8 -9 -10 10 11 -13 -14 -15
leaf_value=0.016866997178682088 0.014119551092059594 -0.99147538034539484 1.7275921306826854 -0.60319940888219414 -0.69431929365295841 -0.19801202284299307 -0.034244359617254569 0.42268780280609386 -0.21501256183911704 -0.098323226513492221 0.88652855183617874 0.11012414049402473 0.30581987929166665 -0.14111603662885469
leaf_weight=2343 3101 94 43 134 375 1303 153 110 517 418 346 842 840 86
leaf_count=2343 3101 94 43 134 375 1303 153 110 517 418 346 842 840 86
internal_value=-0.000102411 -0.11802 -0.260838 0.082147 -0.346002 -0.252073 0.383253 0.798262 0.0872382 0.115012 0.238524 0.305143 0.434048 0.682098
internal_weight=10705 4555 2212 440 1772 1397 306 153 6150 5633 2532 2114 1272 432
internal_count=10705 4555 2212 440 1772 1397 306 153 6150 5633 2532 2114 1272 432
is_linear=0
shrinkage=0.05


Tree=27
num_leaves=15
num_cat=0
split_feature=35 84 84 69 67 84 84 57 52 84 14 36 36 47
split_gain=40508.6 28850 26508.9 24221.8 18984.3 20363.6 21789.1 19976.6 16736.9 17137.8 17370.1 15097.5 28221.8 14260.1
threshold=19.946354166666669 90.348270500000027 299.97504500000008 -10.466263937499997 -2.4885673333333322 42.523274000000008 273.02215500000005 1.1217152843747329 0.91037613702198772 203.21740350000002 79.316336958333352 21.329817708333337 20.748177083333335 81.669270833333357
decision_type=2 2 2 2 2 2 2 2 2 2 2 2 2 2
left_child=1 -1 4 13 -2 -6 7 8 9 -7 -11 12 -5 -3
right_child=2 3 -4 11 5 6 -8 -9 -10 10 -12 -13 -14 -15
leaf_value=0.039960114004370439 -0.064457377621768244 -0.91703011449895999 -1.0576665118888573 -0.26941023460936314 0.012899817950500325 0.27194316470073487 -0.17895244319379502 0.75647187731491861 0.4690906796627391 0.036014073303327628 -0.84563926371435327 -0.54458859453311259 0.4982316544325448 -0.31055630177237137
leaf_weight=764 2441 237 53 458 3217 1105 345 176 485 810 59 228 161 166
leaf_count=764 2441 237 53 458 3217 1105 345 176 485 810 59 228 161 166
internal_value=-9.49177e-05 -0.202086 0.0467311 -0.349938 0.053629 0.100146 0.194295 0.243214 0.206185 0.141386 -0.0247482 -0.197708 -0.0692674 -0.668604
internal_weight=10705 2014 8691 1250 8638 6197 2980 2635 2459 1974 869 847 619 403
internal_count=10705 2014 8691 1250 8638 6197 2980 2635 2459 1974 869 847 619 403
is_linear=0
shrinkage=0.05


Tree=28
num_leaves=15
num_cat=0
split_feature=71 84 71 84 71 83 58 42 47 69 27 36 67 84
split_gain=36890.2 28547.2 22069.3 18055.7 16455.6 12776.6 12076.6 11260.3 22715.7 17469.9 13573.1 13087.8 11979.7 11083.7
threshold=1.0000000180025095e-35 105.07400350000002 -2.1374999999999988 42.523274000000008 3.0124999999999997 255.09913100000003 187.63779400000001 66.875000000000014 70.485677083333357 4.184192682291668 22.487500000000004 20.844531250000003 -0.58649964583333214 269.42642150000006
decision_type=2 2 2 2 2 2 2 2 2 2 2 2 2 2
left_child=1 -1 5 -2 6 -3 7 -5 9 12 11 -10 -9 -4
right_child=3 2 13 4 -6 -7 -8 8 10 -11 -12 -13 -14 -15
leaf_value=0.019917234437374309 0.013581005738432095 -0.44543720455089658 -0.029953304473809866 0.010947867265389558 0.44706362988219867 0.13343194060236493 -0.44341540100245641 0.93402745737585924 -0.38179115683345471 1.2965468457964964 -0.14932310387492181 0.41858413507611253 -0.18176502878015693 -0.34032067022417928
leaf_weight=3163 2557 911 1417 689 545 106 86 42 58 85 244 388 54 360
leaf_count=3163 2557 911 1417 689 545 106 86 42 58 85 244 388 54 360
internal_value=-9.99967e-05 -0.0829595 -0.199389 0.103854 0.209152 -0.385031 0.130155 0.162039 0.281409 0.778402 0.1501 0.313878 0.310991 -0.0929862
internal_weight=10705 5957 2794 4748 2191 1017 1646 1560 871 181 690 446 96 1777
internal_count=10705 5957 2794 4748 2191 1017 1646 1560 871 181 690 446 96 1777
is_linear=0
shrinkage=0.05


Tree=29
num_leaves=15
num_cat=0
split_feature=35 84 84 69 67 84 84 57 52 84 59 36 36 36
split_gain=34039.3 24403 23179 20729.3 16110.8 17408.2 18319.9 17104.9 14700.1 15214.4 15641.1 14484.8 19436.7 17239.4
threshold=19.946354166666669 90.348270500000027 299.97504500000008 -10.466263937499997 -2.4885673333333322 42.523274000000008 273.02215500000005 1.1217152843747329 0.91037613702198772 203.21740350000002 0.078523500000009974 18.395963541666671 21.329817708333337 20.748177083333335
decision_type=2 2 2 2 2 2 2 2 2 2 2 2 2 2
left_child=1 -1 4 -3 -2 -6 7 8 9 -7 -11 -5 13 -13
right_child=2 3 -4 11 5 6 -8 -9 -10 10 -12 12 -14 -15
leaf_value=0.037360748730332051 -0.059497104311075112 -0.61602569980325539 -0.98987044095993049 -0.90381725281476977 0.011470945409370032 0.2520663959594468 -0.16306023459822327 0.69897591795109337 0.43616595767101141 0.034213954756867983 -0.75556265534901557 -0.13942106033262627 -0.50887699327289282 0.47285960391623744
leaf_weight=764 2441 403 53 63 3217 1105 345 176 485 802 67 395 228 161
leaf_count=764 2441 403 53 63 3217 1105 345 176 485 802 67 395 228 161
internal_value=-8.89155e-05 -0.18525 0.0428355 -0.32123 0.0492857 0.092138 0.179187 0.224043 0.18978 0.129054 -0.0274764 -0.180406 -0.121198 0.0384067
internal_weight=10705 2014 8691 1250 8638 6197 2980 2635 2459 1974 869 847 784 556
internal_count=10705 2014 8691 1250 8638 6197 2980 2635 2459 1974 869 847 784 556
is_linear=0
shrinkage=0.05


Tree=30
num_leaves=15
num_cat=0
split_feature=84 71 84 71 84 69 24 24 43 84 83 24 25 49
split_gain=31169.1 30417.4 20877.2 18529.1 14225.9 16148.6 12060.4 17120.1 12577.1 11633.2 11810.5 11398 29148.8 17547.5
threshold=303.76010700000006 -1.0000000180025095e-35 105.07400350000002 -3.7624999999999988 42.523274000000008 -0.12570920833333388 266.28453700000006 269.12478300000004 68.875000000000014 249.14793600000004 239.77626600000005 278.11863750000003 109.00154112320878 3.5000000000000004
decision_type=2 2 2 2 2 2 2 2 2 2 2 2 2 2
left_child=1 2 -1 -4 -3 6 -6 -8 -9 10 -7 13 -13 -5
right_child=-2 4 3 11 5 9 7 8 -10 -11 -12 12 -14 -15
leaf_value=0.012671609422230796 -1.3435533213060955 0.012400444778657836 -0.47051320570801869 -0.10834426789187766 -0.36367206980425282 0.22955074944032569 0.7554508101682933 0.53596382953047039 -0.1440799584404189 0.035635844750616416 0.54862982246450309 0.37584082874128172 -0.3988020298849696 -0.55132010508970031
leaf_weight=2926 42 2745 460 1239 189 909 83 82 375 441 427 321 194 272
leaf_count=2926 42 2745 460 1239 189 909 83 82 375 441 427 321 194 272
internal_value=-9.47124e-05 0.00532247 -0.0778533 -0.184362 0.0910469 0.177155 -0.0209985 0.0993878 -0.0211552 0.258412 0.331866 -0.119192 0.0838263 -0.188398
internal_weight=10705 10663 5412 2486 5251 2506 729 540 457 1777 1336 2026 515 1511
internal_count=10705 10663 5412 2486 5251 2506 729 540 457 1777 1336 2026 515 1511
is_linear=0
shrinkage=0.05


Tree=31
num_leaves=15
num_cat=0
split_feature=35 84 84 69 67 84 71 70 70 31 25 24 31 36
split_gain=28535.6 20591.2 19158.3 17270.1 13679.5 14762.3 15474 14565.2 18486 13529 13440.2 19594.4 19611.3 12906.4
threshold=19.946354166666669 90.348270500000027 299.97504500000008 -10.466263937499997 -2.4885673333333322 42.523274000000008 1.6374999999999995 8.0129088345045254 9.0377305047663761 23.162500000000005 109.2624300420939 283.21306650000002 25.437500000000004 18.395963541666671
decision_type=2 2 2 2 2 2 2 2 2 2 2 2 2 2
left_child=1 -1 4 -3 -2 -6 7 9 -9 -7 11 -10 -13 -5
right_child=2 3 -4 13 5 6 -8 8 10 -11 -12 12 -14 -15
leaf_value=0.034859920297475422 -0.05516747404614511 -0.56361388540417556 -0.89966782850247839 -0.84884487167000777 0.01027382846280349 0.44827262918020988 0.30008452423930349 -0.59938865585551993 -0.031667023760931133 0.044545150471855061 -0.29443065655543815 1.2026924726444408 0.080289592160843318 -0.11011243415106634
leaf_weight=764 2441 403 53 63 3217 362 1235 139 376 485 228 76 79 784
leaf_count=764 2441 403 53 63 3217 362 1235 139 376 485 228 76 79 784
internal_value=-9.40585e-05 -0.169626 0.0392073 -0.294536 0.0450714 0.084558 0.16472 0.0688001 -0.071465 0.21742 0.0258782 0.163707 0.634811 -0.165996
internal_weight=10705 2014 8691 1250 8638 6197 2980 1745 898 847 759 531 155 847
internal_count=10705 2014 8691 1250 8638 6197 2980 1745 898 847 759 531 155 847
is_linear=0
shrinkage=0.05


Tree=32
num_leaves=15
num_cat=0
split_feature=84 71 84 24 25 46 49 17 51 30 84 83 45 22
split_gain=26685.7 25261 19782.6 17203.8 27164 18841.6 18743 17298.7 12506 10961.6 10074.6 25485.1 12258.8 14492.3
threshold=303.76010700000006 -0.9875000000000006 86.770001500000021 278.11863750000003 109.2624300420939 78.151041666666671 3.5000000000000004 2.0018641137551049e-06 1.5000000000000002 16.862500000000004 258.60530300000011 237.02630750000003 81.552083333333357 136.98705236979171
decision_type=2 2 2 2 2 2 2 2 2 2 2 2 2 2
left_child=1 2 -1 6 5 -5 7 -4 -8 -9 11 -3 13 -12
right_child=-2 10 3 4 -6 -7 8 9 -10 -11 12 -13 -14 -15
leaf_value=0.016597641869718304 -1.2431815358095391 0.050107060052193432 0.074479941064633903 1.0680165494446243 -0.50844957654861578 0.13319522442113418 0.15831767081045639 -0.81035348716535072 -0.68809936303928199 -0.24253184812686809 0.81428916809459528 0.36363206687919702 -0.31831303899084906 -0.056909810243031156
leaf_weight=2343 42 4737 458 69 132 236 50 94 325 832 59 750 345 233
leaf_count=2343 42 4737 458 69 132 236 50 94 325 832 59 750 345 233
internal_value=-9.53422e-05 0.00491711 -0.0844632 -0.192248 0.0883667 0.347479 -0.261973 -0.17677 -0.575123 -0.300984 0.0711672 0.0930202 -0.116921 0.121298
internal_weight=10705 10663 4539 2196 437 305 1759 1384 375 926 6124 5487 637 292
internal_count=10705 10663 4539 2196 437 305 1759 1384 375 926 6124 5487 637 292
is_linear=0
shrinkage=0.05


Tree=33
num_leaves=15
num_cat=0
split_feature=84 71 84 83 70 46 31 36 28 84 84 57 31 30
split_gain=24563.5 21846.9 16485.6 15389.3 13858.6 13102 11215.1 9986.94 10043 9158.37 16951.4 14444.3 13746.4 12033.6
threshold=292.35207400000007 -0.9875000000000006 86.770001500000021 252.41682850000004 14.093098137153982 81.901041666666671 23.212500000000002 18.395963541666671 17.775000000000002 42.523274000000008 258.60530300000011 1.1217152843747329 21.112500000000004 22.112500000000004
decision_type=2 2 2 2 2 2 2 2 2 2 2 2 2 2
left_child=1 2 -1 4 7 6 -5 -4 -9 -3 11 12 -11 -14
right_child=-2 9 3 5 -6 -7 -8 8 -10 10 -12 -13 13 -15
leaf_value=0.015768113365530356 -0.75745521196392629 0.0088845924728596266 -0.79189264009583671 1.0698148641586305 -0.41447291478123227 -0.10840093608245634 0.15945632402027879 0.50387038286608543 -0.13164870906152867 -0.11264788313822534 -0.10319166042679406 0.62906905073778974 0.34451724656089544 0.087517773116700906
leaf_weight=2343 105 3101 52 49 708 313 106 66 864 389 612 174 900 923
leaf_count=2343 105 3101 52 49 708 313 106 66 864 389 612 174 900 923
internal_value=-9.61287e-05 0.00747676 -0.0760714 -0.175745 -0.245978 0.0778565 0.45226 -0.124199 -0.0860546 0.0691368 0.131435 0.191634 0.156956 0.214516
internal_weight=10705 10600 4501 2158 1690 468 155 982 930 6099 2998 2386 2212 1823
internal_count=10705 10600 4501 2158 1690 468 155 982 930 6099 2998 2386 2212 1823
is_linear=0
shrinkage=0.05


Tree=34
num_leaves=15
num_cat=0
split_feature=84 35 84 69 47 24 69 24 21 84 36 36 36 47
split_gain=22655.8 21207 14681 14432.3 12912.3 11273.4 18858.2 11297.7 10860.6 11847.2 10271.9 12224.7 14089.3 12292
threshold=303.76010700000006 19.946354166666669 90.348270500000027 -10.466263937499997 81.669270833333357 280.08090150000004 -14.27211109375 280.60822950000005 56.560964243110057 95.689753500000009 18.395963541666671 21.44947916666667 20.748177083333335 79.941406250000014
decision_type=2 2 2 2 2 2 2 2 2 2 2 2 2 2
left_child=1 2 -1 4 -4 8 -7 -8 -3 -10 -5 12 13 -12
right_child=-2 5 3 10 -6 6 7 -9 9 -11 11 -13 -14 -15
leaf_value=0.030396400002102225 -1.1454760076001633 0.036234512686368632 -0.72980698761725882 -0.73836174868047244 -0.15412734075934587 1.0321686309363161 0.69350142665678938 0.086159532326037291 0.066684408935841669 -0.24222577205085846 -0.3413890054244888 -0.40911587010888217 0.41390022599058496 0.23258474295306952
leaf_weight=764 42 4684 237 63 166 55 78 2521 497 824 246 205 174 149
leaf_count=764 42 4684 237 63 166 55 78 2521 497 824 246 205 174 149
internal_value=-8.94586e-05 0.00452904 -0.142003 -0.248162 -0.493647 0.0384542 0.124249 0.104647 0.000521356 -0.126042 -0.129518 -0.0790719 0.0403459 -0.124837
internal_weight=10705 10663 2004 1240 403 8659 2654 2599 6005 1321 837 774 569 395
internal_count=10705 10663 2004 1240 403 8659 2654 2599 6005 1321 837 774 569 395
is_linear=0
shrinkage=0.05


Tree=35
num_leaves=15
num_cat=0
split_feature=84 71 84 65 49 25 24 47 7 53 84 69 51 70
split_gain=20697.9 18686.9 13514.9 13684.8 14309.6 11104.6 18042.2 17330.9 11023.8 8935.78 8548.59 15674.7 15173.9 14022
threshold=292.35207400000007 -0.9875000000000006 86.770001500000021 -11.561125999999996 4.5000000000000009 109.2624300420939 283.84321050000005 78.904947916666671 205.21450300000004 0.32143946530316164 42.523274000000008 -1.3059802708333337 3.5000000000000004 15.169894325524382
decision_type=2 2 2 2 2 2 2 2 2 2 2 2 2 2
left_child=1 2 -1 -4 5 6 -5 8 -8 -7 -3 12 13 -12
right_child=-2 10 3 4 -6 9 7 -9 -10 -11 11 -13 -14 -15
leaf_value=0.012745816506677443 -0.69530671228004515 0.0056768982981491977 -0.40261307991605816 -0.061172746917234413 -0.47736178559390396 -0.85352906220489089 1.4546924031299096 -0.31262672114270657 0.40800277402592916 -0.019263398375804142 0.2804102128126712 0.1962653509055029 -0.31816842209337731 -0.28815206558286371
leaf_weight=2343 105 3101 459 1211 213 71 45 43 58 58 366 2143 336 153
leaf_count=2343 105 3101 459 1211 213 71 45 43 58 58 366 2143 336 153
internal_value=-9.04444e-05 0.00686107 -0.0704089 -0.160656 -0.0950912 -0.0400132 0.00227619 0.525391 0.874885 -0.481466 0.0638877 0.124076 -0.0568781 0.112568
internal_weight=10705 10600 4501 2158 1699 1486 1357 146 103 129 6099 2998 855 519
internal_count=10705 10600 4501 2158 1699 1486 1357 146 103 129 6099 2998 855 519
is_linear=0
shrinkage=0.05


Tree=36
num_leaves=15
num_cat=0
split_feature=84 71 84 24 79 25 47 24 69 22 73 17 22 22
split_gain=19239 17959 21055.9 10752.1 18853.7 21091.7 11022.5 13469.9 11766.7 10037.8 9409.12 13714.9 21184.4 15844.5
threshold=303.76010700000006 -2.0124999999999988 81.617065000000011 280.08090150000004 -0.70710678118654735 110.83232094980485 70.485677083333357 296.45735250000007 1.5771654531249983 143.52180946875004 0.37500000000000006 1.0781840591110191e-06 136.95541188020837 23.216666666666672
decision_type=2 2 2 2 2 2 2 2 2 2 2 2 2 2
left_child=1 2 -1 9 5 6 -5 8 -8 10 11 12 13 -3
right_child=-2 3 -4 4 -6 -7 7 -9 -10 -11 -12 -13 -14 -15
leaf_value=0.0084009854997918933 -1.055577331157618 0.69752042878348874 -0.27521322305071066 0.79686477960780344 0.05010034342268304 -0.21296382720913154 0.45408002623946087 0.87690074884118774 -0.34252729627187367 -0.34812894404029998 -0.063855832174772795 0.01519191457920412 0.86559598337520249 0.025518355428734249
leaf_weight=1609 42 105 1102 210 1771 120 97 73 87 194 2158 2508 120 509
leaf_count=1609 42 105 1102 210 1771 120 97 73 87 194 2158 2508 120 509
internal_value=-9.09215e-05 0.00416508 -0.106945 0.0420534 0.131579 0.376901 0.528604 0.307163 0.0776078 0.00429942 0.0170228 0.0708619 0.260801 0.141385
internal_weight=10705 10663 2711 7952 2358 587 467 257 184 5594 5400 3242 734 614
internal_count=10705 10663 2711 7952 2358 587 467 257 184 5594 5400 3242 734 614
is_linear=0
shrinkage=0.05


Tree=37
num_leaves=15
num_cat=0
split_feature=84 35 52 84 49 84 69 47 36 36 36 36 84 45
split_gain=17582 15480.7 10935.8 10836.8 11060.4 10606.2 11895.4 11369 9160.84 8947.11 12584.2 11151.6 8893.02 7665.86
threshold=287.58038500000004 19.946354166666669 0.91037613702198772 273.02215500000005 4.5000000000000009 90.348270500000027 -10.466263937499997 81.669270833333357 18.395963541666671 21.44947916666667 20.748177083333335 19.575781250000002 244.96119200000001 83.010416666666671
decision_type=2 2 2 2 2 2 2 2 2 2 2 2 2 2
left_child=1 5 -3 4 12 -1 7 -7 -8 10 11 -10 -4 -14
right_child=-2 2 3 -5 -6 6 8 -9 9 -11 -12 -13 13 -15
leaf_value=0.027631614242552546 -0.54127137087587573 0.017630979317704205 0.87557610198071123 -0.12877207251353415 0.023603639216550315 -0.66401939981832581 -0.67622723244130611 -0.11971139798085846 0.36646087556294704 -0.3474632253532583 0.39946341465626445 -0.25704607059994694 0.5580386495564954 0.088015324553084931
leaf_weight=764 147 7706 94 190 239 228 63 166 93 192 174 302 176 171
leaf_count=764 147 7706 94 190 239 228 63 166 93 192 174 302 176 171
internal_value=-7.94076e-05 0.00750621 0.0366145 0.204547 0.297733 -0.118399 -0.209945 -0.435575 -0.101661 -0.0532703 0.0464359 -0.109691 0.445908 0.327332
internal_weight=10705 10558 8576 870 680 1982 1218 394 824 761 569 395 441 347
internal_count=10705 10558 8576 870 680 1982 1218 394 824 761 569 395 441 347
is_linear=0
shrinkage=0.05


Tree=38
num_leaves=15
num_cat=0
split_feature=84 71 84 84 69 30 32 70 30 33 31 84 56 58
split_gain=16501.5 15504.5 11637.7 11694.7 15390.9 11175.7 12799.4 12011.1 10796.8 10525.5 10432.5 9977.22 10847.5 10592.2
threshold=303.76010700000006 1.0000000180025095e-35 110.59851750000001 163.56473950000003 -11.581825156249996 16.862500000000004 22.012500000000003 19.317596863966852 22.112500000000004 19.996875000000003 23.212500000000002 42.523274000000008 25.342195999999998 24.977233000000002
decision_type=2 2 2 2 2 2 2 2 2 2 2 2 2 2
left_child=1 2 -1 4 -4 -5 9 8 -8 -7 -11 -3 13 -13
right_child=-2 11 3 5 -6 6 7 -9 -10 10 -12 12 -14 -15
leaf_value=0.013454541728882028 -0.97759168120317685 0.0043011640717949091 -0.62480387509830537 -0.75288396447391837 -0.091271052267838493 -0.13117946662725533 -0.63845718769650717 0.47265123718873014 -0.057650920253901089 0.33708485517591114 -0.01177310277561338 0.14769474509652161 0.52289636803156181 -0.30638894359108765
leaf_weight=3255 42 2557 247 58 298 776 208 42 130 342 571 1864 178 137
leaf_count=3255 42 2557 247 58 298 776 208 42 130 342 571 1864 178 137
internal_value=-7.7203e-05 0.00386439 -0.050027 -0.127336 -0.333775 -0.0743076 -0.0549306 -0.316708 -0.415899 0.00411801 0.119131 0.0713046 0.149893 0.116468
internal_weight=10705 10663 5927 2672 545 2127 2069 380 338 1689 913 4736 2179 2001
internal_count=10705 10663 5927 2672 545 2127 2069 380 338 1689 913 4736 2179 2001
is_linear=0
shrinkage=0.05


end of trees

feature_importances:
consumo_alvo_semana_anterior=142
temperatura_externa_c_diferenca_semana_atual=71
correcao_semanal_media_1440m=53
consumo_max_1440m=34
temperatura_externa_c_media_1440m=28
consumo_mean_1440m=16
consumo_diferenca_dia_atual=16
umidade_relativa_pct_media_1440m=13
correcao_semanal_std_1440m=12
consumo_std_1440m=11
temperatura_externa_c_lag_720m=11
temperatura_externa_c_media_360m=11
temperatura_externa_c_lag_360m=10
consumo_alvo_dia_anterior=10
origem_mes=9
correcao_semanal_media_180m=9
consumo_diferenca_semana_atual=7
consumo_lag_720m=6
consumo_lag_1440m=6
umidade_relativa_pct_diferenca_semana_atual=6
consumo_lag_360m=5
consumo_max_180m=5
consumo_std_180m=5
umidade_relativa_pct_media_360m=5
origem_dia_semana=5
umidade_relativa_pct_media_180m=4
origem_hora_sin=4
correcao_semanal_media_60m=4
correcao_semanal_media_360m=4
umidade_relativa_pct_lag_720m=3
consumo_razao_semana_atual=3
consumo_mean_180m=2
temperatura_externa_c_media_180m=2
umidade_relativa_pct_lag_1440m=2
consumo_std_360m=1
temperatura_externa_c_lag_15m=1
temperatura_externa_c_lag_60m=1
temperatura_externa_c_lag_1440m=1
temperatura_externa_c_media_60m=1
origem_hora_cos=1
origem_semana_sin=1
tendencia_consumo_15m=1
temperatura_externa_c_tendencia_1h=1
alvo_dia_semana=1
alvo_hora_sin=1
alvo_semana_sin=1

parameters:
[boosting: gbdt]
[objective: regression]
[metric: l1]
[tree_learner: serial]
[device_type: cpu]
[data_sample_strategy: bagging]
[data: ]
[valid: ]
[num_iterations: 400]
[learning_rate: 0.05]
[num_leaves: 15]
[num_threads: 2]
[seed: 20260905]
[deterministic: 1]
[force_col_wise: 1]
[force_row_wise: 0]
[histogram_pool_size: -1]
[max_depth: -1]
[min_data_in_leaf: 40]
[min_sum_hessian_in_leaf: 0.001]
[bagging_fraction: 1]
[pos_bagging_fraction: 1]
[neg_bagging_fraction: 1]
[bagging_freq: 0]
[bagging_seed: 23218]
[bagging_by_query: 0]
[feature_fraction: 1]
[feature_fraction_bynode: 1]
[feature_fraction_seed: 28090]
[extra_trees: 0]
[extra_seed: 14360]
[early_stopping_round: 0]
[early_stopping_min_delta: 0]
[first_metric_only: 0]
[max_delta_step: 0]
[lambda_l1: 0]
[lambda_l2: 1]
[linear_lambda: 0]
[min_gain_to_split: 0]
[drop_rate: 0.1]
[max_drop: 50]
[skip_drop: 0.5]
[xgboost_dart_mode: 0]
[uniform_drop: 0]
[drop_seed: 16970]
[top_rate: 0.2]
[other_rate: 0.1]
[min_data_per_group: 100]
[max_cat_threshold: 32]
[cat_l2: 10]
[cat_smooth: 10]
[max_cat_to_onehot: 4]
[top_k: 20]
[monotone_constraints: ]
[monotone_constraints_method: basic]
[monotone_penalty: 0]
[feature_contri: ]
[forcedsplits_filename: ]
[refit_decay_rate: 0.9]
[cegb_tradeoff: 1]
[cegb_penalty_split: 0]
[cegb_penalty_feature_lazy: ]
[cegb_penalty_feature_coupled: ]
[path_smooth: 0]
[interaction_constraints: ]
[verbosity: -1]
[saved_feature_importance_type: 0]
[use_quantized_grad: 0]
[num_grad_quant_bins: 4]
[quant_train_renew_leaf: 0]
[stochastic_rounding: 1]
[linear_tree: 0]
[max_bin: 255]
[max_bin_by_feature: ]
[min_data_in_bin: 3]
[bin_construct_sample_cnt: 200000]
[data_random_seed: 5037]
[is_enable_sparse: 1]
[enable_bundle: 1]
[use_missing: 1]
[zero_as_missing: 0]
[feature_pre_filter: 1]
[pre_partition: 0]
[two_round: 0]
[header: 0]
[label_column: ]
[weight_column: ]
[group_column: ]
[ignore_column: ]
[categorical_feature: ]
[forcedbins_filename: ]
[precise_float_parser: 0]
[parser_config_file: ]
[objective_seed: 15411]
[num_class: 1]
[is_unbalance: 0]
[scale_pos_weight: 1]
[sigmoid: 1]
[boost_from_average: 1]
[reg_sqrt: 0]
[alpha: 0.9]
[fair_c: 1]
[poisson_max_delta_step: 0.7]
[tweedie_variance_power: 1.5]
[lambdarank_truncation_level: 30]
[lambdarank_norm: 1]
[label_gain: ]
[lambdarank_position_bias_regularization: 0]
[eval_at: ]
[multi_error_top_k: 1]
[auc_mu_weights: ]
[num_machines: 1]
[local_listen_port: 12400]
[time_out: 120]
[machine_list_filename: ]
[machines: ]
[gpu_platform_id: -1]
[gpu_device_id: -1]
[gpu_device_id_list: ]
[gpu_use_dp: 0]
[num_gpu: 1]

end of parameters

pandas_categorical:[]
