tree
version=v4
num_class=1
num_tree_per_iteration=1
label_index=0
max_feature_idx=84
objective=regression
feature_names=consumo_atual_kw consumo_lag_15m consumo_lag_30m consumo_lag_60m consumo_lag_120m consumo_lag_180m consumo_lag_360m consumo_lag_720m consumo_lag_1440m consumo_lag_10080m consumo_mean_60m consumo_min_60m consumo_max_60m consumo_std_60m consumo_mean_180m consumo_min_180m consumo_max_180m consumo_std_180m consumo_mean_360m consumo_min_360m consumo_max_360m consumo_std_360m consumo_mean_1440m consumo_min_1440m consumo_max_1440m consumo_std_1440m temperatura_externa_c_atual temperatura_externa_c_lag_15m temperatura_externa_c_lag_60m temperatura_externa_c_lag_180m temperatura_externa_c_lag_360m temperatura_externa_c_lag_720m temperatura_externa_c_lag_1440m temperatura_externa_c_media_60m temperatura_externa_c_media_180m temperatura_externa_c_media_360m temperatura_externa_c_media_1440m umidade_relativa_pct_atual umidade_relativa_pct_lag_15m umidade_relativa_pct_lag_60m umidade_relativa_pct_lag_180m umidade_relativa_pct_lag_360m umidade_relativa_pct_lag_720m umidade_relativa_pct_lag_1440m umidade_relativa_pct_media_60m umidade_relativa_pct_media_180m umidade_relativa_pct_media_360m umidade_relativa_pct_media_1440m origem_hora origem_dia_semana origem_fim_de_semana origem_mes origem_hora_sin origem_hora_cos origem_semana_sin origem_semana_cos consumo_diferenca_semana_atual consumo_razao_semana_atual consumo_diferenca_dia_atual tendencia_consumo_15m tendencia_consumo_60m tendencia_consumo_180m tendencia_consumo_360m correcao_semanal_media_60m correcao_semanal_std_60m correcao_semanal_media_180m correcao_semanal_std_180m correcao_semanal_media_360m correcao_semanal_std_360m correcao_semanal_media_1440m correcao_semanal_std_1440m temperatura_externa_c_diferenca_semana_atual temperatura_externa_c_tendencia_1h umidade_relativa_pct_diferenca_semana_atual umidade_relativa_pct_tendencia_1h alvo_hora alvo_dia_semana alvo_fim_de_semana alvo_mes alvo_hora_sin alvo_hora_cos alvo_semana_sin alvo_semana_cos consumo_alvo_dia_anterior consumo_alvo_semana_anterior
feature_infos=[22.399999999999999:324.71375799999998] [22.399999999999999:324.71375799999998] [22.399999999999999:324.71375799999998] [22.399999999999999:324.71375799999998] [22.399999999999999:324.71375799999998] [22.399999999999999:324.71375799999998] [22.399999999999999:324.71375799999998] [22.399999999999999:324.71375799999998] [22.399999999999999:324.71375799999998] [22.399999999999999:324.71375799999998] [22.399999999999999:321.24876725000001] [22.399999999999999:318.278571] [22.399999999999999:324.71375799999998] [0:82.540869055199337] [22.399999999999999:313.28577408333337] [22.399999999999999:302.53573799999998] [22.399999999999999:324.71375799999998] [0:92.970139865692389] [22.399999999999999:295.13563500000004] [22.399999999999999:249.29458700000001] [22.399999999999999:324.71375799999998] [0:116.53386463160022] [23.200000000000003:159.49963871874999] none [25.600000000000001:324.71375799999998] [1.3929144002343703:128.71471884334804] [15:33.700000000000003] [15:33.700000000000003] [15:33.700000000000003] [15:33.700000000000003] [15:33.700000000000003] [15:33.700000000000003] [15:33.700000000000003] [15:33.4375] [15:32.71875] [15.333333333333334:31.620833333333334] [16.439843749999998:27.283072916666669] [31:98] [31:98] [31:98] [31:98] [31:98] [31:98] [31:98] [32.5:95.625] [33.666666666666664:95.083333333333329] [37.041666666666664:94] [59.309895833333336:91.638020833333329] [0:23.75] [0:6] [0:1] [1:4] [-1:1] [-1:1] [-0.97492791218182362:0.97492791218182362] [-0.90096886790241903:1] [-72.635950000000008:77.445233000000002] [0.43630911779503978:2.09406877563422] [-291.363968:296.779246] [-121.30707899999999:153.05878799999999] [-124.27709300000001:153.05878799999999] [-180.63157299999997:268.16051600000003] [-299.363968:299.97924600000005] [-70.384351250000009:75.467424499999993] [0:44.359338508129341] [-67.777903583333341:70.921986416666655] [0:38.631403568061003] [-64.848194500000005:62.415354583333333] [0:37.083675449251288] [-34.945017510416669:27.905951093750001] [0:30.68446053870321] [-12:11.5] [-8:4.8000000000000007] [-49:48] [-30:40] [0:23.75] [0:6] [0:1] [1:4] [-1:1] [-1:1] [-0.97492791218182362:0.97492791218182362] [-0.90096886790241903:1] [22.399999999999999:324.71375799999998] [22.399999999999999:324.71375799999998]
tree_sizes=1436 1435 1434 1431 1434 1439 1447 1444 1441 1452 1451 1433 1435 1441 1445 1439 1452 1432 1444 1440 1447 1428 1447 1436 1427 1431 1443 1441 1418 1446 1435 1426 1455 1425 1432 1430 1439 1453 1433 1447 1457 1418 1444 1450 1447 1435 1442 1453 1452 1441 1462

Tree=0
num_leaves=15
num_cat=0
split_feature=56 56 84 84 71 84 56 71 56 84 69 29 25 57
split_gain=1.05667e+06 654108 214173 136862 84045.6 117873 83781.2 70109.7 63545.5 36904.1 70053.8 33065.6 25456.7 23027.8
threshold=-20.301123499999999 12.469554000000004 98.293793000000008 42.523274000000008 -1.0000000180025095e-35 94.763653000000019 28.185099000000026 -2.9875000000000003 -42.873081999999975 42.523274000000008 5.8223991614583346 19.212500000000002 95.81177778340151 0.96020533852124379
decision_type=2 2 2 2 2 2 2 2 2 2 2 2 2 2
left_child=2 4 -1 -3 5 -2 -5 11 12 -6 -11 -7 -4 -9
right_child=1 3 8 6 9 7 -8 13 -10 10 -12 -13 -14 -15
leaf_value=-1.0171909211524237 -0.96159393103767976 -0.96022969646892942 -3.6672323333849262 -0.028652473509017562 -0.96003991639974451 -2.9703141499165029 0.8043958197646579 -1.5249897656129159 -2.476678807842613 -0.86074704856786854 -0.072703432767522891 -1.8397411825686114 -2.5685065452085163 -1.0956936941929567
leaf_weight=220 2649 239 208 675 2434 91 553 720 670 994 393 229 78 552
leaf_count=220 2649 239 208 675 2434 91 553 720 670 994 393 229 78 552
internal_value=-1.01055 -0.835985 -2.42394 0.134763 -1.01275 -1.16597 0.347662 -1.50585 -2.74733 -0.842691 -0.636944 -2.16635 -3.37405 -1.3389
internal_weight=10705 9529 1176 1467 8062 4241 1228 1592 956 3821 1387 320 286 1272
internal_count=10705 9529 1176 1467 8062 4241 1228 1592 956 3821 1387 320 286 1272
is_linear=0
shrinkage=1


Tree=1
num_leaves=15
num_cat=0
split_feature=56 56 84 84 56 56 71 84 71 84 71 28 71 71
split_gain=954817 577460 200033 123539 81473.9 76189.7 68459 84616.4 66931.6 44354.8 54471.1 32742.9 31757.1 26769.7
threshold=-16.838949999999993 12.469554000000004 90.727547000000001 42.523274000000008 -28.725449499999993 24.857463000000006 1.0000000180025095e-35 94.763653000000019 -2.9875000000000003 42.523274000000008 2.2375000000000012 19.162500000000005 -5.0124999999999984 6.0125000000000002
decision_type=2 2 2 2 2 2 2 2 2 2 2 2 2 2
left_child=2 6 -1 -3 12 -5 7 -2 11 -8 -11 -9 -4 -7
right_child=1 3 4 5 -6 13 9 8 -10 10 -12 -13 -14 -15
leaf_value=0.04893830627573971 0.047490435810487161 0.047811436889072266 -2.1944403932299665 0.84480052803691086 -0.97443277069367484 1.4033006117585001 0.04797980335923846 -1.8335651099079788 -0.25591999680048205 0.23715860849076084 1.0389441193001612 -0.69976146044910603 -1.4966276231844713 2.0688099664425166
leaf_weight=240 2904 239 371 542 399 444 2162 98 1413 874 279 185 313 242
leaf_count=240 2904 239 371 542 399 444 2162 98 1413 874 279 185 313 242
internal_value=-2.3551e-05 0.177342 -1.25699 1.08814 -1.54617 1.29041 0.00841444 -0.116407 -0.396906 0.181604 0.431905 -1.09746 -1.87777 1.64074
internal_weight=10705 9382 1323 1467 1083 1228 7915 4600 1696 3315 1153 283 684 686
internal_count=10705 9382 1323 1467 1083 1228 7915 4600 1696 3315 1153 283 684 686
is_linear=0
shrinkage=0.05


Tree=2
num_leaves=15
num_cat=0
split_feature=56 56 84 84 56 71 84 71 56 52 71 32 25 43
split_gain=863181 538348 173206 110962 73817.3 70459.7 103562 59357.2 47147.3 31184.7 34803.5 26659.6 22528.9 20601
threshold=-21.542102499999995 11.821706499999992 97.135402500000012 42.523274000000008 29.782057499999997 -0.099999999999999631 94.763653000000019 -2.9875000000000003 -44.093216500000004 0.93540483100319638 1.9500000000000013 20.712500000000002 95.81177778340151 47.125000000000007
decision_type=2 2 2 2 2 2 2 2 2 2 2 2 2 2
left_child=2 5 -1 -3 -5 6 -2 11 12 13 -11 -8 -4 -7
right_child=1 3 8 4 -6 9 7 -9 -10 10 -12 -13 -14 -15
leaf_value=0.0032913023350285551 0.044011315976420488 0.045435440055723114 -2.461390740601058 0.90518189783109104 1.6936406725460722 0.83805223186077049 -1.6956891383285875 -0.30408809976057338 -1.3749088151087845 0.18851135490214296 0.96391569901142882 -0.74455295211986694 -1.4042892926617674 0.062220770204776656
leaf_weight=203 2646 245 193 780 484 87 107 1267 642 401 226 243 75 3106
leaf_count=203 2646 245 193 780 484 87 107 1267 642 401 226 243 75 3106
internal_value=-3.01674e-05 0.152956 -1.31744 1.01956 1.20819 -0.0089352 -0.148661 -0.463776 -1.61175 0.146993 0.469093 -1.03933 -2.17188 0.0836157
internal_weight=10705 9592 1113 1509 1264 8083 4263 1617 910 3820 627 350 268 3193
internal_count=10705 9592 1113 1509 1264 8083 4263 1617 910 3820 627 350 268 3193
is_linear=0
shrinkage=0.05


Tree=3
num_leaves=15
num_cat=0
split_feature=56 56 84 84 71 71 71 84 71 84 69 56 29 56
split_gain=780491 473691 167392 100750 64045.8 61742.7 58347.1 71989 56694.3 38276.4 47826 37394.2 31792.7 19382.8
threshold=-17.784266499999983 12.469554000000004 90.727547000000001 42.523274000000008 5.1000000000000005 -3.4875000000000003 1.0000000180025095e-35 97.135402500000012 -2.3625000000000003 42.523274000000008 5.8223991614583346 -42.873081999999975 19.487500000000004 23.29674
decision_type=2 2 2 2 2 2 2 2 2 2 2 2 2 2
left_child=2 6 -1 -3 13 11 7 -2 12 -8 -11 -4 -9 -5
right_child=1 3 5 4 -6 -7 9 8 -10 10 -12 -13 -14 -15
leaf_value=0.048226596276133751 0.040672496479140341 0.04316851946214835 -2.1412647964336258 0.70290186429338708 1.7320811233912292 -0.79629173790189356 0.040979548511657242 -1.6307909438210839 -0.20690893633566729 0.18535940097529663 0.88552814953135595 -1.3984929568022793 -0.61805029610050444 1.1780617425332984
leaf_weight=235 2936 239 269 452 355 285 2162 105 1300 807 349 492 298 421
leaf_count=235 2936 239 269 452 355 285 2162 105 1300 807 349 492 298 421
internal_value=-4.37913e-05 0.157399 -1.15753 0.982655 1.16532 -1.42821 0.00514573 -0.109352 -0.367869 0.165214 0.397325 -1.66352 -0.885299 0.933131
internal_weight=10705 9424 1281 1467 1228 1046 7957 4639 1703 3318 1156 761 403 873
internal_count=10705 9424 1281 1467 1228 1046 7957 4639 1703 3318 1156 761 403 873
is_linear=0
shrinkage=0.05


Tree=4
num_leaves=15
num_cat=0
split_feature=56 56 84 84 56 56 56 71 52 84 69 71 84 71
split_gain=705364 439136 141941 92033.7 63507.2 58882.9 39266 31107.8 53528.6 39243.9 40902.8 33712 21922.4 21875.2
threshold=-21.542102499999995 11.517540500000004 90.727547000000001 42.523274000000008 24.857463000000006 -6.9021500000000122 -44.093216500000004 0.20000000000000109 0.93540483100319638 42.523274000000008 5.8223991614583346 -2.6374999999999988 98.293793000000008 6.0125000000000002
decision_type=2 2 2 2 2 2 2 2 2 2 2 2 2 2
left_child=2 5 -1 -3 -5 -2 -4 8 -7 -9 -11 12 -10 -6
right_child=1 3 6 4 13 7 -8 9 11 10 -12 -13 -14 -15
leaf_value=0.045599238736641845 -0.36644001275972937 0.041017978393984411 -1.9608394261186453 0.70528397349323491 1.2000227258881828 0.03005917086191123 -1.2355664027712399 0.038888662465122292 -0.10525044593073073 0.19910408090883575 0.88921487686996969 -0.26101210964881955 -1.4515200297547202 1.8005677440514167
leaf_weight=192 1008 252 268 592 444 3327 653 2101 41 668 316 485 116 242
leaf_count=192 1008 252 268 592 444 3327 653 2101 41 668 316 485 116 242
internal_value=-5.06394e-05 0.138245 -1.19096 0.914539 1.08662 -0.0091747 -1.44851 0.0419224 -0.0506457 0.160993 0.421403 -0.468274 -1.10284 1.41419
internal_weight=10705 9592 1113 1530 1278 8062 921 7054 3969 3085 984 642 157 686
internal_count=10705 9592 1113 1530 1278 8062 921 7054 3969 3085 984 642 157 686
is_linear=0
shrinkage=0.05


Tree=5
num_leaves=15
num_cat=0
split_feature=56 56 84 84 71 71 84 71 84 71 71 56 29 21
split_gain=637436 385308 134905 81108.5 60420.9 57480.9 57381.7 47465.5 42670.4 41940.5 38815 30921.7 26830.1 18224
threshold=-16.838949999999993 17.480852500000001 90.727547000000001 42.523274000000008 -3.4875000000000003 1.0000000180025095e-35 101.16263750000002 -2.3625000000000003 42.523274000000008 2.2375000000000012 5.1000000000000005 -42.873081999999975 19.487500000000004 21.618480301953209
decision_type=2 2 2 2 2 2 2 2 2 2 2 2 2 2
left_child=2 5 -1 -3 11 6 -2 12 -7 -10 -5 -4 -8 -11
right_child=1 3 4 10 -6 8 7 -9 9 13 -12 -13 -14 -15
leaf_value=0.045367678893629575 0.036509010948447336 0.038935962955777843 -1.9389338871284769 0.93436477307961696 -0.67695318003732063 0.037059508520316017 -1.5374967818357508 -0.18433801900262337 0.22460894427281827 1.2777198344669087 1.5919993325554094 -1.2655270832785948 -0.57140909547518415 0.55526765061703987
leaf_weight=240 2988 191 269 656 314 2200 97 1260 998 148 347 500 279 218
leaf_count=240 2988 191 269 656 314 2200 97 1260 998 148 347 500 279 218
internal_value=-5.01201e-05 0.14487 -1.02708 0.983572 -1.26456 0.0224621 -0.0938365 -0.331777 0.173334 0.392944 1.16324 -1.5033 -0.824056 0.850092
internal_weight=10705 9382 1323 1194 1083 8188 4624 1636 3564 1364 1003 769 376 366
internal_count=10705 9382 1323 1194 1083 8188 4624 1636 3564 1364 1003 769 376 366
is_linear=0
shrinkage=0.05


Tree=6
num_leaves=15
num_cat=0
split_feature=56 56 84 84 56 84 71 84 26 71 25 84 69 57
split_gain=576706 359819 116426 75396.1 53411.9 53082 37475.4 48686.6 46752.7 32270.3 28451.2 26961.1 44731.5 22331.1
threshold=-21.542102499999995 11.517540500000004 97.135402500000012 42.523274000000008 29.782057499999997 273.33104300000008 -0.099999999999999631 90.727547000000001 19.012500000000003 -5.0124999999999984 95.41747064970518 42.523274000000008 11.26756466666667 0.97783958409521732
decision_type=2 2 2 2 2 2 2 2 2 2 2 2 2 2
left_child=2 5 -1 -3 -5 6 7 -2 -9 10 -4 -8 -13 -10
right_child=1 3 9 4 -6 -7 11 8 13 -11 -12 12 -14 -15
leaf_value=0.0059234261512756351 0.040185951163976663 0.037060119771203506 -2.0287774809769221 0.72948725911806223 1.3976858997836556 -0.63343978603227657 0.035543308588976155 -0.96616294914382994 -0.32717152281145234 -1.0321793980249774 -1.2016102538229181 0.18912801406838697 0.99628470033407224 0.16202632046071813
leaf_weight=203 2621 252 223 794 484 325 2436 235 862 480 207 1060 204 319
leaf_count=203 2621 252 223 794 484 325 2436 235 862 480 207 1060 204 319
internal_value=-5.43052e-05 0.124994 -1.07689 0.827692 0.98344 -0.00844929 0.0178825 -0.087456 -0.323582 -1.31818 -1.63429 0.132808 0.320082 -0.195009
internal_weight=10705 9592 1113 1530 1278 8062 7737 4037 1416 910 430 3700 1264 1181
internal_count=10705 9592 1113 1530 1278 8062 7737 4037 1416 910 430 3700 1264 1181
is_linear=0
shrinkage=0.05


Tree=7
num_leaves=15
num_cat=0
split_feature=56 56 84 84 71 84 71 71 84 71 71 24 69 66
split_gain=520659 325445 105114 69086.4 56586.6 65471.1 40303.6 31866.4 29381.5 42175.8 29151.5 25766.3 20865.8 20615.6
threshold=-21.542102499999995 18.240221500000022 97.135402500000012 42.523274000000008 -0.099999999999999631 107.23326100000001 -2.3625000000000003 5.1000000000000005 42.523274000000008 2.212499999999999 -5.0124999999999984 255.23943600000004 -1.0000000180025095e-35 1.48285408579897
decision_type=2 2 2 2 2 2 2 2 2 2 2 2 2 2
left_child=2 4 -1 -3 5 -2 13 -5 -6 12 11 -4 -10 -7
right_child=1 3 10 7 8 6 -8 -9 9 -11 -12 -13 -14 -15
leaf_value=0.0056287059596940581 0.02713038629148733 0.035154984883612989 -1.9390290846518423 0.86130526506203575 0.033799707805707908 -1.2591456685066225 -0.21327540896124519 1.4653442200802376 -0.037899016533665883 0.76333119720691056 -0.9806777184012031 -1.1524074958863659 0.36568307916347226 -0.53662410420381201
leaf_weight=203 2787 190 217 618 2487 149 1054 344 631 385 480 213 649 298
leaf_count=203 2787 190 217 618 2487 149 1054 344 631 385 480 213 649 298
internal_value=-6.37131e-05 0.118753 -1.02323 0.906684 0.0111116 -0.116272 -0.382376 1.0786 0.142663 0.305155 -1.2525 -1.55295 0.166855 -0.779738
internal_weight=10705 9592 1113 1152 8440 4288 1501 962 4152 1665 910 430 1280 447
internal_count=10705 9592 1113 1152 8440 4288 1501 962 4152 1665 910 430 1280 447
is_linear=0
shrinkage=0.05


Tree=8
num_leaves=15
num_cat=0
split_feature=56 56 84 84 71 71 84 71 84 71 71 24 56 31
split_gain=471052 285563 100346 62364.5 48242 44229.9 43142.5 36851.1 32983.6 31296.5 28840 26647.3 23948.9 16952.5
threshold=-16.838949999999993 18.240221500000022 90.727547000000001 42.523274000000008 -3.2375000000000003 1.0000000180025095e-35 101.16263750000002 -1.8874999999999991 42.523274000000008 2.2375000000000012 4.512500000000002 248.07883750000005 -42.873081999999975 20.512500000000003
decision_type=2 2 2 2 2 2 2 2 2 2 2 2 2 2
left_child=2 5 -1 -3 12 6 -2 11 -7 -10 -5 -8 -4 -12
right_child=1 3 4 10 -6 8 7 -9 9 -11 13 -13 -14 -15
leaf_value=0.041977748685976285 0.03196303701160251 0.033406440812255703 -1.6680748810733323 0.79764325921165036 -0.52004931531183662 0.031740145767780392 -1.318925515297696 -0.10968558972860493 0.19712497379602101 0.72746639141263369 0.78649796271088102 -0.44429708993897093 -1.0846469237221836 1.5555369765601226
leaf_weight=240 2990 190 273 575 280 2200 106 1050 1021 382 100 481 530 287
leaf_count=240 2990 190 273 575 280 2200 106 1050 1021 382 100 481 530 287
internal_value=-7.24911e-05 0.124506 -0.882944 0.861452 -1.08776 0.0212595 -0.0810187 -0.287275 0.152592 0.341938 1.02479 -0.604211 -1.28483 1.35936
internal_weight=10705 9382 1323 1152 1083 8230 4627 1637 3603 1403 962 587 803 387
internal_count=10705 9382 1323 1152 1083 8230 4627 1637 3603 1403 962 587 803 387
is_linear=0
shrinkage=0.05


Tree=9
num_leaves=15
num_cat=0
split_feature=56 56 84 84 84 56 6 71 52 84 69 56 71 56
split_gain=425557 266185 86178.3 55753.5 44509.9 41415.1 27732.2 27670.2 31711.5 27279.9 32698.4 26574.3 22230.2 18097
threshold=-21.542102499999995 11.517540500000004 90.727547000000001 42.523274000000008 273.33104300000008 29.782057499999997 266.61772050000008 0.20000000000000109 0.93540483100319638 42.523274000000008 -1.0000000180025095e-35 -39.120545499999984 -2.7375000000000003 -8.0378734999999875
decision_type=2 2 2 2 2 2 2 2 2 2 2 2 2 2
left_child=2 4 -1 -3 7 -5 11 8 13 -9 -11 -4 -10 -2
right_child=1 3 6 5 -6 -7 -8 9 12 10 -12 -13 -14 -15
leaf_value=0.038411833214636294 -0.24897958988954932 0.03185082024971958 -1.5395951228127593 0.62210049614673424 -0.57973490225785396 1.2103929686930377 0.083013715538317753 0.030062769963884087 -0.90076509811885797 0.038919817442456602 0.61273980329170463 -0.96767220479673355 -0.21899604102122716 0.039833924242087121
leaf_weight=192 647 252 335 794 325 484 45 2103 156 462 536 541 506 3327
leaf_count=192 647 252 335 794 325 484 45 2103 156 462 536 541 506 3327
internal_value=-7.32662e-05 0.107346 -0.92509 0.711737 -0.00742936 0.845669 -1.12577 0.0166827 -0.0606475 0.132274 0.347409 -1.18789 -0.380771 -0.00723811
internal_weight=10705 9592 1113 1530 8062 1278 921 7737 4636 3101 998 876 662 3974
internal_count=10705 9592 1113 1530 8062 1278 921 7737 4636 3101 998 876 662 3974
is_linear=0
shrinkage=0.05


Tree=10
num_leaves=15
num_cat=0
split_feature=56 56 84 84 71 84 71 26 71 84 24 84 71 17
split_gain=384614 235545 84202.7 51134.4 37398.7 48804.3 35870.8 29773.6 25359.2 21546.9 20513.5 17536.4 38436.2 17242.2
threshold=-17.784266499999983 18.240221500000022 90.727547000000001 42.523274000000008 -0.63749999999999918 94.763653000000019 -3.4875000000000003 19.012500000000003 6.0125000000000002 287.58038500000004 254.93829400000001 42.523274000000008 1.8125000000000002 1.9866838054813594e-05
decision_type=2 2 2 2 2 2 2 2 2 2 2 2 2 2
left_child=2 4 -1 -3 5 -2 10 -7 -5 -9 -4 -6 -13 -14
right_child=1 3 6 8 11 7 -8 9 -10 -11 -12 12 13 -15
leaf_value=0.042523167610673582 0.032430914612538768 0.030160658334562291 -1.4632644294353014 0.77329745032521124 0.029492704749891061 -0.91228574147075414 -0.5234825229246195 -0.20199014854897981 1.3608701567091641 -1.3448174509891244 -0.93654762449003859 0.082873275516829978 0.98381428172822405 0.38530268024217773
leaf_weight=235 2336 190 355 711 2737 199 285 1038 251 42 406 1360 176 384
leaf_count=235 2336 190 355 711 2737 199 285 1038 251 42 406 1360 176 384
internal_value=-7.77701e-05 0.110445 -0.812619 0.779955 0.0171228 -0.103529 -1.0046 -0.351681 0.927858 -0.247636 -1.18385 0.110781 0.226584 0.574825
internal_weight=10705 9424 1281 1152 8272 3615 1046 1279 962 1080 761 4657 1920 560
internal_count=10705 9424 1281 1152 8272 3615 1046 1279 962 1080 761 4657 1920 560
is_linear=0
shrinkage=0.05


Tree=11
num_leaves=15
num_cat=0
split_feature=56 56 84 84 84 56 69 84 71 6 0 65 71 84
split_gain=347610 218531 72263.9 45747 38281.7 35098 24090.5 25030.1 36873 22475.7 21612.4 20419.6 17074.2 12558.3
threshold=-21.542102499999995 11.517540500000004 115.78992350000001 42.523274000000008 275.02512300000006 24.857463000000006 -0.66454532812499967 81.513918500000003 -2.9875000000000003 265.79764400000005 271.0644405000001 -35.665312458333325 8.0125000000000011 287.58038500000004
decision_type=2 2 2 2 2 2 2 2 2 2 2 2 2 2
left_child=2 4 -1 -3 6 -5 7 -2 -9 11 -8 -4 -7 -6
right_child=1 3 9 5 13 12 10 8 -10 -11 -12 -13 -14 -15
leaf_value=-0.13387576311503938 0.03156757004885101 0.028768943585897152 -1.4649767793173609 0.48259807733181259 -0.40503064478768247 0.92312056197872261 0.076193938116154381 -0.89352358034566837 -0.14591032470478957 0.05870518448740937 0.95568784976929022 -0.93204794078295328 1.7568136017663141 -1.228921967946877
leaf_weight=276 1907 252 288 592 224 617 4359 189 1255 42 70 507 69 58
leaf_count=276 1907 252 288 592 224 617 4359 189 1255 42 70 507 69 58
internal_value=-8.16414e-05 0.0970024 -0.836102 0.644627 -0.00699253 0.765947 0.0137845 -0.0873514 -0.244313 -1.06722 0.0903069 -1.12671 1.00941 -0.578227
internal_weight=10705 9592 1113 1530 8062 1278 7780 3351 1444 837 4429 795 686 282
internal_count=10705 9592 1113 1530 8062 1278 7780 3351 1444 837 4429 795 686 282
is_linear=0
shrinkage=0.05


Tree=12
num_leaves=15
num_cat=0
split_feature=56 56 84 84 84 56 71 84 69 6 63 37 66 71
split_gain=314465 199889 67229.9 41300.6 36891.8 31753.3 23974 46280.4 21580.2 18504.2 14974.1 13756 12966.8 11844.9
threshold=-23.553458499999994 11.517540500000004 115.78992350000001 42.523274000000008 275.02512300000006 29.782057499999997 -1.6874999999999998 87.536256000000023 0.14834780729166605 265.42262100000005 -44.525680875000006 56.875000000000007 6.922389260541761e-07 8.0125000000000011
decision_type=2 2 2 2 2 2 2 2 2 2 2 2 2 2
left_child=2 4 -1 -3 6 11 7 -2 12 10 -4 -5 -9 -7
right_child=1 3 9 5 -6 13 -8 8 -10 -11 -12 -13 -14 -15
leaf_value=-0.12589225400006399 0.029269867783164146 0.027336183579071711 -1.4794896043872381 0.89046181460369889 -0.56008954023321467 0.94530851847181718 0.066269641959042919 -0.95482740425085899 -0.019559746325159305 -0.014708928654833539 -0.9725007666633243 0.41007224259005881 -0.43544653510453613 1.6790386535904624
leaf_weight=255 1545 252 210 200 293 419 5573 188 207 40 524 594 340 65
leaf_count=255 1545 252 210 200 293 419 5573 188 207 40 524 594 340 65
internal_value=-8.17205e-05 0.088322 -0.830647 0.6125 -0.0101935 0.727773 0.0103922 -0.126158 -0.45247 -1.06237 -1.11937 0.532045 -0.621833 1.04711
internal_weight=10705 9676 1029 1530 8146 1278 7853 2280 735 774 734 794 528 484
internal_count=10705 9676 1029 1530 8146 1278 7853 2280 735 774 734 794 528 484
is_linear=0
shrinkage=0.05


Tree=13
num_leaves=15
num_cat=0
split_feature=56 56 84 71 84 71 84 52 69 71 71 24 46 21
split_gain=285888 161755 62863.9 65050.3 37939.5 20847 32396.1 22022.9 21502.1 20122.7 20110.6 19394.7 17525.7 15275.3
threshold=-9.1773025000000015 18.240221500000022 90.727547000000001 -3.3625000000000003 42.523274000000008 0.95000000000000118 42.523274000000008 0.93540483100319638 -0.035147567708333632 -2.4875000000000003 4.512500000000002 248.07883750000005 52.114583333333336 21.618480301953209
decision_type=2 2 2 2 2 2 2 2 2 2 2 2 2 2
left_child=2 5 -1 11 -3 7 -7 -2 -8 -9 -6 -4 -5 -10
right_child=1 4 3 12 10 6 8 9 13 -11 -12 -13 -14 -15
leaf_value=0.07583530111954763 0.019270138342962432 0.025869953850801083 -1.2976549709774554 0.58217520903951181 0.60966861234458825 0.020336624175358753 0.080301202288242141 -0.73791829992772484 0.8352189509549004 -0.13039402558371102 1.0783010337559371 -0.79776955483434631 -0.40755641341569399 0.32978172697328839
leaf_weight=324 4087 190 319 47 575 1838 380 178 275 574 387 518 682 331
leaf_count=324 4087 190 319 47 575 1838 380 178 275 574 387 518 682 331
internal_value=-8.00388e-05 0.119579 -0.557939 -0.689029 0.671718 0.0364972 0.144425 -0.0265057 0.375484 -0.274985 0.799117 -0.989609 -0.343036 0.560145
internal_weight=10705 8815 1890 1566 1152 7663 2824 4839 986 752 962 837 729 606
internal_count=10705 8815 1890 1566 1152 7663 2824 4839 986 752 962 837 729 606
is_linear=0
shrinkage=0.05


Tree=14
num_leaves=15
num_cat=0
split_feature=56 56 84 84 84 56 71 84 26 6 83 71 56 52
split_gain=258285 163968 55914.1 36895.5 31474.1 31038.8 19035.5 31531.8 23744.3 15889.2 14545.8 13535.3 12971 12066.2
threshold=-23.553458499999994 8.0181919999999725 115.78992350000001 42.523274000000008 276.10256350000003 24.857463000000006 -0.63749999999999918 90.727547000000001 19.012500000000003 265.42262100000005 279.09288850000002 8.0125000000000011 -44.093216500000004 0.93540483100319638
decision_type=2 2 2 2 2 2 2 2 2 2 2 2 2 2
left_child=2 4 -1 -3 6 -5 7 -2 -9 12 13 -7 -4 -8
right_child=1 3 9 5 -6 11 10 8 -10 -11 -12 -13 -14 -15
leaf_value=-0.11010886972071604 0.02825566920379817 0.023850848579328825 -1.3201952954184666 0.40196204276957304 -0.55563382643678183 0.7948155415808017 0.027156812619785253 -0.74722815759263805 -0.18046965018545869 0.0061921166028918295 0.94264425883690517 1.5365834089687893 -0.86632499446534372 0.25650033884495899
leaf_weight=255 2366 305 241 728 260 617 3305 223 1063 40 47 69 493 693
leaf_count=255 2366 305 241 728 260 617 3305 223 1063 40 47 69 493 693
internal_value=-7.47023e-05 0.080044 -0.752802 0.522724 -0.0156446 0.630238 0.00266575 -0.080076 -0.279253 -0.964126 0.0773699 0.871553 -1.01694 0.0669647
internal_weight=10705 9676 1029 1719 7957 1414 7697 3652 1286 774 4045 686 734 3998
internal_count=10705 9676 1029 1719 7957 1414 7697 3652 1286 774 4045 686 734 3998
is_linear=0
shrinkage=0.05


Tree=15
num_leaves=15
num_cat=0
split_feature=56 56 84 56 84 71 84 52 69 71 71 84 73 9
split_gain=234232 132615 52545.6 54542.2 32945.7 18765.5 28902.1 19392.1 18413.6 16636.1 15306.2 14757.5 13682.9 13624
threshold=-9.1773025000000015 19.878724000000009 92.415366500000019 -28.725449499999993 42.523274000000008 0.95000000000000118 42.523274000000008 0.93540483100319638 -0.035147567708333632 -2.6374999999999988 4.512500000000002 287.58038500000004 15.125000000000002 79.233073000000005
decision_type=2 2 2 2 2 2 2 2 2 2 2 2 2 2
left_child=2 5 -1 12 -3 7 -7 -2 -8 -9 -6 -5 -4 -10
right_child=1 4 3 11 10 6 8 9 13 -11 -12 -13 -14 -15
leaf_value=0.070129964436124168 0.018922709388303538 0.023393618323469676 -0.7384918632165699 -0.31799650620191244 0.57343286254565673 0.017400421903051039 0.07340107229466987 -0.71147263824189988 0.79430744712805657 -0.13527917912996867 0.99624803198340983 -1.2801637523231053 -1.1912272812943616 0.32654695389078925
leaf_weight=328 4101 185 351 837 501 1841 391 158 253 594 382 41 333 409
leaf_count=328 4101 185 351 837 501 1841 391 158 253 594 382 41 333 409
internal_value=-6.9858e-05 0.10824 -0.505021 -0.625763 0.630288 0.0361989 0.136948 -0.0238966 0.345742 -0.257125 0.75727 -0.364332 -0.96032 0.506242
internal_weight=10705 8815 1890 1562 1068 7747 2894 4853 1053 752 883 878 684 662
internal_count=10705 8815 1890 1562 1068 7747 2894 4853 1053 752 883 878 684 662
is_linear=0
shrinkage=0.05


Tree=16
num_leaves=15
num_cat=0
split_feature=56 56 84 84 46 56 84 56 69 84 71 84 71 24
split_gain=211728 128388 47578.5 30319 26674.5 25245.5 22688.9 22211.2 14268.4 19530.9 18704.5 16119.2 28063.4 14243
threshold=-16.838949999999993 8.0181919999999725 84.500259000000014 42.523274000000008 58.239583333333336 29.782057499999997 287.58038500000004 -28.725449499999993 5.8223991614583346 42.523274000000008 -0.13749999999999926 103.97617450000001 -2.1374999999999988 248.07883750000005
decision_type=2 2 2 2 2 2 2 2 2 2 2 2 2 2
left_child=2 6 -1 -3 -4 -5 8 -6 11 -10 -11 -2 13 -13
right_child=1 3 4 5 7 -7 -8 -9 9 10 -12 12 -14 -15
leaf_value=0.046460747957850497 0.022900993594522693 0.021604405976588432 0.52407605608062047 0.41812183796844543 -0.95478156288684224 0.86415519419635078 -1.0766479681949226 -0.47254577733763548 0.016540057165389546 -0.021116249060088937 0.60145643526069148 -1.1193463160303132 -0.064566566718245413 -0.37400384680534315
leaf_weight=239 4010 305 40 930 667 484 48 377 1173 186 342 86 1567 251
leaf_count=239 4010 305 40 930 667 484 48 377 1173 186 342 86 1567 251
internal_value=-7.32801e-05 0.0834482 -0.591978 0.473836 -0.732654 0.571298 -0.00417582 -0.78126 0.00272482 0.130299 0.382516 -0.0339842 -0.153739 -0.566959
internal_weight=10705 9382 1323 1719 1084 1414 7663 1044 7615 1701 528 5914 1904 337
internal_count=10705 9382 1323 1719 1084 1414 7663 1044 7615 1701 528 5914 1904 337
is_linear=0
shrinkage=0.05


Tree=17
num_leaves=15
num_cat=0
split_feature=56 56 71 84 84 71 84 52 84 17 43 69 24 71
split_gain=191586 109059 43515.9 38612.8 27275.7 15684.8 24080.2 16590.5 15500 15314.2 17444.7 14327.6 14089.7 13880.1
threshold=-9.1773025000000015 19.878724000000009 -3.4875000000000003 101.16263750000002 63.145266500000005 0.95000000000000118 42.523274000000008 0.93540483100319638 290.2148160000001 1.9866838054813594e-05 51.125000000000007 -20.992930640624994 248.07883750000005 8.0125000000000011
decision_type=2 2 2 2 2 2 2 2 2 2 2 2 2 2
left_child=2 5 3 -1 -3 7 -7 -2 -4 -8 -11 -9 -5 -6
right_child=1 4 8 12 13 6 9 11 -10 10 -12 -13 -14 -15
leaf_value=0.024650901295244693 0.017212271525446 0.039720853418111803 -0.16309184786963105 -1.0906211881774168 0.63128168970254539 0.015536095742788469 0.63777100398945508 -0.87540744807146786 -1.1583883561739108 0.87859651351676282 0.11958370960858267 -0.16317865240739451 -0.6605622318495975 1.3704348602465222
leaf_weight=159 4101 197 872 314 802 1841 272 78 40 84 697 674 505 69
leaf_count=159 4101 197 872 314 802 1841 272 78 40 84 697 674 505 69
internal_value=-7.69377e-05 0.0978783 -0.456753 -0.6883 0.571295 0.0325479 0.124656 -0.0223935 -0.207966 0.315239 0.202238 -0.238118 -0.826573 0.691341
internal_weight=10705 8815 1890 978 1068 7747 2894 4853 912 1053 781 752 819 871
internal_count=10705 8815 1890 978 1068 7747 2894 4853 912 1053 781 752 819 871
is_linear=0
shrinkage=0.05


Tree=18
num_leaves=15
num_cat=0
split_feature=56 56 84 84 84 71 69 84 71 0 31 19 56 21
split_gain=173244 111282 39229.2 25069.3 24795.7 21713.2 14701 18243.7 21623.9 16268.1 14345.2 13680.6 11916.6 9531.19
threshold=-23.553458499999994 8.0181919999999725 115.78992350000001 42.523274000000008 282.33339050000006 4.4125000000000023 -0.66454532812499967 77.844594000000015 -2.0999999999999992 274.69827350000008 20.262500000000003 205.72067600000003 -44.093216500000004 29.256128153271604
decision_type=2 2 2 2 2 2 2 2 2 2 2 2 2 2
left_child=2 4 -1 -3 6 13 7 -2 -9 -8 -7 12 -4 -5
right_child=1 3 11 5 -6 10 9 8 -10 -11 -12 -13 -14 -15
leaf_value=-0.078284719819203027 0.02515286531354223 0.019011966820830617 -1.138440967586976 0.15661613668728031 -0.72658135523398726 0.3154632517547758 0.049298355696288848 -0.54475868681588901 -0.1038151236703041 1.0500210759116382 0.9795856681143853 0.071590807864611791 -0.70231334787942268 0.49318773722625342
leaf_weight=255 1900 305 236 308 119 110 4325 360 1213 40 325 43 495 671
leaf_count=255 1900 305 236 308 119 110 4325 360 1213 40 325 43 495 671
internal_value=-7.48484e-05 0.0655417 -0.616552 0.43023 -0.0132883 0.518854 -0.00236743 -0.0791232 -0.205012 0.0587072 0.812755 -0.793559 -0.844478 0.387568
internal_weight=10705 9676 1029 1719 7957 1414 7838 3473 1573 4365 435 774 731 979
internal_count=10705 9676 1029 1719 7957 1414 7838 3473 1573 4365 435 774 731 979
is_linear=0
shrinkage=0.05


Tree=19
num_leaves=15
num_cat=0
split_feature=56 56 84 84 84 56 69 84 71 0 19 56 71 84
split_gain=156400 100460 35414.6 22707.8 22631.3 19914.5 13473 16474.4 19237.6 16437.3 12352.6 10773.3 10136.6 9358.49
threshold=-23.553458499999994 8.0181919999999725 115.78992350000001 275.36804450000005 42.523274000000008 24.857463000000006 -1.3374577031249997 77.844594000000015 -2.0999999999999992 273.10237050000006 205.72067600000003 -41.252138999999978 8.0125000000000011 272.94655100000006
decision_type=2 2 2 2 2 2 2 2 2 2 2 2 2 2
left_child=2 3 -1 6 -3 13 7 -2 -9 -8 11 -4 -7 -6
right_child=1 4 10 -5 5 12 9 8 -10 -11 -12 -13 -14 -15
leaf_value=-0.074385773693211379 0.024403210428196671 0.018064474840374555 -1.0515976734470514 -0.45905708220668817 0.35461586250935778 0.62007254393692923 0.048731058676972909 -0.54440390403437611 -0.10254460477286834 0.95152757489213757 0.068092625588178635 -0.65098844729038574 1.2607792397907804 -0.4073079519147097
leaf_weight=255 1796 305 274 274 686 617 4455 320 1062 50 43 457 69 42
leaf_count=255 1796 305 274 274 686 617 4455 320 1062 50 43 457 69 42
internal_value=-7.17337e-05 0.0622735 -0.585814 -0.0126254 0.408776 0.49298 0.0033534 -0.0754659 -0.205176 0.0589599 -0.753995 -0.80238 0.686258 0.31016
internal_weight=10705 9676 1029 7957 1719 1414 7683 3178 1382 4505 774 731 686 728
internal_count=10705 9676 1029 7957 1719 1414 7683 3178 1382 4505 774 731 686 728
is_linear=0
shrinkage=0.05


Tree=20
num_leaves=15
num_cat=0
split_feature=56 56 84 84 37 68 6 71 84 26 83 16 52 69
split_gain=141348 91810.1 33083.1 22071.7 21188.4 13875.2 13165.3 13163.1 25749.7 15202.9 10895.4 9509.15 9091.46 18400.7
threshold=-25.228240999999993 6.5445720000000032 91.63005200000002 287.58038500000004 54.125000000000007 17.440646893457735 265.79764400000005 -0.88749999999999918 94.763653000000019 19.012500000000003 279.09288850000002 278.40259850000001 0.93540483100319638 -1.3374577031249997
decision_type=2 2 2 2 2 2 2 2 2 2 2 2 2 2
left_child=2 3 -1 7 11 -6 -4 8 -2 -10 12 -3 -9 -14
right_child=1 4 6 -5 5 -7 -8 10 9 -11 -12 -13 13 -15
leaf_value=0.051829541074058232 0.02167641010571263 0.47195251817373851 -0.76012960197132295 -0.96446934049246735 0.24713560442120747 0.82419271648457626 0.15641317434963728 0.0082351293746895649 -0.63818611700532091 -0.18053045134371662 0.82359565060999662 0.9922573186895427 -0.2653454308961461 0.34073092070129107
leaf_weight=172 2264 189 753 60 1375 112 41 3502 217 1093 44 169 161 553
leaf_count=172 2264 189 753 60 1375 112 41 3502 217 1093 44 169 161 553
internal_value=-6.78853e-05 0.057174 -0.576631 -0.0170579 0.374619 0.291124 -0.712665 -0.00967956 -0.0804274 -0.25677 0.0496805 0.719651 0.0414102 0.203887
internal_weight=10705 9739 966 7894 1845 1487 794 7834 3574 1310 4260 358 4216 714
internal_count=10705 9739 966 7894 1845 1487 794 7834 3574 1310 4260 358 4216 714
is_linear=0
shrinkage=0.05


Tree=21
num_leaves=15
num_cat=0
split_feature=56 56 71 84 84 35 84 43 69 56 71 31 53 21
split_gain=127966 75011.3 31268.5 28428.5 20015.9 11863.2 11825.9 14576.4 12582.6 10904.9 10792.9 10349.9 10253.4 10219.9
threshold=-9.1773025000000015 19.878724000000009 -3.2375000000000003 90.727547000000001 63.145266500000005 27.946875000000006 276.10256350000003 46.625000000000007 4.9879032552083347 -44.093216500000004 4.512500000000002 20.512500000000003 -0.70710678118654757 27.777286015138433
decision_type=2 2 2 2 2 2 2 2 2 2 2 2 2 2
left_child=2 6 3 -1 -3 -4 7 8 -2 12 13 -12 -5 -6
right_child=1 4 5 9 10 -7 -8 -9 -10 -11 11 -13 -14 -15
leaf_value=0.047094907811502135 0.0042394995157207759 0.017340093277244253 -0.1924327082729658 -1.3594032745808364 0.04141274770496018 0.6599598964286405 -0.39959199954522773 0.025810188306960226 1.0149192578558413 -0.55533614377217266 0.30897953548347173 0.92573295011465173 -0.69756711524763582 0.55656299643703322
leaf_weight=163 55 197 816 95 131 42 159 7464 69 611 91 285 163 364
leaf_count=163 55 197 816 95 131 42 159 7464 69 611 91 285 163 364
internal_value=-5.92165e-05 0.0799967 -0.373287 -0.558612 0.47262 -0.149987 0.0258157 0.0347812 0.570254 -0.672149 0.575456 0.777681 -0.945574 0.420589
internal_weight=10705 8815 1890 1032 1068 858 7747 7588 124 869 871 376 258 495
internal_count=10705 8815 1890 1032 1068 858 7747 7588 124 869 871 376 258 495
is_linear=0
shrinkage=0.05


Tree=22
num_leaves=15
num_cat=0
split_feature=56 56 84 84 37 83 68 69 84 21 84 71 24 71
split_gain=116137 76443.1 27758.8 19215.2 18156.2 11882.2 12409 11872.2 21136.8 15151.5 15135.1 24574.5 10780 9469.98
threshold=-25.228240999999993 6.5445720000000032 115.78992350000001 287.58038500000004 54.125000000000007 24.000000000000004 14.655034392033714 8.9726725364583348 42.523274000000008 54.668870079424046 96.471371500000018 -2.0999999999999992 248.07883750000005 -7.4249999999999998
decision_type=2 2 2 2 2 2 2 2 2 2 2 2 2 2
left_child=2 3 -1 7 -3 -6 -7 10 -9 -10 -2 12 -12 -4
right_child=1 4 13 -5 5 6 -8 8 9 -11 11 -13 -14 -15
leaf_value=-0.061274414622053811 0.021217787428216325 0.66087562566763181 -1.0345274467865626 -0.89988557919249179 0.016779461122125552 0.26661417288392236 0.70017736435747979 0.0067820070410117813 0.66555893842279912 -0.18883760371104336 -0.87953280064294936 -0.046020598739676039 -0.31812751332011202 -0.58403652060293443
leaf_weight=244 4332 358 149 60 366 920 201 820 249 65 105 1806 457 573
leaf_count=244 4332 358 149 60 366 920 201 820 249 65 105 1806 457 573
internal_value=-5.4398e-05 0.0518322 -0.522677 -0.015903 0.341495 0.264211 0.344909 -0.00901863 0.140524 0.488655 -0.0343464 -0.135961 -0.424392 -0.678307
internal_weight=10705 9739 966 7894 1845 1487 1121 7834 1134 314 6700 2368 562 722
internal_count=10705 9739 966 7894 1845 1487 1121 7834 1134 314 6700 2368 562 722
is_linear=0
shrinkage=0.05


Tree=23
num_leaves=15
num_cat=0
split_feature=56 56 84 84 84 71 84 52 31 71 6 71 69 84
split_gain=104847 69583.1 25231.4 20903.3 17057 14468.5 18118.7 14106.9 13433.9 11570.1 11187.3 9840.06 8594.18 8434.08
threshold=-25.228240999999993 19.878724000000009 91.63005200000002 273.33104300000008 63.145266500000005 0.20000000000000109 42.523274000000008 0.93540483100319638 21.012500000000003 2.1000000000000001 265.79764400000005 8.0125000000000011 -20.992930640624994 290.2148160000001
decision_type=2 2 2 2 2 2 2 2 2 2 2 2 2 2
left_child=2 3 -1 5 -3 7 -7 -2 -8 -10 -4 -6 -9 -5
right_child=1 4 10 13 11 6 8 12 9 -11 -12 -13 -14 -15
leaf_value=0.052173207123155541 -0.0030039431635819321 0.0096075389421347423 -0.65919503232697962 -0.26752982381831258 0.47434855434593576 0.006501106362509522 0.056920656475557635 -0.74416961746338095 0.23903180473716931 0.65119142110010153 0.18490956525007884 1.0959097607540234 -0.18501267382132547 -0.96113086600660103
leaf_weight=172 4135 197 753 325 802 2155 571 77 511 256 41 69 591 50
leaf_count=172 4135 197 753 325 802 2155 571 77 511 256 41 69 591 50
internal_value=-5.94976e-05 0.0492406 -0.49663 0.00231619 0.429858 0.0188404 0.0962551 -0.0374682 0.240701 0.377266 -0.61543 0.524789 -0.250482 -0.36232
internal_weight=10705 9739 966 8671 1068 8296 3493 4803 1338 767 794 871 668 375
internal_count=10705 9739 966 8671 1068 8296 3493 4803 1338 767 794 871 668 375
is_linear=0
shrinkage=0.05


Tree=24
num_leaves=15
num_cat=0
split_feature=56 56 71 84 84 35 43 69 84 24 38 68 42 71
split_gain=95902.9 55569.8 25951.2 20889.2 15619.6 11414 10535.7 10569 9387.62 9373.09 8554.62 8571.26 8109.22 8077.68
threshold=-8.0378734999999875 21.260576500000031 -3.4875000000000003 90.727547000000001 63.145266500000005 27.946875000000006 46.625000000000007 4.9879032552083347 290.2148160000001 248.07883750000005 54.125000000000007 17.440646893457735 71.375000000000014 -0.88749999999999918
decision_type=2 2 2 2 2 2 2 2 2 2 2 2 2 2
left_child=2 6 3 -1 -3 8 7 -2 12 -5 -6 -12 -4 -8
right_child=1 4 5 9 10 -7 13 -9 -10 -11 11 -13 -14 -15
leaf_value=0.044332658153733398 -0.046670650703211629 0.01005328047192759 0.5270858025686308 -0.80891075483863328 0.78656129798403496 0.65409213725308124 -0.049374906496344406 0.83705461542063131 -0.89204279413056931 -0.4610920719132825 0.33569651247677856 0.85739414565106653 -0.16877928289796482 0.057610985159895205
leaf_weight=152 59 188 43 314 215 43 2799 78 42 522 509 93 879 4769
leaf_count=152 59 188 43 314 215 43 2799 78 42 522 509 93 879 4769
internal_value=-5.67538e-05 0.0715738 -0.312669 -0.494616 0.421071 -0.133841 0.0259385 0.458892 -0.169629 -0.592542 0.515523 0.417579 -0.13579 0.0180413
internal_weight=10705 8710 1995 988 1005 1007 7705 137 964 836 817 602 922 7568
internal_count=10705 8710 1995 988 1005 1007 7705 137 964 836 817 602 922 7568
is_linear=0
shrinkage=0.05


Tree=25
num_leaves=15
num_cat=0
split_feature=56 56 71 84 84 84 43 35 69 56 47 22 47 53
split_gain=86712.1 49578.7 24953.4 19128.3 14134.3 10545.9 9592.73 9444.83 9340.6 8652.8 8229.48 13357.5 8393.41 7886.84
threshold=-7.0630304999999955 21.260576500000031 -3.4875000000000003 113.56125500000002 42.523274000000008 290.2148160000001 47.625000000000007 27.946875000000006 4.9879032552083347 -44.093216500000004 71.339843750000014 144.3220852135417 76.490885416666671 -0.70710678118654757
decision_type=2 2 2 2 2 2 2 2 2 2 2 2 2 2
left_child=2 6 3 -1 -3 7 8 -4 -2 13 11 -6 -12 -5
right_child=1 4 5 9 10 -7 -8 -9 -10 -11 12 -13 -14 -15
leaf_value=-0.034511437975239048 -0.036621111992802192 -0.006842219669603359 -0.1243095335008248 -1.1864345443279793 0.85578119560232713 -0.86625445562860248 0.018459722062815622 0.60825489432267521 0.74596345472666958 -0.46971232635493987 0.14092291759566511 0.23307886206186734 0.5832237418023094 -0.59367303175180142
leaf_weight=201 66 176 1019 95 264 45 7445 45 89 549 245 129 191 146
leaf_count=201 66 176 1019 95 264 45 7445 45 89 549 245 129 191 146
internal_value=-4.60552e-05 0.0702593 -0.288027 -0.470243 0.400116 -0.124922 0.0265931 -0.092785 0.414635 -0.580922 0.48642 0.652493 0.335574 -0.831271
internal_weight=10705 8605 2100 991 1005 1109 7600 1064 155 790 829 393 436 241
internal_count=10705 8605 2100 991 1005 1109 7600 1064 155 790 829 393 436 241
is_linear=0
shrinkage=0.05


Tree=26
num_leaves=15
num_cat=0
split_feature=56 56 71 84 84 84 24 36 71 84 17 43 71 52
split_gain=78293.6 44766.2 22581.7 17279.1 12807.6 12613.1 9742.9 9067.8 8691.19 18987.1 13468.4 8686.96 8148.4 8131.6
threshold=-7.0630304999999955 21.260576500000031 -3.9875000000000003 113.56125500000002 63.145266500000005 292.35207400000007 248.07883750000005 24.593229166666671 1.4000000000000006 42.523274000000008 1.9866838054813594e-05 51.125000000000007 8.0125000000000011 0.93540483100319638
decision_type=2 2 2 2 2 2 2 2 2 2 2 2 2 2
left_child=2 8 3 -1 -3 7 -5 -4 13 -10 -11 -12 -6 -2
right_child=1 4 5 6 12 -7 -8 -9 9 10 11 -13 -14 -15
leaf_value=-0.020822146071889307 0.017884128353001943 0.0080203516950840669 -0.14416491618899158 -0.81542012096980132 0.41669008627867155 -0.93605947662541211 -0.43085244460456784 0.34304304397177132 0.0016209584734387245 0.66634413495431755 0.656928893941499 0.10688792039754097 0.98378452947895445 -0.1489443703634139
leaf_weight=176 4498 188 1060 264 748 46 450 104 1455 195 83 498 69 871
leaf_count=176 4498 188 1060 264 748 46 450 104 1455 195 83 498 69 871
internal_value=-4.43723e-05 0.066761 -0.273689 -0.464743 0.3802 -0.132894 -0.573987 -0.100377 0.0252682 0.108191 0.307751 0.186459 0.465728 -0.00920276
internal_weight=10705 8605 2100 890 1005 1210 714 1164 7600 2231 776 581 817 5369
internal_count=10705 8605 2100 890 1005 1210 714 1164 7600 2231 776 581 817 5369
is_linear=0
shrinkage=0.05


Tree=27
num_leaves=15
num_cat=0
split_feature=56 56 71 84 37 35 83 68 9 69 84 84 71 21
split_gain=70687.7 40901.1 20444.3 15917.6 13105.9 8798.14 8322.14 8493.43 8594.79 8144.16 20325.9 7961.02 7590.55 7354.61
threshold=-7.0630304999999955 6.5445720000000032 -3.4875000000000003 90.727547000000001 54.125000000000007 27.946875000000006 24.000000000000004 14.655034392033714 267.44138750000008 10.839889104166671 42.523274000000008 290.2148160000001 -7.0124999999999984 29.899514706482154
decision_type=2 2 2 2 2 2 2 2 2 2 2 2 2 2
left_child=2 9 3 -1 -3 11 -6 8 -8 -2 -11 -4 -5 -12
right_child=1 4 5 12 6 -7 7 -9 -10 10 13 -13 -14 -15
leaf_value=0.045564347417915568 -0.013724445687312911 0.54334684803635713 -0.11240358484479801 -0.78212350479402404 -0.00064504421744318 0.56490145963819127 0.2503252832902047 0.56780978297574991 -0.35533286938591613 0.0019112353808671035 0.70171175424423493 -0.78518222749395217 -0.42565484055771291 -0.046706483058813142
leaf_weight=152 5954 358 1019 197 366 45 858 201 62 587 179 45 642 40
leaf_count=152 5954 358 1019 197 366 45 858 201 62 587 179 45 642 40
internal_value=-3.88614e-05 0.0634387 -0.260052 -0.424985 0.272029 -0.112419 0.206387 0.273922 0.209168 0.00647654 0.155535 -0.141568 -0.510186 0.565423
internal_weight=10705 8605 2100 991 1845 1109 1487 1121 920 6760 806 1064 839 219
internal_count=10705 8605 2100 991 1845 1109 1487 1121 920 6760 806 1064 839 219
is_linear=0
shrinkage=0.05


Tree=28
num_leaves=15
num_cat=0
split_feature=71 84 56 24 84 16 84 37 84 39 46 32 9 34
split_gain=64449.3 59098 32966.2 20514.8 11537.3 13052 11526.4 11371.9 10063.1 11844.5 9840.81 7078.22 9877.61 6808.4
threshold=-1.9249999999999987 107.23326100000001 23.29674 248.07883750000005 272.25950450000005 274.28284400000007 63.145266500000005 59.375000000000007 284.32638350000008 55.875000000000007 89.864583333333357 27.987500000000004 262.70326300000005 25.521875000000005
decision_type=2 2 2 2 2 2 2 2 2 2 2 2 2 2
left_child=1 -1 4 -3 5 -2 -4 -7 9 -5 13 12 -8 -11
right_child=2 3 6 8 -6 7 11 -9 -10 10 -12 -13 -14 -15
leaf_value=0.013596132561362009 0.038588626297392625 -0.69868970913915085 0.0033203344161067505 0.58483619675403686 -0.26775071983578907 0.73057774891571492 0.40698381333008343 0.11180975133668905 -0.81038830855797084 -0.18593006172570317 -0.90443878099322328 0.67563500531718268 -0.39548857786825731 -0.60646635379877178
leaf_weight=1692 6009 453 182 40 289 128 465 176 86 742 59 233 41 110
leaf_count=1692 6009 453 182 40 289 128 465 176 86 742 59 233 41 110
internal_value=-3.62005e-05 -0.18864 0.0797521 -0.418149 0.0406338 0.0547913 0.359816 0.373885 -0.295044 -0.247638 -0.284792 0.44749 0.34131 -0.240872
internal_weight=10705 3182 7523 1490 6602 6313 921 304 1037 951 911 739 506 852
internal_count=10705 3182 7523 1490 6602 6313 921 304 1037 951 911 739 506 852
is_linear=0
shrinkage=0.05


Tree=29
num_leaves=15
num_cat=0
split_feature=56 56 84 84 37 6 69 84 21 84 71 13 9 83
split_gain=58324.5 40482 15120.1 12009.6 11039.6 7882.53 7567.91 15777.4 10961.5 9689.7 15044.9 10587.2 7284.32 6928.51
threshold=-25.228240999999993 6.5445720000000032 91.63005200000002 282.33339050000006 54.125000000000007 265.79764400000005 8.9726725364583348 42.523274000000008 54.668870079424046 94.763653000000019 -2.0999999999999992 0.035999282331932426 269.54124250000001 24.000000000000004
decision_type=2 2 2 2 2 2 2 2 2 2 2 2 2 2
left_child=2 3 -1 6 -3 -4 9 -8 -9 -2 11 -11 13 -6
right_child=1 4 5 -5 12 -7 7 8 -10 10 -12 -13 -14 -15
leaf_value=0.05435965719250585 0.019316174795091502 0.49653056196221163 -0.49912567716783568 -0.50685936572137946 0.016816700275439741 0.20847673192620278 -0.00089754589207143715 0.5654449576109648 -0.16568647008675796 -0.68384660377334328 -0.036350729223230002 -0.19736457183757367 -0.37808034376664601 0.27175515332621419
leaf_weight=172 4300 358 753 120 354 41 820 249 64 155 1786 400 54 1079
leaf_count=172 4300 358 753 120 354 41 820 249 64 155 1786 400 54 1079
internal_value=-4.0479e-05 0.0367297 -0.370404 -0.0125622 0.247522 -0.462371 -0.00486796 0.11451 0.415897 -0.0252489 -0.10708 -0.334215 0.187279 0.208832
internal_weight=10705 9739 966 7894 1845 794 7774 1133 313 6641 2341 555 1487 1433
internal_count=10705 9739 966 7894 1845 794 7774 1133 313 6641 2341 555 1487 1433
is_linear=0
shrinkage=0.05


Tree=30
num_leaves=15
num_cat=0
split_feature=71 84 56 24 84 12 84 84 39 46 34 67 43 65
split_gain=52913.1 48734.1 27682.3 17578.9 9903.64 11445.9 9822.28 8937.39 10951 8492.55 7713.13 7323.59 8566.09 7869.65
threshold=-1.9249999999999987 107.23326100000001 23.742188499999987 248.07883750000005 272.25950450000005 261.37932550000005 63.145266500000005 292.35207400000007 55.875000000000007 89.864583333333357 25.521875000000005 -4.8474843541666663 45.875000000000007 -10.386144708333321
decision_type=2 2 2 2 2 2 2 2 2 2 2 2 2 2
left_child=1 -1 4 -3 5 -2 -4 8 -5 10 -10 13 -13 -7
right_child=2 3 6 7 -6 11 -8 -9 9 -11 -12 12 -14 -15
leaf_value=0.012714156638379819 0.026293386681878868 -0.63902959629958955 -0.0015967645797501789 0.56267266216732215 -0.24886527678319093 0.36714533236427388 0.41390538400666821 -0.84819640371227456 -0.16495085347983007 -0.83954871703249712 -0.60000839682958906 0.93017933247786644 0.25990763374133946 -0.37022977709100491
leaf_weight=1692 5637 453 177 41 289 60 723 61 759 59 117 52 497 88
leaf_count=1692 5637 453 177 41 289 60 723 61 759 59 117 52 497 88
internal_value=-4.23574e-05 -0.170935 0.0722532 -0.379351 0.0368735 0.0499481 0.332279 -0.265407 -0.228152 -0.263394 -0.223676 0.240944 0.32497 -0.0708361
internal_weight=10705 3182 7523 1490 6623 6334 900 1037 976 935 876 697 549 148
internal_count=10705 3182 7523 1490 6623 6334 900 1037 976 935 876 697 549 148
is_linear=0
shrinkage=0.05


Tree=31
num_leaves=15
num_cat=0
split_feature=71 84 56 24 84 84 16 37 84 39 46 34 71 61
split_gain=47774.2 44002.7 25005.5 15863.1 8991.72 8944.13 10799.3 11506.2 8083.32 9902.31 7792.64 6690.42 6443.41 6193.72
threshold=-1.9249999999999987 107.23326100000001 23.29674 248.07883750000005 42.523274000000008 272.94655100000006 275.10399300000006 59.375000000000007 292.35207400000007 55.875000000000007 90.546875000000014 25.521875000000005 8.3125000000000018 75.208746000000005
decision_type=2 2 2 2 2 2 2 2 2 2 2 2 2 2
left_child=1 -1 5 13 -4 6 -2 -8 9 -5 11 -11 -6 -3
right_child=2 3 4 8 12 -7 7 -9 -10 10 -12 -13 -14 -15
leaf_value=0.01207882464394123 0.032338382812318364 -0.71057835915368162 -0.015749114697131233 0.53520888838739633 0.34189316999869068 -0.25058554031155922 0.74823801925236533 0.09354889971664411 -0.80647061630602812 -0.16568172663018055 -0.92519398084500948 -0.57026221757217987 0.87257659900046536 -0.27325965282293635
leaf_weight=1692 6057 345 170 41 689 263 109 173 61 778 40 117 62 108
leaf_count=1692 6057 345 170 41 689 263 109 173 61 778 40 117 62 108
internal_value=-4.55617e-05 -0.162428 0.0686497 -0.360468 0.312566 0.0345805 0.0464495 0.348352 -0.252228 -0.216798 -0.25031 -0.219148 0.386807 -0.607148
internal_weight=10705 3182 7523 1490 921 6602 6339 282 1037 976 935 895 751 453
internal_count=10705 3182 7523 1490 921 6602 6339 282 1037 976 935 895 751 453
is_linear=0
shrinkage=0.05


Tree=32
num_leaves=15
num_cat=0
split_feature=56 56 84 84 46 30 26 68 69 84 71 84 71 13
split_gain=43199.3 30547.2 11563.5 9666.17 8591.98 9923.26 12122.9 6411.69 6277.82 10076.7 10727.9 9020.03 10181.7 8580.75
threshold=-25.228240999999993 5.3097015000000036 119.13518750000001 287.58038500000004 48.302083333333336 22.562500000000004 29.212500000000002 17.440646893457735 4.9879032552083347 42.523274000000008 -0.13749999999999926 94.763653000000019 -2.1374999999999988 0.035999282331932426
decision_type=2 2 2 2 2 2 2 2 2 2 2 2 2 2
left_child=2 3 -1 8 -3 6 -6 -7 11 -10 -11 -2 13 -13
right_child=1 4 -4 -5 5 7 -8 -9 9 10 -12 12 -14 -15
leaf_value=-0.043647623534906997 0.013887347301430659 0.68327761821776312 -0.42751528280189133 -0.65027756367068168 0.24232979808380276 0.044729065508291588 0.82981404818687587 0.51926991592173455 -0.0029711246414013477 -0.022111755757509632 0.44647089474358365 -0.61858505522227525 -0.051679367063790664 -0.17468984211123095
leaf_weight=274 3876 90 692 58 739 946 99 76 1185 201 310 153 1630 376
leaf_count=274 3876 90 692 58 739 946 99 76 1185 201 310 153 1630 376
internal_value=-4.83362e-05 0.0315969 -0.318791 -0.0127179 0.208522 0.185195 0.312641 0.0804909 -0.00785125 0.0771138 0.262472 -0.0317376 -0.113615 -0.304
internal_weight=10705 9739 966 7789 1950 1860 838 1022 7731 1696 511 6035 2159 529
internal_count=10705 9739 966 7789 1950 1860 838 1022 7731 1696 511 6035 2159 529
is_linear=0
shrinkage=0.05


Tree=33
num_leaves=15
num_cat=0
split_feature=71 84 56 84 84 9 43 73 56 10 84 54 30 22
split_gain=39398.1 32975.6 26841.9 10970.2 10652.8 8357.83 11108.9 6865.98 6777.57 6473 5636.66 5403.95 5377.55 5106.2
threshold=1.8125000000000002 42.523274000000008 -26.358041000000004 94.060183500000008 287.58038500000004 95.543330000000012 51.375000000000007 24.125000000000004 29.441422500000005 274.97567412500007 299.97504500000008 0.87837969732492682 21.112500000000004 139.61285504687501
decision_type=2 2 2 2 2 2 2 2 2 2 2 2 2 2
left_child=2 -2 3 -1 -4 -3 9 10 11 -7 13 12 -8 -5
right_child=1 5 4 7 -6 6 8 -9 -10 -11 -12 -13 -14 -15
leaf_value=0.051019261106413007 -0.0063916287223901025 0.55969717982643019 -0.018256230222783762 -0.3161165443700325 -0.64266649536464526 0.3871994498879352 0.22540495334505348 -0.69699146433671322 0.3586121023537519 0.97341564942712666 -0.85082983601352447 0.44088940701575829 -0.12917159697257116 0.252557205044946
leaf_weight=170 1492 311 6816 517 68 140 172 149 348 72 45 84 279 42
leaf_count=170 1492 311 6816 517 68 140 172 149 348 72 45 84 279 42
internal_value=-4.22382e-05 0.157363 -0.0584846 -0.311527 -0.0245166 0.331015 0.265614 -0.393336 0.18717 0.589927 -0.317399 0.0751914 0.00625445 -0.273015
internal_weight=10705 2898 7807 923 6884 1406 1095 753 883 212 604 535 451 559
internal_count=10705 2898 7807 923 6884 1406 1095 753 883 212 604 535 451 559
is_linear=0
shrinkage=0.05


Tree=34
num_leaves=15
num_cat=0
split_feature=71 84 16 24 44 68 11 71 84 9 39 34 46 70
split_gain=36293.1 34269.7 19249.8 13013.1 11346.8 9643.13 7890.3 7254.06 18736.9 11845.8 7003.33 6896.31 7661.62 6590.31
threshold=-1.9249999999999987 107.23326100000001 275.10399300000006 248.07883750000005 52.656250000000007 14.655034392033714 278.70920300000006 1.8125000000000002 42.523274000000008 95.543330000000012 53.375000000000007 25.647916666666667 89.864583333333357 18.315106481838225
decision_type=2 2 2 2 2 2 2 2 2 2 2 2 2 2
left_child=1 -1 7 -3 -4 6 13 -2 -9 -10 -5 12 -12 -6
right_child=2 3 4 10 5 -7 -8 8 9 -11 11 -13 -14 -15
leaf_value=0.012432154421614813 -0.0055316112162857051 -0.53974883825105868 0.61153239424933092 0.41521545857900666 0.081318508624216801 0.6162446271411135 -0.33104507119985682 -0.0060722613667534972 0.53180201272330008 0.15068717021714978 -0.15235071911452319 -0.5817839531735941 -0.73855559527253112 0.62117346401725504
leaf_weight=1692 4361 453 208 41 296 102 92 1492 311 592 806 131 59 69
leaf_count=1692 4361 453 208 41 296 102 92 1492 311 592 806 131 59 69
internal_value=-3.73784e-05 -0.141569 0.0598372 -0.31634 0.297044 0.179142 0.080451 0.0328674 0.10276 0.282389 -0.218321 -0.24479 -0.193141 0.184792
internal_weight=10705 3182 7523 1490 767 559 457 6756 2395 903 1037 996 865 365
internal_count=10705 3182 7523 1490 767 559 457 6756 2395 903 1037 996 865 365
is_linear=0
shrinkage=0.05


Tree=35
num_leaves=15
num_cat=0
split_feature=71 84 16 24 44 70 9 12 71 84 9 46 84 39
split_gain=32768.2 30939 17386.7 11744.9 10243.3 9019.12 11812.3 9673.22 6548.59 16914.7 10695.2 6355.07 7175.52 7123.39
threshold=-1.9249999999999987 107.23326100000001 275.10399300000006 248.07883750000005 52.656250000000007 21.231464633960698 267.44138750000008 282.20391600000005 1.8125000000000002 42.523274000000008 95.543330000000012 90.546875000000014 284.32638350000008 55.875000000000007
decision_type=2 2 2 2 2 2 2 2 2 2 2 2 2 2
left_child=1 -1 8 -3 -4 6 -6 -8 -2 -10 -11 12 13 -5
right_child=2 3 4 11 5 -7 7 -9 9 10 -12 -13 -14 -15
leaf_value=0.011810913791564254 -0.0052550936599923088 -0.51282084104625536 0.58110207210419673 0.50404799385677757 0.23373639567774568 0.74431013484470188 0.23038767230008608 -0.70003311487121722 -0.0057688517552832918 0.5052971377434472 0.14316551665426822 -0.81817355679302683 -0.61623861563616789 -0.17069601542225596
leaf_weight=1692 4361 453 208 40 383 60 45 71 1492 311 592 40 86 871
leaf_count=1692 4361 453 208 40 383 60 45 71 1492 311 592 40 86 871
internal_value=-3.23088e-05 -0.134516 0.0568604 -0.300576 0.282296 0.170273 0.0999004 -0.34021 0.031229 0.0976365 0.268307 -0.207456 -0.182158 -0.140549
internal_weight=10705 3182 7523 1490 767 559 499 116 6756 2395 903 1037 997 911
internal_count=10705 3182 7523 1490 767 559 499 116 6756 2395 903 1037 997 911
is_linear=0
shrinkage=0.05


Tree=36
num_leaves=15
num_cat=0
split_feature=71 84 16 24 31 22 70 84 12 73 80 71 84 44
split_gain=29801.2 27705.4 15895.4 14421.3 9503.66 14294.6 10095.2 8908.55 8457.4 7671.97 7122.03 12304.5 7843.73 6869.93
threshold=-0.88749999999999918 90.727547000000001 277.29195150000004 248.07883750000005 21.212500000000002 149.84886889062503 20.117847106825341 299.97504500000008 280.98731900000001 10.875000000000002 -0.19509032201612839 2.0124999999999997 42.523274000000008 57.281250000000007
decision_type=2 2 2 2 2 2 2 2 2 2 2 2 2 2
left_child=1 -1 10 -3 6 13 8 9 -4 -5 11 -2 -13 -6
right_child=2 3 4 7 5 -7 -8 -9 -10 -11 -12 12 -14 -15
leaf_value=0.02105671941939594 0.030400972507822501 -0.44383486980619163 0.10243298851884902 -0.033685769527615844 0.83389176669553289 -0.13515842866391034 0.7031824668140515 -0.7873683032632437 -0.65624501255323309 -0.25526987544880436 -0.0065713840014998111 -0.025564822551206418 0.34985817795194041 0.36700249679174418
leaf_weight=2425 1669 556 119 917 163 81 45 52 52 680 2977 178 634 157
leaf_count=2425 1669 556 119 917 163 81 45 52 52 680 2977 178 634 157
internal_value=-3.01103e-05 -0.0955788 0.0727951 -0.223803 0.313138 0.45687 0.0454257 -0.14939 -0.13075 -0.128137 0.0455732 0.10812 0.267631 0.606681
internal_weight=10705 4630 6075 2205 617 401 216 1649 171 1597 5458 2481 812 320
internal_count=10705 4630 6075 2205 617 401 216 1649 171 1597 5458 2481 812 320
is_linear=0
shrinkage=0.05


Tree=37
num_leaves=15
num_cat=0
split_feature=71 84 16 71 37 12 84 68 68 80 71 84 9 66
split_gain=26905.4 25069.6 14356.3 11773.1 8981.03 7746.88 8122.65 7555.55 6530.62 6428.49 11106.7 7080.34 6692.08 5203.15
threshold=-0.88749999999999918 107.23326100000001 277.29195150000004 -5.0124999999999984 53.375000000000007 85.801072500000018 295.90254450000003 14.655034392033714 1.7616313437787399 -0.19509032201612839 2.0124999999999997 42.523274000000008 95.543330000000012 3.9490108510583801
decision_type=2 2 2 2 2 2 2 2 2 2 2 2 2 2
left_child=1 -1 9 -3 -4 -5 8 13 -7 10 -2 -12 -13 -6
right_child=2 3 4 5 7 6 -8 -9 -10 -11 11 12 -14 -15
leaf_value=0.013539882391955331 0.028881834100082823 -0.43931240072367789 0.59279473790960324 -0.38183795386467317 0.36148364041215353 0.45382636519415043 -0.67457293671066487 0.56846060995992864 -0.098932469049230864 -0.0062429250292854489 -0.024293722317153432 0.54371751156967074 0.20688026705873197 -0.063159304539599601
leaf_weight=2566 1669 473 181 304 102 55 58 94 1174 2977 178 235 399 240
leaf_count=2566 1669 473 181 304 102 55 58 94 1174 2977 178 235 399 240
internal_value=-2.83052e-05 -0.090816 0.0691682 -0.220497 0.297579 -0.155208 -0.101422 0.173948 -0.0738466 0.0432977 0.102721 0.254269 0.332393 0.0641732
internal_weight=10705 4630 6075 2064 617 1591 1287 436 1229 5458 2481 812 634 342
internal_count=10705 4630 6075 2064 617 1591 1287 436 1229 5458 2481 812 634 342
is_linear=0
shrinkage=0.05


Tree=38
num_leaves=15
num_cat=0
split_feature=71 84 16 69 84 31 19 70 12 12 84 73 8 71
split_gain=24398.8 23285.9 12957.1 10700.8 8858.87 10270.3 10819.2 8816.19 7218.31 6659.6 7802.93 7872.74 6464.54 4911.47
threshold=-1.9249999999999987 77.844594000000015 275.10399300000006 0.25451622916666677 277.88047750000004 21.112500000000004 222.66369200000003 19.902022626051153 280.98731900000001 95.430012500000018 303.76010700000006 24.125000000000004 271.69769000000002 1.8125000000000002
decision_type=2 2 2 2 2 2 2 2 2 2 2 2 2 2
left_child=1 -1 13 9 5 7 12 8 -4 -3 11 -11 -7 -2
right_child=2 3 4 -5 -6 6 -8 -9 -10 10 -12 -13 -14 -15
leaf_value=0.02039623511258716 -0.0046524381998636552 -0.5162946417315365 0.062659771040163403 0.05761088580202265 -0.47269654662870786 0.4367462611460689 -0.157939955036142 0.66127152107656006 -0.61535342293977746 -0.15108397788713224 -0.92360726216944267 -0.49940776257835662 0.98186646219509743 0.084454524363605857
leaf_weight=1577 4361 291 182 240 40 317 66 47 49 833 40 201 66 2395
leaf_count=1577 4361 291 182 240 40 317 66 47 49 833 40 201 66 2395
internal_value=-2.18403e-05 -0.116067 0.0490706 -0.250079 0.243682 0.283693 0.431308 0.0445882 -0.0831937 -0.30418 -0.246281 -0.219212 0.532996 0.0269438
internal_weight=10705 3182 7523 1605 767 727 449 278 231 1365 1074 1034 383 6756
internal_count=10705 3182 7523 1605 767 727 449 278 231 1365 1074 1034 383 6756
is_linear=0
shrinkage=0.05


Tree=39
num_leaves=15
num_cat=0
split_feature=71 84 24 16 37 70 2 46 70 9 84 57 69 84
split_gain=22139.4 20873.7 11923.8 11868.6 7933.68 6951.21 9448.79 7833.37 6643.89 7771.14 6548.44 6462.98 6088.98 10383.3
threshold=-0.88749999999999918 90.727547000000001 248.07883750000005 277.29195150000004 53.375000000000007 7.8989148047799835 272.45115750000008 56.390625000000007 21.231464633960698 267.44138750000008 282.33339050000006 0.99168679650865577 -5.9078175052083326 42.523274000000008
decision_type=2 2 2 2 2 2 2 2 2 2 2 2 2 2
left_child=1 -1 -3 12 -5 -4 7 -7 9 -6 11 -9 -2 -14
right_child=3 2 5 4 8 6 -8 10 -10 -11 -12 -13 13 -15
leaf_value=0.018858139908904024 -0.12709796140193938 -0.39374451698013041 0.041992526879961412 0.54787176665696469 0.18812263062125434 0.48674458088456762 -0.89182207598958341 -0.18306334288331649 0.63836465917649821 -0.38042905810475353 -0.56064789470917775 0.29675266294691122 -0.0045365802021835955 0.14245863248079643
leaf_weight=2425 499 556 448 181 302 44 45 932 60 74 105 75 2918 2041
leaf_count=2425 499 556 448 181 302 44 45 932 60 74 105 75 2918 2041
internal_value=-2.5587e-05 -0.0823807 -0.193679 0.0627438 0.270424 -0.126024 -0.18868 -0.160562 0.154255 0.0755145 -0.186589 -0.147068 0.0392213 0.0559795
internal_weight=10705 4630 2205 6075 617 1649 1201 1156 436 376 1112 1007 5458 4959
internal_count=10705 4630 2205 6075 617 1649 1201 1156 436 376 1112 1007 5458 4959
is_linear=0
shrinkage=0.05


Tree=40
num_leaves=15
num_cat=0
split_feature=69 84 71 84 71 35 84 43 62 65 21 43 61 12
split_gain=20213.2 13675.4 14954.7 12074.2 15328.4 8852.73 8510.02 7414.77 7247.91 6712.27 5904.61 7115.36 5438.93 5221.35
threshold=-0.66454532812499967 77.844594000000015 -4.3124999999999991 42.523274000000008 1.8125000000000002 28.490625000000001 272.25950450000005 47.125000000000007 53.052906000000014 6.6767573749999984 1.2382070770162167e-05 51.375000000000007 -4.7764524999999969 105.86706650000001
decision_type=2 2 2 2 2 2 2 2 2 2 2 2 2 2
left_child=1 -1 13 -2 6 8 7 -5 -4 -10 -6 12 -12 -3
right_child=3 2 5 4 10 -7 -8 -9 9 -11 11 -13 -14 -15
leaf_value=0.017434317338425261 -0.0020845053596116724 -0.7483583875644354 -0.21387731094786738 0.70226814453793773 0.60068889195399899 0.59711522414025076 -0.27590548510352775 0.055390827047808705 -0.046739371227004306 0.55178237083006887 0.052992026954186415 0.17160206268132647 0.6440684953075686 -0.31431666516178297
leaf_weight=2101 3354 80 857 45 123 45 194 1208 1064 48 52 862 156 516
leaf_count=2101 3354 80 857 45 123 45 194 1208 1064 48 52 862 156 516
internal_value=-2.51488e-05 -0.0775151 -0.153925 0.0608811 0.140847 -0.0887243 0.0314021 0.0791642 -0.104694 -0.0204314 0.273455 0.235313 0.49726 -0.373733
internal_weight=10705 4711 2610 5994 2640 2014 1447 1253 1969 1112 1193 1070 208 596
internal_count=10705 4711 2610 5994 2640 2014 1447 1253 1969 1112 1193 1070 208 596
is_linear=0
shrinkage=0.05


Tree=41
num_leaves=15
num_cat=0
split_feature=71 84 16 24 84 31 19 70 12 8 60 39 34 70
split_gain=18339 17773.9 9838.72 7469.86 7415.18 9038.79 9498.02 7334.32 6236.72 5664.43 5451.57 4899.58 6250.14 5426.74
threshold=-1.9249999999999987 119.13518750000001 275.10399300000006 248.07883750000005 277.88047750000004 21.112500000000004 222.66369200000003 19.902022626051153 279.13438900000006 271.69769000000002 3.7196439999999886 54.125000000000007 25.647916666666667 8.2420240502277053
decision_type=2 2 2 2 2 2 2 2 2 2 2 2 2 2
left_child=1 -1 -2 10 5 7 9 8 -4 -7 -3 -5 -13 -14
right_child=2 3 4 11 -6 6 -8 -9 -10 -11 -12 12 13 -15
leaf_value=0.0030078472440751894 0.023264891956007654 -0.56821635869881104 0.067641530540832412 0.3709033346956685 -0.44318535505998424 0.39250668657580451 -0.16468477755048272 0.5870159151653449 -0.51206766441464424 0.90249413528493538 -0.2050308094289835 -0.12930306745972017 -0.022767871182139326 -0.72573258763348525
leaf_weight=1799 6756 238 168 41 40 317 66 47 63 66 185 792 40 87
leaf_count=1799 6756 238 168 41 40 317 66 47 63 66 185 792 40 87
internal_value=-1.55219e-05 -0.100623 0.0425461 -0.23533 0.21213 0.248745 0.387223 0.0245013 -0.0919867 0.482511 -0.410235 -0.157916 -0.181886 -0.506234
internal_weight=10705 3182 7523 1383 767 727 449 278 231 383 423 960 919 127
internal_count=10705 3182 7523 1383 767 727 449 278 231 383 423 960 919 127
is_linear=0
shrinkage=0.05


Tree=42
num_leaves=15
num_cat=0
split_feature=69 84 71 84 84 43 35 84 62 31 58 71 65 61
split_gain=17207.9 11598.9 12315.8 10665.7 13477.9 12141.3 7609.42 7393.23 6540.97 6487.32 5853.61 6061.57 5840.44 5796.41
threshold=-0.66454532812499967 77.844594000000015 -4.3124999999999991 42.523274000000008 271.87691450000005 48.125000000000007 28.490625000000001 95.773522500000013 53.052906000000014 21.662500000000005 -14.974237 0.95000000000000118 6.6767573749999984 40.771564000000005
decision_type=2 2 2 2 2 2 2 2 2 2 2 2 2 2
left_child=1 -1 -3 -2 5 9 8 13 -4 -5 -9 -12 -10 -7
right_child=3 2 6 4 -6 7 -8 10 12 -11 11 -13 -14 -15
leaf_value=0.015929879757478661 -0.0029992058721489668 -0.34135939859301251 -0.20124144037506522 -0.011275748145289539 -0.23715711282155916 0.26242944712157024 0.55314475259055262 -0.097481031742597216 -0.042015177799266341 0.7066275571453936 0.014269551111012697 0.21875432282384766 0.5162839444316164 0.89182903999235563
leaf_weight=2101 3354 596 857 40 226 363 45 337 1064 146 624 864 48 40
leaf_count=2101 3354 596 857 40 226 363 45 337 1064 146 624 864 48 40
internal_value=-1.67269e-05 -0.0715144 -0.141884 0.0561796 0.131336 0.165919 -0.082714 0.13337 -0.0975195 0.553005 0.0904668 0.13307 -0.0174737 0.326954
internal_weight=10705 4711 2610 5994 2640 2414 2014 2228 1969 186 1825 1488 1112 403
internal_count=10705 4711 2610 5994 2640 2414 2014 2228 1969 186 1825 1488 1112 403
is_linear=0
shrinkage=0.05


Tree=43
num_leaves=15
num_cat=0
split_feature=69 84 71 84 84 43 35 84 31 62 51 41 30 24
split_gain=15532.5 10466.8 11132.8 9630.79 12169.7 10966.1 6856.5 6680.66 5859.17 5857.4 5695.77 5566.7 6260.42 5511.47
threshold=-0.66454532812499967 77.844594000000015 -4.2374999999999998 42.523274000000008 271.87691450000005 48.125000000000007 28.490625000000001 95.773522500000013 21.662500000000005 53.052906000000014 3.5000000000000004 82.875000000000014 21.962500000000002 322.54412650000006
decision_type=2 2 2 2 2 2 2 2 2 2 2 2 2 2
left_child=1 -1 -3 -2 5 8 9 -7 -5 -4 11 12 -11 -9
right_child=3 2 6 4 -6 7 -8 13 -10 10 -12 -13 -14 -15
leaf_value=0.015133764723027399 -0.0028492902521602328 -0.32080049100407682 -0.19002433764635415 -0.010725708560245795 -0.22535149378492805 0.31074890204345684 0.52608875687355583 0.10297951559642581 0.67153653353452691 0.4692768125225687 -0.18197655851553596 -0.030033193665282266 -0.056457851597286293 -0.35590351932298614
leaf_weight=2101 3354 614 851 40 226 403 45 1758 146 143 349 515 93 67
leaf_count=2101 3354 614 851 40 226 403 45 1758 146 143 349 515 93 67
internal_value=-5.40242e-06 -0.0679333 -0.134781 0.0533852 0.124803 0.157664 -0.0774265 0.12673 0.525541 -0.091609 -0.0153679 0.0621964 0.262738 0.0859472
internal_weight=10705 4711 2610 5994 2640 2414 1996 2228 186 1951 1100 751 236 1825
internal_count=10705 4711 2610 5994 2640 2414 1996 2228 186 1951 1100 751 236 1825
is_linear=0
shrinkage=0.05


Tree=44
num_leaves=15
num_cat=0
split_feature=71 84 84 73 84 43 37 24 84 24 58 39 33 47
split_gain=14128.6 11659.1 11401.5 9258.01 6591.63 6390.45 7693.71 6925.32 4597.8 10671 8964.63 7143.31 4742.36 4609.41
threshold=0.95000000000000118 303.76010700000006 42.523274000000008 24.125000000000004 110.43807050000002 51.375000000000007 83.875000000000014 146.43356750000004 94.763653000000019 275.10399300000006 4.1287624999999801 51.875000000000007 28.506250000000005 78.710937500000014
decision_type=2 2 2 2 2 2 2 2 2 2 2 2 2 2
left_child=1 3 -2 8 -5 -4 7 -7 -1 10 -10 -11 13 -13
right_child=2 -3 5 4 -6 6 -8 -9 9 11 -12 12 -14 -15
leaf_value=0.014726860858551773 -0.008070386224046714 -0.8647237756917644 0.39447002402894216 0.012125559394857042 -0.42219662426198412 0.72107111669722057 0.42673732134952119 0.06967360936632884 -0.21327292120853364 0.60463353076328841 0.0049371417511829595 0.14623881089336963 -0.46594914644956592 -0.13190011476315019
leaf_weight=3451 2023 42 255 132 257 41 188 1453 1280 59 744 531 43 206
leaf_count=3451 2023 42 255 132 257 41 188 1453 1280 59 744 531 43 206
internal_value=-1.76197e-06 -0.0440131 0.0749542 -0.0387424 -0.275164 0.161624 0.12611 0.0880203 -0.0241354 -0.070968 -0.133098 0.0788952 0.0384046 0.0684224
internal_weight=10705 6745 3960 6703 389 1937 1682 1494 6314 2863 2024 839 780 737
internal_count=10705 6745 3960 6703 389 1937 1682 1494 6314 2863 2024 839 780 737
is_linear=0
shrinkage=0.05


Tree=45
num_leaves=15
num_cat=0
split_feature=69 84 24 16 45 19 35 62 8 31 43 36 72 84
split_gain=12877.1 8681.91 9694.08 8432.48 7401.3 7919.48 6036.67 6329.29 6304.25 5893.5 5414.54 4973.99 4487.91 4412.29
threshold=-0.66454532812499967 77.844594000000015 248.11922550000006 277.29195150000004 54.520833333333336 222.66369200000003 28.490625000000001 161.84946350000001 251.52175600000004 21.212500000000002 52.125000000000007 26.141666666666669 1.4000000000000006 275.36804450000005
decision_type=2 2 2 2 2 2 2 2 2 2 2 2 2 2
left_child=1 -1 12 13 9 10 7 8 -4 -5 -6 -11 -3 -2
right_child=3 2 6 4 5 -7 -8 -9 -10 11 -12 -13 -14 -15
leaf_value=0.013803748426630831 0.036469795102468686 -0.36206378472604372 -0.090269673684234705 -0.032313906166540542 0.72858386548554033 -0.46331445828632073 0.49216547192114857 0.035382996715910352 -0.34538353114897147 0.80293292067267685 0.11028802631879753 0.19659637305885555 0.13814188998937607 -0.26291341122890277
leaf_weight=2101 5308 474 1031 45 40 53 45 695 316 109 264 50 49 125
leaf_count=2101 5308 474 1031 45 40 53 45 695 316 109 264 50 49 125
internal_value=-3.26502e-07 -0.0618498 -0.122731 0.0486127 0.232993 0.0951935 -0.0744151 -0.0871357 -0.15033 0.4725 0.193765 0.614681 -0.315025 0.0295346
internal_weight=10705 4711 2610 5994 561 357 2087 2042 1347 204 304 159 523 5433
internal_count=10705 4711 2610 5994 561 357 2087 2042 1347 204 304 159 523 5433
is_linear=0
shrinkage=0.05


Tree=46
num_leaves=15
num_cat=0
split_feature=73 24 84 45 84 80 84 24 70 5 25 72 25 69
split_gain=12079.3 10594 9195.04 7552.05 6271.27 5205.28 9129.84 8129.68 7410.99 5789.22 7117.05 4647.94 4213.65 3979.36
threshold=17.625000000000004 274.65417650000006 126.58159800000001 47.072916666666679 295.90254450000003 -0.2269546835593246 202.69718150000003 275.10399300000006 19.029793230490885 273.75479450000006 108.0147368726637 0.98750000000000082 105.05818924571476 -20.494046906249995
decision_type=2 2 2 2 2 2 2 2 2 2 2 2 2 2
left_child=1 4 -2 12 -1 7 -7 -5 9 10 -9 -12 -3 -4
right_child=2 3 13 5 -6 6 -8 8 -10 -11 11 -13 -14 -15
leaf_value=-0.017160028977077319 -0.0091364793491971602 0.0015318303551924016 -0.58802427911946376 0.81115556474436412 -0.63752491357849872 0.03534773698510995 -0.58746311186400602 0.11159381991087779 0.33917360097902721 0.55187014874659091 0.010071681399603148 -0.39943159436735942 0.59545038258487526 -0.24477588083181115
leaf_weight=6406 445 41 110 43 40 1663 60 783 304 56 147 130 109 368
leaf_count=6406 445 41 110 43 40 1663 60 783 304 56 147 130 109 368
internal_value=4.35158e-06 0.0163257 -0.172801 0.0886417 -0.0211079 0.0722414 0.0133314 0.141564 0.120731 0.0609769 0.0345472 -0.182859 0.434198 -0.324829
internal_weight=10705 9782 923 3336 6446 3186 1723 1463 1420 1116 1060 277 150 478
internal_count=10705 9782 923 3336 6446 3186 1723 1463 1420 1116 1060 277 150 478
is_linear=0
shrinkage=0.05


Tree=47
num_leaves=15
num_cat=0
split_feature=71 84 84 73 21 43 84 9 21 24 84 58 45 18
split_gain=11162.7 10449.6 9882.48 7585.34 5478.61 5908.93 5172.8 4498.4 5927.51 4026.61 7800.84 7239.28 5227.99 8939.78
threshold=1.4000000000000006 42.523274000000008 303.76010700000006 24.125000000000004 1.2382070770162167e-05 51.375000000000007 110.43807050000002 250.49878250000003 27.777286015138433 278.64649100000008 90.727547000000001 1.1413169999999939 53.552083333333336 248.71936183333335
decision_type=2 2 2 2 2 2 2 2 2 2 2 2 2 2
left_child=2 -2 3 9 -3 -6 -5 -7 -9 10 -1 -12 13 -11
right_child=1 4 -4 6 5 7 -8 8 -10 12 11 -13 -14 -15
leaf_value=0.013815173175124498 -0.011064084416437497 0.45396075936314334 -0.78923754546531422 0.010795820942078543 0.36759468268571521 0.14734062347743934 -0.37395356279444097 -0.3657235141675752 0.1030570805874155 -0.029183125766176807 -0.1800012699888516 -0.0026443803197302609 0.032422872404924849 0.95975647426786892
leaf_weight=3259 1625 152 42 132 235 916 257 110 171 50 1369 992 1354 41
leaf_count=3259 1625 152 42 132 235 916 257 110 171 50 1369 992 1354 41
internal_value=4.00614e-06 0.0780249 -0.0334023 -0.0290382 0.169369 0.138865 -0.243703 0.093691 -0.0810975 -0.0171859 -0.0363263 -0.105515 0.0572299 0.421972
internal_weight=10705 3209 7496 7454 1584 1432 389 1197 281 7065 5620 2361 1445 91
internal_count=10705 3209 7496 7454 1584 1432 389 1197 281 7065 5620 2361 1445 91
is_linear=0
shrinkage=0.05


Tree=48
num_leaves=15
num_cat=0
split_feature=84 24 43 63 62 51 46 9 59 84 84 70 47 25
split_gain=10513.7 9728.56 6900.11 6317.48 6382.68 5359.21 4890.29 4904.45 6754.74 3904.88 8225.25 4250.26 5196.83 4971.98
threshold=282.33339050000006 274.65417650000006 47.625000000000007 -36.896608000000001 1.0000000180025095e-35 1.5000000000000002 49.260416666666679 271.84868150000005 -0.24418849999999279 42.523274000000008 75.408333500000012 19.576192176003293 67.884114583333343 108.0147368726637
decision_type=2 2 2 2 2 2 2 2 2 2 2 2 2 2
left_child=1 3 5 4 -1 -3 -4 9 -9 -8 -11 13 -13 -12
right_child=-2 2 6 -5 -6 -7 7 8 -10 10 11 12 -14 -15
leaf_value=-0.045200809766246186 -0.33292053581038816 0.072877939059011021 0.39887836187046166 -0.014396313467747075 -0.44062320761507456 0.57926073887218266 -0.0047460529701680229 -0.62627817822827236 0.051381355021776778 0.74283811564743518 0.11433617270482169 0.02756352608577033 0.46925978732097429 -0.098794085406932977
leaf_weight=238 231 95 101 6623 178 116 1281 62 88 49 998 120 149 376
leaf_count=238 231 95 101 6623 178 116 1281 62 88 49 998 120 149 376
internal_value=5.37936e-06 0.00737901 0.0763478 -0.0262835 -0.215047 0.352688 0.0581585 0.0470152 -0.23101 0.0611157 0.110952 0.091667 0.273052 0.0559829
internal_weight=10705 10474 3435 7039 416 211 3224 3123 150 2973 1692 1643 269 1374
internal_count=10705 10474 3435 7039 416 211 3224 3123 150 2973 1692 1643 269 1374
is_linear=0
shrinkage=0.05


Tree=49
num_leaves=15
num_cat=0
split_feature=69 84 24 84 84 43 84 61 35 62 58 58 31 19
split_gain=9601.05 6827.26 7524.31 6595.66 9154.95 6994.93 5172.37 5048.19 4798.87 5450.16 6696.93 4784.23 4760.56 4585.36
threshold=-0.66454532812499967 77.844594000000015 248.11922550000006 42.523274000000008 271.87691450000005 48.125000000000007 95.773522500000013 40.771564000000005 28.490625000000001 71.330161000000004 -42.44948849999998 -14.974237 21.662500000000005 222.66369200000003
decision_type=2 2 2 2 2 2 2 2 2 2 2 2 2 2
left_child=1 -1 -3 -2 5 12 7 -7 9 10 -4 -8 -5 -13
right_child=3 2 8 4 -6 6 11 -9 -10 -11 -12 13 -14 -15
leaf_value=0.013691051356610954 -0.0045510988047288634 -0.27679701242702553 -0.71362976946082768 -0.058816553070777801 -0.20260125884892921 0.2067259109481801 -0.10089104409059564 0.793594980585139 0.44034049248565799 0.0092182419244238121 -0.12606449309445053 0.12649250292488867 0.5550256081077517 -0.29698351789543881
leaf_weight=2101 3354 523 50 40 226 363 337 40 45 976 1016 1422 146 66
leaf_count=2101 3354 523 50 40 226 363 337 40 45 976 1016 1422 146 66
internal_value=9.28312e-06 -0.0533964 -0.107385 0.0419855 0.101088 0.129591 0.104884 0.266796 -0.0648184 -0.0761608 -0.154267 0.0690032 0.423408 0.107522
internal_weight=10705 4711 2610 5994 2640 2414 2228 403 2087 2042 1066 1825 186 1488
internal_count=10705 4711 2610 5994 2640 2414 2228 403 2087 2042 1066 1825 186 1488
is_linear=0
shrinkage=0.05


Tree=50
num_leaves=15
num_cat=0
split_feature=84 24 84 69 45 71 58 45 13 80 84 84 35 70
split_gain=9244.34 8231.83 6149.78 9148.43 5953.97 5343.57 4808.59 4457.41 4353.1 4039.24 8179.16 7165.33 6436.19 6398.18
threshold=292.35207400000007 274.65417650000006 90.727547000000001 -14.462286713541664 47.072916666666679 1.8125000000000002 2.3989630000000024 74.062500000000014 1.8204706843586675 -0.3520614488341256 201.80893450000005 103.97617450000001 27.204166666666669 19.435426497723551
decision_type=2 2 2 2 2 2 2 2 2 2 2 2 2 2
left_child=1 2 -1 6 -3 8 -4 -7 -5 11 -11 -6 -12 -13
right_child=-2 4 3 5 9 7 -8 -9 -10 10 12 13 -14 -15
leaf_value=0.011034450796682312 -0.46460579775168376 0.37474852882507598 -0.33982327745512264 -0.15489261585759051 0.44822667810965228 -0.051725760315962002 -0.030560788520696488 0.30328376358470965 0.0010363402498862421 0.036398214335848798 -0.12100016775788094 0.029737010847139336 -0.83547878328790048 0.34151872227310531
leaf_weight=4338 105 150 447 825 147 162 175 193 977 1821 97 1027 46 195
leaf_count=4338 105 150 447 825 147 162 175 193 977 1821 97 1027 46 195
internal_value=1.05223e-05 0.00465625 -0.0261679 -0.0842236 0.0676303 -0.0354597 -0.253001 0.141589 -0.0703981 0.0537003 0.00773131 0.119595 -0.355038 0.079728
internal_weight=10705 10600 7117 2779 3483 2157 622 355 1802 3333 1964 1369 143 1222
internal_count=10705 10600 7117 2779 3483 2157 622 355 1802 3333 1964 1369 143 1222
is_linear=0
shrinkage=0.05


end of trees

feature_importances:
consumo_alvo_semana_anterior=189
temperatura_externa_c_diferenca_semana_atual=107
consumo_diferenca_semana_atual=94
correcao_semanal_media_1440m=32
consumo_max_1440m=27
umidade_relativa_pct_lag_1440m=17
consumo_lag_10080m=12
consumo_max_180m=11
temperatura_externa_c_lag_720m=11
correcao_semanal_std_1440m=11
consumo_std_360m=10
temperatura_externa_c_media_360m=10
umidade_relativa_pct_atual=10
umidade_relativa_pct_media_360m=10
origem_hora_sin=10
consumo_max_60m=8
correcao_semanal_std_360m=8
consumo_lag_360m=7
umidade_relativa_pct_lag_60m=7
umidade_relativa_pct_diferenca_semana_atual=7
consumo_min_360m=6
consumo_std_1440m=6
consumo_diferenca_dia_atual=6
tendencia_consumo_360m=6
temperatura_externa_c_atual=5
temperatura_externa_c_media_180m=5
umidade_relativa_pct_media_180m=5
consumo_alvo_dia_anterior=5
umidade_relativa_pct_media_1440m=4
tendencia_consumo_180m=4
correcao_semanal_media_180m=4
alvo_hora_cos=4
consumo_atual_kw=3
consumo_lag_1440m=3
consumo_std_60m=3
consumo_std_180m=3
consumo_mean_1440m=3
temperatura_externa_c_lag_180m=3
temperatura_externa_c_lag_360m=3
umidade_relativa_pct_media_60m=3
consumo_razao_semana_atual=3
correcao_semanal_std_180m=3
temperatura_externa_c_lag_1440m=2
temperatura_externa_c_media_1440m=2
origem_mes=2
origem_hora_cos=2
correcao_semanal_media_60m=2
temperatura_externa_c_tendencia_1h=2
consumo_lag_30m=1
consumo_lag_180m=1
consumo_mean_60m=1
consumo_min_60m=1
consumo_mean_360m=1
temperatura_externa_c_lag_60m=1
temperatura_externa_c_media_60m=1
umidade_relativa_pct_lag_15m=1
umidade_relativa_pct_lag_360m=1
umidade_relativa_pct_lag_720m=1
origem_semana_sin=1
tendencia_consumo_15m=1
tendencia_consumo_60m=1
correcao_semanal_media_360m=1

parameters:
[boosting: gbdt]
[objective: regression]
[metric: l1]
[tree_learner: serial]
[device_type: cpu]
[data_sample_strategy: bagging]
[data: ]
[valid: ]
[num_iterations: 400]
[learning_rate: 0.05]
[num_leaves: 15]
[num_threads: 2]
[seed: 20260905]
[deterministic: 1]
[force_col_wise: 1]
[force_row_wise: 0]
[histogram_pool_size: -1]
[max_depth: -1]
[min_data_in_leaf: 40]
[min_sum_hessian_in_leaf: 0.001]
[bagging_fraction: 1]
[pos_bagging_fraction: 1]
[neg_bagging_fraction: 1]
[bagging_freq: 0]
[bagging_seed: 23218]
[bagging_by_query: 0]
[feature_fraction: 1]
[feature_fraction_bynode: 1]
[feature_fraction_seed: 28090]
[extra_trees: 0]
[extra_seed: 14360]
[early_stopping_round: 0]
[early_stopping_min_delta: 0]
[first_metric_only: 0]
[max_delta_step: 0]
[lambda_l1: 0]
[lambda_l2: 1]
[linear_lambda: 0]
[min_gain_to_split: 0]
[drop_rate: 0.1]
[max_drop: 50]
[skip_drop: 0.5]
[xgboost_dart_mode: 0]
[uniform_drop: 0]
[drop_seed: 16970]
[top_rate: 0.2]
[other_rate: 0.1]
[min_data_per_group: 100]
[max_cat_threshold: 32]
[cat_l2: 10]
[cat_smooth: 10]
[max_cat_to_onehot: 4]
[top_k: 20]
[monotone_constraints: ]
[monotone_constraints_method: basic]
[monotone_penalty: 0]
[feature_contri: ]
[forcedsplits_filename: ]
[refit_decay_rate: 0.9]
[cegb_tradeoff: 1]
[cegb_penalty_split: 0]
[cegb_penalty_feature_lazy: ]
[cegb_penalty_feature_coupled: ]
[path_smooth: 0]
[interaction_constraints: ]
[verbosity: -1]
[saved_feature_importance_type: 0]
[use_quantized_grad: 0]
[num_grad_quant_bins: 4]
[quant_train_renew_leaf: 0]
[stochastic_rounding: 1]
[linear_tree: 0]
[max_bin: 255]
[max_bin_by_feature: ]
[min_data_in_bin: 3]
[bin_construct_sample_cnt: 200000]
[data_random_seed: 5037]
[is_enable_sparse: 1]
[enable_bundle: 1]
[use_missing: 1]
[zero_as_missing: 0]
[feature_pre_filter: 1]
[pre_partition: 0]
[two_round: 0]
[header: 0]
[label_column: ]
[weight_column: ]
[group_column: ]
[ignore_column: ]
[categorical_feature: ]
[forcedbins_filename: ]
[precise_float_parser: 0]
[parser_config_file: ]
[objective_seed: 15411]
[num_class: 1]
[is_unbalance: 0]
[scale_pos_weight: 1]
[sigmoid: 1]
[boost_from_average: 1]
[reg_sqrt: 0]
[alpha: 0.9]
[fair_c: 1]
[poisson_max_delta_step: 0.7]
[tweedie_variance_power: 1.5]
[lambdarank_truncation_level: 30]
[lambdarank_norm: 1]
[label_gain: ]
[lambdarank_position_bias_regularization: 0]
[eval_at: ]
[multi_error_top_k: 1]
[auc_mu_weights: ]
[num_machines: 1]
[local_listen_port: 12400]
[time_out: 120]
[machine_list_filename: ]
[machines: ]
[gpu_platform_id: -1]
[gpu_device_id: -1]
[gpu_device_id_list: ]
[gpu_use_dp: 0]
[num_gpu: 1]

end of parameters

pandas_categorical:[]
