tree
version=v4
num_class=1
num_tree_per_iteration=1
label_index=0
max_feature_idx=84
objective=regression
feature_names=consumo_atual_kw consumo_lag_15m consumo_lag_30m consumo_lag_60m consumo_lag_120m consumo_lag_180m consumo_lag_360m consumo_lag_720m consumo_lag_1440m consumo_lag_10080m consumo_mean_60m consumo_min_60m consumo_max_60m consumo_std_60m consumo_mean_180m consumo_min_180m consumo_max_180m consumo_std_180m consumo_mean_360m consumo_min_360m consumo_max_360m consumo_std_360m consumo_mean_1440m consumo_min_1440m consumo_max_1440m consumo_std_1440m temperatura_externa_c_atual temperatura_externa_c_lag_15m temperatura_externa_c_lag_60m temperatura_externa_c_lag_180m temperatura_externa_c_lag_360m temperatura_externa_c_lag_720m temperatura_externa_c_lag_1440m temperatura_externa_c_media_60m temperatura_externa_c_media_180m temperatura_externa_c_media_360m temperatura_externa_c_media_1440m umidade_relativa_pct_atual umidade_relativa_pct_lag_15m umidade_relativa_pct_lag_60m umidade_relativa_pct_lag_180m umidade_relativa_pct_lag_360m umidade_relativa_pct_lag_720m umidade_relativa_pct_lag_1440m umidade_relativa_pct_media_60m umidade_relativa_pct_media_180m umidade_relativa_pct_media_360m umidade_relativa_pct_media_1440m origem_hora origem_dia_semana origem_fim_de_semana origem_mes origem_hora_sin origem_hora_cos origem_semana_sin origem_semana_cos consumo_diferenca_semana_atual consumo_razao_semana_atual consumo_diferenca_dia_atual tendencia_consumo_15m tendencia_consumo_60m tendencia_consumo_180m tendencia_consumo_360m correcao_semanal_media_60m correcao_semanal_std_60m correcao_semanal_media_180m correcao_semanal_std_180m correcao_semanal_media_360m correcao_semanal_std_360m correcao_semanal_media_1440m correcao_semanal_std_1440m temperatura_externa_c_diferenca_semana_atual temperatura_externa_c_tendencia_1h umidade_relativa_pct_diferenca_semana_atual umidade_relativa_pct_tendencia_1h alvo_hora alvo_dia_semana alvo_fim_de_semana alvo_mes alvo_hora_sin alvo_hora_cos alvo_semana_sin alvo_semana_cos consumo_alvo_dia_anterior consumo_alvo_semana_anterior
feature_infos=[22.399999999999999:324.71375799999998] [22.399999999999999:324.71375799999998] [22.399999999999999:324.71375799999998] [22.399999999999999:324.71375799999998] [22.399999999999999:324.71375799999998] [22.399999999999999:324.71375799999998] [22.399999999999999:324.71375799999998] [22.399999999999999:324.71375799999998] [22.399999999999999:324.71375799999998] [22.399999999999999:324.71375799999998] [22.399999999999999:321.24876725000001] [22.399999999999999:318.278571] [22.399999999999999:324.71375799999998] [0:82.540869055199337] [22.399999999999999:313.28577408333337] [22.399999999999999:302.53573799999998] [22.399999999999999:324.71375799999998] [0:92.970139865692389] [22.399999999999999:295.13563500000004] [22.399999999999999:249.29458700000001] [22.399999999999999:324.71375799999998] [0:116.53386463160022] [23.200000000000003:159.49963871874999] none [25.600000000000001:324.71375799999998] [1.3929144002343703:128.71471884334804] [15:33.700000000000003] [15:33.700000000000003] [15:33.700000000000003] [15:33.700000000000003] [15:33.700000000000003] [15:33.700000000000003] [15:33.700000000000003] [15:33.4375] [15:32.71875] [15.333333333333334:31.620833333333334] [16.439843749999998:27.283072916666669] [31:98] [31:98] [31:98] [31:98] [31:98] [31:98] [31:98] [32.5:95.625] [33.666666666666664:95.083333333333329] [37.041666666666664:94] [59.309895833333336:91.638020833333329] [0:23.75] [0:6] [0:1] [1:4] [-1:1] [-1:1] [-0.97492791218182362:0.97492791218182362] [-0.90096886790241903:1] [-72.635950000000008:77.445233000000002] [0.43630911779503978:2.09406877563422] [-291.363968:296.779246] [-121.30707899999999:153.05878799999999] [-124.27709300000001:153.05878799999999] [-180.63157299999997:268.16051600000003] [-299.363968:299.97924600000005] [-70.384351250000009:75.467424499999993] [0:44.359338508129341] [-67.777903583333341:70.921986416666655] [0:38.631403568061003] [-64.848194500000005:62.415354583333333] [0:37.083675449251288] [-34.945017510416669:27.905951093750001] [0:30.68446053870321] [-12:11.5] [-8:4.8000000000000007] [-49:48] [-30:40] [0:23.75] [0:6] [0:1] [1:4] [-1:1] [-1:1] [-0.97492791218182362:0.97492791218182362] [-0.90096886790241903:1] [22.399999999999999:324.71375799999998] [22.399999999999999:324.71375799999998]
tree_sizes=1415 1432 1434 1423 1429 1435 1426 1437 1447 1438 1450 1439 1448 1443 1426 1451 1449 1441 1452 1452 1446 1449 1441 1449 1446 1438 1450 1449 1451 1446 1451 1440

Tree=0
num_leaves=15
num_cat=0
split_feature=71 84 71 84 69 24 84 51 24 69 2 58 84 32
split_gain=576364 409692 308060 284106 152823 114555 92515.6 47956.3 41345.2 33909.7 30942.9 29159.6 26302.2 25653.1
threshold=1.0000000180025095e-35 103.23470300000001 -2.8499999999999992 42.523274000000008 11.26756466666667 264.18653100000006 287.58038500000004 3.5000000000000004 253.43744300000003 -26.30091713020833 120.49142050000002 -10.845522500000007 272.35636400000004 20.262500000000003
decision_type=2 2 2 2 2 2 2 2 2 2 2 2 2 2
left_child=1 -1 5 -2 7 9 11 12 -9 -3 -7 -4 -5 -6
right_child=3 2 6 4 13 10 -8 8 -10 -11 -12 -13 -14 -15
leaf_value=-1.0559834001588775 -1.0669515168606432 -3.582571437591751 -2.2274143253974708 -0.34795901009936381 1.1263336268260946 -1.2232265758405225 -3.1140094178395863 -0.38879046972831222 -1.4246950126298572 -2.7763629279948141 -2.5676334668105811 -1.4311306049039738 -1.4860047868336888 0.18789715657937389
leaf_weight=3126 2579 202 122 974 84 134 90 151 262 412 62 1809 53 645
leaf_count=3126 2579 202 122 974 84 134 90 151 262 412 62 1809 53 645
internal_value=-1.12308 -1.4506 -1.88621 -0.712186 -0.290581 -2.70953 -1.55561 -0.589817 -1.04509 -3.04517 -1.65367 -1.48199 -0.406986 0.298963
internal_weight=10705 5957 2831 4748 2169 810 2021 1440 413 614 196 1931 1027 729
internal_count=10705 5957 2831 4748 2169 810 2021 1440 413 614 196 1931 1027 729
is_linear=0
shrinkage=1


Tree=1
num_leaves=15
num_cat=0
split_feature=71 84 71 84 69 24 84 51 69 69 8 25 24 53
split_gain=520351 369898 278159 256476 137993 103376 83609.3 43275.9 38048.8 30636.9 27979.1 27784.8 66988.7 30231.3
threshold=1.0000000180025095e-35 103.23470300000001 -2.8499999999999992 42.523274000000008 11.26756466666667 264.18653100000006 287.58038500000004 3.5000000000000004 -0.18351217708333298 -26.30091713020833 187.95438150000004 108.52350230529724 283.32550850000001 0.38268343236508956
decision_type=2 2 2 2 2 2 2 2 2 2 2 2 2 2
left_child=1 -1 5 -2 7 9 11 -5 -9 -3 -7 12 -4 -13
right_child=3 2 6 4 -6 10 -8 8 -10 -11 -12 13 -14 -15
leaf_value=0.063746595507303591 0.053326898309611542 -2.3371188868442778 -0.38543877297667195 0.68031345808494414 1.3511884916367087 -0.16044029305554652 -1.8924731377716904 -0.39227908742679679 0.56560164225278509 -1.5708151876094321 -1.5402288045201984 -1.6703546585974758 0.59479638914516209 -0.43538016684718067
leaf_weight=3126 2579 202 1517 1027 729 148 90 212 201 412 48 76 196 142
leaf_count=3126 2579 202 1517 1027 729 148 90 212 201 412 48 76 196 142
internal_value=-2.11654e-05 -0.311218 -0.725131 0.3904 0.79098 -1.50747 -0.410986 0.506633 0.0741451 -1.82631 -0.504451 -0.340993 -0.273 -0.871583
internal_weight=10705 5957 2831 4748 2169 810 2021 1440 413 614 196 1931 1713 218
internal_count=10705 5957 2831 4748 2169 810 2021 1440 413 614 196 1931 1713 218
is_linear=0
shrinkage=0.05


Tree=2
num_leaves=15
num_cat=0
split_feature=71 84 71 84 69 24 84 70 36 63 69 58 73 2
split_gain=469760 334174 255447 231502 124558 93101.5 76134.7 39977.2 35491.6 35444.2 28194.8 26461.1 26281.9 25916.3
threshold=1.0000000180025095e-35 101.17872750000002 -2.8499999999999992 42.523274000000008 11.26756466666667 264.18653100000006 287.58038500000004 8.1012924249459495 20.748177083333335 4.6262223749999984 -26.30091713020833 -2.9547955000000026 3.8750000000000004 120.49142050000002
decision_type=2 2 2 2 2 2 2 2 2 2 2 2 2 2
left_child=1 -1 5 -2 7 10 11 8 -5 -9 -3 12 -4 -7
right_child=3 2 6 4 -6 13 -8 9 -10 -11 -12 -13 -14 -15
leaf_value=0.064518427062352376 0.050661589517149823 -2.2172808792076859 -0.18955531196580047 -0.21402956562214778 1.2837216065257584 -0.086339120303883285 -1.7988893309792322 -0.092300231915212028 0.81400198704344384 0.74918221671548157 -1.4866645637380034 -0.23949989989840301 -1.1361616598952082 -1.3152006273350072
leaf_weight=3094 2579 203 125 94 729 135 90 410 757 179 422 1648 178 62
leaf_count=3094 2579 203 125 94 729 135 90 410 757 179 422 1648 178 62
internal_value=-5.31509e-05 -0.295735 -0.684943 0.370904 0.751482 -1.42866 -0.384863 0.481331 0.700329 0.164267 -1.72713 -0.318746 -0.747556 -0.477777
internal_weight=10705 5957 2863 4748 2169 822 2041 1440 851 589 625 1951 303 197
internal_count=10705 5957 2863 4748 2169 822 2041 1440 851 589 625 1951 303 197
is_linear=0
shrinkage=0.05


Tree=3
num_leaves=15
num_cat=0
split_feature=71 84 71 84 71 24 84 84 30 84 35 36 69 8
split_gain=425500 316167 201411 174481 146048 84299.6 80756.5 41888 35167.1 29337.2 27301.8 33388.7 25439.4 23543
threshold=-1.0000000180025095e-35 102.00310850000001 -2.8499999999999992 42.523274000000008 2.1000000000000001 264.18653100000006 263.70710200000008 295.90254450000003 19.762500000000003 284.32638350000008 22.621354166666674 24.091666666666672 -26.30091713020833 186.97853750000004
decision_type=2 2 2 2 2 2 2 2 2 2 2 2 2 2
left_child=1 -1 5 -2 6 12 8 -4 -5 -8 11 -6 -3 -7
right_child=3 2 7 4 10 13 9 -9 -10 -11 -12 -13 -14 -15
leaf_value=0.05261991342587128 0.048001728554780798 -2.1105207659340848 -0.37109651292594292 -0.19251754311954275 1.2044520984812139 -0.13215414963259892 -0.23806600293208816 -1.9522643577220831 0.58200938356025556 -1.6035473400232743 0.90872264009053749 2.4576012680495998 -1.4147808173472269 -1.3800202847695819
leaf_weight=2851 2783 202 1723 169 259 147 202 42 1082 48 659 68 420 50
leaf_count=2851 2783 202 1723 169 259 147 202 42 1082 48 659 68 420 50
internal_value=-7.76482e-05 -0.310457 -0.710915 0.320018 0.624267 -1.35853 0.313373 -0.409806 0.477307 -0.505583 1.09675 1.47174 -1.64375 -0.454242
internal_weight=10705 5435 2584 5270 2487 819 1501 1765 1251 250 986 327 622 197
internal_count=10705 5435 2584 5270 2487 819 1501 1765 1251 250 986 327 622 197
is_linear=0
shrinkage=0.05


Tree=4
num_leaves=15
num_cat=0
split_feature=71 84 71 84 71 24 84 84 30 84 35 36 69 69
split_gain=384139 285598 179352 157504 131908 76003.8 72942.5 37692.3 31745.5 26541.3 24685.6 30213.2 23308.1 22572.6
threshold=-1.0000000180025095e-35 103.23470300000001 -2.8499999999999992 42.523274000000008 2.1000000000000001 264.18653100000006 263.70710200000008 295.90254450000003 19.762500000000003 284.32638350000008 22.621354166666674 24.091666666666672 -13.065936541666668 -0.12570920833333388
decision_type=2 2 2 2 2 2 2 2 2 2 2 2 2 2
left_child=1 -1 5 -2 6 12 8 -4 -5 -8 11 -6 -3 -12
right_child=3 2 7 4 10 -7 9 -9 -10 -11 13 -13 -14 -15
leaf_value=0.047162638915556929 0.045602502345225254 -1.829268427822325 -0.35684913484696901 -0.18294828998691895 1.1444611043654955 -0.43361745749075481 -0.22622133160165966 -1.8569211505180183 0.55293578310918645 -1.5250061976666354 -0.036210610624402763 2.3365020669024923 -1.192191103658331 0.95834507619341225
leaf_weight=2874 2783 359 1709 169 259 196 202 42 1082 48 63 68 255 596
leaf_count=2874 2783 359 1709 169 259 196 202 42 1082 48 63 68 255 596
internal_value=-9.31068e-05 -0.295001 -0.678852 0.304047 0.593116 -1.29366 0.297656 -0.39387 0.453457 -0.48067 1.04214 1.39872 -1.56705 0.863355
internal_weight=10705 5435 2561 5270 2487 810 1501 1751 1251 250 986 327 614 659
internal_count=10705 5435 2561 5270 2487 810 1501 1751 1251 250 986 327 614 659
is_linear=0
shrinkage=0.05


Tree=5
num_leaves=15
num_cat=0
split_feature=71 84 71 84 69 24 84 24 51 47 25 24 79 76
split_gain=347268 248114 183754 171203 98338.2 68610.6 58305.1 35554.6 42909.5 31852.4 24477 58225.7 25848 24402
threshold=1.0000000180025095e-35 103.23470300000001 -2.8499999999999992 42.523274000000008 11.26756466666667 264.18653100000006 287.58038500000004 253.43744300000003 3.5000000000000004 74.876302083333357 108.52350230529724 283.32550850000001 -0.70710678118654735 3.5000000000000004
decision_type=2 2 2 2 2 2 2 2 2 2 2 2 2 2
left_child=1 -1 5 -2 7 -3 10 9 -9 -5 11 13 -12 -4
right_child=3 2 6 4 -6 -7 -8 8 -10 -11 12 -13 -14 -15
leaf_value=0.052770547914211298 0.043451090861660567 -1.4889459412175468 -0.23610111222415586 1.5581513551565318 1.1190242879113106 -0.41204662523066937 -1.5751310469193776 0.43745071398537044 -0.30225078135785499 0.54078739047050473 -1.5465854011169853 0.59321676474915541 -0.3902407545925809 -0.7976613846656524
leaf_weight=3126 2579 614 1290 103 729 196 90 771 262 304 72 196 146 227
leaf_count=3126 2579 614 1290 103 729 196 90 771 262 304 72 196 146 227
internal_value=-0.000100381 -0.254326 -0.593322 0.318846 0.646127 -1.22919 -0.337988 0.406112 0.249729 0.801441 -0.279542 -0.215758 -0.777471 -0.320602
internal_weight=10705 5957 2831 4748 2169 810 2021 1440 1033 407 1931 1713 218 1517
internal_count=10705 5957 2831 4748 2169 810 2021 1440 1033 407 1931 1713 218 1517
is_linear=0
shrinkage=0.05


Tree=6
num_leaves=15
num_cat=0
split_feature=71 84 71 84 71 24 84 30 84 2 6 35 36 47
split_gain=314328 233279 149471 129003 109075 72040.5 63283.5 28507.6 26008.2 25052.3 24185.5 22579.7 26123.4 21997.4
threshold=-1.0000000180025095e-35 101.17872750000002 -2.5124999999999988 42.523274000000008 2.212499999999999 264.18653100000006 273.02215500000005 19.762500000000003 292.35207400000007 120.49142050000002 96.187470500000018 22.621354166666674 24.091666666666672 68.981770833333357
decision_type=2 2 2 2 2 2 2 2 2 2 2 2 2 2
left_child=1 -1 5 -2 6 -3 7 -5 -4 -7 -9 12 -6 -12
right_child=3 2 8 4 11 9 -8 10 -10 -11 13 -13 -14 -15
leaf_value=0.045919661548541428 0.041117278503618022 -1.4057116765343509 -0.2998625172219036 -0.20765663874182075 1.0548363854917955 -0.060356592995860769 -0.72883581266953401 0.6293996506419558 -1.5326510911638087 -1.1292172812017396 -0.47738605015594698 0.7793001711070654 2.1659115501072099 0.36290821934584527
leaf_weight=2843 2783 652 1647 181 253 170 142 779 43 80 102 643 68 319
leaf_count=2843 2783 652 1647 181 253 170 142 779 43 80 102 643 68 319
internal_value=-0.000106589 -0.266875 -0.609845 0.275012 0.536624 -1.12926 0.272884 0.376337 -0.332117 -0.405528 0.464523 0.952586 1.2962 0.158673
internal_weight=10705 5435 2592 5270 2487 902 1523 1381 1690 250 1200 964 321 421
internal_count=10705 5435 2592 5270 2487 902 1523 1381 1690 250 1200 964 321 421
is_linear=0
shrinkage=0.05


Tree=7
num_leaves=15
num_cat=0
split_feature=71 84 71 84 69 24 84 70 57 36 32 33 17 2
split_gain=283866 203392 150318 139998 83792.4 66742.6 43933.4 32319.8 26978.5 26918.9 23057.4 30540.8 22004.6 21898.7
threshold=1.0000000180025095e-35 104.00574950000002 -2.5124999999999988 42.523274000000008 11.26756466666667 264.18653100000006 284.32638350000008 8.1012924249459495 1.013099769804241 20.748177083333335 22.012500000000003 19.996875000000003 2.9592160239579114e-06 120.49142050000002
decision_type=2 2 2 2 2 2 2 2 2 2 2 2 2 2
left_child=1 -1 5 -2 7 -3 10 9 -9 -5 11 -4 -11 -7
right_child=3 2 6 4 -6 13 -8 8 -10 12 -12 -13 -14 -15
leaf_value=0.047250357314668673 0.039224313697380615 -1.3488847127801256 -0.46192578625076941 -0.23634034712063642 1.0207298751466283 -0.057118478294681099 -1.3015780379374824 -0.13530267799117912 0.61367276972603235 1.024600992023889 -0.56006575133419223 0.027835065100504871 0.45860604997667509 -1.0659228668182712
leaf_weight=3135 2579 636 481 94 729 169 101 422 167 266 420 937 491 78
leaf_count=3135 2579 636 481 94 729 169 101 422 167 266 420 937 491 78
internal_value=-0.000104822 -0.229954 -0.537813 0.28826 0.584215 -1.07823 -0.291282 0.362675 0.0777356 0.559566 -0.235088 -0.138505 0.658579 -0.378702
internal_weight=10705 5957 2822 4748 2169 883 1939 1440 589 851 1838 1418 757 247
internal_count=10705 5957 2822 4748 2169 883 1939 1440 589 851 1838 1418 757 247
is_linear=0
shrinkage=0.05


Tree=8
num_leaves=15
num_cat=0
split_feature=71 84 71 84 71 84 69 84 33 56 84 30 52 84
split_gain=257679 190870 121957 105898 90953.4 56546.5 37113.1 30740.7 25271.4 26464.6 23809.9 23422.4 21018.5 20023
threshold=-1.0000000180025095e-35 102.00310850000001 -3.2874999999999992 42.523274000000008 2.1000000000000001 258.94589250000007 -14.779579244791664 287.58038500000004 19.996875000000003 -1.0000000180025095e-35 282.33339050000006 19.762500000000003 0.72947329433276253 256.09265850000003
decision_type=2 2 2 2 2 2 2 2 2 2 2 2 2 2
left_child=1 -1 6 -2 5 11 -3 8 -4 -10 -7 -5 -13 -6
right_child=3 2 7 4 13 10 -8 -9 9 -11 -12 12 -14 -15
leaf_value=0.040459263202476975 0.037072236707498284 -1.5819776739392963 -0.59250470687219392 -0.15227848892975035 0.97151774535835012 -0.13350092829525015 -0.76675147874030614 -1.2848728789524599 -0.55681583421344139 -0.061504970012051768 -1.21718194882075 0.30789730748626587 0.77506225909803173 0.40509566968927785
leaf_weight=2851 2783 300 616 164 789 261 267 87 378 936 62 618 396 197
leaf_count=2851 2783 300 616 164 789 261 267 87 378 936 62 618 396 197
internal_value=-0.000108619 -0.241645 -0.552794 0.248989 0.486017 0.240681 -1.20011 -0.370321 -0.328451 -0.204307 -0.344629 0.401325 0.490924 0.858873
internal_weight=10705 5435 2584 5270 2487 1501 567 2017 1930 1314 323 1178 1014 986
internal_count=10705 5435 2584 5270 2487 1501 567 2017 1930 1314 323 1178 1014 986
is_linear=0
shrinkage=0.05


Tree=9
num_leaves=15
num_cat=0
split_feature=71 84 71 84 71 24 84 84 69 6 43 25 24 24
split_gain=232609 172333 111712 95581.4 83469.2 55377.1 47784.1 29750.9 24034 34954.8 20984.6 20597.8 39298.9 22832
threshold=-1.0000000180025095e-35 101.17872750000002 -2.5124999999999988 42.523274000000008 1.8625000000000009 264.18653100000006 282.33339050000006 271.40114750000004 10.839889104166671 101.45770350000002 88.875000000000014 109.00154112320878 278.11863750000003 269.18851250000006
decision_type=2 2 2 2 2 2 2 2 2 2 2 2 2 2
left_child=1 -1 5 -2 6 10 -5 8 9 -6 -3 12 13 -4
right_child=3 2 11 4 7 -7 -8 -9 -10 -11 -12 -13 -14 -15
leaf_value=0.039240547624755907 0.035219290451114549 -1.3211525895233667 -0.19313406036016256 0.23824966861042612 0.88027981654211718 -0.33898904748943703 -1.3100212436455947 -0.067927769812590938 1.0481644964286847 0.039954072521262179 -0.44468986570835112 -0.75304354020457687 0.33955651040833734 -0.66067292581672077
leaf_weight=2843 2783 573 849 1203 351 250 51 101 590 191 79 205 259 377
leaf_count=2843 2783 573 849 1203 351 250 51 101 590 191 79 205 259 377
internal_value=-0.000120983 -0.229607 -0.52439 0.236549 0.461735 -0.973425 0.174288 0.7537 0.827003 0.584769 -1.2158 -0.284294 -0.219121 -0.337325
internal_weight=10705 5435 2592 5270 2487 902 1254 1233 1132 542 652 1690 1485 1226
internal_count=10705 5435 2592 5270 2487 902 1254 1233 1132 542 652 1690 1485 1226
is_linear=0
shrinkage=0.05


Tree=10
num_leaves=15
num_cat=0
split_feature=71 84 71 84 71 84 69 84 84 33 56 69 6 43
split_gain=209967 155720 98199.9 86269.1 75386.9 44314.8 33498.7 28062.8 27551.5 22406.3 22810.4 22020.7 32119.1 20764
threshold=-1.0000000180025095e-35 103.23470300000001 -3.2874999999999992 42.523274000000008 1.7624999999999995 258.94589250000007 -14.779579244791664 271.40114750000004 292.35207400000007 19.996875000000003 -1.0000000180025095e-35 10.839889104166671 101.45770350000002 74.875000000000014
decision_type=2 2 2 2 2 2 2 2 2 2 2 2 2 2
left_child=1 -1 6 -2 5 -5 -3 11 9 -4 -11 12 -6 -7
right_child=3 2 8 4 7 13 -8 -9 -10 10 -12 -13 -14 -15
leaf_value=0.034498386156963913 0.03345895761452701 -1.4503070906504689 -0.55189765095140864 0.31250384952064386 0.83249995068458638 -1.4175958712331274 -0.67141829936793362 -0.075127371464456832 -1.3757458233304565 -0.51807100866637368 -0.056810797292779436 0.99255324620442575 0.035932632180272921 -0.2209240025423822
leaf_weight=2874 2783 297 620 978 360 43 263 104 61 373 947 598 195 209
leaf_count=2874 2783 297 620 978 360 43 263 104 61 373 947 598 195 209
internal_value=-0.000126463 -0.218157 -0.501595 0.224729 0.438665 0.160173 -1.08636 0.710832 -0.337482 -0.304144 -0.187445 0.781728 0.553193 -0.429914
internal_weight=10705 5435 2561 5270 2487 1230 560 1257 2001 1940 1320 1153 555 252
internal_count=10705 5435 2561 5270 2487 1230 560 1257 2001 1940 1320 1153 555 252
is_linear=0
shrinkage=0.05


Tree=11
num_leaves=15
num_cat=0
split_feature=71 84 71 84 69 24 84 24 51 17 32 63 43 76
split_gain=189726 137223 101178 93602.2 59456.5 48660.1 33292.9 26999.7 30433.8 23425.1 21453.2 21334.8 19615.6 19306.3
threshold=1.0000000180025095e-35 104.97042200000001 -2.5124999999999988 42.523274000000008 11.26756466666667 264.18653100000006 275.36804450000005 253.43744300000003 3.5000000000000004 1.1692635583363182e-06 20.262500000000003 -1.0000000180025095e-35 88.875000000000014 3.5000000000000004
decision_type=2 2 2 2 2 2 2 2 2 2 2 2 2 2
left_child=1 -1 5 -2 7 12 11 9 -9 -5 -6 -4 -3 -12
right_child=3 2 6 4 10 -7 -8 8 -10 -11 13 -13 -14 -15
leaf_value=0.038724546514278729 0.031978381898745085 -1.2223743739986805 -0.42853285996774537 1.1932903953300891 1.5958218423058006 -0.2869021509054715 -0.8084128847271862 0.3129385763079584 -0.30993522262473383 0.37616806426617716 0.4789874442458264 -0.045650195330775356 -0.36973703345165981 1.0287209036551082
leaf_weight=3147 2579 555 525 128 84 245 226 771 262 279 334 1181 78 311
leaf_count=3147 2579 555 525 128 84 245 226 771 262 279 334 1181 78 311
internal_value=-0.000139271 -0.18805 -0.441944 0.235609 0.477605 -0.88672 -0.23946 0.291004 0.154812 0.635445 0.845297 -0.16366 -1.11806 0.745235
internal_weight=10705 5957 2810 4748 2169 878 1932 1440 1033 407 729 1706 633 645
internal_count=10705 5957 2810 4748 2169 878 1932 1440 1033 407 729 1706 633 645
is_linear=0
shrinkage=0.05


Tree=12
num_leaves=15
num_cat=0
split_feature=71 84 71 84 84 71 24 62 69 69 36 25 24 79
split_gain=171958 127290 83796.5 70738.9 62850.6 52121.8 42694.4 19650.3 24605.4 18828.4 18654.6 18295.6 34946.2 21920.2
threshold=-1.0000000180025095e-35 101.17872750000002 -2.5124999999999988 42.523274000000008 273.02215500000005 1.7624999999999995 268.37109800000002 -124.88666349999998 8.2327959375000024 -13.746666145833332 22.658854166666671 109.00154112320878 278.11863750000003 -0.84874750804349186
decision_type=2 2 2 2 2 2 2 2 2 2 2 2 2 2
left_child=1 -1 6 -2 5 -5 9 8 -7 -3 -9 12 -4 -13
right_child=3 2 11 4 -6 7 -8 10 -10 -11 -12 13 -14 -15
leaf_value=0.033619350083984444 0.030163550427204918 -1.2642499219863974 -0.29291938023617797 0.2263334504097074 -0.47999703617244172 -0.084880757455202127 -0.18566507362762968 0.19310926650155416 0.70968547371427937 -0.74188032919956171 0.95245669765906416 -1.4900439922014872 0.34534161883907827 -0.35115042147163278
leaf_weight=2843 2783 375 1226 1129 188 150 196 93 276 331 651 59 259 146
leaf_count=2843 2783 375 1226 1129 188 150 196 93 276 331 651 59 259 146
internal_value=-0.000124905 -0.197437 -0.450784 0.203364 0.397089 0.46899 -0.839688 0.70275 0.430365 -1.02074 0.857925 -0.242842 -0.181442 -0.684572
internal_weight=10705 5435 2592 5270 2487 2299 902 1170 426 706 744 1690 1485 205
internal_count=10705 5435 2592 5270 2487 2299 902 1170 426 706 744 1690 1485 205
is_linear=0
shrinkage=0.05


Tree=13
num_leaves=15
num_cat=0
split_feature=71 84 71 84 84 69 7 24 36 84 68 76 40 69
split_gain=155234 114920 75653.4 63852.8 57604.9 40614.2 29089.3 27135 26212.1 24046.4 23720.3 21665.2 19758.5 22386
threshold=-1.0000000180025095e-35 102.00310850000001 -3.7624999999999988 42.523274000000008 257.75375800000006 11.26756466666667 137.30444500000002 277.22543400000006 18.395963541666671 295.90254450000003 6.8820949206591058 2.5000000000000004 82.875000000000014 -10.466263937499997
decision_type=2 2 2 2 2 2 2 2 2 2 2 2 2 2
left_child=1 -1 -3 -2 5 -5 -6 -8 -4 12 -7 -12 -10 -14
right_child=3 2 8 4 6 10 7 -9 9 -11 11 -13 13 -15
leaf_value=0.031294260682148904 0.028655912851293881 -1.0059754949127018 -1.4005986195690228 0.34052725266759754 0.75995218638914186 1.2730050769125301 -0.74861762967437162 0.063190493963165978 -0.0072284288770153712 -1.3057090570709924 0.048970509491239989 0.83048109935105219 -0.70528755659598918 -0.23652161396145055
leaf_weight=2851 2783 465 52 1329 82 202 171 256 608 54 122 325 334 1071
leaf_count=2851 2783 465 52 1329 82 202 171 256 608 54 122 325 334 1071
internal_value=-0.00012987 -0.187602 -0.429035 0.193211 0.377265 0.499283 -0.0969534 -0.262903 -0.302014 -0.273713 0.823354 0.617768 -0.245395 -0.34838
internal_weight=10705 5435 2584 5270 2487 1978 509 427 2119 2067 649 447 2013 1405
internal_count=10705 5435 2584 5270 2487 1978 509 427 2119 2067 649 447 2013 1405
is_linear=0
shrinkage=0.05


Tree=14
num_leaves=15
num_cat=0
split_feature=71 84 71 84 69 24 84 70 36 47 36 68 76 2
split_gain=140844 102366 74909.6 69564.8 45700 37763.1 29200.6 22460.5 21529.7 22031.9 20866.5 19193.6 20535.2 18989.3
threshold=1.0000000180025095e-35 104.97042200000001 -2.5124999999999988 42.523274000000008 11.26756466666667 264.18653100000006 292.35207400000007 8.1012924249459495 25.400130208333334 68.317708333333357 24.497135416666669 6.8820949206591058 2.5000000000000004 120.49142050000002
decision_type=2 2 2 2 2 2 2 2 2 2 2 2 2 2
left_child=1 -1 5 -2 7 -3 -4 10 -9 -10 -5 -6 -13 -7
right_child=3 2 6 4 11 13 -8 8 9 -11 -12 12 -14 -15
leaf_value=0.03382903606011952 0.027440249469391137 -0.96781990292249986 -0.17191906501571375 0.34920436449539372 1.1026140205437418 0.063244837545100935 -1.2838756275958705 -0.17094046002756033 0.14140304916195179 1.4616984735835683 1.3939295245151895 0.062847093943506488 0.76630630395850363 -0.88045687308678267
leaf_weight=3147 2579 633 1872 801 238 168 60 433 113 43 50 149 342 77
leaf_count=3147 2579 633 1872 801 238 168 60 433 113 43 50 149 342 77
internal_value=-0.000132874 -0.162036 -0.381325 0.202988 0.41161 -0.764033 -0.207098 0.248021 0.0105873 0.512323 0.412151 0.733966 0.553395 -0.235721
internal_weight=10705 5957 2810 4748 2169 878 1932 1440 589 156 851 729 491 245
internal_count=10705 5957 2810 4748 2169 878 1932 1440 589 156 851 729 491 245
is_linear=0
shrinkage=0.05


Tree=15
num_leaves=15
num_cat=0
split_feature=71 84 71 84 84 71 26 36 32 36 69 62 69 47
split_gain=127370 94074.8 61001.9 52482.2 50604.8 40854.6 21340.6 24507.5 20804.9 19327.8 16715.8 16546.1 19389.1 16193.3
threshold=-1.0000000180025095e-35 107.25761450000002 -3.7624999999999988 42.523274000000008 273.02215500000005 1.7624999999999995 19.012500000000003 21.357421875000004 22.012500000000003 18.395963541666671 -14.779579244791664 -124.88666349999998 8.2327959375000024 81.747395833333357
decision_type=2 2 2 2 2 2 2 2 2 2 2 2 2 2
left_child=1 -1 10 -2 5 -5 7 9 -8 -4 13 12 -7 -3
right_child=3 2 6 4 -6 11 8 -9 -10 -11 -12 -13 -14 -15
leaf_value=0.022566209165662397 0.025828706206561164 -1.4592108989584036 -1.3195819924275081 0.19157578436612457 -0.44510016715715806 -0.093722044259605827 -0.078578878516340045 -1.261191300153002 -0.48342434679686275 -0.2424457337026143 -0.54239901488718512 0.75570279668091533 0.61151109932508285 -0.64750302119553094
leaf_weight=2928 2783 173 47 1129 188 150 1147 101 438 321 181 744 276 99
leaf_count=2928 2783 173 47 1129 188 150 1147 101 438 321 181 744 276 99
internal_value=-0.000117229 -0.169933 -0.394677 0.175014 0.341878 0.406398 -0.278579 -0.574572 -0.190688 -0.383218 -0.919316 0.613352 0.363552 -1.16723
internal_weight=10705 5435 2507 5270 2487 2299 2054 469 1585 368 453 1170 426 272
internal_count=10705 5435 2507 5270 2487 2299 2054 469 1585 368 453 1170 426 272
is_linear=0
shrinkage=0.05


Tree=16
num_leaves=15
num_cat=0
split_feature=71 84 71 84 24 69 84 58 8 51 24 43 30 30
split_gain=115335 83696.7 62520.3 58525.7 38645.2 37309.4 26565.3 20448.3 20029 19456.1 22376 16800.7 16531.9 15527.8
threshold=0.16249999999999967 104.97042200000001 -2.1374999999999988 42.523274000000008 264.18653100000006 -1.0000000180025095e-35 275.36804450000005 -10.845522500000007 211.45088300000003 3.5000000000000004 266.28453700000006 90.875000000000014 22.262500000000003 19.262500000000003
decision_type=2 2 2 2 2 2 2 2 2 2 2 2 2 2
left_child=1 -1 4 -2 11 9 7 -4 -6 10 -5 -3 -12 -9
right_child=3 2 6 5 8 -7 -8 13 -10 -11 12 -13 -14 -15
leaf_value=0.031431469653980963 0.024777727948974666 -0.9611083092402346 -0.79611416844406513 -0.48408807475119836 -0.015948557757025323 0.50263924566071083 -0.68989081214596004 -0.47264278247381192 -0.96808219364711212 -0.37024270469322801 0.90144549251095329 -0.12456763561212403 0.10775410814973495 0.0060112416829087561
leaf_weight=3185 2551 603 98 79 262 1582 215 193 69 199 120 67 144 1338
leaf_count=3185 2551 603 98 79 262 1582 215 193 69 199 120 67 144 1338
internal_value=-0.00013456 -0.144632 -0.341678 0.186235 -0.659621 0.380048 -0.168821 -0.0996681 -0.216748 0.0219589 0.249919 -0.877765 0.470563 -0.0545977
internal_weight=10705 6030 2845 4675 1001 2124 1844 1629 331 542 343 670 264 1531
internal_count=10705 6030 2845 4675 1001 2124 1844 1629 331 542 343 670 264 1531
is_linear=0
shrinkage=0.05


Tree=17
num_leaves=15
num_cat=0
split_feature=71 84 71 84 84 24 24 84 8 17 26 79 47 47
split_gain=104477 77188.2 52955.9 43102.8 45632.5 33136.8 31329.6 22069.8 20391 20230.1 18045.8 17017.7 16247.7 29977.7
threshold=-1.0000000180025095e-35 101.17872750000002 -2.1374999999999988 42.523274000000008 252.77660250000002 264.18653100000006 278.91518350000007 282.33339050000006 211.45088300000003 1.9866838054813594e-05 20.087500000000002 -0.72947329433276231 70.266927083333357 76.108072916666671
decision_type=2 2 2 2 2 2 2 2 2 2 2 2 2 2
left_child=1 -1 5 -2 6 -3 9 10 -7 -5 -6 12 -8 -14
right_child=3 2 -4 4 7 8 11 -9 -10 -11 -12 -13 13 -15
leaf_value=0.025985018918081155 0.023271569733818373 -0.82876979425333541 -0.16782034481601857 0.5040881682738918 -0.73170315388477214 -0.016422837362009682 1.2963734868222367 -0.89819228495870318 -0.94592395142505037 0.065952631808958315 0.14933322555542344 0.48119590682598451 -0.0072214078178608814 1.4284239968804062
leaf_weight=2843 2783 689 1564 465 65 264 166 69 75 607 486 479 90 60
leaf_count=2843 2783 689 1564 465 65 264 166 69 75 607 486 479 90 60
internal_value=-0.000143284 -0.153942 -0.351227 0.15847 0.30969 -0.629828 0.433056 -0.0619011 -0.224242 0.256295 0.0442625 0.670785 0.955745 0.572693
internal_weight=10705 5435 2592 5270 2487 1028 1867 620 339 1072 551 795 316 150
internal_count=10705 5435 2592 5270 2487 1028 1867 620 339 1072 551 795 316 150
is_linear=0
shrinkage=0.05


Tree=18
num_leaves=15
num_cat=0
split_feature=71 84 71 84 24 69 84 8 63 73 58 6 71 32
split_gain=94534.2 67557.8 57319.2 50246.6 30536.4 30081.2 25280.4 19383.2 18009.1 17951.8 17796.5 17704.2 23625.5 17034.1
threshold=0.31250000000000006 99.635315500000019 -2.0499999999999985 42.523274000000008 264.18653100000006 11.26756466666667 275.36804450000005 211.45088300000003 -1.0000000180025095e-35 1.0000000180025095e-35 11.472097499999991 97.995967000000022 3.1500000000000008 20.262500000000003
decision_type=2 2 2 2 2 2 2 2 2 2 2 2 2 2
left_child=1 -1 4 -2 -3 11 8 -6 9 -4 -10 12 -5 -7
right_child=3 2 6 5 7 13 -8 -9 10 -11 -12 -13 -14 -15
leaf_value=0.03268056046797943 0.022375898407009303 -0.78645672179400972 0.082317944899709394 0.25529029525176677 -0.024716445706571229 1.2873508587479592 -0.64042264225384737 -0.91094211581387108 -0.0056083986153019714 -0.54641102698547717 0.99688625439353606 -0.047563523056596418 1.1111997188462153 0.52710347651495337
leaf_weight=3209 2465 697 175 788 282 83 219 78 1177 321 45 432 89 645
leaf_count=3209 2465 697 175 788 282 83 219 78 1177 321 45 432 89 645
internal_value=-0.000134353 -0.126709 -0.297498 0.174253 -0.593484 0.357941 -0.135758 -0.218723 -0.0710915 -0.324862 0.0320933 0.214379 0.343317 0.615427
internal_weight=10705 6203 2994 4502 1057 2037 1937 360 1718 496 1222 1309 877 728
internal_count=10705 6203 2994 4502 1057 2037 1937 360 1718 496 1222 1309 877 728
is_linear=0
shrinkage=0.05


Tree=19
num_leaves=15
num_cat=0
split_feature=71 84 71 84 84 69 46 83 25 6 53 69 47 41
split_gain=85346.7 61032 48229.1 45369.3 29688 27397.9 18810.1 27418.5 28775.3 28876.5 18884.9 17307.3 22117.2 17476.8
threshold=0.31250000000000006 104.97042200000001 -3.7624999999999988 42.523274000000008 299.97504500000008 -1.0000000180025095e-35 82.848958333333357 119.46223000000002 108.52350230529724 169.67807050000002 0.25881904510252057 -10.293456088541664 82.634114583333357 87.375000000000014
decision_type=2 2 2 2 2 2 2 2 2 2 2 2 2 2
left_child=1 -1 -3 -2 6 -5 7 -4 9 -9 -10 -8 13 -13
right_child=3 2 4 5 -6 -7 11 8 10 -11 -12 12 -14 -15
leaf_value=0.027386337630071058 0.021257558011201369 -0.75860037244428402 -0.47343632424450366 0.021085498071251773 -1.3271540047829611 0.44548008072201539 -0.63337912065717594 0.58245519550333558 -1.3686074961063475 -0.10331074928373402 -0.12981763689355416 -0.12856692930259858 0.28439280254017446 -0.57958886419351496
leaf_weight=3286 2465 456 241 506 56 1531 292 354 42 270 109 553 193 351
leaf_count=3286 2465 456 241 506 56 1531 292 354 42 270 109 553 193 351
internal_value=-0.000121315 -0.120388 -0.286808 0.165576 -0.199116 0.340121 -0.172309 -0.00877804 0.13614 0.286039 -0.481119 -0.291834 -0.200427 -0.304134
internal_weight=10705 6203 2917 4502 2461 2037 2405 1016 775 624 151 1389 1097 904
internal_count=10705 6203 2917 4502 2461 2037 2405 1016 775 624 151 1389 1097 904
is_linear=0
shrinkage=0.05


Tree=20
num_leaves=15
num_cat=0
split_feature=71 84 36 84 84 31 47 36 33 47 69 47 70 44
split_gain=77357.1 56981.4 39780 32012.9 38834.2 27639.2 26918.7 24332.8 25890.3 24542.3 18321.8 33590.8 26940.9 18013.6
threshold=-1.0000000180025095e-35 107.25761450000002 20.337109375000004 42.523274000000008 252.77660250000002 21.212500000000002 78.256510416666671 21.329817708333337 19.065625000000004 77.710937500000014 -5.315317765625001 69.231770833333357 15.02453855844171 82.843750000000014
decision_type=2 2 2 2 2 2 2 2 2 2 2 2 2 2
left_child=1 -1 6 -2 5 -5 -3 -4 -9 10 11 -10 -13 -6
right_child=3 2 7 4 13 -7 -8 8 9 -11 -12 12 -14 -15
leaf_value=0.017341040028863296 0.019833665429989156 -1.1428029499650003 0.13771530434478163 -0.088132965492981455 0.17715045062260648 0.45936876100483937 -0.42039663840085267 -1.062103551838264 1.5809601689023633 -0.48774275848135251 -0.21861850835281396 0.65431196996462104 -0.46624278008782616 -0.36204349804184821
leaf_weight=2928 2783 199 419 269 329 1598 369 101 41 577 586 96 119 291
leaf_count=2928 2783 199 419 269 329 1598 369 101 41 577 586 96 119 291
internal_value=-0.000134493 -0.132475 -0.307387 0.136349 0.266671 0.380479 -0.675057 -0.199391 -0.292347 -0.236849 -0.0645428 0.287624 0.0348108 -0.0760983
internal_weight=10705 5435 2507 5270 2487 1867 568 1939 1520 1419 842 256 215 620
internal_count=10705 5435 2507 5270 2487 1867 568 1939 1520 1419 842 256 215 620
is_linear=0
shrinkage=0.05


Tree=21
num_leaves=15
num_cat=0
split_feature=71 84 71 84 69 24 84 68 76 47 25 24 76 70
split_gain=70069.3 50463.2 44435.6 37267.4 25191.5 24844.2 21351 16787.6 17427.2 16817.8 16334 39735.1 18989.2 18747.1
threshold=0.31250000000000006 99.635315500000019 -2.0499999999999985 42.523274000000008 11.26756466666667 268.37109800000002 282.33339050000006 6.8820949206591058 2.5000000000000004 70.485677083333357 109.00154112320878 278.56941200000006 3.5000000000000004 14.771635923836518
decision_type=2 2 2 2 2 2 2 2 2 2 2 2 2 2
left_child=1 -1 5 -2 -5 -3 10 9 -9 -6 11 12 13 -4
right_child=3 2 6 4 7 -7 -8 8 -10 -11 -12 -13 -14 -15
leaf_value=0.028649969662139282 0.019203829492192296 -0.66516347875433279 0.043715927032283462 0.17684285323393711 1.2351903176013854 -0.11973226574741097 -0.79749503602808414 -0.075303262768934176 0.57186176546200373 0.37310265812677207 -0.51283666490675195 0.58026799890093317 -0.59255175711636876 -0.45392373859102275
leaf_weight=3209 2465 770 989 1309 141 287 107 149 342 96 189 233 186 233
leaf_count=3209 2465 770 989 1309 141 287 107 149 342 96 189 233 186 233
internal_value=-0.000133379 -0.109105 -0.256713 0.150003 0.308197 -0.517319 -0.11431 0.543815 0.375718 0.889025 -0.0739502 -0.0231205 -0.123312 -0.0514631
internal_weight=10705 6203 2994 4502 2037 1057 1937 728 491 237 1830 1641 1408 1222
internal_count=10705 6203 2994 4502 2037 1057 1937 728 491 237 1830 1641 1408 1222
is_linear=0
shrinkage=0.05


Tree=22
num_leaves=15
num_cat=0
split_feature=71 84 30 84 71 73 69 58 21 36 83 47 36 36
split_gain=63261 45557.3 40762 33647.4 23192.8 20912.3 18992.4 18740.7 17772.3 18689.6 16171.5 15541.7 15323.7 17060.9
threshold=0.31250000000000006 99.635315500000019 19.962500000000002 42.523274000000008 2.9500000000000015 3.6250000000000004 -10.466263937499997 -1.0000000180025095e-35 9.7600226787990613e-06 21.357421875000004 101.02020750000001 78.173177083333357 18.395963541666671 19.638802083333335
decision_type=2 2 2 2 2 2 2 2 2 2 2 2 2 2
left_child=1 -1 6 -2 -5 10 11 -7 9 -9 -4 -3 -8 -14
right_child=3 2 5 4 -6 7 12 8 -10 -11 -12 -13 13 -15
leaf_value=0.027217917471334941 0.018244028269688677 -1.2219637838999431 -0.38870477404922466 0.16261352465260104 0.51162019717801177 -0.66684605313671963 -1.063574428785415 0.22032534196351966 -0.055796613072089975 -0.80052058668090753 0.13027081198796084 -0.52743866628457825 0.44530656036811989 -0.38892748239172614
leaf_weight=3209 2465 149 183 1278 759 242 62 59 747 181 814 180 76 301
leaf_count=3209 2465 149 183 1278 759 242 62 59 747 181 814 180 76 301
internal_value=-0.000127589 -0.10367 -0.24392 0.142528 0.292843 -0.135431 -0.557781 -0.273378 -0.176327 -0.54969 0.0347185 -0.84473 -0.341302 -0.22002
internal_weight=10705 6203 2994 4502 2037 2226 768 1229 987 240 997 329 439 377
internal_count=10705 6203 2994 4502 2037 2226 768 1229 987 240 997 329 439 377
is_linear=0
shrinkage=0.05


Tree=23
num_leaves=15
num_cat=0
split_feature=71 84 22 84 84 71 58 47 84 24 24 71 31 35
split_gain=57616.1 44069.7 38568.6 35224.2 29805.5 31365.9 29005.1 16708.3 15389.2 15039.4 17434 14782.2 14484.8 14451.3
threshold=-0.9875000000000006 84.775400500000018 126.05083759895835 275.02512300000006 42.523274000000008 1.7624999999999995 -1.0000000180025095e-35 76.425781250000014 260.0556155000001 256.28648850000008 259.54863100000006 -1.8499999999999994 21.862500000000004 22.655208333333338
decision_type=2 2 2 2 2 2 2 2 2 2 2 2 2 2
left_child=1 -1 11 4 -2 8 -4 -8 12 -9 -11 -3 -6 -7
right_child=3 2 6 -5 5 13 7 9 -10 10 -12 -13 -14 -15
leaf_value=0.017684076070740601 0.016202557527216985 -0.69154524194128486 -0.53787023145545354 -0.53059244596434185 -0.078074919360814413 0.65318675199203802 0.2219254006192172 0.24111098844966872 -0.2599427464234782 -1.1874796792572619 -0.21063528673299348 -0.16683808506798301 0.27294674175027661 0.29508288614355144
leaf_weight=2321 3128 610 348 213 426 465 444 163 253 50 446 173 944 721
leaf_count=2321 3128 610 348 213 426 465 444 163 253 50 446 173 944 721
internal_value=-0.000138014 -0.134907 -0.293377 0.0996841 0.122382 0.240572 -0.140588 -0.01487 0.0976424 -0.174505 -0.311299 -0.575974 0.16382 0.435918
internal_weight=10705 4555 2234 6150 5937 2809 1451 1103 1623 659 496 783 1370 1186
internal_count=10705 4555 2234 6150 5937 2809 1451 1103 1623 659 496 783 1370 1186
is_linear=0
shrinkage=0.05


Tree=24
num_leaves=15
num_cat=0
split_feature=71 84 22 84 58 84 69 51 47 84 6 69 24 24
split_gain=52011.7 39787 34808.9 32897.7 26180.8 22957.2 31407.4 30507.8 15088.3 14456.1 14214 13679.3 13584.1 15772.9
threshold=-0.9875000000000006 84.775400500000018 126.05083759895835 282.33339050000006 -1.0000000180025095e-35 42.523274000000008 -0.12570920833333388 3.5000000000000004 76.425781250000014 97.110596500000014 107.05449100000001 -26.462434338541666 256.28648850000008 259.54863100000006
decision_type=2 2 2 2 2 2 2 2 2 2 2 2 2 2
left_child=1 -1 11 5 -4 -2 7 -7 10 -8 -6 -3 -10 -14
right_child=3 2 4 -5 8 6 9 -9 12 -11 -12 -13 13 -15
leaf_value=0.016800253058588784 0.015392688158203063 -0.94827440585248124 -0.51105377749942871 -0.80484744044370027 0.50314558969507395 0.21349527269521654 0.61474411669426732 -0.36422562916425733 0.22912895076953604 0.26022621024452874 -0.062104942550019915 -0.43714520070744101 -1.1292699150010652 -0.20012708359025
leaf_weight=2321 3128 167 348 99 214 545 349 392 163 1637 230 616 50 446
leaf_count=2321 3128 167 348 99 214 545 349 392 163 1637 230 616 50 446
internal_value=-0.000140196 -0.128187 -0.27876 0.0947029 -0.133609 0.109551 0.210273 -0.0283286 -0.0141688 0.322804 0.210854 -0.54723 -0.165867 -0.295874
internal_weight=10705 4555 2234 6150 1451 6051 2923 937 1103 1986 444 783 659 496
internal_count=10705 4555 2234 6150 1451 6051 2923 937 1103 1986 444 783 659 496
is_linear=0
shrinkage=0.05


Tree=25
num_leaves=15
num_cat=0
split_feature=71 84 30 84 69 70 70 47 6 30 68 47 76 40
split_gain=47233.2 34779.2 28852.5 25111.4 20026.3 19453.2 21100.9 18628.8 15496 20963.1 15383.4 15393.2 15200.5 13830.8
threshold=0.31250000000000006 107.25761450000002 19.962500000000002 42.523274000000008 11.26756466666667 7.8207851708806606 5.9106152318650738 80.576822916666671 97.995967000000022 21.062500000000004 6.8820949206591058 70.485677083333357 2.5000000000000004 73.875000000000014
decision_type=2 2 2 2 2 2 2 2 2 2 2 2 2 2
left_child=1 -1 7 -2 8 6 -4 -3 9 -5 11 -6 -12 -7
right_child=3 2 5 4 10 13 -8 -9 -10 -11 12 -13 -14 -15
leaf_value=0.020609394965698122 0.015753074398827765 -0.70746356591457227 -0.16265389543582351 -0.048463515700910481 1.1243560519226841 0.1489451939269664 0.33555950954326669 -0.19484865065077112 -0.10906015352515921 0.45215640287724473 -0.11862534700334074 0.30057499992478753 0.48553240034327394 -0.31420030484994615
leaf_weight=3323 2465 416 475 343 141 188 383 310 432 534 149 96 342 1108
leaf_count=3323 2465 416 475 343 141 188 383 310 432 534 149 96 342 1108
internal_value=-0.000145348 -0.0896148 -0.216757 0.123121 0.252977 -0.124764 0.0598738 -0.489148 0.135885 0.256529 0.463043 0.793338 0.302325 -0.246953
internal_weight=10705 6203 2880 4502 2037 2154 858 726 1309 877 728 237 491 1296
internal_count=10705 6203 2880 4502 2037 2154 858 726 1309 877 728 237 491 1296
is_linear=0
shrinkage=0.05


Tree=26
num_leaves=15
num_cat=0
split_feature=71 84 22 84 58 84 69 51 47 47 47 6 84 70
split_gain=43276.3 32909.9 30209.9 29295 23414.8 19423 26410.4 26574.8 13394.9 13020.2 17196.7 12874.3 12735.4 12120.5
threshold=-0.9875000000000006 84.775400500000018 126.05083759895835 282.33339050000006 -1.0000000180025095e-35 42.523274000000008 -0.12570920833333388 3.5000000000000004 76.425781250000014 73.654947916666671 80.419270833333357 107.05449100000001 97.110596500000014 15.169894325524382
decision_type=2 2 2 2 2 2 2 2 2 2 2 2 2 2
left_child=1 -1 9 5 -4 -2 7 13 11 -3 -11 -6 -8 -7
right_child=3 2 4 -5 8 6 12 -9 -10 10 -12 -13 -14 -15
leaf_value=0.014930576276399907 0.013784448139800475 0.064730882038258844 -0.47560765535375876 -0.76248240140080448 0.48447565810256754 0.33571248170806145 0.5702301779804485 -0.33926055636422819 -0.14864938982303791 -0.82059683063998823 -0.32150800730739487 -0.053496524023125963 0.23750059793373121 -0.20786003106593218
leaf_weight=2321 3128 89 348 99 214 409 349 392 659 354 340 230 1637 136
leaf_count=2321 3128 89 348 99 214 409 349 392 659 354 340 230 1637 136
internal_value=-0.000132346 -0.116932 -0.253875 0.0863804 -0.118658 0.100392 0.193038 -0.0257613 -0.00571017 -0.50398 -0.576901 0.206302 0.296229 0.199936
internal_weight=10705 4555 2234 6150 1451 6051 2923 937 1103 783 694 444 1986 545
internal_count=10705 4555 2234 6150 1451 6051 2923 937 1103 783 694 444 1986 545
is_linear=0
shrinkage=0.05


Tree=27
num_leaves=15
num_cat=0
split_feature=71 84 22 84 84 71 58 36 47 35 36 84 41 30
split_gain=39061.9 29707.9 27452 27140.6 21884.9 22683 21039.2 12250.1 18891.6 12177.5 22407.2 11415.5 11974 16285.9
threshold=-0.9875000000000006 84.775400500000018 125.64656252604168 273.02215500000005 42.523274000000008 1.7624999999999995 -1.0000000180025095e-35 23.449479166666674 78.065104166666671 22.655208333333338 22.709635416666668 260.0556155000001 82.875000000000014 22.562500000000004
decision_type=2 2 2 2 2 2 2 2 2 2 2 2 2 2
left_child=1 -1 7 4 -2 11 -4 8 -3 10 -7 12 13 -6
right_child=3 2 6 -5 5 9 -8 -9 -10 -11 -12 -13 -14 -15
leaf_value=0.014184369094281569 0.013095445309718907 -0.90151951969601218 -0.45380321195765955 -0.42613507276742779 0.53113870965178711 0.048939335937579195 -0.011767762302039478 0.032782342932139989 -0.34851487991353025 0.24220604432600756 0.80326508816444786 -0.24078564404606306 -0.022894019423463283 0.061538623846249613
leaf_weight=2321 3128 255 352 251 336 142 1134 98 395 707 321 231 625 409
leaf_count=2321 3128 255 352 251 336 142 1134 98 395 707 321 231 625 409
internal_value=-0.000132304 -0.111099 -0.24121 0.0820601 0.103752 0.206047 -0.116711 -0.488058 -0.566514 0.373298 0.572521 0.0836646 0.138507 0.273759
internal_weight=10705 4555 2234 6150 5899 2771 1486 748 650 1170 463 1601 1370 745
internal_count=10705 4555 2234 6150 5899 2771 1486 748 650 1170 463 1601 1370 745
is_linear=0
shrinkage=0.05


Tree=28
num_leaves=15
num_cat=0
split_feature=71 84 34 84 84 71 84 36 83 69 36 36 54 35
split_gain=35263.6 26819.7 24961.5 24837.2 15926.8 22987.5 15899.2 16933.5 13970.6 13225.6 16115.3 23573.2 13230.6 11208.3
threshold=-0.9875000000000006 84.775400500000018 19.960416666666671 282.33339050000006 42.523274000000008 2.9500000000000015 260.0556155000001 25.692187500000003 194.02319200000002 -10.293456088541664 21.329817708333337 18.395963541666671 1.0000000180025095e-35 22.655208333333338
decision_type=2 2 2 2 2 2 2 2 2 2 2 2 2 2
left_child=1 -1 9 4 -2 6 7 13 -4 -3 11 -11 -12 -6
right_child=3 2 8 -5 5 -7 -8 -9 -10 10 12 -13 -14 -15
leaf_value=0.013475455822540217 0.01244088248699456 -0.64193283410088442 -0.2704394075360631 -0.70364583020284777 0.18342279138148956 0.41282410205664688 -0.1892248522517655 0.70645680602926486 0.057278234168892252 -0.8795121096182561 -0.94034293606754182 0.15645915490183912 -0.021466195305525248 -0.13097031864816042
leaf_weight=2321 3128 406 587 99 1271 752 407 129 727 68 120 268 58 364
leaf_count=2321 3128 406 587 99 1271 752 407 129 727 68 120 268 58 364
internal_value=-0.000128763 -0.105563 -0.229187 0.0779653 0.0908674 0.174761 0.0921479 0.157138 -0.0892166 -0.428788 -0.259508 -0.0551894 -0.642726 0.113392
internal_weight=10705 4555 2234 6150 6051 2923 2171 1764 1314 920 514 336 178 1635
internal_count=10705 4555 2234 6150 6051 2923 2171 1764 1314 920 514 336 178 1635
is_linear=0
shrinkage=0.05


Tree=29
num_leaves=15
num_cat=0
split_feature=35 51 84 29 67 84 84 32 24 25 22 71 75 51
split_gain=32055.6 22727 22636.5 20953.7 17696.8 27983.1 15125.3 15082.1 11932.4 17965.3 17875.5 16397.2 16297.3 13311.9
threshold=19.686458333333338 2.5000000000000004 273.02215500000005 16.025000000000002 -1.0000000180025095e-35 42.523274000000008 95.689753500000009 23.762500000000003 278.91518350000007 98.519875261515907 148.13106922916668 -1.0999999999999994 13.125000000000002 1.5000000000000002
decision_type=2 2 2 2 2 2 2 2 2 2 2 2 2 2
left_child=1 -1 4 -3 -2 -6 -7 8 9 11 12 -8 -10 -13
right_child=2 3 -4 -5 5 6 7 -9 10 -11 -12 13 -14 -15
leaf_value=-0.68338730548649051 -0.039101892678106771 -0.85271805012994939 -0.29803994389225441 -0.081462890008157568 0.010748771324364189 0.54895366328005391 -0.25070335775394653 -0.12395461752633651 0.22619012557698981 -0.053080508294498618 -0.033621994665650239 -0.087020182381901484 0.78448660071794096 0.67756258709744521
leaf_weight=211 3097 93 475 1401 3059 338 84 325 229 557 176 71 307 282
leaf_count=211 3097 93 475 1401 3059 338 84 325 229 557 176 71 307 282
internal_value=-0.000132764 -0.198854 0.0375317 -0.130011 0.056262 0.11067 0.239636 0.187914 0.247364 0.135232 0.403499 0.374829 0.546826 0.523968
internal_weight=10705 1705 9000 1494 8525 5428 2369 2031 1706 994 712 437 536 353
internal_count=10705 1705 9000 1494 8525 5428 2369 2031 1706 994 712 437 536 353
is_linear=0
shrinkage=0.05


Tree=30
num_leaves=15
num_cat=0
split_feature=71 84 71 84 69 84 24 32 84 25 24 25 49 6
split_gain=29419.6 23467.7 19701.8 15414.4 15214.6 14367.8 16751.5 13688.2 13543.7 14123.8 20732.3 25939.4 14622.3 12371.2
threshold=0.31250000000000006 110.50077200000001 -2.1374999999999988 42.523274000000008 11.26756466666667 175.80416250000005 246.78300350000004 20.262500000000003 295.90254450000003 109.03423916388498 278.11863750000003 104.00661095731722 3.5000000000000004 97.995967000000022
decision_type=2 2 2 2 2 2 2 2 2 2 2 2 2 2
left_child=1 -1 5 -2 13 -3 -7 -6 9 10 11 -4 -13 -5
right_child=3 2 8 4 7 6 -8 -9 -10 -11 -12 12 -14 -15
leaf_value=0.018231703135843321 0.01303529133786057 -0.63175124072455446 -8.1672627878277501e-05 0.20466287936506145 0.98316030104955043 -0.4868597283802153 0.02691019682026264 0.30321982469706693 -0.91146767586469657 -0.49168113885923881 0.34937812581510536 -0.28985883310231586 -1.1235154825964091 -0.12196346166442573
leaf_weight=3377 2465 324 1103 877 83 307 327 645 47 171 314 153 80 432
leaf_count=3377 2465 324 1103 877 83 307 327 645 47 171 314 153 80 432
internal_value=-0.000127317 -0.0707378 -0.177023 0.0971562 0.198896 -0.361257 -0.222246 0.381983 -0.0823963 -0.0605095 -0.0155536 -0.101521 -0.579671 0.0968579
internal_weight=10705 6203 2826 4502 2037 958 634 728 1868 1821 1650 1336 233 1309
internal_count=10705 6203 2826 4502 2037 958 634 728 1868 1821 1650 1336 233 1309
is_linear=0
shrinkage=0.05


Tree=31
num_leaves=15
num_cat=0
split_feature=34 84 69 84 21 36 36 49 46 22 54 24 79 25
split_gain=27582.1 21323.3 21203 18141 18960.1 14096.9 26562.1 13290.8 12331.4 14202.8 11263.4 11134.5 11770.8 32668.5
threshold=19.917708333333337 83.555265000000006 -10.466263937499997 275.36804450000005 1.4402954876835646e-05 21.329817708333337 20.748177083333335 4.5000000000000009 81.296875000000014 135.9634828697917 1.0000000180025095e-35 278.91518350000007 -0.70710678118654735 110.83232094980485
decision_type=2 2 2 2 2 2 2 2 2 2 2 2 2 2
left_child=1 -1 -3 4 7 6 -4 8 9 -2 -7 -6 13 -13
right_child=3 2 5 -5 11 10 -8 -9 -10 -11 -12 12 -14 -15
leaf_value=0.0463660312172684 1.241368546485901 -0.58443969574398902 -0.2136363288058262 -0.30596085188476602 -0.01902214535745006 -0.70543886307392745 0.5244123693214866 0.057545399653959085 0.23959909786147857 0.38855196298888095 -0.0063690031784471501 0.62084169982829041 0.063868400676656431 -0.44952549414431797
leaf_weight=757 79 410 474 364 4816 166 163 501 389 129 88 296 1980 93
leaf_count=757 79 410 474 364 4816 166 163 501 389 129 88 296 1980 93
internal_value=-0.000131033 -0.164598 -0.287291 0.039027 0.0542227 -0.150055 -0.0242533 0.247637 0.406797 0.716848 -0.464216 0.0246352 0.113358 0.364448
internal_weight=10705 2058 1301 8647 8283 891 637 1098 597 208 254 7185 2369 389
internal_count=10705 2058 1301 8647 8283 891 637 1098 597 208 254 7185 2369 389
is_linear=0
shrinkage=0.05


end of trees

feature_importances:
consumo_alvo_semana_anterior=113
temperatura_externa_c_diferenca_semana_atual=67
correcao_semanal_media_1440m=38
consumo_max_1440m=36
temperatura_externa_c_media_1440m=23
umidade_relativa_pct_media_1440m=20
consumo_std_1440m=10
temperatura_externa_c_lag_360m=10
consumo_lag_360m=9
origem_mes=9
consumo_diferenca_dia_atual=9
correcao_semanal_std_1440m=8
temperatura_externa_c_lag_1440m=7
temperatura_externa_c_media_360m=7
alvo_dia_semana=7
consumo_mean_1440m=6
consumo_lag_30m=5
consumo_lag_1440m=5
temperatura_externa_c_media_60m=4
umidade_relativa_pct_lag_1440m=4
correcao_semanal_std_360m=4
alvo_hora_sin=4
consumo_std_180m=3
correcao_semanal_media_60m=3
umidade_relativa_pct_diferenca_semana_atual=3
consumo_alvo_dia_anterior=3
consumo_std_360m=2
temperatura_externa_c_atual=2
temperatura_externa_c_lag_720m=2
temperatura_externa_c_media_180m=2
umidade_relativa_pct_lag_180m=2
umidade_relativa_pct_lag_360m=2
umidade_relativa_pct_media_360m=2
origem_dia_semana=2
origem_hora_cos=2
origem_semana_sin=2
consumo_diferenca_semana_atual=2
tendencia_consumo_360m=2
consumo_lag_720m=1
temperatura_externa_c_lag_180m=1
umidade_relativa_pct_media_60m=1
origem_hora_sin=1
consumo_razao_semana_atual=1
correcao_semanal_media_360m=1
alvo_hora=1

parameters:
[boosting: gbdt]
[objective: regression]
[metric: l1]
[tree_learner: serial]
[device_type: cpu]
[data_sample_strategy: bagging]
[data: ]
[valid: ]
[num_iterations: 400]
[learning_rate: 0.05]
[num_leaves: 15]
[num_threads: 2]
[seed: 20260905]
[deterministic: 1]
[force_col_wise: 1]
[force_row_wise: 0]
[histogram_pool_size: -1]
[max_depth: -1]
[min_data_in_leaf: 40]
[min_sum_hessian_in_leaf: 0.001]
[bagging_fraction: 1]
[pos_bagging_fraction: 1]
[neg_bagging_fraction: 1]
[bagging_freq: 0]
[bagging_seed: 23218]
[bagging_by_query: 0]
[feature_fraction: 1]
[feature_fraction_bynode: 1]
[feature_fraction_seed: 28090]
[extra_trees: 0]
[extra_seed: 14360]
[early_stopping_round: 0]
[early_stopping_min_delta: 0]
[first_metric_only: 0]
[max_delta_step: 0]
[lambda_l1: 0]
[lambda_l2: 1]
[linear_lambda: 0]
[min_gain_to_split: 0]
[drop_rate: 0.1]
[max_drop: 50]
[skip_drop: 0.5]
[xgboost_dart_mode: 0]
[uniform_drop: 0]
[drop_seed: 16970]
[top_rate: 0.2]
[other_rate: 0.1]
[min_data_per_group: 100]
[max_cat_threshold: 32]
[cat_l2: 10]
[cat_smooth: 10]
[max_cat_to_onehot: 4]
[top_k: 20]
[monotone_constraints: ]
[monotone_constraints_method: basic]
[monotone_penalty: 0]
[feature_contri: ]
[forcedsplits_filename: ]
[refit_decay_rate: 0.9]
[cegb_tradeoff: 1]
[cegb_penalty_split: 0]
[cegb_penalty_feature_lazy: ]
[cegb_penalty_feature_coupled: ]
[path_smooth: 0]
[interaction_constraints: ]
[verbosity: -1]
[saved_feature_importance_type: 0]
[use_quantized_grad: 0]
[num_grad_quant_bins: 4]
[quant_train_renew_leaf: 0]
[stochastic_rounding: 1]
[linear_tree: 0]
[max_bin: 255]
[max_bin_by_feature: ]
[min_data_in_bin: 3]
[bin_construct_sample_cnt: 200000]
[data_random_seed: 5037]
[is_enable_sparse: 1]
[enable_bundle: 1]
[use_missing: 1]
[zero_as_missing: 0]
[feature_pre_filter: 1]
[pre_partition: 0]
[two_round: 0]
[header: 0]
[label_column: ]
[weight_column: ]
[group_column: ]
[ignore_column: ]
[categorical_feature: ]
[forcedbins_filename: ]
[precise_float_parser: 0]
[parser_config_file: ]
[objective_seed: 15411]
[num_class: 1]
[is_unbalance: 0]
[scale_pos_weight: 1]
[sigmoid: 1]
[boost_from_average: 1]
[reg_sqrt: 0]
[alpha: 0.9]
[fair_c: 1]
[poisson_max_delta_step: 0.7]
[tweedie_variance_power: 1.5]
[lambdarank_truncation_level: 30]
[lambdarank_norm: 1]
[label_gain: ]
[lambdarank_position_bias_regularization: 0]
[eval_at: ]
[multi_error_top_k: 1]
[auc_mu_weights: ]
[num_machines: 1]
[local_listen_port: 12400]
[time_out: 120]
[machine_list_filename: ]
[machines: ]
[gpu_platform_id: -1]
[gpu_device_id: -1]
[gpu_device_id_list: ]
[gpu_use_dp: 0]
[num_gpu: 1]

end of parameters

pandas_categorical:[]
