tree
version=v4
num_class=1
num_tree_per_iteration=1
label_index=0
max_feature_idx=84
objective=regression
feature_names=consumo_atual_kw consumo_lag_15m consumo_lag_30m consumo_lag_60m consumo_lag_120m consumo_lag_180m consumo_lag_360m consumo_lag_720m consumo_lag_1440m consumo_lag_10080m consumo_mean_60m consumo_min_60m consumo_max_60m consumo_std_60m consumo_mean_180m consumo_min_180m consumo_max_180m consumo_std_180m consumo_mean_360m consumo_min_360m consumo_max_360m consumo_std_360m consumo_mean_1440m consumo_min_1440m consumo_max_1440m consumo_std_1440m temperatura_externa_c_atual temperatura_externa_c_lag_15m temperatura_externa_c_lag_60m temperatura_externa_c_lag_180m temperatura_externa_c_lag_360m temperatura_externa_c_lag_720m temperatura_externa_c_lag_1440m temperatura_externa_c_media_60m temperatura_externa_c_media_180m temperatura_externa_c_media_360m temperatura_externa_c_media_1440m umidade_relativa_pct_atual umidade_relativa_pct_lag_15m umidade_relativa_pct_lag_60m umidade_relativa_pct_lag_180m umidade_relativa_pct_lag_360m umidade_relativa_pct_lag_720m umidade_relativa_pct_lag_1440m umidade_relativa_pct_media_60m umidade_relativa_pct_media_180m umidade_relativa_pct_media_360m umidade_relativa_pct_media_1440m origem_hora origem_dia_semana origem_fim_de_semana origem_mes origem_hora_sin origem_hora_cos origem_semana_sin origem_semana_cos consumo_diferenca_semana_atual consumo_razao_semana_atual consumo_diferenca_dia_atual tendencia_consumo_15m tendencia_consumo_60m tendencia_consumo_180m tendencia_consumo_360m correcao_semanal_media_60m correcao_semanal_std_60m correcao_semanal_media_180m correcao_semanal_std_180m correcao_semanal_media_360m correcao_semanal_std_360m correcao_semanal_media_1440m correcao_semanal_std_1440m temperatura_externa_c_diferenca_semana_atual temperatura_externa_c_tendencia_1h umidade_relativa_pct_diferenca_semana_atual umidade_relativa_pct_tendencia_1h alvo_hora alvo_dia_semana alvo_fim_de_semana alvo_mes alvo_hora_sin alvo_hora_cos alvo_semana_sin alvo_semana_cos consumo_alvo_dia_anterior consumo_alvo_semana_anterior
feature_infos=[22.399999999999999:324.71375799999998] [22.399999999999999:324.71375799999998] [22.399999999999999:324.71375799999998] [22.399999999999999:324.71375799999998] [22.399999999999999:324.71375799999998] [22.399999999999999:324.71375799999998] [22.399999999999999:324.71375799999998] [22.399999999999999:324.71375799999998] [22.399999999999999:324.71375799999998] [22.399999999999999:324.71375799999998] [22.399999999999999:321.24876725000001] [22.399999999999999:318.278571] [22.399999999999999:324.71375799999998] [0:82.540869055199337] [22.399999999999999:313.28577408333337] [22.399999999999999:302.53573799999998] [22.399999999999999:324.71375799999998] [0:92.970139865692389] [22.399999999999999:295.13563500000004] [22.399999999999999:249.29458700000001] [22.399999999999999:324.71375799999998] [0:116.53386463160022] [23.200000000000003:159.49963871874999] none [25.600000000000001:324.71375799999998] [1.3929144002343703:128.71471884334804] [15:33.700000000000003] [15:33.700000000000003] [15:33.700000000000003] [15:33.700000000000003] [15:33.700000000000003] [15:33.700000000000003] [15:33.700000000000003] [15:33.4375] [15:32.71875] [15.333333333333334:31.620833333333334] [16.439843749999998:27.283072916666669] [31:98] [31:98] [31:98] [31:98] [31:98] [31:98] [31:98] [32.5:95.625] [33.666666666666664:95.083333333333329] [37.041666666666664:94] [59.309895833333336:91.638020833333329] [0:23.75] [0:6] [0:1] [1:4] [-1:1] [-1:1] [-0.97492791218182362:0.97492791218182362] [-0.90096886790241903:1] [-72.635950000000008:77.445233000000002] [0.43630911779503978:2.09406877563422] [-291.363968:296.779246] [-121.30707899999999:153.05878799999999] [-124.27709300000001:153.05878799999999] [-180.63157299999997:268.16051600000003] [-299.363968:299.97924600000005] [-70.384351250000009:75.467424499999993] [0:44.359338508129341] [-67.777903583333341:70.921986416666655] [0:38.631403568061003] [-64.848194500000005:62.415354583333333] [0:37.083675449251288] [-34.945017510416669:27.905951093750001] [0:30.68446053870321] [-12:11.5] [-8:4.8000000000000007] [-49:48] [-30:40] [0:23.75] [0:6] [0:1] [1:4] [-1:1] [-1:1] [-0.97492791218182362:0.97492791218182362] [-0.90096886790241903:1] [22.399999999999999:324.71375799999998] [22.399999999999999:324.71375799999998]
tree_sizes=1431 1430 1428 1428 1433 1431 1428 1424 1431 1426 1436 1433 1433 1428 1441 1441 1435 1431 1449 1437 1444 1441 1435 1438 1453 1459 1438 1450 1460 1445 1439 1451 1439 1447 1432 1430 1436 1438 1441 1448 1441 1439 1451 1431 1441 1433 1436

Tree=0
num_leaves=15
num_cat=0
split_feature=71 84 71 84 71 24 84 69 67 69 24 20 45 42
split_gain=675800 457108 476494 306559 205656 61299.3 56774.7 41717.3 36025.6 30742.8 24383.7 20358.9 24009.7 19580.5
threshold=1.0000000180025095e-35 103.58978600000002 -2.9875000000000003 42.523274000000008 2.2375000000000012 248.07883750000005 287.58038500000004 -1.0000000180025095e-35 2.1362732083333338 8.855693927083335 284.15934500000009 274.50906300000003 70.968750000000014 87.375000000000014
decision_type=2 2 2 2 2 2 2 2 2 2 2 2 2 2
left_child=1 -1 5 -2 7 -3 8 10 13 11 -5 12 -6 -4
right_child=3 2 6 4 9 -7 -8 -9 -10 -11 -12 -13 -14 -15
leaf_value=-0.99047851958430089 -0.98165188362704003 -3.2185945667335716 -1.293939012529101 -1.0595815183134554 -0.71720481437185812 -2.4068057404995877 -2.691711791127946 -0.3584030285655706 -0.53062698594731661 0.58393385131438613 -0.021276338384456528 0.49966450095210946 0.15826073615868763 -1.7550098124731921
leaf_weight=3267 2425 418 1232 485 132 545 77 713 135 574 63 161 195 283
leaf_count=3267 2425 418 1232 485 132 545 77 713 135 574 63 161 195 283
internal_value=-1.0333 -1.38794 -1.8705 -0.588363 -0.178003 -2.76107 -1.37319 -0.610263 -1.31069 0.334373 -0.938588 0.038125 -0.193097 -1.38049
internal_weight=10705 5957 2690 4748 2323 963 1727 1261 1650 1062 548 488 327 1515
internal_count=10705 5957 2690 4748 2323 963 1727 1261 1650 1062 548 488 327 1515
is_linear=0
shrinkage=1


Tree=1
num_leaves=15
num_cat=0
split_feature=71 84 71 84 71 69 24 84 71 24 44 84 32 71
split_gain=612880 506698 269745 186926 317426 63482.7 48075.8 43957.6 29658.2 29050.6 27954.6 23616.5 19518.6 19615.2
threshold=-0.9875000000000006 106.92389950000002 -3.0124999999999988 42.523274000000008 2.212499999999999 -1.0000000180025095e-35 248.07883750000005 287.58038500000004 3.9875000000000012 284.15934500000009 53.031250000000007 275.02512300000006 28.912500000000005 1.0000000180025095e-35
decision_type=2 2 2 2 2 2 2 2 2 2 2 2 2 2
left_child=1 -1 6 -2 5 9 -3 10 -6 -5 -4 12 13 -7
right_child=3 2 7 4 8 11 -8 -9 -10 -11 -12 -13 -14 -15
leaf_value=0.020675630490344189 0.049158948335451758 -2.1825908032941146 0.47363581863576426 -0.15063179908585794 1.0595647189203625 0.15262317763674155 -1.3976394085384354 -1.7508242481284673 1.5961119616309467 0.74887613627925753 -0.54096842801984857 -0.45464022418514632 1.3559377660457459 0.65403455106339825
leaf_weight=2586 3067 354 72 876 595 284 457 71 471 99 1015 60 71 627
leaf_count=2586 3067 354 72 876 595 284 457 71 471 99 1015 60 71 627
internal_value=3.34249e-06 -0.439543 -1.04368 0.325572 0.600446 0.231372 -1.74254 -0.553156 1.29791 -0.0586234 -0.47339 0.502518 0.561403 0.498061
internal_weight=10705 4555 1969 6150 3083 2017 811 1158 1066 975 1087 1042 982 911
internal_count=10705 4555 1969 6150 3083 2017 811 1158 1066 975 1087 1042 982 911
is_linear=0
shrinkage=0.05


Tree=2
num_leaves=15
num_cat=0
split_feature=71 84 71 84 71 69 24 84 69 70 24 84 37 67
split_gain=553276 458113 250577 168752 286515 57304.1 50695.5 39092.6 28820.7 27639.7 26825.7 21335.3 20116.2 18552
threshold=-0.9875000000000006 103.58978600000002 -2.9875000000000003 42.523274000000008 2.212499999999999 -1.0000000180025095e-35 248.07883750000005 287.58038500000004 -3.5859041562499985 11.208217466635022 281.72766850000005 275.02512300000006 51.625000000000007 -8.3892958541666633
decision_type=2 2 2 2 2 2 2 2 2 2 2 2 2 2
left_child=1 -1 6 -2 5 10 -3 12 -6 -10 -5 -7 -4 -8
right_child=3 2 7 4 8 11 13 -9 9 -11 -12 -13 -14 -15
leaf_value=0.027254968871672947 0.046701800596877216 -1.9799220654873406 0.43831470719435156 -0.19269931702322121 0.26299458168549078 0.53344254539560643 -1.4831701208477373 -1.6635439617018546 0.97427840756454165 1.5188110346562278 0.44511730470251121 -0.43228085832517654 -0.43096384442903579 -0.87999471061909373
leaf_weight=2549 3067 418 71 766 72 982 325 61 396 598 209 60 911 220
leaf_count=2549 3067 418 71 766 72 982 325 61 396 598 209 60 911 220
internal_value=1.46234e-06 -0.417625 -0.982661 0.309334 0.570504 0.219861 -1.56388 -0.445038 1.23313 1.30307 -0.0556616 0.477474 -0.367732 -1.24174
internal_weight=10705 4555 2006 6150 3083 2017 963 1043 1066 994 975 1042 982 545
internal_count=10705 4555 2006 6150 3083 2017 963 1043 1066 994 975 1042 982 545
is_linear=0
shrinkage=0.05


Tree=3
num_leaves=15
num_cat=0
split_feature=71 84 71 84 71 24 84 69 67 69 70 70 24 22
split_gain=503050 341561 349255 228563 148189 47095.7 42612 30157.2 29914.7 26101.6 24612.9 23939.4 19076.6 18571.5
threshold=1.0000000180025095e-35 102.85148300000002 -2.9875000000000003 42.523274000000008 2.2375000000000012 257.54432450000007 287.58038500000004 -1.0000000180025095e-35 2.1362732083333338 -3.5859041562499985 11.208217466635022 13.035708839423913 284.15934500000009 145.37535585416671
decision_type=2 2 2 2 2 2 2 2 2 2 2 2 2 2
left_child=1 -1 5 -2 7 11 8 12 -4 -6 -11 -3 -5 -12
right_child=3 2 6 4 9 -7 -8 -9 -10 10 13 -13 -14 -15
leaf_value=0.039099718868366218 0.044271299939507409 -1.225027282661955 -0.30541092585674307 -0.014959967285758767 0.25002498963516051 -1.0935141425098287 -1.4381329842102835 0.58539551316815264 0.4662901248755682 0.92806815366416717 1.6970256877179595 -2.0034609483449888 0.90344183803536005 1.1247017749585211
leaf_weight=3254 2425 141 1520 485 72 440 77 713 136 393 330 389 63 267
leaf_count=3254 2425 141 1520 485 72 440 77 713 136 393 330 389 63 267
internal_value=-1.1758e-05 -0.305991 -0.721289 0.383864 0.738196 -1.48048 -0.295745 0.371254 -0.241791 1.17314 1.23995 -1.79907 0.092076 1.44337
internal_weight=10705 5957 2703 4748 2323 970 1733 1261 1656 1062 990 530 548 597
internal_count=10705 5957 2703 4748 2323 970 1733 1261 1656 1062 990 530 548 597
is_linear=0
shrinkage=0.05


Tree=4
num_leaves=15
num_cat=0
split_feature=71 84 71 84 71 69 84 24 71 44 24 32 47 24
split_gain=454198 375127 201231 138641 232136 46020.4 34580.6 34471.4 25988.8 24163.2 22044.2 20846.5 17994.1 17355.3
threshold=-0.9875000000000006 106.92389950000002 -3.0999999999999992 42.523274000000008 2.1000000000000001 -1.0000000180025095e-35 287.58038500000004 248.07883750000005 3.9875000000000012 53.031250000000007 281.72766850000005 28.275000000000002 80.070312500000014 242.57118500000004
decision_type=2 2 2 2 2 2 2 2 2 2 2 2 2 2
left_child=1 -1 7 -2 5 10 9 12 -6 -4 -5 -7 -3 -11
right_child=3 2 6 4 8 11 -8 -9 -10 13 -12 -13 -14 -15
leaf_value=0.017583293489360146 0.042208738228721447 -2.227018621660048 0.46766231590630236 -0.17582093972906859 0.88749040749044195 0.35872250374223885 -1.5176358160674575 -1.212855493228381 1.3844657008236243 -0.97888543519915816 0.40605064050883843 1.1567633389433225 -1.4845037360391218 -0.38511856292271429
leaf_weight=2586 3067 185 73 761 619 937 74 452 471 143 206 89 166 876
leaf_count=2586 3067 185 73 761 619 937 74 452 471 143 206 89 166 876
internal_value=-1.1367e-05 -0.378402 -0.898216 0.280259 0.516984 0.195921 -0.478084 -1.50692 1.10331 -0.406314 -0.0515734 0.429007 -1.88107 -0.469322
internal_weight=10705 4555 1969 6150 3083 1993 1166 803 1090 1092 967 1026 351 1019
internal_count=10705 4555 1969 6150 3083 1993 1166 803 1090 1092 967 1026 351 1019
is_linear=0
shrinkage=0.05


Tree=5
num_leaves=15
num_cat=0
split_feature=71 84 71 84 71 24 84 69 67 69 70 67 24 42
split_gain=413319 281349 284772 187995 119187 40998.7 34440.6 24793.3 24721.7 23306.9 22371.9 16670.2 16431.5 16360.1
threshold=1.0000000180025095e-35 102.85148300000002 -2.8499999999999992 42.523274000000008 2.212499999999999 248.07883750000005 287.58038500000004 -1.0000000180025095e-35 2.1362732083333338 -3.5859041562499985 9.0377305047663761 -8.3892958541666633 284.15934500000009 87.375000000000014
decision_type=2 2 2 2 2 2 2 2 2 2 2 2 2 2
left_child=1 -1 5 -2 7 -3 8 12 13 -6 -11 -7 -5 -4
right_child=3 2 6 4 9 11 -8 -9 -10 10 -12 -13 -14 -15
leaf_value=0.03582332898921315 0.039949081223903365 -1.7036298937884706 -0.19464363811307075 -0.014321911555699514 0.18643965770120491 -1.2753471241739698 -1.298199603282665 0.5334449401617134 0.4301892055308118 0.73563604064846555 1.2692274343996535 -0.71711205195459682 0.8382380396593363 -0.61746576774257722
leaf_weight=3254 2425 423 1223 483 72 333 76 711 135 278 716 232 63 281
leaf_count=3254 2425 423 1223 483 72 333 76 711 135 278 716 232 63 281
internal_value=-2.60289e-05 -0.277377 -0.654296 0.347933 0.669284 -1.33002 -0.264467 0.339053 -0.21577 1.058 1.12088 -1.0478 0.085403 -0.273999
internal_weight=10705 5957 2703 4748 2323 988 1715 1257 1639 1066 994 565 546 1504
internal_count=10705 5957 2703 4748 2323 988 1715 1257 1639 1066 994 565 546 1504
is_linear=0
shrinkage=0.05


Tree=6
num_leaves=15
num_cat=0
split_feature=71 84 71 84 71 24 84 68 67 56 69 70 69 58
split_gain=373124 254028 257466 169708 107585 35663.4 31745.2 23531.3 22736.9 21719.9 21189.8 19402.9 16230.6 15782.9
threshold=1.0000000180025095e-35 103.58978600000002 -2.9875000000000003 42.523274000000008 2.2375000000000012 257.54432450000007 287.58038500000004 12.830171362394831 2.1362732083333338 28.185099000000026 -1.0000000180025095e-35 13.035708839423913 11.840655182291668 -14.974237
decision_type=2 2 2 2 2 2 2 2 2 2 2 2 2 2
left_child=1 -1 5 -2 7 11 8 10 13 12 -5 -3 -6 -4
right_child=3 2 6 4 9 -7 -8 -9 -10 -11 -12 -13 -14 -15
leaf_value=0.032745130776200844 0.037952451602005312 -1.0380313133517056 -0.81455095161583813 0.029846406948319488 0.63967139274017881 -0.93944472359957976 -1.2436667310121734 1.117160049465153 0.40870036822880673 1.3389802774760575 0.4564686224622877 -1.7397426844766537 1.1209019016580923 -0.2187365099185955
leaf_weight=3267 2425 140 120 530 410 436 77 86 135 338 645 387 314 1395
leaf_count=3267 2425 140 120 530 410 436 77 86 135 338 645 387 314 1395
internal_value=-3.29088e-05 -0.263553 -0.623285 0.330574 0.635896 -1.27793 -0.25772 0.323233 -0.210983 1.00649 0.264224 -1.55565 0.84964 -0.266436
internal_weight=10705 5957 2690 4748 2323 963 1727 1261 1650 1062 1175 527 724 1515
internal_count=10705 5957 2690 4748 2323 963 1727 1261 1650 1062 1175 527 724 1515
is_linear=0
shrinkage=0.05


Tree=7
num_leaves=15
num_cat=0
split_feature=71 84 71 12 84 71 73 69 84 84 69 24 37 31
split_gain=338742 278464 153341 106865 55385.1 109999 38868.4 31680.1 27857 25636.6 27634.2 25123.2 22297.3 18027.5
threshold=-0.9875000000000006 103.58978600000002 -3.1499999999999999 274.50906300000003 42.523274000000008 1.8125000000000002 -5.6249999999999991 11.840655182291668 283.32550850000001 271.02065200000004 -5.6817130104166624 248.07883750000005 51.625000000000007 21.262500000000003
decision_type=2 2 2 2 2 2 2 2 2 2 2 2 2 2
left_child=1 -1 11 4 -2 9 13 -7 12 10 -6 -3 -4 -5
right_child=3 2 8 6 5 7 -8 -9 -10 -11 -12 -13 -14 -15
leaf_value=0.020038173417250317 0.0363035152293925 -1.6179377174842058 0.495566896567742 0.59563541456180458 -0.23420114374343665 0.51118420514834784 0.40596706342796995 1.0731812471897941 -1.2269715874611089 -0.4449829520430737 0.28829594634116867 -1.0482777292264833 -0.39818217044721438 1.5445257370827965
leaf_weight=2549 3048 355 74 67 331 590 193 440 95 196 1065 449 1033 220
leaf_count=2549 3048 355 74 67 331 590 193 440 95 196 1065 449 1033 220
internal_value=-3.50556e-05 -0.326812 -0.767341 0.242006 0.181269 0.34971 0.95759 0.752069 -0.409262 0.0890816 0.16433 -1.3015 -0.338044 1.32585
internal_weight=10705 4555 2006 6150 5670 2622 480 1030 1202 1592 1396 804 1107 287
internal_count=10705 4555 2006 6150 5670 2622 480 1030 1202 1592 1396 804 1107 287
is_linear=0
shrinkage=0.05


Tree=8
num_leaves=15
num_cat=0
split_feature=71 84 71 84 71 24 84 68 71 43 69 70 6 83
split_gain=305958 208658 210558 139621 88586.8 31848 26135.9 20211.2 20099.1 19024.2 17939 17106.9 14958.1 14748
threshold=1.0000000180025095e-35 102.85148300000002 -2.8499999999999992 42.523274000000008 2.212499999999999 257.54432450000007 282.33339050000006 12.830171362394831 5.2625000000000002 47.875000000000007 -1.0000000180025095e-35 12.286321722767662 184.63511250000002 246.65161950000001
decision_type=2 2 2 2 2 2 2 2 2 2 2 2 2 2
left_child=1 -1 5 -2 7 11 9 10 12 -4 -5 -3 -6 -11
right_child=3 2 6 4 8 -7 -8 -9 -10 13 -12 -13 -14 -15
leaf_value=0.031062929192515017 0.033923947725134844 -0.92224038524526952 0.51391937487778516 0.020903821643054599 0.90046100856702849 -0.8324802606081434 -0.97022936521349734 1.0318353520998689 1.3234132475928109 -0.34787626960900764 0.41397119280041106 -1.5767234236379215 0.3669565263533307 -0.029673638185668812
leaf_weight=3254 2425 141 93 528 667 453 110 85 233 901 644 394 166 611
leaf_count=3254 2425 141 93 528 667 453 110 85 233 901 644 394 166 611
internal_value=-3.33008e-05 -0.238659 -0.563255 0.299342 0.57628 -1.1443 -0.228049 0.29158 0.911404 -0.17661 0.237058 -1.40628 0.794712 -0.219395
internal_weight=10705 5957 2703 4748 2323 988 1715 1257 1066 1605 1172 535 833 1512
internal_count=10705 5957 2703 4748 2323 988 1715 1257 1066 1605 1172 535 833 1512
is_linear=0
shrinkage=0.05


Tree=9
num_leaves=15
num_cat=0
split_feature=71 84 71 12 69 84 73 44 84 31 84 69 49 62
split_gain=278827 249821 94263.9 91786.7 45016.9 84917.4 37414 30833.6 28360.9 27811.4 22476.7 21158.2 20368.4 18738.6
threshold=-1.1874999999999998 99.23469900000002 -3.6499999999999999 272.35636400000004 11.840655182291668 42.523274000000008 -5.6249999999999991 51.687500000000007 273.02215500000005 21.262500000000003 299.97504500000008 -14.779579244791664 3.5000000000000004 230.22416750000002
decision_type=2 2 2 2 2 2 2 2 2 2 2 2 2 2
left_child=1 -1 11 4 8 -6 9 -4 13 -5 -9 -3 -8 -2
right_child=3 2 7 6 5 -7 12 10 -10 -11 -12 -13 -14 -15
leaf_value=0.022840216786704916 0.066157325313806151 -1.5292085057849825 0.82338720370422713 0.41853019490310572 0.032748281579050756 0.8491321094848634 0.091998326173479417 -0.47898885819309378 -0.51585762025467286 1.3648261632631669 -1.6517166403836983 -0.97778140978823136 1.1777053471792627 0.54713970324077277
leaf_weight=2107 4533 320 43 112 719 571 217 911 202 261 42 403 53 211
leaf_count=2107 4533 320 43 112 719 571 217 911 202 261 42 403 53 211
internal_value=-3.18333e-05 -0.342144 -0.789263 0.190268 0.131556 0.394487 0.758587 -0.473052 0.0629132 1.08256 -0.53235 -1.22362 0.308678 0.0876609
internal_weight=10705 3826 1719 6879 6236 1290 643 996 4946 373 953 723 270 4744
internal_count=10705 3826 1719 6879 6236 1290 643 996 4946 373 953 723 270 4744
is_linear=0
shrinkage=0.05


Tree=10
num_leaves=15
num_cat=0
split_feature=71 84 71 84 71 24 84 69 67 68 71 84 43 69
split_gain=253774 172794 170934 117529 74963.4 26770.7 21659.8 17923 17570 17373.7 15823.6 15319.7 15044.3 13892.1
threshold=1.0000000180025095e-35 103.58978600000002 -2.8499999999999992 42.523274000000008 2.2375000000000012 257.54432450000007 287.58038500000004 -3.5859041562499985 2.1362732083333338 12.830171362394831 5.1000000000000005 275.36804450000005 58.375000000000007 -1.0000000180025095e-35
decision_type=2 2 2 2 2 2 2 2 2 2 2 2 2 2
left_child=1 -1 5 -2 9 12 8 -6 -4 11 -9 13 -3 -5
right_child=3 2 6 4 7 -7 -8 10 -10 -11 -12 -13 -14 -15
leaf_value=0.027017755766833518 0.029107874940531075 -0.36190882742751479 -0.22215570979280552 0.060148024781956334 0.073300951076288742 -0.75246117457416328 -1.0315544685856863 0.7778145208067837 0.37357511086596384 0.94786600559607326 1.2514845112401805 -0.46736370085121753 -1.3582297992978869 0.41866682986736348
leaf_weight=3267 2425 42 1499 479 72 449 76 755 134 86 235 76 490 620
leaf_count=3267 2425 42 1499 479 72 449 76 755 134 86 235 76 490 620
internal_value=-2.91188e-05 -0.217354 -0.514043 0.272623 0.526708 -1.03978 -0.211831 0.836057 -0.173073 0.265721 0.891401 0.215031 -1.2804 0.262603
internal_weight=10705 5957 2690 4748 2323 981 1709 1062 1633 1261 990 1175 532 1099
internal_count=10705 5957 2690 4748 2323 981 1709 1062 1633 1261 990 1175 532 1099
is_linear=0
shrinkage=0.05


Tree=11
num_leaves=15
num_cat=0
split_feature=71 84 71 12 84 71 73 69 84 9 37 25 84 68
split_gain=230362 186309 103505 73724.2 39510.1 73462.5 28902 24450.8 21724.6 21264.9 21041.9 19728.3 18502.7 15315.1
threshold=-0.88749999999999918 106.92389950000002 -3.1499999999999999 274.50906300000003 42.523274000000008 2.1000000000000001 -4.6249999999999991 -6.0566992656249985 271.02065200000004 250.49878250000003 51.625000000000007 103.78067124249111 290.2148160000001 12.231051919379359
decision_type=2 2 2 2 2 2 2 2 2 2 2 2 2 2
left_child=1 -1 11 4 -2 7 -5 -6 -9 -7 -4 -3 -12 -8
right_child=3 2 10 6 5 9 13 8 -10 -11 12 -13 -14 -15
leaf_value=0.011186463861808056 0.028460352540411561 -1.1749034060070613 0.45247799137347866 1.0993672240861883 -0.26105993490469659 0.79593966134243477 0.014986163159986413 0.27356059392383542 -0.35868082352129649 0.04400797842684287 -0.34218967704990927 -0.45591281981517873 -1.2124920822565373 1.0502070868653912
leaf_weight=2628 3014 679 78 298 345 689 132 1289 151 109 1068 113 64 48
leaf_count=2628 3014 679 78 298 345 689 132 1289 151 109 1068 113 64 48
internal_value=-2.87592e-05 -0.26568 -0.628944 0.202445 0.151464 0.294925 0.797837 0.116488 0.20706 0.693416 -0.337628 -1.07302 -0.392421 0.295322
internal_weight=10705 4630 2002 6075 5597 2583 478 1785 1440 798 1210 792 1132 180
internal_count=10705 4630 2002 6075 5597 2583 478 1785 1440 798 1210 792 1132 180
is_linear=0
shrinkage=0.05


Tree=12
num_leaves=15
num_cat=0
split_feature=71 84 71 84 71 69 84 25 37 71 24 83 25 32
split_gain=208306 151752 119626 80253.9 83400.9 24157 20260.6 18827.9 16497.9 16097.7 15674.4 15097.8 15050.3 13866.1
threshold=-0.21249999999999855 103.58978600000002 -3.0999999999999992 42.523274000000008 2.212499999999999 -1.0000000180025095e-35 292.35207400000007 103.78067124249111 51.875000000000007 3.9875000000000012 284.15934500000009 246.65161950000001 105.31900164761846 28.275000000000002
decision_type=2 2 2 2 2 2 2 2 2 2 2 2 2 2
left_child=1 -1 7 -2 5 10 8 -3 12 -6 -5 -10 -4 -7
right_child=3 2 6 4 9 13 -8 -9 11 -11 -12 -13 -14 -15
leaf_value=0.017509579237526732 0.026073618376452619 -1.1098846107351568 -0.1058730921338475 -0.10416548965777016 0.58022970021921116 0.30252958776836025 -1.1882903793401887 -0.42212055589174152 -0.40954966690424199 0.97386451485543124 0.60939679662469537 -0.074616160459647127 1.1273417173362359 1.0103676232852434
leaf_weight=2929 2714 697 62 666 595 805 56 118 820 471 86 571 40 75
leaf_count=2929 2714 697 62 666 595 805 56 118 820 471 86 571 40 75
internal_value=-2.74846e-05 -0.223032 -0.520945 0.218074 0.411133 0.186262 -0.262647 -1.01095 -0.227155 0.754902 -0.0218604 -0.272213 0.38399 0.363935
internal_weight=10705 5293 2364 5412 2698 1632 1549 815 1493 1066 752 1391 102 880
internal_count=10705 5293 2364 5412 2698 1632 1549 815 1493 1066 752 1391 102 880
is_linear=0
shrinkage=0.05


Tree=13
num_leaves=15
num_cat=0
split_feature=71 84 71 56 84 39 84 73 24 38 84 30 24 36
split_gain=189474 170960 68630.3 64204.4 54105.4 27923 24802.7 22979 21345 34833.5 17898.7 17751.7 17359.2 17137.2
threshold=-1.2375000000000005 90.300388000000012 -3.9875000000000003 16.209390000000003 42.523274000000008 51.625000000000007 273.02215500000005 -5.1249999999999991 278.84935850000005 51.625000000000007 299.97504500000008 20.987500000000004 248.07883750000005 23.030078125000003
decision_type=2 2 2 2 2 2 2 2 2 2 2 2 2 2
left_child=1 -1 12 6 -5 -4 8 13 -2 -10 -7 -9 -3 -6
right_child=3 2 5 4 7 10 -8 11 9 -11 -12 -13 -14 -15
leaf_value=0.031228944838209399 0.046712126753605587 -1.3195658285158418 0.81311485181036203 0.020840585504619171 0.36067842306824877 -0.40318323796265187 -0.43154130915312899 1.1783429822614115 1.0244677031640526 0.19043467543018289 -1.4357664086601951 0.24588039619437718 -0.80711128209989502 1.0995745922331437
leaf_weight=2018 4025 300 45 425 101 1004 223 61 138 1270 43 294 386 372
leaf_count=2018 4025 300 45 425 101 1004 223 61 138 1270 43 294 386 372
internal_value=-2.0352e-05 -0.283766 -0.641097 0.155896 0.479586 -0.3943 0.0841155 0.714744 0.105356 0.272848 -0.446921 0.408966 -1.03281 0.942891
internal_weight=10705 3796 1778 6909 1253 1092 5656 828 5433 1408 1047 355 686 473
internal_count=10705 3796 1778 6909 1253 1092 5656 828 5433 1408 1047 355 686 473
is_linear=0
shrinkage=0.05


Tree=14
num_leaves=15
num_cat=0
split_feature=71 84 71 84 71 24 84 69 67 68 70 67 43 45
split_gain=173451 118195 122881 82710.8 50038.1 24734.5 17099.6 14827.3 13793.2 13535.3 15603.6 13337 13174.8 12413.2
threshold=1.0000000180025095e-35 94.391037000000026 -2.7624999999999988 42.523274000000008 2.212499999999999 257.54432450000007 275.36804450000005 -3.4807346510416655 2.1362732083333338 9.8055000003107029 18.044551323038437 -3.8683488541666677 58.375000000000007 86.447916666666671
decision_type=2 2 2 2 2 2 2 2 2 2 2 2 2 2
left_child=1 -1 5 -2 9 12 8 -6 -4 13 -11 -7 -3 -5
right_child=3 2 6 4 7 11 -8 -9 -10 10 -12 -13 -14 -15
leaf_value=0.032414844384428119 0.021111001713725035 -0.20858334843502491 -0.15019666878134863 0.098263134131268998 0.007537223377575477 -0.74462822606053647 -0.58607615627919818 0.74129572716112035 0.35707116957008211 0.22711756431287333 1.2290890236768652 -0.17080151117924189 -1.1346025826925872 0.60714600840787392
leaf_weight=3124 2425 42 1421 962 74 352 206 992 147 92 67 143 522 136
leaf_count=3124 2425 42 1421 962 74 352 206 992 147 92 67 143 522 136
internal_value=-1.64669e-05 -0.179686 -0.413503 0.225393 0.438545 -0.839449 -0.158902 0.690414 -0.102443 0.224568 0.654375 -0.579535 -1.06613 0.161789
internal_weight=10705 5957 2833 4748 2323 1059 1774 1066 1568 1257 159 495 564 1098
internal_count=10705 5957 2833 4748 2323 1059 1774 1066 1568 1257 159 495 564 1098
is_linear=0
shrinkage=0.05


Tree=15
num_leaves=15
num_cat=0
split_feature=71 84 71 84 71 24 43 58 36 84 84 68 24 18
split_gain=156582 106802 103441 74669.9 45160.4 19694.5 15439.8 14329.6 14001.3 13042.1 12969.1 14090.6 17315.3 12397.2
threshold=1.0000000180025095e-35 103.58978600000002 -2.7624999999999988 42.523274000000008 2.2375000000000012 257.54432450000007 47.875000000000007 -6.6937375000000108 23.255598958333341 292.35207400000007 274.29007000000007 9.8055000003107029 317.16974600000003 117.04140960416667
decision_type=2 2 2 2 2 2 2 2 2 2 2 2 2 2
left_child=1 -1 5 -2 10 7 -4 -3 -6 -8 11 -5 -13 -7
right_child=3 2 6 4 8 13 9 -9 -10 -11 -12 12 -14 -15
leaf_value=0.021398828566875742 0.020055886498066583 -1.5437052760628009 0.45760380247696997 0.19802067276108648 0.39827362575240333 -0.16161918950212353 -0.17492541833371933 -0.88320411914545627 0.78530443411725026 -0.95895082051103775 -0.31578427314195995 1.1073811722414879 -0.10743210703827616 -0.73182518904746485
leaf_weight=3267 2425 104 93 1019 354 135 1544 431 708 54 105 95 42 329
leaf_count=3267 2425 104 93 1019 354 135 1544 431 708 54 105 95 42 329
internal_value=-1.41198e-05 -0.170724 -0.403977 0.214155 0.41668 -0.807116 -0.165477 -1.01424 0.65679 -0.202003 0.214102 0.262463 0.736877 -0.566629
internal_weight=10705 5957 2690 4748 2323 999 1691 535 1062 1598 1261 1156 137 464
internal_count=10705 5957 2690 4748 2323 999 1691 535 1062 1598 1261 1156 137 464
is_linear=0
shrinkage=0.05


Tree=16
num_leaves=15
num_cat=0
split_feature=71 84 71 12 84 69 69 73 84 29 22 36 25 31
split_gain=142093 116290 62246.2 48961.7 24142.9 52645.8 21804.7 20971.6 18938.1 18132.4 18094.6 16403.1 15552 13744.9
threshold=-0.9875000000000006 107.60055450000002 -3.9875000000000003 274.50906300000003 42.523274000000008 11.840655182291668 -6.3374481822916637 -4.6249999999999991 299.97504500000008 19.487500000000004 136.48103394270836 20.972656250000004 107.69175705454224 21.262500000000003
decision_type=2 2 2 2 2 2 2 2 2 2 2 2 2 2
left_child=1 -1 -3 4 -2 6 -6 13 9 -4 11 -8 -7 -5
right_child=3 2 8 7 5 12 10 -9 -10 -11 -12 -13 -14 -15
leaf_value=0.0080236261620083987 0.019920115407938723 -0.91367760853538416 -0.59743102417672722 0.27518114495224189 -0.23821536116041245 0.93377319585647012 -0.095650348133881014 0.21655189357799751 -1.2645214481353761 -0.16343400202612662 0.0027221865437872987 0.43918145602696568 0.41375463187660788 1.0846842075528009
leaf_weight=2594 3048 625 320 69 374 258 178 182 49 967 753 729 330 229
leaf_count=2594 3048 625 320 69 374 258 178 182 49 967 753 729 330 229
internal_value=-2.22382e-05 -0.211665 -0.502124 0.15674 0.11563 0.226841 0.106242 0.6411 -0.309054 -0.271723 0.183946 0.33423 0.643124 0.898796
internal_weight=10705 4555 1961 6150 5670 2622 2034 480 1336 1287 1660 907 588 298
internal_count=10705 4555 1961 6150 5670 2622 2034 480 1336 1287 1660 907 588 298
is_linear=0
shrinkage=0.05


Tree=17
num_leaves=15
num_cat=0
split_feature=71 84 56 84 84 24 73 69 84 43 49 24 73 30
split_gain=129426 129338 52217.4 36690.7 30851.9 29318 18998.6 18455.9 28697.8 16996.2 16829.2 16114.2 15982.2 15582.7
threshold=-2.3625000000000003 87.746388500000009 16.209390000000003 42.523274000000008 275.36804450000005 273.57706450000006 -5.1249999999999991 11.840655182291668 42.523274000000008 51.875000000000007 3.5000000000000004 246.78300350000004 10.875000000000002 20.987500000000004
decision_type=2 2 2 2 2 2 2 2 2 2 2 2 2 2
left_child=1 -1 4 -4 7 10 -5 -2 -9 -10 11 -3 -7 -8
right_child=2 5 3 6 -6 12 13 8 9 -11 -12 -13 -14 -15
leaf_value=0.028354859532458698 0.030509911809644397 -0.98676729893136406 0.015658054778252051 0.79408822989696448 -0.49928740132857752 0.25375335334650823 1.0307830468300849 0.016496324815920421 1.4925879573044571 0.46799837619458373 -1.1735321520481259 -0.48991324943093784 -0.53545662860266086 0.1582183886680012
leaf_weight=1321 5781 275 426 473 252 105 61 489 45 360 249 410 162 296
leaf_count=1321 5781 275 426 473 252 105 61 489 45 360 249 410 162 296
internal_value=-2.05615e-05 -0.313112 0.0965007 0.392986 0.0426932 -0.688408 0.586399 0.0632262 0.274514 0.585238 -0.820412 -0.690528 -0.225304 0.309775
internal_weight=10705 2522 8183 1256 6927 1201 830 6675 894 405 934 685 267 357
internal_count=10705 2522 8183 1256 6927 1201 830 6675 894 405 934 685 267 357
is_linear=0
shrinkage=0.05


Tree=18
num_leaves=15
num_cat=0
split_feature=71 84 71 84 71 69 67 24 84 68 67 36 8 80
split_gain=118169 81612.5 82700 56916.5 36535.1 19822.1 18906.1 14273 13604.8 12979 12570.7 11860.4 11261.9 11167.4
threshold=1.0000000180025095e-35 90.300388000000012 -2.7624999999999988 42.523274000000008 3.9875000000000012 -1.0000000180025095e-35 0.54564099999999927 257.54432450000007 273.02215500000005 10.13330921652207 3.1851879791666664 24.681901041666674 271.39792050000005 -0.77259657388510605
decision_type=2 2 2 2 2 2 2 2 2 2 2 2 2 2
left_child=1 -1 6 -2 5 9 7 -3 -7 -5 11 12 -4 -9
right_child=3 2 10 4 -6 8 -8 13 -10 -11 -12 -13 -14 -15
leaf_value=0.02977785304013842 0.016575691014258015 -0.90082462731085899 -0.18939590197294756 -0.025826986427576738 0.75569867104197208 0.42172446299593513 0.35684203051385427 -0.036611923434232412 -0.28366046515229631 0.88388895395965816 0.33663228614763785 0.24496647604108335 -1.0018738188526848 -0.64698025146799709
leaf_weight=3093 2425 562 1467 589 471 1150 41 94 72 41 131 155 43 371
leaf_count=3093 2425 562 1467 589 471 1150 41 94 72 41 131 155 43 371
internal_value=-1.67152e-05 -0.148316 -0.340592 0.186036 0.362854 0.262592 -0.688804 -0.730855 0.379965 0.0346837 -0.133258 -0.170409 -0.21318 -0.523937
internal_weight=10705 5957 2864 4748 2323 1852 1068 1027 1222 630 1796 1665 1510 465
internal_count=10705 5957 2864 4748 2323 1852 1068 1027 1222 630 1796 1665 1510 465
is_linear=0
shrinkage=0.05


Tree=19
num_leaves=15
num_cat=0
split_feature=71 84 71 12 36 69 84 36 73 84 62 24 26 49
split_gain=106996 96687.2 40427.1 39253.5 22224.9 20288.4 37020.6 20172.4 20523 14831.2 13927.8 13636.9 13406.1 13312.2
threshold=-1.2375000000000005 87.746388500000009 -3.9875000000000003 272.35636400000004 24.714192708333339 11.840655182291668 42.523274000000008 23.030078125000003 -4.6249999999999991 270.33756400000004 226.92036650000003 299.02505250000007 26.937500000000004 3.5000000000000004
decision_type=2 2 2 2 2 2 2 2 2 2 2 2 2 2
left_child=1 -1 -3 5 -4 9 -7 -5 -9 10 -2 12 -8 -10
right_child=3 2 4 7 -6 6 11 8 13 -11 -12 -13 -14 -15
leaf_value=0.024648909801306979 0.034281366797420547 -0.78188679041168108 -0.34075244574799624 -0.078346534607213317 0.74943845063752068 0.016678447828938566 0.58734755644029235 0.88156864857568906 0.0051429552384293998 -0.33237193022064954 0.43913495335519115 0.12585576341771487 1.435445472487697 0.92968794755064532
leaf_weight=2010 4491 686 1052 126 48 719 378 312 155 262 222 140 53 51
leaf_count=2010 4491 686 1052 126 48 719 378 312 155 262 222 140 53 51
internal_value=-1.60617e-05 -0.213241 -0.480832 0.11715 -0.292543 0.0788985 0.255517 0.488569 0.626353 0.0330597 0.0534406 0.555707 0.694719 0.237421
internal_weight=10705 3796 1786 6909 1100 6265 1290 644 518 4975 4713 571 431 206
internal_count=10705 3796 1786 6909 1100 6265 1290 644 518 4975 4713 571 431 206
is_linear=0
shrinkage=0.05


Tree=20
num_leaves=15
num_cat=0
split_feature=71 84 71 84 71 24 69 56 8 49 84 73 67 68
split_gain=97742.7 67717.7 62333.8 47722.2 30807.4 18124.3 16751.1 13740.1 13066.4 12336.1 12015.9 11222 12965.7 11007.4
threshold=1.0000000180025095e-35 110.98650750000002 -2.3625000000000003 42.523274000000008 3.9875000000000012 273.36919000000006 -1.0000000180025095e-35 -37.211869499999978 212.19164300000003 3.5000000000000004 273.02215500000005 18.375000000000004 3.3024458124999998 10.13330921652207
decision_type=2 2 2 2 2 2 2 2 2 2 2 2 2 2
left_child=1 -1 5 -2 6 7 13 -3 -7 -9 -8 12 -4 -5
right_child=3 2 11 4 -6 8 10 9 -10 -11 -12 -13 -14 -15
leaf_value=0.01213864548836162 0.014042555814438485 -1.0416566126335125 -0.13408649124414865 -0.026174763636347853 0.69185674266921271 0.31393708390134734 0.38620080412935942 -0.46818249048299942 -0.48453468199394928 -1.0088992779632266 -0.27663729574582352 -0.92560043442284778 0.49207761982794518 0.8116013445314908
leaf_weight=3384 2425 246 1371 589 471 75 1150 458 157 138 72 41 87 41
leaf_count=3384 2425 246 1371 589 471 75 1150 458 157 138 72 41 87 41
internal_value=2.00128e-06 -0.134872 -0.32815 0.169213 0.33112 -0.618716 0.239054 -0.726479 -0.226169 -0.594862 0.346952 -0.119693 -0.0964111 0.029547
internal_weight=10705 5957 2573 4748 2323 1074 1852 842 232 596 1222 1499 1458 630
internal_count=10705 5957 2573 4748 2323 1074 1852 842 232 596 1222 1499 1458 630
is_linear=0
shrinkage=0.05


Tree=21
num_leaves=15
num_cat=0
split_feature=71 84 71 84 71 84 24 37 49 67 69 58 70 43
split_gain=88239.7 61428.7 62649.6 43078.9 27810.1 19167.7 18224 24687.7 22035 17734.2 15112 13719 12426.9 11083.8
threshold=1.0000000180025095e-35 90.300388000000012 -3.9875000000000003 42.523274000000008 3.9875000000000012 292.35207400000007 278.56941200000006 51.875000000000007 3.5000000000000004 -4.5676767916666661 -1.0000000180025095e-35 -17.340518500000012 12.445752165246169 45.625000000000007
decision_type=2 2 2 2 2 2 2 2 2 2 2 2 2 2
left_child=1 -1 12 -2 10 6 8 -8 -4 11 -5 -9 -3 -12
right_child=3 2 5 4 -6 -7 7 9 -10 -11 13 -13 -14 -15
leaf_value=0.026353492989140411 0.013340717431554003 -0.33040688084550651 -0.14662262915137358 0.028131869252754169 0.65733719409080393 -0.93853030827912409 1.2460097009485418 -1.2626648711603741 -0.68724225566468455 0.15324624964785974 1.1009951370292241 -0.069176554999181211 -0.83108626215351156 0.29988733676137391
leaf_weight=3093 2425 165 1323 630 471 76 43 42 219 420 44 55 521 1178
leaf_count=3093 2425 165 1323 630 471 76 43 42 219 420 44 55 521 1178
internal_value=-5.77588e-06 -0.128156 -0.29497 0.160769 0.314598 -0.163569 -0.135116 0.109042 -0.223799 0.0122552 0.227125 -0.593556 -0.711317 0.329609
internal_weight=10705 5957 2864 4748 2323 2178 2102 560 1542 517 1852 97 686 1222
internal_count=10705 5957 2864 4748 2323 2178 2102 560 1542 517 1852 97 686 1222
is_linear=0
shrinkage=0.05


Tree=22
num_leaves=15
num_cat=0
split_feature=71 84 71 12 32 84 35 54 69 84 67 36 68 18
split_gain=80143.8 66156.6 37731 28945 18088.1 14380.6 14427 15295.5 14360 29299.7 13329.6 12713.7 12349.4 12192
threshold=-0.9875000000000006 114.97924150000001 -4.4750000000000005 272.35636400000004 28.137500000000003 299.97504500000008 19.540625000000002 1.0000000180025095e-35 11.840655182291668 42.523274000000008 -4.5676767916666661 20.337109375000004 8.7388974017487673 204.74431087500002
decision_type=2 2 2 2 2 2 2 2 2 2 2 2 2 2
left_child=1 -1 -3 8 13 6 7 11 -2 -10 12 -4 -8 -5
right_child=3 2 5 4 -6 -7 10 -9 9 -11 -12 -13 -14 -15
leaf_value=0.0010316243031460429 0.037997830766457769 -0.78543939295576681 -0.4763671397757368 0.5876973944892 0.78546200622608808 -1.0691325295646237 -0.59382571214932023 -0.097459469664664511 0.014773994202309468 0.49892813587574508 -0.0088007915184473689 -1.2731558426832541 0.099227391754587502 -0.00122177506508265
leaf_weight=2672 4278 449 146 142 237 52 228 146 704 561 696 77 89 228
leaf_count=2672 4278 449 146 142 237 52 228 146 704 561 696 77 89 228
internal_value=-8.94512e-06 -0.158956 -0.38586 0.117722 0.445232 -0.260287 -0.229102 -0.496375 0.0817832 0.22971 -0.131351 -0.755947 -0.399546 0.225771
internal_weight=10705 4555 1883 6150 607 1434 1382 369 5543 1265 1013 223 317 370
internal_count=10705 4555 1883 6150 607 1434 1382 369 5543 1265 1013 223 317 370
is_linear=0
shrinkage=0.05


Tree=23
num_leaves=15
num_cat=0
split_feature=71 84 71 84 71 84 24 37 49 67 84 36 36 69
split_gain=72933.4 51230.1 51513.5 36211 23809.7 15919.9 15886.7 22044.1 19234.2 15218.4 13009.8 12852.3 13353.6 12259.7
threshold=1.0000000180025095e-35 90.300388000000012 -3.9875000000000003 42.523274000000008 3.9875000000000012 292.35207400000007 278.56941200000006 51.875000000000007 3.5000000000000004 -4.5676767916666661 278.29070450000006 22.479947916666671 21.902864583333336 -6.2117165312500005
decision_type=2 2 2 2 2 2 2 2 2 2 2 2 2 2
left_child=1 -1 -3 -2 10 6 8 -8 -4 13 11 12 -5 -9
right_child=3 2 5 4 -6 -7 7 9 -10 -11 -12 -13 -14 -15
leaf_value=0.024575795127294416 0.01098190579357613 -0.6463989971684132 -0.13447963571436372 0.18859996062434134 0.60430970452410193 -0.85597401131670203 1.1785502776503562 0.033369361857573193 -0.63956902647221636 0.14332552520622391 -0.48369765800960141 0.31303932888425406 -0.37725077206023827 -1.0853495932092854
leaf_weight=3093 2425 686 1323 331 471 76 43 47 219 420 65 1305 151 50
leaf_count=3093 2425 686 1323 331 471 76 43 47 219 420 65 1305 151 50
internal_value=-1.91475e-05 -0.116526 -0.268865 0.146148 0.287183 -0.149711 -0.123781 0.10418 -0.206582 0.01272 0.206248 0.231601 0.0109173 -0.548481
internal_weight=10705 5957 2864 4748 2323 2178 2102 560 1542 517 1852 1787 482 97
internal_count=10705 5957 2864 4748 2323 2178 2102 560 1542 517 1852 1787 482 97
is_linear=0
shrinkage=0.05


Tree=24
num_leaves=15
num_cat=0
split_feature=71 84 71 84 69 47 84 67 62 49 24 71 19 7
split_gain=66068.7 65343.7 27460.6 43375.2 23265.2 19913.6 15039.6 14427.5 12897.4 12225.3 11199.8 11002.3 10181.8 10647.3
threshold=-2.0499999999999985 75.408333500000012 1.4500000000000013 42.523274000000008 1.421810458333332 72.497395833333357 275.36804450000005 -0.26532110416666649 230.22416750000002 3.5000000000000004 246.78300350000004 5.1000000000000005 193.58863950000003 105.34579400000001
decision_type=2 2 2 2 2 2 2 2 2 2 2 2 2 2
left_child=1 -1 6 -4 5 -3 8 -5 -2 10 -7 12 13 -9
right_child=2 4 3 7 -6 9 -8 11 -10 -11 -12 -13 -14 -15
leaf_value=0.022047304645613691 -0.0010168428849274224 0.24578429797291756 0.010222519776620318 -0.05456907457892636 0.12642381408392159 -0.74859013529658958 -0.39078087189837413 0.61550529493995065 0.41056904225076674 -0.8779933963826827 -0.35423273696211449 0.74965300179046146 0.024040209825195048 0.27723643960850775
leaf_weight=1410 4372 74 1673 170 145 282 237 436 198 289 506 229 180 504
leaf_count=1410 4372 74 1673 170 145 282 237 436 198 289 506 229 180 504
internal_value=-2.62503e-05 -0.213544 0.072223 0.185886 -0.469679 -0.544819 -0.00327564 0.379224 0.0169015 -0.599318 -0.496131 0.43389 0.368717 0.434623
internal_weight=10705 2706 7999 3192 1296 1151 4807 1519 4570 1077 788 1349 1120 940
internal_count=10705 2706 7999 3192 1296 1151 4807 1519 4570 1077 788 1349 1120 940
is_linear=0
shrinkage=0.05


Tree=25
num_leaves=15
num_cat=0
split_feature=71 84 71 84 69 68 70 84 84 24 69 53 24 58
split_gain=60197.2 44913.2 35290.9 25019.7 28480.4 16463.4 13930.3 13575.7 12842.4 12772.3 20248.5 16872.4 11998.6 12525.1
threshold=-0.21249999999999855 114.97924150000001 -4.4750000000000005 42.523274000000008 -1.0000000180025095e-35 11.575330062242715 7.707720604428558 273.02215500000005 292.35207400000007 299.02505250000007 11.973163848958334 -0.83146961230254512 248.07883750000005 -16.000932500000001
decision_type=2 2 2 2 2 2 2 2 2 2 2 2 2 2
left_child=1 -1 -3 -2 5 6 -5 9 12 10 -6 -12 -4 -14
right_child=3 2 8 4 7 -7 -8 -9 -10 -11 11 -13 13 -15
leaf_value=0.0037596145172766569 0.010018738501501128 -0.68681909313466827 -0.4170659136944348 0.1439103233093327 0.28268403440100631 0.9591506554257303 -0.26148439296123865 -0.29941279567778112 -0.84028259557608065 -0.0099811221412078825 1.1328269245548988 0.49467961766275031 -0.46557260305847531 -0.030011785708530116
leaf_weight=3076 2714 449 363 431 996 41 415 79 72 198 141 397 192 1141
leaf_count=3076 2714 449 363 431 996 41 415 79 72 198 141 397 192 1141
internal_value=-2.46843e-05 -0.119906 -0.291411 0.117221 0.225015 -0.00712153 -0.0550274 0.338654 -0.190662 0.367913 0.416664 0.663718 -0.162605 -0.0930502
internal_weight=10705 5293 2217 5412 2698 887 846 1811 1768 1732 1534 538 1696 1333
internal_count=10705 5293 2217 5412 2698 887 846 1811 1768 1732 1534 538 1696 1333
is_linear=0
shrinkage=0.05


Tree=26
num_leaves=15
num_cat=0
split_feature=71 84 30 2 39 80 63 36 22 84 83 84 83 37
split_gain=54549.9 50330.3 24364.4 22535.5 16454.1 17117.5 13564.9 13444.4 14544.3 12851.5 16816.1 18959.8 9983.09 9878.59
threshold=-1.2375000000000005 87.746388500000009 19.962500000000002 272.45115750000008 51.625000000000007 -0.58216583101416131 -36.896608000000001 23.030078125000003 148.92231267708334 270.33756400000004 241.49687000000003 252.44685900000005 177.93233050000003 56.375000000000007
decision_type=2 2 2 2 2 2 2 2 2 2 2 2 2 2
left_child=1 -1 6 9 -4 -6 -3 -5 12 10 -2 -12 13 -9
right_child=3 2 4 7 5 -7 -8 8 -10 -11 11 -13 -14 -15
leaf_value=0.019363236041996149 0.036781675539753214 -0.98238354498034086 0.73222851918443388 -0.21764225874474083 -0.022356555216830474 -0.43175712083440043 -0.45439323266408344 0.86318609028151538 -0.084524485448996226 -0.25971945677325131 0.43265845322400143 0.014975060132079913 1.3307912291242527 0.23641742299485013
leaf_weight=2010 5058 156 45 68 492 530 563 131 74 299 627 479 51 122
leaf_count=2010 5058 156 45 68 492 530 563 131 74 299 627 479 51 122
internal_value=-2.33736e-05 -0.152271 -0.345335 0.083636 -0.193448 -0.234883 -0.570156 0.42699 0.543224 0.0598794 0.0754219 0.25194 0.695807 0.56307
internal_weight=10705 3796 1786 6909 1067 1022 719 446 378 6463 6164 1106 304 253
internal_count=10705 3796 1786 6909 1067 1022 719 446 378 6463 6164 1106 304 253
is_linear=0
shrinkage=0.05


Tree=27
num_leaves=15
num_cat=0
split_feature=71 84 67 84 73 71 34 32 19 47 71 84 72 31
split_gain=50082.1 35887.1 31731.2 25575.5 23987.1 18127.3 17421.9 11087.6 13720.8 12432.3 12046 10068.2 9664.91 9561.62
threshold=1.0000000180025095e-35 110.98650750000002 -5.6931057291666649 42.523274000000008 11.875000000000002 3.9875000000000012 19.038541666666671 28.012500000000003 71.082496500000005 70.747395833333357 1.7624999999999995 295.90254450000003 0.91249999999999976 22.862500000000004
decision_type=2 2 2 2 2 2 2 2 2 2 2 2 2 2
left_child=1 -1 4 -2 -3 7 -4 8 10 -9 -5 13 -7 -8
right_child=3 2 6 5 -6 12 11 9 -10 -11 -12 -13 -14 -15
leaf_value=0.010459036953180501 0.007512490380546178 -0.21575585138585496 -0.41100612910687923 0.056702953980468998 -0.73769829165465484 0.35505454847235468 0.12518504601751052 0.91718442528223498 -0.18446572444609682 0.0078392980139582388 0.34948740543150708 -0.79594081506678249 0.83765085528420791 -0.14930853641018477
leaf_weight=3384 2425 436 374 742 446 315 695 97 285 61 667 40 156 582
leaf_count=3384 2425 436 374 742 446 315 695 97 285 61 667 40 156 582
internal_value=-1.65367e-05 -0.0965612 -0.237263 0.121106 -0.480222 0.239634 -0.11033 0.169024 0.131464 0.568365 0.195452 -0.0246978 0.516331 6.40965e-05
internal_weight=10705 5957 2573 4748 882 2323 1691 1852 1694 158 1409 1317 471 1277
internal_count=10705 5957 2573 4748 882 2323 1691 1852 1694 158 1409 1317 471 1277
is_linear=0
shrinkage=0.05


Tree=28
num_leaves=15
num_cat=0
split_feature=71 84 71 84 24 84 67 62 49 24 73 43 71 19
split_gain=45233.8 45991.4 19922.1 30753.7 16139.4 12584.5 11293.3 11214.5 10871.2 10893.6 9734.84 9001.07 8784.2 8563.01
threshold=-2.3625000000000003 75.408333500000012 1.4500000000000013 42.523274000000008 273.36919000000006 275.36804450000005 -0.26532110416666649 230.22416750000002 3.5000000000000004 246.78300350000004 10.875000000000002 47.875000000000007 5.1000000000000005 102.79124600000002
decision_type=2 2 2 2 2 2 2 2 2 2 2 2 2 2
left_child=1 -1 5 -4 8 7 -5 11 9 -3 -6 -2 13 -8
right_child=2 4 3 6 10 -7 12 -9 -10 -11 -12 -13 -14 -15
leaf_value=0.019483901456134298 0.38027782177904973 -0.64480366845256754 0.0066665963314277796 -0.066325674977218904 0.3051653784921689 -0.34822106801159497 0.3758331029974627 0.37661394613423371 -0.78971266833893272 -0.23894770355571227 -0.30795272338862828 -0.016170198800167439 0.64779761300624716 0.02775438572216897
leaf_weight=1315 147 277 1673 170 106 253 900 202 248 413 163 4389 229 220
leaf_count=1315 147 277 1673 170 106 253 900 202 248 413 163 4389 229 220
internal_value=-1.49027e-05 -0.185109 0.0570466 0.154579 -0.407839 -0.00534887 0.317376 0.0130295 -0.505664 -0.402576 -0.0661169 -0.00324136 0.365743 0.307546
internal_weight=10705 2522 8183 3192 1207 4991 1519 4738 938 690 269 4536 1349 1120
internal_count=10705 2522 8183 3192 1207 4991 1519 4738 938 690 269 4536 1349 1120
is_linear=0
shrinkage=0.05


Tree=29
num_leaves=15
num_cat=0
split_feature=71 84 71 84 69 68 70 84 24 69 53 8 58 32
split_gain=41216.8 31271.5 25157.4 17606.8 21619.9 13673 12633.8 11702.1 13276.3 17475.5 12198.7 11735 10734.7 12547.1
threshold=-0.21249999999999855 114.97924150000001 -4.6124999999999998 42.523274000000008 -1.0000000180025095e-35 11.137614778014253 7.707720604428558 248.20524800000001 299.02505250000007 11.973163848958334 -0.81241147629688992 74.40643900000002 -12.292575499999982 28.012500000000003
decision_type=2 2 2 2 2 2 2 2 2 2 2 2 2 2
left_child=1 -1 -3 -2 5 6 -5 8 9 -6 -11 -10 -4 -14
right_child=3 2 12 4 7 -7 -8 -9 11 10 -12 -13 13 -15
leaf_value=0.0039764243040051042 0.0070721250601991003 -0.58927620406863646 -0.43682286523307873 0.12523826645532002 0.26823220370824713 0.7800566770720716 -0.26300712171987761 0.06157105091557076 0.40822358178604096 1.0768406944713207 0.4964501693615726 -0.43557800820237524 -0.14224416139632065 0.47317439669912514
leaf_weight=3076 2714 422 293 431 756 50 406 439 73 127 324 92 1415 87
leaf_count=3076 2714 422 293 431 756 50 406 439 73 127 324 92 1415 87
internal_value=-1.54303e-05 -0.0992128 -0.242321 0.0970012 0.187427 -0.0148177 -0.0631754 0.286437 0.358291 0.415756 0.661907 -0.0620495 -0.16047 -0.106306
internal_weight=10705 5293 2217 5412 2698 887 837 1811 1372 1207 451 165 1795 1502
internal_count=10705 5293 2217 5412 2698 887 837 1811 1372 1207 451 165 1795 1502
is_linear=0
shrinkage=0.05


Tree=30
num_leaves=15
num_cat=0
split_feature=71 84 69 56 47 84 84 24 51 47 49 62 43 25
split_gain=37544.3 37797.2 17788.1 16047.3 15592.2 12634 12411.6 10820.9 14040.8 10533.7 9803.08 9774.2 9247.52 14660.7
threshold=-2.0499999999999985 75.408333500000012 1.421810458333332 18.240221500000022 72.497395833333357 42.523274000000008 272.06304300000005 299.02505250000007 1.5000000000000002 70.126302083333357 4.5000000000000009 233.77775500000001 47.875000000000007 105.44105271275394
decision_type=2 2 2 2 2 2 2 2 2 2 2 2 2 2
left_child=1 -1 4 6 -3 -5 11 8 -7 -10 -6 12 13 -2
right_child=3 2 -4 5 10 7 -8 -9 9 -11 -12 -13 -14 -15
leaf_value=0.018215657323915682 0.012741194487053662 0.27755884512265527 0.16517997174412141 0.0025175431747840723 -0.41776716675471626 0.016322902265011065 -0.27377289201923166 -0.048623087831905915 1.0152187429509074 0.44366159407080902 -0.91411279429282466 0.39105525555600623 0.018743058652180435 0.87282726007053657
leaf_weight=1410 123 74 145 406 966 148 329 139 105 354 111 192 6121 82
leaf_count=1410 123 74 145 406 966 148 329 139 105 354 111 192 6121 82
internal_value=-6.09405e-06 -0.160963 -0.355766 0.0544576 -0.42148 0.227027 0.025394 0.349047 0.440041 0.576333 -0.469723 0.0405343 0.0298356 0.359343
internal_weight=10705 2706 1296 7999 1151 1152 6847 746 607 459 1077 6518 6326 205
internal_count=10705 2706 1296 7999 1151 1152 6847 746 607 459 1077 6518 6326 205
is_linear=0
shrinkage=0.05


Tree=31
num_leaves=15
num_cat=0
split_feature=71 84 71 84 71 45 67 19 84 83 44 32 19 47
split_gain=34641.9 25614.1 25006.6 17818.4 13285.6 11578.4 10988.9 10466.8 9375.58 12358.4 9182.04 9055.72 11447.2 10732.7
threshold=1.0000000180025095e-35 90.300388000000012 -4.4750000000000005 42.523274000000008 3.9875000000000012 49.645833333333336 3.1851879791666664 178.63371200000003 299.97504500000008 246.65161950000001 88.781250000000014 28.012500000000003 71.082496500000005 70.747395833333357
decision_type=2 2 2 2 2 2 2 2 2 2 2 2 2 2
left_child=1 -1 7 -2 11 -4 8 -3 9 -7 -11 12 -5 -13
right_child=3 2 5 4 -6 6 -8 -9 -10 10 -12 13 -14 -15
leaf_value=0.019477961930822893 0.0059229385289336694 -0.66453320306662622 0.49853101268007949 0.16374459931752416 0.43654542455639123 -0.24206389543569806 0.28718622487398204 -0.20484959904405506 -0.82279074461954949 0.060900398284616811 -0.60435778154891784 0.82420357788095677 -0.18325182714440919 -0.020252354611312192
leaf_weight=3093 2425 338 73 1409 471 1305 142 197 52 702 55 97 285 61
leaf_count=3093 2425 338 73 1409 471 1305 142 197 52 702 55 97 285 61
internal_value=1.58851e-06 -0.0802933 -0.188011 0.100738 0.199671 -0.117088 -0.137221 -0.495965 -0.165851 -0.148893 0.0118324 0.139226 0.105292 0.500103
internal_weight=10705 5957 2864 4748 2323 2329 2256 535 2114 2062 757 1852 1694 158
internal_count=10705 5957 2864 4748 2323 2329 2256 535 2114 2062 757 1852 1694 158
is_linear=0
shrinkage=0.05


Tree=32
num_leaves=15
num_cat=0
split_feature=56 84 71 84 73 32 58 24 67 37 18 7 84 32
split_gain=31522.9 18377.4 16480.5 22278.7 15697.9 8957.19 8206.74 8221.04 8200.16 7128.65 7740.76 14323.9 8758.2 8085.54
threshold=-9.1773025000000015 121.21397400000002 1.4500000000000013 42.523274000000008 13.875000000000002 23.487500000000004 -14.974237 225.57054350000001 -0.26532110416666649 43.625000000000007 220.43074106250006 105.34579400000001 254.15859400000002 28.275000000000002
decision_type=2 2 2 2 2 2 2 2 2 2 2 2 2 2
left_child=1 -1 -2 -4 6 -6 -3 -8 -5 -10 11 -11 -13 -12
right_child=2 4 3 8 5 -7 7 -9 9 10 13 12 -14 -15
leaf_value=-0.013830466104357295 -0.011628287160655334 -0.55515616987521443 0.0049320575777824487 -0.068147313504578172 -0.88820963813954545 -0.38412797246128322 -0.57321544083265163 -0.018639750921159475 0.81395566596913693 0.57563980717034569 -0.10789581873245038 0.28561757805532423 -0.22707005070433733 0.37895846906917319
leaf_weight=856 5635 119 1671 160 148 223 77 467 66 419 215 405 104 140
leaf_count=856 5635 119 1671 160 148 223 77 467 66 419 215 405 104 140
internal_value=-5.72195e-07 -0.185242 0.0397331 0.130721 -0.326996 -0.587064 -0.180803 -0.0980444 0.269919 0.310037 0.283501 0.359405 0.180624 0.0846282
internal_weight=10705 1890 8815 3180 1034 371 663 544 1509 1349 1283 928 509 355
internal_count=10705 1890 8815 3180 1034 371 663 544 1509 1349 1283 928 509 355
is_linear=0
shrinkage=0.05


Tree=33
num_leaves=15
num_cat=0
split_feature=67 84 12 73 47 69 69 81 44 30 84 84 71 84
split_gain=28895.4 27542 20016.2 19491.5 12116.6 14072.5 10397.5 16730.8 8883.23 10535.8 7722.4 6881.75 15560.6 6952.61
threshold=-3.7711683541666656 77.844594000000015 252.87840800000001 11.625000000000002 72.497395833333357 -7.5074251354166668 -5.9078175052083326 -0.8783796973249266 42.656250000000007 20.012500000000003 270.33756400000004 42.523274000000008 1.8125000000000002 103.58978600000002
decision_type=2 2 2 2 2 2 2 2 2 2 2 2 2 2
left_child=1 -1 6 4 5 -3 7 -2 -4 -10 11 -8 13 -13
right_child=2 3 8 -5 -6 -7 10 -9 9 -11 -12 12 -14 -15
leaf_value=0.015904000199676541 -0.70829687434694044 1.0670216753715422 0.81369586798452564 -0.5156669969714055 -0.22168560342685312 -0.037500668788442805 0.0091032070858178115 -0.060855038087726465 0.55944532473704645 0.14059185738795638 -0.28866465915551132 0.31377485691772661 0.33151545567493318 -0.02294847644058454
leaf_weight=1492 114 40 61 576 711 97 3577 756 174 1067 173 178 622 1067
leaf_count=1492 114 40 61 576 711 97 3577 756 174 1067 173 178 622 1067
internal_value=-4.22724e-06 -0.134235 0.050259 -0.291444 -0.138713 0.290383 0.0143362 -0.146408 0.22909 0.199722 0.039255 0.0497267 0.127511 0.0254067
internal_weight=10705 2916 7789 1424 848 137 6487 870 1302 1241 5617 5444 1867 1245
internal_count=10705 2916 7789 1424 848 137 6487 870 1302 1241 5617 5444 1867 1245
is_linear=0
shrinkage=0.05


Tree=34
num_leaves=15
num_cat=0
split_feature=71 84 2 71 36 22 54 28 43 36 83 84 62 37
split_gain=26173.6 25681.4 13303.7 12366.8 10382.6 12054.6 8556.7 13922.8 11904.9 9887.62 8325.42 8298.7 10622 7825
threshold=-1.1874999999999998 124.16140900000001 272.45115750000008 -4.6124999999999998 23.030078125000003 148.92231267708334 1.0000000180025095e-35 24.187500000000004 53.875000000000007 23.242578125000005 177.93233050000003 270.33756400000004 226.92036650000003 56.375000000000007
decision_type=2 2 2 2 2 2 2 2 2 2 2 2 2 2
left_child=1 -1 11 -3 -4 10 9 -8 -9 -5 13 12 -2 -6
right_child=2 3 4 6 5 -7 7 8 -10 -11 -12 -13 -14 -15
leaf_value=-0.0048262372749385734 0.037132533166753905 -0.52387780324747302 -0.24389570897472079 -0.49479415073499455 0.70943785410261517 -0.14644101174672444 0.077504099472609694 0.21962824688882243 -0.70089461849049084 0.052974645788403787 1.142140204860614 -0.21862867567216271 0.33524305061451976 0.15238457259048171
leaf_weight=2398 5824 364 68 325 131 74 455 48 126 110 51 295 314 122
leaf_count=2398 5824 364 68 325 131 74 455 48 126 110 51 295 314 122
internal_value=2.50109e-06 -0.104815 0.0583071 -0.272602 0.322077 0.424267 -0.186228 -0.0681111 -0.447153 -0.356474 0.563214 0.0399727 0.052435 0.442477
internal_weight=10705 3826 6879 1428 446 378 1064 629 174 435 304 6433 6138 253
internal_count=10705 3826 6879 1428 446 378 1064 629 174 435 304 6433 6138 253
is_linear=0
shrinkage=0.05


Tree=35
num_leaves=15
num_cat=0
split_feature=67 84 12 73 47 69 69 81 32 29 19 45 36 15
split_gain=24511.2 23407.4 16890.8 16401 10660.7 11072 8913.17 14650 8392.55 11761.6 11597.7 7532.09 7450.16 7005.62
threshold=-3.7711683541666656 77.844594000000015 252.87840800000001 11.625000000000002 72.420572916666671 -7.1865718177083311 -5.9078175052083326 -0.8783796973249266 28.012500000000003 22.012500000000003 204.96285400000002 45.145833333333336 23.823307291666669 216.42415900000003
decision_type=2 2 2 2 2 2 2 2 2 2 2 2 2 2
left_child=1 -1 6 4 5 -3 7 -2 9 12 13 -12 -4 -10
right_child=2 3 8 -5 -6 -7 -8 -9 10 -11 11 -13 -14 -15
leaf_value=0.014787004611113222 -0.66131744133389514 0.94038240701653253 0.5803716549396758 -0.47423517880404448 -0.20594365860323771 -0.027936382811320454 0.036369801959656223 -0.055476356462219947 0.4298531016080171 -0.00047945010020701399 0.67130038130283365 -0.034809955465306922 0.070716962613901049 1.0519964829667823
leaf_weight=1492 114 42 183 576 712 94 5617 756 116 606 49 154 118 76
leaf_count=1492 114 42 183 576 712 94 5617 756 116 606 49 154 118 76
internal_value=4.21193e-06 -0.123624 0.0462974 -0.268554 -0.128452 0.275785 0.0132982 -0.135531 0.210575 0.126556 0.402692 0.138086 0.381469 0.680293
internal_weight=10705 2916 7789 1424 848 136 6487 870 1302 907 395 203 301 192
internal_count=10705 2916 7789 1424 848 136 6487 870 1302 907 395 203 301 192
is_linear=0
shrinkage=0.05


Tree=36
num_leaves=15
num_cat=0
split_feature=71 84 30 84 84 69 31 7 24 45 57 36 47 22
split_gain=22177.3 17363.8 14427.1 15415 14265.9 10677.7 8607.42 11368.4 11887.8 10306.3 9094.66 8463.05 8381.23 11698.3
threshold=0.81250000000000011 292.35207400000007 19.962500000000002 84.599854500000006 42.523274000000008 -13.408790343750001 21.112500000000004 97.954301000000015 299.02505250000007 86.447916666666671 1.1014188762699735 20.172395833333336 69.381510416666671 145.09375083333336
decision_type=2 2 2 2 2 2 2 2 2 2 2 2 2 2
left_child=1 2 3 -1 -2 11 10 8 12 -9 -6 -5 13 -8
right_child=4 -3 -4 5 6 -7 7 9 -10 -11 -12 -13 -14 -15
leaf_value=0.026963414665942473 0.0010654207411590092 -0.69100431438781462 -0.0020816690780678586 -0.3849660729458888 -0.10499942165064678 -0.17573147459640576 0.98647348455615802 0.027620029585651268 -0.13821482946691308 0.54279401494382784 0.35408301430477485 -0.99316942185571744 0.33935972336774078 0.19051745883056095
leaf_weight=619 2086 105 4856 279 397 720 142 596 91 115 147 72 411 69
leaf_count=619 2086 105 4856 279 397 720 142 596 91 115 147 72 411 69
internal_value=1.49091e-05 -0.0561687 -0.0458817 -0.17166 0.0921809 -0.286375 0.18871 0.253302 0.394261 0.111592 0.0194762 -0.512193 0.47226 0.728311
internal_weight=10705 6651 6546 1690 4054 1071 1968 1424 713 711 544 351 622 211
internal_count=10705 6651 6546 1690 4054 1071 1968 1424 713 711 544 351 622 211
is_linear=0
shrinkage=0.05


Tree=37
num_leaves=15
num_cat=0
split_feature=67 84 73 62 32 24 47 69 68 68 69 81 15 73
split_gain=20746.1 19898.8 14594.4 14251.3 15207.2 13592.3 9378.49 9928.04 9132.15 10125 8378.92 11475.5 7824.85 6723.01
threshold=-3.7711683541666656 81.513918500000003 11.625000000000002 16.38909150000001 28.012500000000003 299.02505250000007 72.420572916666671 -7.1865718177083311 1.3127767926793255 10.05983920261029 -10.12155789583333 -0.8783796973249266 210.49128250000004 -4.6249999999999991
decision_type=2 2 2 2 2 2 2 2 2 2 2 2 2 2
left_child=1 -1 6 10 5 8 7 -3 -5 -10 11 -2 -6 -11
right_child=3 2 -4 4 12 -7 -8 -9 9 13 -12 -13 -14 -15
leaf_value=0.013543378574115462 -0.67777710745529252 0.89262170653010531 -0.44268691538789195 0.83135183272154445 0.1775341867944164 -0.37095687877800732 -0.18852476649501312 -0.024330095656608281 0.042220541344973828 0.55266635249216101 0.021271801806833215 -0.074704463492756598 0.65384036438919391 0.11285045620488243
leaf_weight=1496 97 42 572 45 150 143 712 94 1121 188 5272 406 205 162
leaf_count=1496 97 42 572 45 150 143 712 94 1121 188 5272 406 205 162
internal_value=1.40643e-05 -0.113724 -0.247717 0.0426037 0.157093 0.0934002 -0.115838 0.263295 0.137417 0.115639 0.0026557 -0.192117 0.453648 0.349996
internal_weight=10705 2916 1420 7789 2014 1659 848 136 1516 1471 5775 503 355 350
internal_count=10705 2916 1420 7789 2014 1659 848 136 1516 1471 5775 503 355 350
is_linear=0
shrinkage=0.05


Tree=38
num_leaves=15
num_cat=0
split_feature=84 69 84 30 84 84 24 83 8 62 63 69 63 7
split_gain=19858.3 17078.4 13443.9 12444.4 13884 11942.8 11898.2 14050.2 11872.4 11617.1 10042.7 8333.58 6863.6 6717.27
threshold=282.33339050000006 0.71973328124999869 42.523274000000008 19.812500000000004 81.513918500000003 247.46176750000004 299.02505250000007 219.80874700000004 74.40643900000002 222.07640550000002 -37.787372624999996 12.278951276041669 16.511700500000011 102.87319950000001
decision_type=2 2 2 2 2 2 2 2 2 2 2 2 2 2
left_child=1 3 -3 4 -1 6 7 -4 -8 -5 -6 -9 -7 -13
right_child=-2 2 5 9 10 12 8 11 -10 -11 -12 13 -14 -15
leaf_value=0.025788544721431994 -0.4575311265480384 0.0015082002533912556 0.1870272131716757 -0.018995104831073403 -0.68181758914636736 -0.11837962820753015 0.35349557861701925 0.33425157551932339 -0.39250156451158857 0.34270240477197728 -0.21370349771234098 1.0692125890327959 0.2983708424768014 0.49262660908778866
leaf_weight=618 231 2217 837 4327 131 421 89 248 130 233 887 97 128 111
leaf_count=618 231 2217 837 4327 131 421 89 248 130 233 887 97 128 111
internal_value=2.0455e-05 0.0101543 0.0869806 -0.0428956 -0.161152 0.178877 0.251362 0.309053 -0.089105 -0.000442546 -0.274552 0.532135 -0.0208479 0.765345
internal_weight=10705 10474 4278 6196 1636 2061 1512 1293 219 4560 1018 456 549 208
internal_count=10705 10474 4278 6196 1636 2061 1512 1293 219 4560 1018 456 549 208
is_linear=0
shrinkage=0.05


Tree=39
num_leaves=15
num_cat=0
split_feature=84 69 84 30 84 84 24 83 8 62 69 36 32 45
split_gain=17930.7 15420.8 12140.9 11235.5 12534.4 10783.8 10679.8 12457.4 10603.7 10488.9 9571.74 9128.12 7776.14 6350.74
threshold=282.33339050000006 0.71973328124999869 42.523274000000008 19.812500000000004 81.513918500000003 248.20524800000001 299.02505250000007 219.80874700000004 74.40643900000002 222.07640550000002 -13.408790343750001 20.172395833333336 28.012500000000003 47.072916666666679
decision_type=2 2 2 2 2 2 2 2 2 2 2 2 2 2
left_child=1 3 -3 4 -1 6 7 -4 -8 13 11 -6 -9 -5
right_child=-2 2 5 9 10 -7 8 12 -10 -11 -12 -13 -14 -15
leaf_value=0.024501200733813178 -0.43475317797655688 0.0014328242816133644 0.17734817579385864 0.3819767194243206 -0.34289652865645148 -0.023391337555867978 0.33601718909417588 0.42229606202432857 -0.36682947602655208 0.32564051307132869 -0.15287048582507143 -0.98395854436175922 1.0498488277719733 -0.027210057876812799
leaf_weight=618 231 2217 844 96 266 534 89 406 132 233 682 70 56 4231
leaf_count=618 231 2217 844 96 266 534 89 406 132 233 682 70 56 4231
internal_value=2.51397e-05 0.0096546 0.0826576 -0.0407552 -0.153121 0.169987 0.237584 0.291947 -0.083544 -0.00041687 -0.260868 -0.478975 0.500466 -0.0180456
internal_weight=10705 10474 4278 6196 1636 2061 1527 1306 221 4560 1018 336 462 4327
internal_count=10705 10474 4278 6196 1636 2061 1527 1306 221 4560 1018 336 462 4327
is_linear=0
shrinkage=0.05


Tree=40
num_leaves=15
num_cat=0
split_feature=67 84 73 62 32 24 68 68 47 69 25 51 51 69
split_gain=16274.8 15496.8 12357.6 11621.2 12732.4 11175.4 8939.96 9175.2 8299.08 13618.9 6976.19 6516.08 6959.81 6456
threshold=-2.6006390416666663 82.580294000000023 13.375000000000002 15.021465499999993 28.275000000000002 299.02505250000007 1.3127767926793255 9.8055000003107029 72.497395833333357 -7.7817612447916646 103.98276118801375 1.5000000000000002 2.5000000000000004 -10.12155789583333
decision_type=2 2 2 2 2 2 2 2 2 2 2 2 2 2
left_child=1 -1 8 13 5 6 -5 -8 9 -3 -6 -9 -13 -2
right_child=3 2 -4 4 10 -7 7 11 -10 -11 -12 12 -14 -15
leaf_value=0.015349333497537608 -0.17069058953339999 0.88303521086390213 -0.40558879216907756 0.80997213556411429 0.038471407708375302 -0.32914172755313459 0.032704076043023327 -0.041232057743602335 -0.17094129811784875 -0.070835412176909737 0.57430382927848123 0.77201954271071238 0.24418369395808776 0.020695520970497025
leaf_weight=1608 481 51 516 46 82 144 1025 89 898 133 235 103 160 5134
leaf_count=1608 481 51 516 46 82 144 1025 89 898 133 235 103 160 5134
internal_value=2.56904e-05 -0.0942447 -0.204465 0.0403357 0.147755 0.0891519 0.131682 0.108452 -0.108264 0.196897 0.436254 0.328308 0.453044 0.00427326
internal_weight=10705 3206 1598 7499 1884 1567 1423 1377 1082 184 317 352 263 5615
internal_count=10705 3206 1598 7499 1884 1567 1423 1377 1082 184 317 352 263 5615
is_linear=0
shrinkage=0.05


Tree=41
num_leaves=15
num_cat=0
split_feature=84 69 84 47 62 84 37 25 8 84 43 36 84 69
split_gain=15591.6 12918.6 13239.3 16664.8 10241.5 9732.68 9584.93 12570.1 10001.6 8578.96 8397.17 7492.33 5428.61 5334.1
threshold=282.33339050000006 -13.408790343750001 77.844594000000015 72.497395833333357 226.92036650000003 252.44685900000005 47.875000000000007 105.36956620720093 299.02505250000007 252.75774700000002 71.375000000000014 17.496875000000006 303.76010700000006 11.840655182291668
decision_type=2 2 2 2 2 2 2 2 2 2 2 2 2 2
left_child=1 2 -1 -4 6 -5 7 -3 11 -6 -7 -8 -2 -13
right_child=12 4 3 5 9 10 8 -9 -10 -11 -12 13 -14 -15
leaf_value=0.019121809513911001 -0.28815008515516588 0.011956752088566275 0.63396017594107734 -0.46016572108937592 0.54934177074673374 -0.64104641395119533 -0.57512344568967821 0.60547053344264823 -0.73568734897507559 0.11132963463487514 0.072263516545295711 -0.0027727901861519925 -0.91401974267737818 0.10646685543071664
leaf_weight=810 189 205 47 480 161 51 53 157 44 363 199 6558 42 1346
leaf_count=810 189 205 47 480 161 51 53 157 44 363 199 6558 42 1346
internal_value=3.46913e-05 0.00901411 -0.122345 -0.269655 0.0324827 -0.32862 0.0190326 0.270324 0.00763078 0.2467 -0.0752259 0.0118331 -0.405394 0.0158411
internal_weight=10705 10474 1587 777 8887 730 8363 362 8001 524 250 7957 231 7904
internal_count=10705 10474 1587 777 8887 730 8363 362 8001 524 250 7957 231 7904
is_linear=0
shrinkage=0.05


Tree=42
num_leaves=15
num_cat=0
split_feature=84 62 69 84 69 51 36 61 71 43 9 84 84 84
split_gain=14123 14188.2 11408.7 10330.9 11861.9 11464.1 9069.06 10507.4 6935.58 6714.15 9032.78 6624.95 6123.14 5589.17
threshold=277.88047750000004 233.77775500000001 -1.3059802708333337 80.564241500000009 -15.479756260416666 3.5000000000000004 24.681901041666674 72.790737499999992 -5.8874999999999984 47.625000000000007 273.77944250000002 99.957571500000014 303.76010700000006 195.96326550000003
decision_type=2 2 2 2 2 2 2 2 2 2 2 2 2 2
left_child=1 2 3 -1 8 6 7 -6 -5 11 -11 -4 -2 -10
right_child=12 -3 9 4 5 -7 -8 -9 13 10 -12 -13 -14 -15
leaf_value=0.014988485139612604 -0.23145493886439439 0.30344285809823396 0.010664920913563533 -0.68649592648360358 -0.089479994444822644 -0.26694906970405669 0.71883577951653443 0.31278606126806702 -0.47036633891635571 0.041692856896137914 -0.47780339191941651 0.53395725499619462 -0.86938156721203841 -0.07642663507005916
leaf_weight=2117 315 397 109 120 861 532 43 199 159 5385 84 135 42 207
leaf_count=2117 315 397 109 120 861 532 43 199 159 5385 84 135 42 207
internal_value=2.59185e-05 0.0107064 -0.00100177 -0.063153 -0.141117 -0.0765462 0.0154477 -0.0137366 -0.357744 0.045106 0.0336279 0.301189 -0.308724 -0.24838
internal_weight=10705 10348 9951 4238 2121 1635 1103 1060 486 5713 5469 244 357 366
internal_count=10705 10348 9951 4238 2121 1635 1103 1060 486 5713 5469 244 357 366
is_linear=0
shrinkage=0.05


Tree=43
num_leaves=15
num_cat=0
split_feature=84 30 62 58 37 9 84 63 25 24 68 84 51 69
split_gain=12853 11055.8 11110.4 8779.3 8469.43 8983.58 8231.41 8779.62 8016.54 7011.17 6793.47 5570.12 5025.2 4705.79
threshold=282.33339050000006 19.012500000000003 187.91055150000003 -10.430126999999997 47.875000000000007 272.25950450000005 84.599854500000006 -37.787372624999996 105.36956620720093 301.16496950000004 4.9577234852295726 271.02065200000004 2.5000000000000004 11.840655182291668
decision_type=2 2 2 2 2 2 2 2 2 2 2 2 2 2
left_child=1 6 4 -4 8 13 -1 -8 -3 10 -7 -5 -10 -6
right_child=-2 2 3 11 5 9 7 -9 12 -11 -12 -13 -14 -15
leaf_value=0.029185626842527741 -0.36808601098600779 0.035921872575473995 -0.18648917505880661 0.3691962746473989 -0.0053880314927286978 -0.5114927443185 -0.60409803428957543 -0.15053642719771815 0.7363188710212708 -0.8649847232160115 0.019926111417011037 0.034641451227407048 0.10236672086918608 0.099235857439705644
leaf_weight=573 231 176 117 481 6319 92 123 775 99 41 170 168 46 1294
leaf_count=573 231 176 117 481 6319 92 123 775 99 41 170 168 46 1294
internal_value=1.88689e-05 0.00817164 0.0289393 0.210953 0.0119894 0.00176421 -0.118867 -0.213264 0.263358 -0.264772 -0.167914 0.28278 0.537282 0.0124058
internal_weight=10705 10474 9003 766 8237 7916 1471 898 321 303 262 649 145 7613
internal_count=10705 10474 9003 766 8237 7916 1471 898 321 303 262 649 145 7613
is_linear=0
shrinkage=0.05


Tree=44
num_leaves=15
num_cat=0
split_feature=84 62 69 84 84 43 37 24 8 36 54 84 60 73
split_gain=11832.6 13384.3 9843.35 12322.4 11432.4 7983.92 7134.4 10359.3 8576.78 6524.97 6418.24 5867.91 5366.68 4182.9
threshold=275.36804450000005 233.77775500000001 -12.816781651041664 84.599854500000006 252.44685900000005 70.875000000000014 47.875000000000007 278.84935850000005 299.02505250000007 17.496875000000006 1.0000000180025095e-35 303.76010700000006 67.482414500000019 4.8750000000000009
decision_type=2 2 2 2 2 2 2 2 2 2 2 2 2 2
left_child=1 2 3 -1 12 -6 7 -4 9 -8 -9 -2 -5 -11
right_child=11 -3 6 4 5 -7 8 10 -10 13 -12 -13 -14 -15
leaf_value=0.016083246251870933 -0.19292708511633103 0.30658782135902185 -0.050370713932872083 -0.44176413866067787 -0.56375373754095526 0.16115780482727171 -0.54229245334863663 0.1200864089554862 -0.67630332178539698 0.043056272799380353 0.71064021020881407 -0.80894710036904316 0.15143791515202751 -0.037488307218177717
leaf_weight=865 399 368 167 471 46 197 51 75 44 5548 120 42 41 2271
leaf_count=865 399 368 167 471 46 197 51 75 44 5548 120 42 41 2271
internal_value=1.20209e-05 0.0109191 -0.000105754 -0.112777 -0.260237 0.0221837 0.0219602 0.23871 0.0120168 0.0159505 0.485276 -0.253293 -0.394059 0.0196606
internal_weight=10705 10264 9896 1620 755 243 8276 362 7914 7870 195 441 512 7819
internal_count=10705 10264 9896 1620 755 243 8276 362 7914 7870 195 441 512 7819
is_linear=0
shrinkage=0.05


Tree=45
num_leaves=15
num_cat=0
split_feature=67 84 73 12 62 32 36 71 68 69 58 69 24 61
split_gain=11002.1 8880.03 10814.3 8798.58 8475.43 9069.27 10472.3 12911.5 9513.88 7142.14 6752.35 9215.66 8537.13 6735.41
threshold=-0.7408010833333335 84.599854500000006 11.625000000000002 70.671973500000021 16.38909150000001 28.812500000000004 24.348177083333336 3.2000000000000015 1.3127767926793255 12.437129489583334 -14.974237 -6.9326270520833324 281.72766850000005 90.992939000000007
decision_type=2 2 2 2 2 2 2 2 2 2 2 2 2 2
left_child=1 -1 3 -3 -2 6 8 -8 -6 -10 11 -5 -12 -4
right_child=4 2 13 10 5 -7 7 -9 9 -11 12 -13 -14 -15
leaf_value=0.011972931804305193 0.0078091854461168125 -0.49049565997145594 -0.38705815231906521 0.080657977267401301 0.91145802500636075 0.42601031030575609 -0.25564450552504109 0.43756611625708292 0.088229933928280421 0.49335183782241077 -0.031168486425721367 -0.69865663925438759 0.39225215536040625 0.017315303278697094
leaf_weight=1815 5338 108 524 71 42 235 335 83 730 127 954 80 135 128
leaf_count=1815 5338 108 524 71 42 235 335 83 730 127 954 80 135 128
internal_value=2.99111e-06 -0.068107 -0.140749 -0.059798 0.03772 0.140525 0.0892996 -0.117282 0.185375 0.148771 -0.0219206 -0.334104 0.0216334 -0.307767
internal_weight=10705 3815 2000 1348 6890 1552 1317 418 899 857 1240 151 1089 652
internal_count=10705 3815 2000 1348 6890 1552 1317 418 899 857 1240 151 1089 652
is_linear=0
shrinkage=0.05


Tree=46
num_leaves=15
num_cat=0
split_feature=84 30 60 24 37 29 22 47 68 84 58 63 73 32
split_gain=10321.8 9287.02 7240.62 8683.29 7932.82 7097.75 11117.4 13049.8 7020.91 6972.4 6837.31 6182.63 6034.67 5369.99
threshold=292.35207400000007 19.012500000000003 1.7672745000000136 322.54412650000006 47.625000000000007 22.012500000000003 135.42694607812504 69.820312500000014 10.05983920261029 99.23469900000002 -8.8124470000000041 -37.787372624999996 7.3750000000000009 28.275000000000002
decision_type=2 2 2 2 2 2 2 2 2 2 2 2 2 2
left_child=1 9 -3 4 13 6 7 -6 12 -1 -8 -11 -7 -4
right_child=-2 2 3 -5 5 8 10 -9 -10 11 -12 -13 -14 -15
leaf_value=0.02173870715809469 -0.49093983543790742 0.00091205897210157772 0.013899666348169016 -0.56100620036112503 1.1185694562299748 -0.025866505105508093 -0.30014608142371402 0.26077557262244894 0.22289349223641175 -0.51925984683858106 0.12381606436460696 -0.14472645553427185 -0.42911021580431064 0.68895621901810777
leaf_weight=597 105 7199 42 46 48 388 130 483 206 128 346 768 121 98
leaf_count=597 105 7199 42 46 48 388 130 483 206 128 346 768 121 98
internal_value=7.52835e-06 0.00491654 0.0238691 0.110441 0.127322 0.097734 0.183205 0.340273 -0.0227298 -0.110629 0.00764159 -0.19875 -0.122379 0.487974
internal_weight=10705 10600 9107 1908 1862 1722 1007 531 715 1493 476 896 509 140
internal_count=10705 10600 9107 1908 1862 1722 1007 531 715 1493 476 896 509 140
is_linear=0
shrinkage=0.05


end of trees

feature_importances:
consumo_alvo_semana_anterior=150
temperatura_externa_c_diferenca_semana_atual=96
correcao_semanal_media_1440m=58
consumo_max_1440m=47
correcao_semanal_media_360m=25
umidade_relativa_pct_diferenca_semana_atual=20
temperatura_externa_c_media_1440m=19
correcao_semanal_std_360m=18
temperatura_externa_c_lag_1440m=15
tendencia_consumo_360m=15
umidade_relativa_pct_atual=13
umidade_relativa_pct_media_1440m=13
umidade_relativa_pct_lag_1440m=12
correcao_semanal_std_1440m=10
consumo_max_60m=9
temperatura_externa_c_lag_360m=9
origem_dia_semana=9
consumo_diferenca_dia_atual=9
consumo_std_1440m=8
consumo_alvo_dia_anterior=8
consumo_lag_1440m=7
consumo_min_360m=6
consumo_mean_1440m=6
umidade_relativa_pct_media_180m=6
consumo_diferenca_semana_atual=6
temperatura_externa_c_lag_720m=5
umidade_relativa_pct_media_60m=5
origem_mes=5
correcao_semanal_media_60m=5
consumo_lag_720m=4
consumo_lag_10080m=3
consumo_mean_360m=3
temperatura_externa_c_lag_180m=3
origem_semana_sin=3
alvo_semana_sin=3
consumo_lag_30m=2
consumo_min_180m=2
umidade_relativa_pct_lag_60m=2
umidade_relativa_pct_lag_720m=2
origem_hora_cos=2
tendencia_consumo_60m=2
tendencia_consumo_180m=2
alvo_hora_cos=2
consumo_lag_360m=1
consumo_max_360m=1
temperatura_externa_c_atual=1
temperatura_externa_c_lag_60m=1
temperatura_externa_c_media_180m=1
temperatura_externa_c_media_360m=1
umidade_relativa_pct_lag_15m=1
consumo_razao_semana_atual=1
temperatura_externa_c_tendencia_1h=1

parameters:
[boosting: gbdt]
[objective: regression]
[metric: l1]
[tree_learner: serial]
[device_type: cpu]
[data_sample_strategy: bagging]
[data: ]
[valid: ]
[num_iterations: 400]
[learning_rate: 0.05]
[num_leaves: 15]
[num_threads: 2]
[seed: 20260905]
[deterministic: 1]
[force_col_wise: 1]
[force_row_wise: 0]
[histogram_pool_size: -1]
[max_depth: -1]
[min_data_in_leaf: 40]
[min_sum_hessian_in_leaf: 0.001]
[bagging_fraction: 1]
[pos_bagging_fraction: 1]
[neg_bagging_fraction: 1]
[bagging_freq: 0]
[bagging_seed: 23218]
[bagging_by_query: 0]
[feature_fraction: 1]
[feature_fraction_bynode: 1]
[feature_fraction_seed: 28090]
[extra_trees: 0]
[extra_seed: 14360]
[early_stopping_round: 0]
[early_stopping_min_delta: 0]
[first_metric_only: 0]
[max_delta_step: 0]
[lambda_l1: 0]
[lambda_l2: 1]
[linear_lambda: 0]
[min_gain_to_split: 0]
[drop_rate: 0.1]
[max_drop: 50]
[skip_drop: 0.5]
[xgboost_dart_mode: 0]
[uniform_drop: 0]
[drop_seed: 16970]
[top_rate: 0.2]
[other_rate: 0.1]
[min_data_per_group: 100]
[max_cat_threshold: 32]
[cat_l2: 10]
[cat_smooth: 10]
[max_cat_to_onehot: 4]
[top_k: 20]
[monotone_constraints: ]
[monotone_constraints_method: basic]
[monotone_penalty: 0]
[feature_contri: ]
[forcedsplits_filename: ]
[refit_decay_rate: 0.9]
[cegb_tradeoff: 1]
[cegb_penalty_split: 0]
[cegb_penalty_feature_lazy: ]
[cegb_penalty_feature_coupled: ]
[path_smooth: 0]
[interaction_constraints: ]
[verbosity: -1]
[saved_feature_importance_type: 0]
[use_quantized_grad: 0]
[num_grad_quant_bins: 4]
[quant_train_renew_leaf: 0]
[stochastic_rounding: 1]
[linear_tree: 0]
[max_bin: 255]
[max_bin_by_feature: ]
[min_data_in_bin: 3]
[bin_construct_sample_cnt: 200000]
[data_random_seed: 5037]
[is_enable_sparse: 1]
[enable_bundle: 1]
[use_missing: 1]
[zero_as_missing: 0]
[feature_pre_filter: 1]
[pre_partition: 0]
[two_round: 0]
[header: 0]
[label_column: ]
[weight_column: ]
[group_column: ]
[ignore_column: ]
[categorical_feature: ]
[forcedbins_filename: ]
[precise_float_parser: 0]
[parser_config_file: ]
[objective_seed: 15411]
[num_class: 1]
[is_unbalance: 0]
[scale_pos_weight: 1]
[sigmoid: 1]
[boost_from_average: 1]
[reg_sqrt: 0]
[alpha: 0.9]
[fair_c: 1]
[poisson_max_delta_step: 0.7]
[tweedie_variance_power: 1.5]
[lambdarank_truncation_level: 30]
[lambdarank_norm: 1]
[label_gain: ]
[lambdarank_position_bias_regularization: 0]
[eval_at: ]
[multi_error_top_k: 1]
[auc_mu_weights: ]
[num_machines: 1]
[local_listen_port: 12400]
[time_out: 120]
[machine_list_filename: ]
[machines: ]
[gpu_platform_id: -1]
[gpu_device_id: -1]
[gpu_device_id_list: ]
[gpu_use_dp: 0]
[num_gpu: 1]

end of parameters

pandas_categorical:[]
