tree
version=v4
num_class=1
num_tree_per_iteration=1
label_index=0
max_feature_idx=84
objective=regression
feature_names=consumo_atual_kw consumo_lag_15m consumo_lag_30m consumo_lag_60m consumo_lag_120m consumo_lag_180m consumo_lag_360m consumo_lag_720m consumo_lag_1440m consumo_lag_10080m consumo_mean_60m consumo_min_60m consumo_max_60m consumo_std_60m consumo_mean_180m consumo_min_180m consumo_max_180m consumo_std_180m consumo_mean_360m consumo_min_360m consumo_max_360m consumo_std_360m consumo_mean_1440m consumo_min_1440m consumo_max_1440m consumo_std_1440m temperatura_externa_c_atual temperatura_externa_c_lag_15m temperatura_externa_c_lag_60m temperatura_externa_c_lag_180m temperatura_externa_c_lag_360m temperatura_externa_c_lag_720m temperatura_externa_c_lag_1440m temperatura_externa_c_media_60m temperatura_externa_c_media_180m temperatura_externa_c_media_360m temperatura_externa_c_media_1440m umidade_relativa_pct_atual umidade_relativa_pct_lag_15m umidade_relativa_pct_lag_60m umidade_relativa_pct_lag_180m umidade_relativa_pct_lag_360m umidade_relativa_pct_lag_720m umidade_relativa_pct_lag_1440m umidade_relativa_pct_media_60m umidade_relativa_pct_media_180m umidade_relativa_pct_media_360m umidade_relativa_pct_media_1440m origem_hora origem_dia_semana origem_fim_de_semana origem_mes origem_hora_sin origem_hora_cos origem_semana_sin origem_semana_cos consumo_diferenca_semana_atual consumo_razao_semana_atual consumo_diferenca_dia_atual tendencia_consumo_15m tendencia_consumo_60m tendencia_consumo_180m tendencia_consumo_360m correcao_semanal_media_60m correcao_semanal_std_60m correcao_semanal_media_180m correcao_semanal_std_180m correcao_semanal_media_360m correcao_semanal_std_360m correcao_semanal_media_1440m correcao_semanal_std_1440m temperatura_externa_c_diferenca_semana_atual temperatura_externa_c_tendencia_1h umidade_relativa_pct_diferenca_semana_atual umidade_relativa_pct_tendencia_1h alvo_hora alvo_dia_semana alvo_fim_de_semana alvo_mes alvo_hora_sin alvo_hora_cos alvo_semana_sin alvo_semana_cos consumo_alvo_dia_anterior consumo_alvo_semana_anterior
feature_infos=[22.399999999999999:324.71375799999998] [22.399999999999999:324.71375799999998] [22.399999999999999:324.71375799999998] [22.399999999999999:324.71375799999998] [22.399999999999999:324.71375799999998] [22.399999999999999:324.71375799999998] [22.399999999999999:324.71375799999998] [22.399999999999999:324.71375799999998] [22.399999999999999:324.71375799999998] [22.399999999999999:324.71375799999998] [22.399999999999999:321.24876725000001] [22.399999999999999:318.278571] [22.399999999999999:324.71375799999998] [0:82.540869055199337] [22.399999999999999:313.28577408333337] [22.399999999999999:302.53573799999998] [22.399999999999999:324.71375799999998] [0:92.970139865692389] [22.399999999999999:295.13563500000004] [22.399999999999999:249.29458700000001] [22.399999999999999:324.71375799999998] [0:116.53386463160022] [23.200000000000003:159.49963871874999] none [25.600000000000001:324.71375799999998] [1.3929144002343703:128.71471884334804] [15:33.700000000000003] [15:33.700000000000003] [15:33.700000000000003] [15:33.700000000000003] [15:33.700000000000003] [15:33.700000000000003] [15:33.700000000000003] [15:33.4375] [15:32.71875] [15.333333333333334:31.620833333333334] [16.439843749999998:27.283072916666669] [31:98] [31:98] [31:98] [31:98] [31:98] [31:98] [31:98] [32.5:95.625] [33.666666666666664:95.083333333333329] [37.041666666666664:94] [59.309895833333336:91.638020833333329] [0:23.75] [0:6] [0:1] [1:4] [-1:1] [-1:1] [-0.97492791218182362:0.97492791218182362] [-0.90096886790241903:1] [-72.635950000000008:77.445233000000002] [0.43630911779503978:2.09406877563422] [-291.363968:296.779246] [-121.30707899999999:153.05878799999999] [-124.27709300000001:153.05878799999999] [-180.63157299999997:268.16051600000003] [-299.363968:299.97924600000005] [-70.384351250000009:75.467424499999993] [0:44.359338508129341] [-67.777903583333341:70.921986416666655] [0:38.631403568061003] [-64.848194500000005:62.415354583333333] [0:37.083675449251288] [-34.945017510416669:27.905951093750001] [0:30.68446053870321] [-12:11.5] [-8:4.8000000000000007] [-49:48] [-30:40] [0:23.75] [0:6] [0:1] [1:4] [-1:1] [-1:1] [-0.97492791218182362:0.97492791218182362] [-0.90096886790241903:1] [22.399999999999999:324.71375799999998] [22.399999999999999:324.71375799999998]
tree_sizes=1415 1423 1426 1429 1434 1425 1430 1431 1425 1418 1436 1436 1417 1440 1434 1435 1435 1435 1424 1447 1453 1434 1427 1432 1426 1432 1448 1450 1431 1449 1441 1451 1455 1425 1449 1440 1444 1446 1435 1437 1436 1439 1434 1443 1432 1455 1439 1448 1439 1454 1450 1426 1447 1455 1457 1449 1439 1453 1445 1443 1441 1422

Tree=0
num_leaves=15
num_cat=0
split_feature=56 56 84 56 56 84 56 56 71 84 56 84 71 28
split_gain=1.36491e+06 835800 138506 112709 94327.4 81710.5 80999.9 26712 25521.8 22297.1 21587.9 17496.3 54310.5 29343.3
threshold=-17.784266499999983 12.469554000000004 90.604533000000018 -39.120545499999984 28.185099000000026 42.523274000000008 -5.1962375000000014 2.7643829999999814 8.3125000000000018 42.523274000000008 -28.725449499999993 103.789889 -1.9249999999999987 19.087500000000002
decision_type=2 2 2 2 2 2 2 2 2 2 2 2 2 2
left_child=2 6 -1 -4 9 -6 -2 11 -7 -3 -5 -8 13 -13
right_child=1 4 3 10 5 8 7 -9 -10 -11 -12 12 -14 -15
leaf_value=-0.95703964845221545 -1.4079503658203611 -0.950936049163561 -3.3899306734255812 -2.6251656338699636 -0.95094735852082413 0.79720645263866707 -0.93100066399957304 -0.63847853364227314 1.8742801656602444 0.0099317051107048471 -2.0838677497031597 -2.9500611098816885 -0.99270086746491804 -1.5046641683194273
leaf_weight=126 1029 66 394 363 65 551 5331 693 64 721 398 54 750 100
leaf_count=126 1029 66 394 363 65 551 5331 693 64 721 398 54 750 100
internal_value=-1.0002 -0.791994 -2.53088 -2.70246 0.304211 0.735865 -0.994236 -0.932738 0.913777 -0.0704845 -2.34386 -0.965497 -1.16878 -2.0208
internal_weight=10705 9424 1281 1155 1467 680 7957 6928 615 787 761 6235 904 154
internal_count=10705 9424 1281 1155 1467 680 7957 6928 615 787 761 6235 904 154
is_linear=0
shrinkage=1


Tree=1
num_leaves=15
num_cat=0
split_feature=56 56 84 56 56 56 84 84 71 56 56 56 84 71
split_gain=1.23241e+06 759550 123695 94926.6 90427.6 77701.9 73959 23365.7 20842.9 20238.1 17776 17226.8 15809.4 49094.8
threshold=-18.735693999999999 11.821706499999992 90.604533000000018 -40.700866499999997 29.441422500000005 -5.1962375000000014 42.523274000000008 42.523274000000008 8.3125000000000018 2.7643829999999814 -29.421546499999994 22.745079500000006 103.789889 -1.9249999999999987
decision_type=2 2 2 2 2 2 2 2 2 2 2 2 2 2
left_child=2 5 -1 -4 7 -2 -6 -3 -8 12 -5 -9 -7 -14
right_child=1 4 3 10 6 9 8 11 -10 -11 -12 -13 13 -15
leaf_value=0.043077172006457304 -0.39694644789221878 0.045871341268221538 -2.2968552750905356 -1.5700769555141776 0.046792647100630261 0.065739648178672533 1.7512077065004457 0.80285594256387827 2.7414895042777063 0.32572816170057844 -1.0726596992203363 1.2894670949284952 -0.97036355327213963 0.0071243024122381654
leaf_weight=120 1071 74 374 362 62 5331 495 530 63 651 383 285 154 750
leaf_count=120 1071 74 374 362 62 5331 495 530 63 651 383 285 154 750
internal_value=-7.93417e-06 0.194134 -1.48222 -1.64568 1.22222 -0.000965573 1.68599 0.897241 1.86772 0.0606712 -1.31614 0.974392 0.0329487 -0.160283
internal_weight=10705 9466 1239 1119 1509 7957 620 889 558 6886 745 815 6235 904
internal_count=10705 9466 1239 1119 1509 7957 620 889 558 6886 745 815 6235 904
is_linear=0
shrinkage=0.05


Tree=2
num_leaves=15
num_cat=0
split_feature=56 56 56 84 84 56 56 84 71 84 66 56 71 56
split_gain=1.11413e+06 667798 113261 78920.8 75945 63573.6 59732.3 42342.1 49809.8 34484.3 29080 24483.9 20160.6 17263.7
threshold=-14.978073999999991 17.480852500000001 -34.188549000000002 101.70276950000002 42.523274000000008 5.3097015000000036 36.116862000000005 103.789889 -1.8499999999999994 90.604533000000018 4.6251717552184865e-07 -44.093216500000004 2.2375000000000012 -23.553458499999994
decision_type=2 2 2 2 2 2 2 2 2 2 2 2 2 2
left_child=2 5 3 -1 -3 7 -6 -2 10 -4 -9 -5 -10 -11
right_child=1 4 9 11 6 -7 -8 8 12 13 -12 -13 -14 -15
leaf_value=0.044851862611594025 0.061595576239373728 0.044816212491555651 0.043223144679233945 -2.2901808752616248 1.1803670295057151 0.47328044920864482 1.9898931249841914 -1.4991970715851621 -0.11387942654232758 -1.2600701495716915 -0.47596598334505524 -1.6191898168201515 0.73959886659995644 -0.76246154634758234
leaf_weight=53 5487 109 86 299 753 756 332 86 1328 361 354 278 72 351
leaf_count=53 5487 109 86 299 753 756 332 86 1328 361 354 278 72 351
internal_value=-3.738e-06 0.200164 -1.29962 -1.80093 1.3034 0.0370555 1.42968 -0.00801263 -0.21551 -0.902092 -0.678907 -1.97026 -0.0694897 -1.01617
internal_weight=10705 9277 1428 630 1194 8083 1085 7327 1840 798 440 577 1400 712
internal_count=10705 9277 1428 630 1194 8083 1085 7327 1840 798 440 577 1400 712
is_linear=0
shrinkage=0.05


Tree=3
num_leaves=15
num_cat=0
split_feature=56 56 56 84 84 56 56 84 84 71 66 56 71 71
split_gain=1.00732e+06 588764 131581 77148.6 71362 59198 49222.9 31156.7 26991.4 38365.2 29343.4 25978.9 17679.6 17245.4
threshold=-12.385231000000003 18.240221500000022 -32.732796999999998 101.70276950000002 42.523274000000008 5.3097015000000036 36.832735000000021 90.604533000000018 103.789889 -1.8874999999999991 4.6251717552184865e-07 -44.093216500000004 -3.0124999999999988 2.2375000000000012
decision_type=2 2 2 2 2 2 2 2 2 2 2 2 2 2
left_child=2 5 3 -1 -3 8 -6 -4 -2 10 -10 -5 -9 -11
right_child=1 4 7 11 6 -7 -8 12 9 13 -12 -13 -14 -15
leaf_value=0.042752488812462235 0.059653608362284422 0.042595773691480814 0.061654327465937686 -2.1760535537401835 1.1594898515823011 0.45934673642334023 1.9138097670427552 -1.1322162897079842 -1.4250988684937189 -0.087446360586677485 -0.37059806498405146 -1.5191325671637237 -0.65920516344434343 0.70312549202281938
leaf_weight=60 5449 109 103 299 730 798 313 347 86 1253 278 334 474 72
leaf_count=60 5449 109 103 299 730 798 313 347 86 1253 278 334 474 72
internal_value=-1.9633e-05 0.204602 -1.14947 -1.6702 1.26037 0.0512058 1.38747 -0.757537 0.00551928 -0.169059 -0.62296 -1.83237 -0.86026 -0.0439891
internal_weight=10705 9088 1617 693 1152 7936 1043 924 7138 1689 364 633 821 1325
internal_count=10705 9088 1617 693 1152 7936 1043 924 7138 1689 364 633 821 1325
is_linear=0
shrinkage=0.05


Tree=4
num_leaves=15
num_cat=0
split_feature=56 56 84 56 56 84 56 71 56 71 84 17 52 84
split_gain=910362 558833 92715.8 73728.8 68943.2 55924 54873.3 20744.8 18430.6 17572.9 33784.4 30002.2 20087.1 27285.7
threshold=-17.784266499999983 11.821706499999992 97.511644500000003 -42.873081999999975 27.339237999999998 42.523274000000008 -5.6909425000000047 6.2750000000000012 -28.725449499999993 0.20000000000000109 42.523274000000008 2.3981020041341209e-05 0.97335555334614943 95.076887000000013
decision_type=2 2 2 2 2 2 2 2 2 2 2 2 2 2
left_child=2 6 -1 -4 -3 -6 -2 -7 -5 12 -11 -12 -8 -14
right_child=1 4 3 8 5 7 9 -9 -10 10 11 -13 13 -15
leaf_value=-0.015688227323720057 -0.35105697125212831 0.72709259422000827 -2.0432222946733236 -1.3690594654513277 0.04024927443352299 1.33162388820466 0.020948450597135682 1.933630166703771 -0.8898032686725641 0.035911385703877446 0.943007448480357 0.24365879652742728 0.0094947086751461032 -0.78139946283196515
leaf_weight=136 966 789 319 437 68 421 3427 231 389 2208 198 674 249 193
leaf_count=136 966 789 319 437 68 421 3427 231 389 2208 198 674 249 193
internal_value=-3.23289e-05 0.170006 -1.25012 -1.3966 1.05148 1.40544 0.00184156 1.54755 -1.14471 0.0509424 0.140038 0.403354 -0.0200017 -0.336835
internal_weight=10705 9424 1281 1145 1509 720 7915 652 826 6949 3080 872 3869 442
internal_count=10705 9424 1281 1145 1509 720 7915 652 826 6949 3080 872 3869 442
is_linear=0
shrinkage=0.05


Tree=5
num_leaves=15
num_cat=0
split_feature=56 56 56 84 84 56 56 84 56 84 71 35 71 71
split_gain=823187 481860 107114 63202.9 59771.4 48653.6 41068 26180.2 22693.6 22343.6 32790.9 27218.4 14916.7 14673.6
threshold=-12.385231000000003 18.240221500000022 -32.732796999999998 101.70276950000002 42.523274000000008 5.4663134999999849 36.832735000000021 90.604533000000018 -51.601162000000009 103.789889 -1.8499999999999994 19.101041666666671 -3.0124999999999988 1.9500000000000013
decision_type=2 2 2 2 2 2 2 2 2 2 2 2 2 2
left_child=2 5 3 -1 -3 9 -6 -4 -5 -2 11 -11 -9 -12
right_child=1 4 7 8 6 -7 -8 12 -10 10 13 -13 -14 -15
leaf_value=0.041421462033615741 0.054752291058976367 0.025690914849666031 0.06534381620585919 -2.1532427630672566 1.0481839793325285 0.42169425595015442 1.7371005911830886 -1.0294264104795354 -1.4658643395982651 -1.6433791123184502 -0.093006285334645417 -0.39641818217670427 -0.59503932589763087 0.45493607538998787
leaf_weight=60 5454 109 103 172 730 777 313 347 461 50 1202 318 474 135
leaf_count=60 5454 109 103 172 730 777 313 347 461 50 1202 318 474 135
internal_value=-3.14742e-05 0.184945 -1.03912 -1.50895 1.14007 0.046172 1.25639 -0.685501 -1.65574 0.00536156 -0.15257 -0.569837 -0.779664 -0.0373806
internal_weight=10705 9088 1617 693 1152 7936 1043 924 633 7159 1705 368 821 1337
internal_count=10705 9088 1617 693 1152 7936 1043 924 633 7159 1705 368 821 1337
is_linear=0
shrinkage=0.05


Tree=6
num_leaves=15
num_cat=0
split_feature=56 56 84 56 56 56 84 71 84 71 84 17 71 52
split_gain=744485 459951 74838.4 59081.3 57030.7 48464.6 45376.8 16499.1 16493.3 15076.7 26958.1 29322.1 16971 16676.3
threshold=-18.735693999999999 11.517540500000004 97.511644500000003 29.441422500000005 -42.873081999999975 -6.9021500000000122 42.523274000000008 8.3125000000000018 42.523274000000008 0.20000000000000109 42.523274000000008 2.3981020041341209e-05 1.9500000000000013 0.97335555334614943
decision_type=2 2 2 2 2 2 2 2 2 2 2 2 2 2
left_child=2 5 -1 8 -4 -2 -5 -8 -3 13 -11 12 -12 -7
right_child=1 3 4 6 -6 9 7 -9 -10 10 11 -13 -14 -15
leaf_value=-0.012026782677723813 -0.35144545514366482 -0.018372580302613125 -1.8498428882658482 0.036944250833420532 -1.0543524448044899 0.013347424987152572 1.360662635205494 2.2355125874280932 0.75075571637221439 0.03109480024119704 0.40902585356505877 0.20197648647406774 1.3391770161471321 -0.31211932914806678
leaf_weight=129 882 76 319 62 791 3527 495 63 834 2207 96 680 102 442
leaf_count=129 882 76 319 62 791 3527 495 63 834 2207 96 680 102 442
internal_value=-4.63745e-05 0.150847 -1.15206 0.944321 -1.28443 -0.00222898 1.32092 1.46326 0.686571 0.0414791 0.124373 0.35854 0.892516 -0.022967
internal_weight=10705 9466 1239 1530 1110 7936 620 558 910 7054 3085 878 198 3969
internal_count=10705 9466 1239 1530 1110 7936 620 558 910 7054 3085 878 198 3969
is_linear=0
shrinkage=0.05


Tree=7
num_leaves=15
num_cat=0
split_feature=56 56 84 56 56 84 56 71 71 52 84 84 69 21
split_gain=672935 422055 62900.3 56489.2 52202.5 47696.8 44102.8 20963 13392.6 19511.2 23692.2 18756.6 25428.7 17165.4
threshold=-21.157216999999999 11.086414999999997 92.304960000000008 24.524234499999981 -7.0630304999999955 42.523274000000008 -44.093216500000004 6.2750000000000012 -0.087500000000000341 0.97335555334614943 87.37510300000001 42.523274000000008 10.814061364583337 29.551153469114549
decision_type=2 2 2 2 2 2 2 2 2 2 2 2 2 2
left_child=2 4 -1 -3 -2 -5 -4 -7 9 -6 -11 -10 -13 -14
right_child=1 3 6 5 8 7 -8 -9 11 10 -12 12 13 -15
leaf_value=0.039411865671475727 -0.3541025931413373 0.55331327347138715 -1.7808553524017334 0.029536251881543331 0.0072241455453314427 1.105327325297603 -1.0562403224580954 1.6747235015896729 0.030039291715435318 0.021571757921742069 -0.79411260260658423 0.17674832380828429 1.1750506193209918 0.025382928161517434
leaf_weight=101 966 691 299 84 3053 535 734 241 2554 179 176 931 116 45
leaf_count=101 966 691 299 84 3053 535 734 241 2554 179 176 931 116 45
internal_value=-3.10712e-05 0.136465 -1.15117 0.8912 -0.0095875 1.16173 -1.2675 1.28409 0.0376351 -0.0336206 -0.383919 0.10423 0.277564 0.855855
internal_weight=10705 9571 1134 1551 8020 860 1033 776 7054 3408 355 3646 1092 161
internal_count=10705 9571 1134 1551 8020 860 1033 776 7054 3408 355 3646 1092 161
is_linear=0
shrinkage=0.05


Tree=8
num_leaves=15
num_cat=0
split_feature=56 56 56 84 84 56 71 84 71 84 71 35 84 71
split_gain=608881 356604 83515.8 47341.8 45268.4 37480.6 31395.5 20164.9 18957.1 18085.3 26410.7 23830.5 12963.3 12120.5
threshold=-12.096634000000021 18.553630999999999 -32.732796999999998 101.70276950000002 42.523274000000008 5.3097015000000036 6.0125000000000002 90.604533000000018 -5.0124999999999984 103.789889 -1.8499999999999994 19.101041666666671 287.58038500000004 2.2624999999999997
decision_type=2 2 2 2 2 2 2 2 2 2 2 2 2 2
left_child=2 5 3 -1 -3 9 -6 -4 -5 -2 11 -11 -9 -12
right_child=1 4 7 8 6 -7 -8 12 -10 10 13 -13 -14 -15
leaf_value=0.038037531786277647 0.049085083915815265 0.016719663990746945 0.079498536712848233 -1.6548522358463575 0.92452463692383147 0.36194951960726124 1.5560077067683726 -0.61273899810939547 -1.0845418710202452 -1.5197889136333094 -0.069361332032479156 -0.3513742863063295 -1.4817431035249129 0.62597001821480014
leaf_weight=60 5448 108 103 382 752 819 271 797 251 50 1243 311 45 65
leaf_count=60 5448 108 103 382 752 819 271 797 251 50 1243 311 45 65
internal_value=-2.55363e-05 0.160275 -0.886913 -1.30374 0.99048 0.0418488 1.09317 -0.580188 -1.43078 0.004967 -0.138988 -0.516956 -0.660885 -0.0343556
internal_weight=10705 9067 1638 693 1131 7936 1023 945 633 7117 1669 361 842 1308
internal_count=10705 9067 1638 693 1131 7936 1023 945 633 7117 1669 361 842 1308
is_linear=0
shrinkage=0.05


Tree=9
num_leaves=15
num_cat=0
split_feature=56 56 84 56 56 56 84 56 71 84 71 84 30 56
split_gain=551586 344989 51546 44559.1 39825 36208.6 34021.7 13366 12964.5 12039.7 11537.9 10936.3 9948.96 8203.01
threshold=-21.157216999999999 13.229067499999994 98.207283500000003 -4.5722814999999875 29.782057499999997 -42.873081999999975 63.145266500000005 2.7643829999999814 8.3125000000000018 42.523274000000008 -5.0124999999999984 284.32638350000008 26.462500000000002 22.745079500000006
decision_type=2 2 2 2 2 2 2 2 2 2 2 2 2 2
left_child=2 3 -1 11 9 10 -6 -5 -8 -3 -4 -2 -7 -11
right_child=1 4 5 7 6 12 8 -9 -10 13 -12 -13 -14 -15
leaf_value=-0.0031324451122808892 -0.24641316416258366 -0.033008160253069296 -1.7581441034873326 0.02346591672253738 0.087740986881887209 -1.0060555951047019 1.1889986905385987 0.24889311158679092 1.9664709016680719 0.53393371809282131 -1.0085629229744277 -0.98153145313262946 -0.32103493545204403 0.87255939124060466
leaf_weight=108 1187 66 248 6172 67 648 470 735 63 455 71 52 59 304
leaf_count=108 1187 66 248 6172 67 648 470 735 63 455 71 52 59 304
internal_value=-3.88424e-05 0.123539 -1.04223 -0.00205224 0.840976 -1.1515 1.15115 0.047487 1.28441 0.614277 -1.59498 -0.278032 -0.949424 0.670532
internal_weight=10705 9571 1134 8146 1425 1026 600 6907 533 825 319 1239 707 759
internal_count=10705 9571 1134 8146 1425 1026 600 6907 533 825 319 1239 707 759
is_linear=0
shrinkage=0.05


Tree=10
num_leaves=15
num_cat=0
split_feature=56 56 56 84 84 56 56 84 71 66 84 84 71 71
split_gain=498635 297904 54023.9 36715.5 36003 31218.8 28132 26682.7 29076.3 22940.6 17210.1 16301.8 23572.7 14089.2
threshold=-14.589308999999991 18.240221500000022 -34.188549000000002 42.523274000000008 101.70276950000002 2.7643829999999814 36.832735000000021 94.630666500000018 -1.9249999999999987 4.6251717552184865e-07 84.14788750000001 42.523274000000008 1.2624999999999995 -8.9749999999999979
decision_type=2 2 2 2 2 2 2 2 2 2 2 2 2 2
left_child=2 5 4 -3 -1 7 -5 11 9 -9 -4 -2 -13 -6
right_child=1 3 10 6 13 -7 -8 8 -10 -11 -12 12 -14 -15
leaf_value=0.036233092513349323 0.029343143278299452 0.01365605210716074 0.062583392891618947 0.80604291023452745 -1.8688920190521316 0.28824653909001702 1.3757300093437836 -1.1826634348023173 -0.058650656291347816 -0.32905993812442336 -0.67315018090174861 0.07955840410959486 1.1676564743503546 -1.2055572525072897
leaf_weight=53 5087 109 89 730 101 1008 313 101 1342 351 730 138 77 476
leaf_count=53 5087 109 89 730 101 1008 313 101 1342 351 730 138 77 476
internal_value=-3.89347e-05 0.135005 -0.86218 0.886989 -1.21033 0.0280131 0.978158 -0.00898899 -0.175615 -0.521988 -0.59322 0.0474135 0.472851 -1.3247
internal_weight=10705 9256 1449 1152 630 8104 1043 7096 1794 452 819 5302 215 577
internal_count=10705 9256 1449 1152 630 8104 1043 7096 1794 452 819 5302 215 577
is_linear=0
shrinkage=0.05


Tree=11
num_leaves=15
num_cat=0
split_feature=56 56 84 56 56 84 56 71 36 71 84 17 71 52
split_gain=452416 283793 42778.3 38715 36029.4 32169.2 28946.4 15549 10529.4 10519.9 19264.4 25260.8 13237.6 11779.6
threshold=-21.542102499999995 11.086414999999997 92.304960000000008 24.524234499999981 -6.9021500000000122 42.523274000000008 -44.093216500000004 8.0125000000000011 21.020052083333336 0.20000000000000109 42.523274000000008 2.3981020041341209e-05 1.9500000000000013 0.97335555334614943
decision_type=2 2 2 2 2 2 2 2 2 2 2 2 2 2
left_child=2 4 -1 -3 -2 -5 8 -7 -4 13 -11 12 -12 -6
right_child=1 3 6 5 9 7 -8 -9 -10 10 11 -13 -14 -15
leaf_value=0.032513287397894532 -0.28817378873386484 0.45002965424452085 -1.6550415813091188 0.023874122745850507 0.0080894099809493587 0.97931899847251103 -0.87579971222402342 1.7520380980259664 -0.97433151516110394 0.022385089647472583 0.36814922230298985 0.15280098040691681 1.1897780865430831 -0.2654645068415401
leaf_weight=100 1008 691 214 84 3524 703 714 73 85 2204 96 665 102 442
leaf_count=100 1008 691 214 84 3524 703 714 73 85 2204 96 665 102 442
internal_value=-4.38028e-05 0.110713 -0.953806 0.72973 -0.00876284 0.953683 -1.05111 1.05417 -1.46542 0.0313188 0.100842 0.300953 0.795264 -0.0224567
internal_weight=10705 9592 1113 1551 8041 860 1013 776 299 7033 3067 863 198 3966
internal_count=10705 9592 1113 1551 8041 860 1013 776 299 7033 3067 863 198 3966
is_linear=0
shrinkage=0.05


Tree=12
num_leaves=15
num_cat=0
split_feature=56 56 71 84 84 56 56 71 84 71 28 71 31 84
split_gain=408624 237702 58435 35794 31869.5 28936.1 23500.7 21034.3 13385 20393.8 17531.3 10969.3 9899.28 8685.68
threshold=-12.096634000000021 19.878724000000009 -3.4875000000000003 101.70276950000002 42.523274000000008 5.4663134999999849 -41.252138999999978 6.0125000000000002 103.789889 -2.9875000000000003 19.162500000000005 2.2624999999999997 20.912500000000005 285.86399050000006
decision_type=2 2 2 2 2 2 2 2 2 2 2 2 2 2
left_child=2 5 3 -1 -3 8 -5 -6 -2 10 -10 -11 -9 -4
right_child=1 4 13 6 7 -7 -8 12 9 11 -12 -13 -14 -15
leaf_value=0.025825701472235892 0.042710214958269717 0.0085963892045422142 -0.3269777298141387 -1.4059454702559007 0.77393370068337752 0.31133428876622626 -0.86674330406865152 0.74221390630259665 -1.4296688009500504 -0.090529633149495858 -0.3028752686099514 0.554718222933403 1.4693137097127229 -1.0714557946437882
leaf_weight=81 5453 106 643 331 692 861 542 65 49 1454 114 68 205 41
leaf_count=81 5453 106 643 331 692 861 542 65 49 1454 114 68 205 41
internal_value=-3.73136e-05 0.131283 -0.726585 -0.979369 0.831544 0.0376941 -1.07256 0.922119 0.00464804 -0.118481 -0.648257 -0.0613559 1.29766 -0.373102
internal_weight=10705 9067 1638 954 1068 7999 873 962 7138 1685 163 1522 270 684
internal_count=10705 9067 1638 954 1068 7999 873 962 7138 1685 163 1522 270 684
is_linear=0
shrinkage=0.05


Tree=13
num_leaves=15
num_cat=0
split_feature=56 56 84 71 56 56 84 56 84 73 69 71 84 17
split_gain=370498 232072 35521 32774.8 29767 23704.2 16318.2 12313 9760.34 9268.38 9198.32 8425.07 21625.8 21748
threshold=-21.542102499999995 11.086414999999997 92.304960000000008 5.9125000000000005 -4.5722814999999875 -39.120545499999984 42.523274000000008 22.745079500000006 282.33339050000006 23.625000000000004 11.973163848958334 0.61250000000000082 42.523274000000008 1.9866838054813594e-05
decision_type=2 2 2 2 2 2 2 2 2 2 2 2 2 2
left_child=2 4 -1 6 8 9 -3 -8 -2 -4 -5 -6 -13 -14
right_child=1 3 5 10 11 -7 7 -9 -10 -11 -12 12 13 -15
leaf_value=0.03556349469293462 -0.19526159660563558 -0.046163575803594932 -1.1016029854684042 0.81436987449141118 -0.011879375535395245 -0.75654339069680832 0.42467873849911081 0.7656717544292353 -0.77683058195299914 -1.6661924564613486 1.323846149573455 0.018857922412761675 0.83966900709414194 0.18477955539319479
leaf_weight=100 1184 111 289 186 4069 619 552 518 76 105 184 2016 166 530
leaf_count=100 1184 111 289 186 4069 619 552 518 76 105 184 2016 166 530
internal_value=-4.27607e-05 0.100186 -0.863147 0.659961 -0.00785512 -0.951813 0.530508 0.590318 -0.230929 -1.2559 1.07062 0.0336228 0.101872 0.341955
internal_weight=10705 9592 1113 1551 8041 1013 1181 1070 1260 394 370 6781 2712 696
internal_count=10705 9592 1113 1551 8041 1013 1181 1070 1260 394 370 6781 2712 696
is_linear=0
shrinkage=0.05


Tree=14
num_leaves=15
num_cat=0
split_feature=56 56 84 56 56 84 56 38 30 71 84 71 84 9
split_gain=334501 209514 32137.8 30246 26885.5 22023.4 21302.7 10158.6 9473.5 9238.9 9064.18 7457.87 19984.2 19322.5
threshold=-21.542102499999995 11.086414999999997 98.207283500000003 29.782057499999997 -4.0964519999999984 63.145266500000005 -51.601162000000009 55.625000000000007 26.237500000000004 8.3125000000000018 282.33339050000006 0.61250000000000082 42.523274000000008 68.037268000000026
decision_type=2 2 2 2 2 2 2 2 2 2 2 2 2 2
left_child=2 4 -1 7 10 -5 -4 -3 -8 -7 -2 -6 -13 -14
right_child=1 3 6 5 11 9 8 -9 -10 -11 -12 12 13 -15
leaf_value=0.003687997852210646 -0.18049439230187683 0.75870131192462786 -1.4156586708059546 0.049844268928555882 -0.010055277197927572 0.93215305091854739 -0.84992640631420768 0.36328103176091231 -0.21291522689736808 1.5864366952329876 -0.73665135653737268 0.017911915811076536 0.76879663740325244 0.16947411637298676
leaf_weight=107 1246 209 172 67 4019 470 770 742 64 63 77 2013 183 503
leaf_count=107 1246 209 172 67 4019 470 770 742 64 63 77 2013 183 503
internal_value=-4.13096e-05 0.0951945 -0.820147 0.627069 -0.007462 0.905101 -0.907688 0.450888 -0.801357 1.01231 -0.213395 0.0331189 0.0973882 0.330238
internal_weight=10705 9592 1113 1551 8041 600 1006 951 834 533 1323 6718 2699 686
internal_count=10705 9592 1113 1551 8041 600 1006 951 834 533 1323 6718 2699 686
is_linear=0
shrinkage=0.05


Tree=15
num_leaves=15
num_cat=0
split_feature=56 56 71 84 84 56 65 71 84 27 69 84 71 69
split_gain=303376 176565 44245.1 27180.8 25229.9 21741 17632.6 16333.6 15274.8 21784.3 16247.5 11763.3 16366.5 9492.01
threshold=-12.385231000000003 19.878724000000009 -3.4875000000000003 101.70276950000002 42.523274000000008 2.7643829999999814 -40.962374958333321 6.2750000000000012 94.630666500000018 19.012500000000003 -9.9185707343749989 42.523274000000008 1.2624999999999995 11.840655182291668
decision_type=2 2 2 2 2 2 2 2 2 2 2 2 2 2
left_child=2 5 3 -1 -3 8 -5 -6 11 10 -10 -2 -13 -11
right_child=1 4 -4 6 7 -7 -8 -9 9 13 -12 12 -14 -15
leaf_value=0.027097139634737158 0.025368446645710831 -0.016117661857159338 -0.31641507105739142 -1.2965358768508644 0.67357981289638069 0.23904705294361039 -0.78920178235734728 1.148051929269587 -1.446938159942627 -0.10652505071723369 -0.33435283212574446 0.068631645558930157 0.98145623499384294 0.44999605006089916
leaf_weight=81 5069 106 663 240 715 1092 633 247 49 1422 98 133 77 80
leaf_count=81 5069 106 663 240 715 1092 633 247 49 1422 98 133 77 80
internal_value=-3.34307e-05 0.112261 -0.630839 -0.848793 0.71588 0.0317994 -0.929999 0.796469 -0.000896963 -0.133687 -0.712485 0.0406 0.406399 -0.0766038
internal_weight=10705 9088 1617 954 1068 8020 873 962 6928 1649 147 5279 210 1502
internal_count=10705 9088 1617 954 1068 8020 873 962 6928 1649 147 5279 210 1502
is_linear=0
shrinkage=0.05


Tree=16
num_leaves=15
num_cat=0
split_feature=56 56 84 56 56 56 84 84 38 6 56 84 71 52
split_gain=274110 171594 26795 25247.1 22095.2 18477.5 18149 9326.64 8329.36 8286.11 8222.23 7397.14 7308.18 12905.9
threshold=-21.542102499999995 11.086414999999997 92.304960000000008 29.782057499999997 -7.0630304999999955 -39.120545499999984 63.145266500000005 42.523274000000008 55.625000000000007 250.21199250000004 55.995865500000015 90.604533000000018 -0.087500000000000341 0.97335555334614943
decision_type=2 2 2 2 2 2 2 2 2 2 2 2 2 2
left_child=2 4 -1 7 11 9 -5 -3 -9 -4 -8 -2 13 -6
right_child=1 3 5 6 12 -7 10 8 -10 -11 -12 -13 -14 -15
leaf_value=0.038060798414862984 0.19708840962379212 -0.10545052478953106 -1.1892905708886345 0.045139952003955847 0.0048697270487893206 -0.64711752011185331 0.84875699591478782 0.73936676494215603 0.36933484029552083 -0.55446249368099065 1.5020451562745232 -0.27206447421693675 0.073481199607716055 -0.31324792961809744
leaf_weight=100 92 81 330 67 3053 619 478 198 672 64 55 895 3646 355
leaf_count=100 92 81 330 67 3053 619 478 198 672 64 55 895 3646 355
internal_value=-3.49948e-05 0.0861763 -0.742427 0.567518 -0.00672702 -0.819436 0.821529 0.406564 0.454301 -1.08784 0.918856 -0.228179 0.0242866 -0.0283497
internal_weight=10705 9592 1113 1551 8041 1013 600 951 870 394 533 987 7054 3408
internal_count=10705 9592 1113 1551 8041 1013 600 951 870 394 533 987 7054 3408
is_linear=0
shrinkage=0.05


Tree=17
num_leaves=15
num_cat=0
split_feature=56 56 71 84 84 57 65 84 71 35 56 69 84 71
split_gain=248205 144457 38095.9 22378.6 20673 17871.4 14862.8 14518.8 20292.4 18011.4 14272.4 11287.9 10686.2 14990.7
threshold=-12.096634000000021 19.878724000000009 -3.4875000000000003 103.789889 42.523274000000008 1.0012026175821147 -42.83184108333333 94.630666500000018 -2.1374999999999988 19.101041666666671 36.832735000000021 10.814061364583337 42.523274000000008 1.2624999999999995
decision_type=2 2 2 2 2 2 2 2 2 2 2 2 2 2
left_child=2 5 3 -1 -3 7 -5 12 9 -9 -6 -10 -2 -14
right_child=1 4 -4 6 10 -7 -8 8 11 -11 -12 -13 13 -15
leaf_value=-0.0057917002927173273 0.022620074796452602 -0.014388592889375777 -0.28091538477770606 -1.2241591971496057 0.5857309834750799 0.20604430652193609 -0.73076635457060712 -1.4107105334599814 -0.086662313698871438 -0.3396665548751206 0.99923058339649706 0.62179089941210675 0.066847762194420429 0.94768459036162034
leaf_weight=87 5054 106 684 202 649 1213 665 47 1197 222 313 58 133 75
leaf_count=87 5054 106 684 202 649 1213 665 47 1197 222 313 58 133 75
internal_value=-2.98053e-05 0.102317 -0.566279 -0.770371 0.648217 0.0293585 -0.846999 -0.00224981 -0.138095 -0.531332 0.721167 -0.0534521 0.0371131 0.387472
internal_weight=10705 9067 1638 954 1068 7999 867 6786 1524 269 962 1255 5262 208
internal_count=10705 9067 1638 954 1068 7999 867 6786 1524 269 962 1255 5262 208
is_linear=0
shrinkage=0.05


Tree=18
num_leaves=15
num_cat=0
split_feature=56 56 84 71 84 71 56 84 6 9 69 56 68 16
split_gain=224837 142528 21953.2 21618.2 21069.9 14580 11567.3 10830.2 8427.41 8694.16 8144.4 7377.62 7311.17 7335.64
threshold=-23.553458499999994 11.086414999999997 94.630666500000018 5.9125000000000005 275.36804450000005 -7.4249999999999998 -8.0378734999999875 42.523274000000008 268.28358150000003 283.32550850000001 -19.729228817708329 22.745079500000006 15.481281762512163 283.37567350000006
decision_type=2 2 2 2 2 2 2 2 2 2 2 2 2 2
left_child=2 4 -1 7 6 10 -2 -3 9 -7 -4 -9 13 -5
right_child=1 3 5 12 -6 8 -8 11 -10 -11 -12 -13 -14 -15
leaf_value=0.038757255187501082 -0.17301694790614242 -0.060935459046491558 -1.4346499706136771 0.56311191112304537 -0.43933356316658589 -0.65185084988076536 0.026501601418073263 0.3291832970793378 -0.037741891940941623 -1.1622298802390245 -0.67056015215136799 0.59313603867516507 1.2908906494708439 1.113346026461111
leaf_weight=91 809 111 115 207 274 623 7042 552 48 98 54 518 75 88
leaf_count=91 809 111 115 207 274 623 7042 552 48 98 54 518 75 88
internal_value=-3.13187e-05 0.0747199 -0.70233 0.513772 -0.00914468 -0.774191 0.00592296 0.408673 -0.680084 -0.722736 -1.19588 0.457401 0.847231 0.730456
internal_weight=10705 9676 1029 1551 8125 938 7851 1181 769 721 169 1070 370 295
internal_count=10705 9676 1029 1551 8125 938 7851 1181 769 721 169 1070 370 295
is_linear=0
shrinkage=0.05


Tree=19
num_leaves=15
num_cat=0
split_feature=56 56 71 84 84 56 84 65 56 84 28 71 84 69
split_gain=203182 119211 29426.6 18568.7 16377.3 16876.4 12783.4 12004.3 11495.2 8832.55 20788.6 13699.5 9849.91 13470
threshold=-13.184454500000028 15.824862000000012 -3.4875000000000003 107.16221950000001 42.523274000000008 36.116862000000005 273.33104300000008 -40.962374958333321 0.90523149999999941 94.630666500000018 19.012500000000003 -2.3625000000000003 42.523274000000008 -0.34611059375000075
decision_type=2 2 2 2 2 2 2 2 2 2 2 2 2 2
left_child=2 6 3 -1 -3 -6 8 -5 9 12 11 -11 -2 -14
right_child=1 4 -4 7 5 -7 -8 -9 -10 10 -12 -13 13 -15
leaf_value=-0.032620389886358951 0.020355259374971093 -0.031491370714301692 -0.25790475746753455 -1.083304969154774 0.47229943164185484 0.89525439462012002 -0.33408455632448913 -0.65907549506322449 0.18768464903599821 -1.2413718427641918 -0.034636138446920088 -0.29608837252697062 -0.13904949515874004 0.68405988344206259
leaf_weight=93 5058 115 612 234 831 332 250 615 987 58 1199 112 80 129
leaf_count=93 5058 115 612 234 831 332 250 615 987 58 1199 112 80 129
internal_value=-3.2908e-05 0.0897483 -0.528443 -0.703747 0.537467 0.593705 0.0170126 -0.777138 0.0285693 0.00487867 -0.108221 -0.62397 0.0342904 0.369832
internal_weight=10705 9151 1554 942 1278 1163 7873 849 7623 6636 1369 170 5267 209
internal_count=10705 9151 1554 942 1278 1163 7873 849 7623 6636 1369 170 5267 209
is_linear=0
shrinkage=0.05


Tree=20
num_leaves=15
num_cat=0
split_feature=56 56 71 84 84 71 71 84 12 29 84 69 84 21
split_gain=184434 116489 18534 18364.8 17484.2 12494.3 9811 17433.9 22517.4 10298.8 10085.1 17479.5 8925.51 8504.03
threshold=-23.553458499999994 11.086414999999997 5.9125000000000005 94.630666500000018 275.36804450000005 -7.4249999999999998 -0.087500000000000341 90.604533000000018 76.527347500000005 19.087500000000002 42.523274000000008 11.532673921875002 42.523274000000008 1.2382070770162167e-05
decision_type=2 2 2 2 2 2 2 2 2 2 2 2 2 2
left_child=3 4 12 -1 6 -5 7 -2 9 -9 -8 -12 -3 -13
right_child=1 2 -4 5 -6 -7 10 8 -10 -11 11 13 -14 -15
leaf_value=0.041637111617171249 0.027851129196724802 -0.058997232822834381 0.77331703509181504 -1.0920951651036741 -0.4000324420549653 -0.61477104430510243 0.0095878115453003621 -1.1331115975395425 -0.10769128642672057 -0.39266649038782198 0.11625573893136804 1.2093861043453218 0.41152790686783897 0.39354487100099944
leaf_weight=91 2702 111 370 169 274 769 2558 76 1248 125 1007 53 1070 82
leaf_count=91 2702 111 370 169 274 769 2558 76 1248 125 1007 53 1070 82
internal_value=-3.99017e-05 0.0676627 0.464587 -0.636116 -0.00815496 -0.701842 0.00557077 -0.0471942 -0.187057 -0.676859 0.0647641 0.188239 0.367292 0.720376
internal_weight=10705 9676 1551 1029 8125 938 7851 4151 1449 201 3700 1142 1181 135
internal_count=10705 9676 1551 1029 8125 938 7851 4151 1449 201 3700 1142 1181 135
is_linear=0
shrinkage=0.05


Tree=21
num_leaves=15
num_cat=0
split_feature=56 56 71 84 84 56 56 71 31 84 9 6 84 69
split_gain=166934 97935.9 26513.6 15494.3 14828.4 12556 11060.1 10853.3 7368.31 7233.22 6670.44 6138.76 6067.63 5221.47
threshold=-12.096634000000021 20.378029000000016 -3.4875000000000003 94.630666500000018 42.523274000000008 5.4663134999999849 -47.259767999999987 4.512500000000002 20.912500000000005 273.33104300000008 279.94015300000007 239.31942450000005 285.86399050000006 4.9879032552083347
decision_type=2 2 2 2 2 2 2 2 2 2 2 2 2 2
left_child=2 5 3 -1 -3 9 11 -6 -9 13 -8 -5 -4 -2
right_child=1 4 12 6 7 -7 10 8 -10 -11 -12 -13 -14 -15
leaf_value=0.040134235443193701 -0.012880542950830527 -0.027921137393984413 -0.18800847968390294 -1.1380038043873459 0.44604124400764705 0.20235539264607827 -0.51974504361289919 0.43090935393429552 0.91256979503801894 -0.28875971386020166 -0.99780428215514783 -0.54186218018012666 -0.80931415472711843 0.08941877302592352
leaf_weight=78 5302 104 643 176 519 882 554 110 314 206 85 61 41 1630
leaf_count=78 5302 104 643 176 519 882 554 110 314 206 85 61 41 1630
internal_value=-4.17191e-05 0.0838932 -0.464423 -0.634682 0.538454 0.0244911 -0.694745 0.600881 0.788919 0.0024882 -0.584796 -0.987488 -0.226378 0.0111837
internal_weight=10705 9067 1638 954 1047 8020 876 943 424 7138 639 237 684 6932
internal_count=10705 9067 1638 954 1047 8020 876 943 424 7138 639 237 684 6932
is_linear=0
shrinkage=0.05


Tree=22
num_leaves=15
num_cat=0
split_feature=56 56 56 84 84 71 71 0 43 84 6 84 84 84
split_gain=151018 95368.5 17005.7 15194 13387.5 10698.2 9982.18 9898.58 9901.47 9071.64 8277.31 6573.14 6455.83 5180.82
threshold=-23.553458499999994 20.378029000000016 -3.1210725000000248 94.630666500000018 42.523274000000008 -8.9749999999999979 8.3125000000000018 255.83309550000004 46.375000000000007 287.58038500000004 268.28358150000003 292.35207400000007 269.85915400000005 90.604533000000018
decision_type=2 2 2 2 2 2 2 2 2 2 2 2 2 2
left_child=3 2 9 -1 -3 -5 -6 -4 -9 13 11 -7 -10 -2
right_child=1 4 7 5 6 10 -8 8 12 -11 -12 -13 -14 -15
leaf_value=0.040816741987414987 0.15670235975626479 -0.026538376712373326 0.02092488692999641 -1.1139820724441891 0.52514510770394107 -0.56697729276128983 1.1624231036029646 0.93814419676428251 0.25606477403022332 -0.87956682065638114 0.054955092728137971 -1.0770990092989425 -0.17780235478970804 -0.15632794476740594
leaf_weight=91 146 104 6515 104 877 715 66 45 452 40 49 70 105 1326
leaf_count=91 146 104 6515 104 877 715 66 45 452 40 49 70 105 1326
internal_value=-5.08553e-05 0.0612122 0.00650954 -0.575626 0.511616 -0.63541 0.570932 0.0388665 0.232678 -0.14572 -0.574469 -0.613778 0.174104 -0.125195
internal_weight=10705 9676 8629 1029 1047 938 943 7117 602 1512 834 785 557 1472
internal_count=10705 9676 8629 1029 1047 938 943 7117 602 1512 834 785 557 1472
is_linear=0
shrinkage=0.05


Tree=23
num_leaves=15
num_cat=0
split_feature=56 56 71 56 84 84 56 56 84 69 71 32 12 84
split_gain=136975 81023 20484.7 13007.4 12761.5 12722.6 9008.65 8030.4 7304.64 12995.4 8008.08 5891.43 5781.27 5367.22
threshold=-13.184454500000028 22.745079500000006 -3.4875000000000003 5.4663134999999849 107.16221950000001 63.145266500000005 -41.252138999999978 51.550983500000015 103.789889 -20.992930640624994 -0.76249999999999918 29.737500000000004 98.652522000000019 42.523274000000008
decision_type=2 2 2 2 2 2 2 2 2 2 2 2 2 2
left_child=2 3 4 8 -1 -3 -6 -7 -2 -10 12 -12 -11 -5
right_child=1 5 -4 13 6 7 -8 -9 9 10 11 -13 -14 -15
leaf_value=-0.02383645983769539 0.028517274027228215 -0.00073774556836320301 -0.20820833700291241 -0.17101292934106746 -0.84754643556775489 0.52375346915771492 -0.5102604778453238 1.0303228595451024 -0.90003744152685017 -0.50557315619820253 0.0027116074582876318 0.54091659679456994 -0.1257576163492348 0.23055255564342128
leaf_weight=93 5461 107 612 91 327 747 522 88 47 117 871 53 673 896
leaf_count=93 5461 107 612 91 327 747 522 88 47 117 871 53 673 896
internal_value=-5.22499e-05 0.0736642 -0.433912 0.0232385 -0.580172 0.512605 -0.641013 0.578309 -3.9415e-05 -0.0885619 -0.0657984 0.0341341 -0.182577 0.193393
internal_weight=10705 9151 1554 8209 942 942 849 835 7222 1761 1714 924 790 987
internal_count=10705 9151 1554 8209 942 942 849 835 7222 1761 1714 924 790 987
is_linear=0
shrinkage=0.05


Tree=24
num_leaves=15
num_cat=0
split_feature=56 56 56 56 84 84 84 28 69 84 84 71 43 71
split_gain=123762 72447 20137.6 11551 11504.7 10709.2 8760.38 15321.7 10671.7 8591.37 8059.23 12042.6 7983.25 7680.31
threshold=-12.096634000000021 22.745079500000006 -32.732796999999998 0.90523149999999941 42.523274000000008 101.70276950000002 94.630666500000018 19.012500000000003 -9.9185707343749989 287.58038500000004 42.523274000000008 1.2624999999999995 45.875000000000007 8.3125000000000018
decision_type=2 2 2 2 2 2 2 2 2 2 2 2 2 2
left_child=2 3 5 6 -3 -1 10 8 -8 -4 -2 -12 -5 -6
right_child=1 4 9 12 13 -7 7 -9 -10 -11 11 -13 -14 -15
leaf_value=0.033381539925200036 0.015057451560297423 -0.02264155848324299 -0.21501318767044558 0.81188405950036313 0.5016447855755185 -0.6649665646795595 -1.1175097996728462 -0.05291470232179149 -0.2695911714095961 -0.91656837955765114 0.044653698701911902 0.83400518672638813 0.13425979836043972 1.063873104906794
leaf_weight=60 5054 99 900 44 777 633 56 1333 109 45 133 75 1321 66
leaf_count=60 5054 99 900 44 777 633 56 1333 109 45 133 75 1321 66
internal_value=-5.40096e-05 0.072217 -0.399903 0.024067 0.487057 -0.604543 -0.00273005 -0.109367 -0.562368 -0.249354 0.0276427 0.331904 0.156681 0.546871
internal_weight=10705 9067 1638 8125 942 693 6760 1498 165 945 5262 208 1365 843
internal_count=10705 9067 1638 8125 942 693 6760 1498 165 945 5262 208 1365 843
is_linear=0
shrinkage=0.05


Tree=25
num_leaves=15
num_cat=0
split_feature=56 56 84 71 84 71 56 6 84 84 68 10 84 83
split_gain=112268 71306 13187.7 12234.4 11725.5 8925.27 8020.29 7221.02 5712.72 5710.66 5534.37 5606.53 5267.24 4827.03
threshold=-23.553458499999994 11.086414999999997 287.58038500000004 5.9125000000000005 94.630666500000018 -8.9749999999999979 -8.0378734999999875 268.28358150000003 42.523274000000008 292.35207400000007 15.680262843869002 277.82213750000005 90.604533000000018 276.50310850000005
decision_type=2 2 2 2 2 2 2 2 2 2 2 2 2 2
left_child=4 2 6 8 -1 -6 12 9 -3 -7 11 -5 -2 -8
right_child=1 3 -4 10 5 7 13 -9 -10 -11 -12 -13 -14 -15
leaf_value=0.045116186482102978 0.20847434878957516 -0.056677416642196478 -0.80804450359998958 0.41070631409177977 -0.98564940225510367 -0.48647296481542085 0.011416876427986132 0.093875507950782783 0.3196834947480181 -0.96119565057082923 1.0014281352361045 0.98317219401305589 -0.17911674811896336 0.34373660389971628
leaf_weight=91 97 111 50 244 104 715 7027 49 1070 70 74 52 841 110
leaf_count=91 97 111 50 244 104 715 7027 49 1070 70 74 52 841 110
internal_value=-5.04704e-05 0.0527713 -0.00654732 0.363319 -0.496319 -0.548838 -0.00148505 -0.493252 0.284292 -0.529974 0.614119 0.514246 -0.138856 0.0165862
internal_weight=10705 9676 8125 1551 1029 938 8075 834 1181 785 370 296 938 7137
internal_count=10705 9676 8125 1551 1029 938 8075 834 1181 785 370 296 938 7137
is_linear=0
shrinkage=0.05


Tree=26
num_leaves=15
num_cat=0
split_feature=56 56 71 84 17 84 65 84 66 71 84 84 26 71
split_gain=101518 62818 12941.5 19252.2 13007.4 12546 10396.4 10288.6 14287.4 10297 8802.98 8737.36 7174.02 6089.43
threshold=-18.735693999999999 24.524234499999981 0.95000000000000118 42.523274000000008 1.9866838054813594e-05 84.14788750000001 -42.83184108333333 94.630666500000018 4.6251717552184865e-07 -1.9875000000000005 63.145266500000005 287.58038500000004 29.475000000000005 1.9500000000000013
decision_type=2 2 2 2 2 2 2 2 2 2 2 2 2 2
left_child=5 2 7 -4 13 -1 -7 -2 9 -9 -3 -10 -6 -5
right_child=1 10 3 4 12 6 -8 8 11 -11 -12 -13 -14 -15
leaf_value=0.062191418868800009 0.021224568164885913 -0.0021656390927408055 -0.0012222506442008947 0.26112358343920539 0.15039995543624241 -0.78038297489876263 -0.39986298762428363 -0.87438063141703604 -0.05554511125924666 -0.19284682113376603 0.51783090927940501 -0.74638591941366805 0.61805585157540111 0.9259581149584547
leaf_weight=119 3467 91 1922 55 944 226 894 99 1762 126 769 46 89 96
leaf_count=119 3467 91 1922 55 944 226 894 99 1762 126 769 46 89 96
internal_value=-4.82253e-05 0.0556718 0.0149314 0.0965058 0.255016 -0.425453 -0.477274 -0.0311451 -0.120421 -0.495264 0.462869 -0.0735247 0.19125 0.687111
internal_weight=10705 9466 8606 3106 1184 1239 1120 5500 2033 225 860 1808 1033 151
internal_count=10705 9466 8606 3106 1184 1239 1120 5500 2033 225 860 1808 1033 151
is_linear=0
shrinkage=0.05


Tree=27
num_leaves=15
num_cat=0
split_feature=56 56 84 56 53 56 84 38 65 43 83 80 84 52
split_gain=92384.5 59146.4 12393.7 10622.7 10525.9 7355.51 7252.04 6138.41 5764.54 5226.82 5089.54 4818.56 4220.03 4219.57
threshold=-25.228240999999993 11.086414999999997 287.58038500000004 30.167594500000025 -0.32143946530316164 -2.4554244999999919 42.523274000000008 55.625000000000007 -43.870111416666667 64.875000000000014 282.29026750000008 -0.72947329433276253 90.604533000000018 -0.77259657388510594
decision_type=2 2 2 2 2 2 2 2 2 2 2 2 2 2
left_child=4 2 5 7 8 12 -5 -3 -1 -8 -7 -9 -2 -6
right_child=1 3 -4 6 13 10 9 11 -10 -11 -12 -13 -14 -15
leaf_value=-0.93342797198078853 0.14674172112659653 0.46228685438083617 -0.75545295531099499 -0.016977735873191589 -0.36446342967047052 0.017677844336870037 0.73403928032365906 0.28834438326177736 -0.52508255944652649 0.41211670463414568 0.56345869703001761 0.035743083034267091 -0.12469069573519359 0.006392827558402832
leaf_weight=109 158 216 54 61 299 6481 235 371 455 284 42 384 1453 103
leaf_count=109 158 216 54 61 299 6481 235 371 455 284 42 384 1453 103
internal_value=-4.81302e-05 0.0462293 -0.00741259 0.329237 -0.466173 -0.00235425 0.498509 0.227718 -0.605513 0.559013 0.0212778 0.160086 -0.0979952 -0.269663
internal_weight=10705 9739 8188 1551 966 8134 580 971 564 519 6523 755 1611 402
internal_count=10705 9739 8188 1551 966 8134 580 971 564 519 6523 755 1611 402
is_linear=0
shrinkage=0.05


Tree=28
num_leaves=15
num_cat=0
split_feature=56 56 71 84 56 84 24 71 84 40 71 84 84 38
split_gain=83787.2 48044.2 17863.5 8781.21 8613.19 7304.16 6779.58 5737.44 5214.15 4873.12 4704.89 4657.07 5105.27 4681.07
threshold=-9.7066035000000124 24.524234499999981 -3.4875000000000003 119.80886500000001 5.4663134999999849 63.145266500000005 248.42321500000003 8.3125000000000018 287.58038500000004 54.125000000000007 -7.0124999999999984 42.523274000000008 272.53009250000008 47.125000000000007
decision_type=2 2 2 2 2 2 2 2 2 2 2 2 2 2
left_child=2 4 3 -1 -2 -3 10 -7 9 -4 -5 -6 13 -13
right_child=1 5 8 6 11 7 -8 -9 -10 -11 -12 12 -14 -15
leaf_value=-0.090530384285375479 0.0052535426410835863 -0.0048279160066791206 0.31004583087587168 -0.96846299833721583 -0.15575723951665044 0.42579885628391906 -0.40080414437834411 0.91369835209490646 -0.66609862532880582 -0.14762221923798888 -0.55574876743000601 0.66068394173468858 -0.34120045635242796 0.18806556775137964
leaf_weight=143 6928 91 62 107 106 703 511 66 44 767 214 55 42 866
leaf_count=143 6928 91 62 107 106 703 511 66 44 767 214 55 42 866
internal_value=-4.59728e-05 0.0638577 -0.306189 -0.453205 0.0256458 0.418741 -0.515356 0.468805 -0.141665 -0.113061 -0.695901 0.157676 0.192302 0.216975
internal_weight=10705 8857 1848 975 7997 860 832 769 873 829 321 1069 963 921
internal_count=10705 8857 1848 975 7997 860 832 769 873 829 321 1069 963 921
is_linear=0
shrinkage=0.05


Tree=29
num_leaves=15
num_cat=0
split_feature=56 56 84 71 53 84 31 71 84 66 84 69 21 29
split_gain=75681.8 48253.3 10956.3 9151.9 9062.35 7533.6 6332.13 5843.81 9779.85 18346 7230.5 13426 7931.14 7102.23
threshold=-25.228240999999993 11.086414999999997 276.57951800000006 4.4125000000000023 -0.32143946530316164 42.523274000000008 20.912500000000005 -0.099999999999999631 90.604533000000018 4.6251717552184865e-07 42.523274000000008 11.532673921875002 1.2382070770162167e-05 19.087500000000002
decision_type=2 2 2 2 2 2 2 2 2 2 2 2 2 2
left_child=4 2 7 -3 -1 -5 -7 8 -2 13 -9 -12 -13 -10
right_child=1 3 -4 5 -6 6 -8 10 9 -11 11 12 -14 -15
leaf_value=-0.55121204222981057 0.020431852749238009 0.20822456934471811 -0.33252466325983404 -0.05447740313552675 -0.23964665717036274 0.23626514524911291 0.64357896425042604 0.0023670945385575316 -1.002560457379025 -0.073173767086087013 0.089749490811270122 1.08808983815489 0.3094690981010596 -0.35938389871874432
leaf_weight=564 2700 1010 249 62 402 134 345 2561 69 1332 1022 53 86 116
leaf_count=564 2700 1010 249 62 402 134 345 2561 69 1332 1022 53 86 116
internal_value=-4.75388e-05 0.0418381 -0.00661297 0.297459 -0.421936 0.463362 0.530363 0.00364956 -0.036648 -0.138187 0.049304 0.152749 0.612005 -0.603372
internal_weight=10705 9739 8188 1551 966 541 479 7939 4217 1517 3722 1161 139 185
internal_count=10705 9739 8188 1551 966 541 479 7939 4217 1517 3722 1161 139 185
is_linear=0
shrinkage=0.05


Tree=30
num_leaves=15
num_cat=0
split_feature=56 56 71 84 84 71 84 17 43 84 24 36 84 56
split_gain=68944.2 39672.1 15232 7750.12 7325.98 7300.02 16834.1 12494.4 6867.38 6105.52 6062.04 5669.76 5451.65 5169.09
threshold=-9.7066035000000124 24.524234499999981 -5.0124999999999984 292.35207400000007 115.67143250000002 1.4500000000000013 42.523274000000008 1.9866838054813594e-05 43.625000000000007 63.145266500000005 248.42321500000003 24.652864583333336 81.368061500000024 55.995865500000015
decision_type=2 2 2 2 2 2 2 2 2 2 2 2 2 2
left_child=2 5 4 11 -1 -2 -7 -8 -9 -3 -6 12 -4 -11
right_child=1 9 3 -5 10 6 7 8 -10 13 -12 -13 -14 -15
leaf_value=-0.0039391522898393518 -0.0076307013161294587 -0.0068253532942870385 0.147247149337802 -0.73302119291219558 -0.77045729404542507 -0.0033239636643284417 0.77009328109724029 0.79253251539624259 0.16095057212336994 0.3891409301897511 -0.41207698629148415 0.27909456418013912 -0.21734709069641289 0.89146501677376888
leaf_weight=67 5646 91 113 60 204 1503 110 45 693 714 291 70 1043 55
leaf_count=67 5646 91 113 60 204 1503 110 45 693 714 291 70 1043 55
internal_value=-4.52312e-05 0.0579224 -0.277751 -0.182613 -0.494739 0.0231991 0.0972097 0.27519 0.200482 0.380406 -0.561029 -0.155101 -0.181611 0.426179
internal_weight=10705 8857 1848 1286 562 7997 2351 848 738 860 495 1226 1156 769
internal_count=10705 8857 1848 1286 562 7997 2351 848 738 860 495 1226 1156 769
is_linear=0
shrinkage=0.05


Tree=31
num_leaves=15
num_cat=0
split_feature=56 56 71 56 43 84 84 84 24 84 71 29 24 84
split_gain=62293.7 36212.9 12849 6882.63 7436.17 6825.06 6614.61 5529.33 5474.79 5208.35 13885.7 9792.3 7457.67 5342.57
threshold=-10.904794000000008 24.524234499999981 -5.0124999999999984 0.90523149999999941 44.125000000000007 295.90254450000003 115.67143250000002 42.523274000000008 248.42321500000003 94.630666500000018 -2.1374999999999988 19.212500000000002 283.21306650000002 42.523274000000008
decision_type=2 2 2 2 2 2 2 2 2 2 2 2 2 2
left_child=2 3 6 9 -5 -4 -1 -3 -8 13 11 -11 -12 -2
right_child=1 7 5 4 -6 -7 8 -9 -10 10 12 -13 -14 -15
leaf_value=-0.0037450897343018481 0.011475768842022263 -0.023634413235327778 -0.15413697531887816 0.77494594681830642 0.099527447633961569 -0.75161966356635102 -0.73212233485245126 0.40312225822014125 -0.39154369724684795 -1.0694030820106974 -0.079241507153222146 -0.27040793142215314 0.23843516618175353 0.27004821693565018
leaf_weight=67 5051 84 1132 41 1406 49 204 776 291 48 938 182 229 207
leaf_count=67 5051 84 1132 41 1406 49 204 776 291 48 938 182 229 207
internal_value=-3.70109e-05 0.0531622 -0.273445 0.0203968 0.119187 -0.179542 -0.470107 0.36146 -0.533096 -0.00109788 -0.0868763 -0.441062 -0.0167532 0.0217048
internal_weight=10705 8962 1743 8102 1447 1181 562 860 495 6655 1397 230 1167 5258
internal_count=10705 8962 1743 8102 1447 1181 562 860 495 6655 1397 230 1167 5258
is_linear=0
shrinkage=0.05


Tree=32
num_leaves=15
num_cat=0
split_feature=56 56 84 53 68 46 71 84 66 24 10 52 84 71
split_gain=56711.7 35898.4 9833.01 7414.33 7263.26 6146.28 5742.14 9289.59 15482.2 5990.48 5967.37 5367.77 6212.36 9863.76
threshold=-25.228240999999993 13.229067499999994 287.58038500000004 -0.32143946530316164 17.440646893457735 49.260416666666679 -0.099999999999999631 87.37510300000001 6.922389260541761e-07 258.25111550000003 274.14830387500007 0.97335555334614943 42.523274000000008 2.1000000000000001
decision_type=2 2 2 2 2 2 2 2 2 2 2 2 2 2
left_child=3 2 6 -1 5 -3 7 -2 9 -9 11 -8 -13 -14
right_child=1 4 -4 -5 -6 -7 10 8 -10 -11 -12 12 13 -15
leaf_value=-0.48216000261906111 0.019338191424112416 0.64506772441022542 -0.66385449700589694 -0.20043692570087265 0.63913517335722281 0.20457685578465098 0.01724399691297205 -0.82771238087071597 -0.075256678189983051 -0.27211271964087347 0.60506593759389637 0.0097097783087933733 0.19593072045081392 0.97031079769134532
leaf_weight=564 2681 84 55 402 120 1221 3420 96 1486 100 46 210 166 54
leaf_count=564 2681 84 55 402 120 1221 3420 96 1486 100 46 210 166 54
internal_value=-4.29984e-05 0.0362152 -0.00353853 -0.36525 0.267994 0.233403 0.000938615 -0.038454 -0.130528 -0.547063 0.0450516 0.0382051 0.204493 0.389536
internal_weight=10705 9739 8314 966 1425 1305 8259 4363 1682 196 3896 3850 430 220
internal_count=10705 9739 8314 966 1425 1305 8259 4363 1682 196 3896 3850 430 220
is_linear=0
shrinkage=0.05


Tree=33
num_leaves=15
num_cat=0
split_feature=56 56 84 71 84 0 43 24 84 40 56 59 84 8
split_gain=51299.9 30585.9 10075.9 8984.39 7383.45 7882.53 6990.43 5139.36 4903.25 4579.03 4574.73 4477.55 3636.44 3268.59
threshold=-13.510963500000008 24.524234499999981 84.14788750000001 -5.0124999999999984 273.33104300000008 261.18854050000004 46.125000000000007 248.42321500000003 42.523274000000008 51.625000000000007 51.550983500000015 -1.6080465000000002 295.90254450000003 246.64323000000005
decision_type=2 2 2 2 2 2 2 2 2 2 2 2 2 2
left_child=2 4 -1 7 5 -2 -7 -4 -3 -5 -10 -8 -11 -9
right_child=1 8 3 9 -6 6 11 13 10 12 -12 -13 -14 -15
leaf_value=0.11528526884894218 0.0099407480149226127 -0.034108833295895778 -0.66747677073592238 0.30503131652750626 -0.24039353359517923 0.66065099593251952 -0.28846329623567207 -0.20821230320684464 0.32332652184060617 -0.21280321646872269 0.70649135129505325 0.18463281797144049 -0.69177893903993426 -0.54518338407366729
leaf_weight=154 7440 84 209 40 272 71 55 183 688 786 88 474 41 120
leaf_count=154 7440 84 209 40 272 71 55 183 688 786 88 474 41 120
internal_value=-3.7183e-05 0.0447188 -0.267669 -0.310488 0.015332 0.0240123 0.198192 -0.476508 0.328398 -0.21201 0.367632 0.134994 -0.237356 -0.343021
internal_weight=10705 9172 1533 1379 8312 8040 600 512 860 867 776 529 827 303
internal_count=10705 9172 1533 1379 8312 8040 600 512 860 867 776 529 827 303
is_linear=0
shrinkage=0.05


Tree=34
num_leaves=15
num_cat=0
split_feature=56 56 84 71 84 6 84 31 9 13 69 84 66 69
split_gain=46517.2 29959.7 7997.63 8253.68 7695.32 6556.03 6805.08 5300.68 4689.27 4334.61 4216.01 6752.23 13355.3 4808.31
threshold=-25.228240999999993 7.760851500000002 42.523274000000008 4.4125000000000023 282.33339050000006 268.28358150000003 97.511644500000003 20.262500000000003 270.73891950000007 0.89066719012750017 -1.3374577031249997 77.844594000000015 6.922389260541761e-07 -13.746666145833332
decision_type=2 2 2 2 2 2 2 2 2 2 2 2 2 2
left_child=5 4 -3 8 10 6 -1 -5 -4 -8 11 -2 13 -13
right_child=1 2 3 7 -6 -7 9 -9 -10 -11 -12 12 -14 -15
leaf_value=0.066273554423276121 0.017531355746462741 -0.10033593565305431 0.20036306983979296 0.13256610111038911 -0.41779985195602731 0.21200817545419032 -0.62053207202495653 0.52171412106623682 -0.33922125086897897 -0.34347320428940203 0.028740277159459288 -0.88212240692228083 -0.06976934074990869 -0.3333391685203641
leaf_weight=84 1860 174 1043 116 112 52 183 366 41 647 4590 63 1262 112
leaf_count=84 1860 174 1043 116 112 52 183 366 41 647 4590 63 1262 112
internal_value=-3.80467e-05 0.0328 0.220765 0.256484 -0.00811009 -0.330795 -0.361875 0.428529 0.179661 -0.405233 -0.00224003 -0.0453657 -0.126733 -0.534791
internal_weight=10705 9739 1740 1566 7999 966 914 482 1084 830 7887 3297 1437 175
internal_count=10705 9739 1740 1566 7999 966 914 482 1084 830 7887 3297 1437 175
is_linear=0
shrinkage=0.05


Tree=35
num_leaves=15
num_cat=0
split_feature=56 56 71 84 71 84 0 43 57 9 68 29 84 84
split_gain=42416.2 24453.1 10292.5 5650.86 5184.75 12539.6 10966.2 5210.92 4772.54 4821.54 4209.7 4142.96 3931.52 3663.75
threshold=-9.7066035000000124 24.857463000000006 -3.3625000000000003 119.80886500000001 1.4500000000000013 42.523274000000008 75.342372500000025 43.625000000000007 0.71188980370598176 280.98983350000009 18.572547281715249 28.512500000000003 273.77944250000002 90.604533000000018
decision_type=2 2 2 2 2 2 2 2 2 2 2 2 2 2
left_child=2 4 3 -1 12 -6 -7 -8 -5 -10 -3 13 -2 -4
right_child=1 10 11 8 5 6 7 -9 9 -11 -12 -13 -14 -15
leaf_value=-0.041262301751034888 -0.00028867584691947239 0.26175483508087838 0.19540084930027235 -0.68441696632150062 -0.0066340975137272745 0.66163944394335039 0.67382847199459439 0.12378069881545394 -0.27186900156313459 -0.61427663855552683 0.61829422010861812 0.39365452755065194 -0.24799901463754589 -0.15160311825182646
leaf_weight=147 5485 747 84 110 1504 126 45 693 609 124 93 41 164 733
leaf_count=147 5485 747 84 110 1504 126 45 693 609 124 93 41 164 733
internal_value=-4.51461e-05 0.0454225 -0.217867 -0.327651 0.0185134 0.080601 0.232287 0.158187 -0.377482 -0.330551 0.301917 -0.0909594 -0.00752275 -0.115731
internal_weight=10705 8857 1848 990 8017 2368 864 738 843 733 840 858 5649 817
internal_count=10705 8857 1848 990 8017 2368 864 738 843 733 840 858 5649 817
is_linear=0
shrinkage=0.05


Tree=36
num_leaves=15
num_cat=0
split_feature=56 56 84 56 84 6 84 84 37 43 31 84 12 18
split_gain=38307.3 24965.7 7091.72 7231.23 7034.81 6247.83 6018.58 5728.41 4888.17 4847.26 4146.78 4799.27 10987.7 4197.48
threshold=-26.942587500000005 7.760851500000002 42.523274000000008 37.414755999999976 287.58038500000004 268.28358150000003 97.511644500000003 272.53009250000008 62.625000000000007 58.125000000000007 20.762500000000003 77.844594000000015 76.527347500000005 253.98674683333334
decision_type=2 2 2 2 2 2 2 2 2 2 2 2 2 2
left_child=5 4 -3 7 10 6 -1 8 -4 -5 11 -2 -13 -12
right_child=1 2 3 9 -6 -7 -8 -9 -10 -11 13 12 -14 -15
leaf_value=0.06235399615196955 0.014687779533108925 -0.10195181752102717 0.32311022356114755 0.73672381349537963 -0.55707215996587589 0.25833771720366633 -0.38491803372528444 -0.40033037429675461 0.11949046749025534 0.30809080181453302 0.01068630191136126 -0.66481813522676625 -0.088800838406342078 0.28402338782066688
leaf_weight=83 1024 174 492 101 57 45 775 40 738 195 5708 89 1041 143
leaf_count=83 1024 174 492 101 57 45 775 40 738 195 5708 89 1041 143
internal_value=-3.86388e-05 0.0286812 0.200387 0.234024 -0.00839785 -0.311477 -0.341628 0.181891 0.201135 0.456335 -0.00442189 -0.0637165 -0.134716 0.0174141
internal_weight=10705 9802 1740 1566 8062 903 858 1270 1230 296 8005 2154 1130 5851
internal_count=10705 9802 1740 1566 8062 903 858 1270 1230 296 8005 2154 1130 5851
is_linear=0
shrinkage=0.05


Tree=37
num_leaves=15
num_cat=0
split_feature=56 56 71 84 71 84 17 43 57 9 71 52 84 68
split_gain=35123 20004.6 8570.87 4769.43 4516.69 9873.73 9590.23 5114.22 4198.39 4208.87 3970.69 3888.92 6711.08 3710.57
threshold=-9.7066035000000124 24.857463000000006 -3.3625000000000003 119.80886500000001 0.95000000000000118 42.523274000000008 1.9866838054813594e-05 43.625000000000007 0.71188980370598176 280.98983350000009 1.9500000000000013 0.99465189230620699 116.50932350000001 18.848581608884619
decision_type=2 2 2 2 2 2 2 2 2 2 2 2 2 2
left_child=2 4 3 -1 11 -6 10 -8 -5 -10 -7 -2 -13 -3
right_child=1 13 -4 8 5 6 7 -9 9 -11 -12 12 -14 -15
leaf_value=-0.035344947658076484 -0.003168103934275203 0.23654888360052087 -0.082442296858607531 -0.63201140919784171 -0.0057577248799557945 0.20484552009563362 0.62718788584073382 0.098356048646902491 -0.24541791145769942 -0.56525294742286203 0.74152438387121133 -0.057301870838900704 -0.69069598905209995 0.57762847402857409
leaf_weight=147 4690 751 858 110 1923 55 47 985 609 124 96 166 55 89
leaf_count=147 4690 751 858 110 1923 55 47 985 609 124 96 166 55 89
internal_value=-3.70822e-05 0.0413374 -0.19825 -0.298432 0.0169987 0.0641794 0.177773 0.123024 -0.344212 -0.30022 0.548679 -0.0128481 -0.217335 0.273331
internal_weight=10705 8857 1848 990 8017 3106 1183 1032 843 733 151 4911 221 840
internal_count=10705 8857 1848 990 8017 3106 1183 1032 843 733 151 4911 221 840
is_linear=0
shrinkage=0.05


Tree=38
num_leaves=15
num_cat=0
split_feature=56 56 71 84 84 0 43 59 62 84 46 84 71 63
split_gain=31735.7 17981.6 8077.86 4696.39 4237.13 6064.75 7026.94 4151.6 4036.3 3927.35 3910.27 4000.99 3890.54 3637.01
threshold=-9.1773025000000015 22.745079500000006 -5.0124999999999984 295.90254450000003 273.77944250000002 255.83309550000004 45.125000000000007 -1.6080465000000002 -21.454805000000018 63.145266500000005 49.994791666666671 90.604533000000018 8.3125000000000018 -44.525680875000006
decision_type=2 2 2 2 2 2 2 2 2 2 2 2 2 2
left_child=2 4 8 10 5 -2 -7 -8 -1 -3 -4 -12 -11 -10
right_child=1 9 3 -5 -6 6 7 -9 13 12 11 -13 -14 -15
leaf_value=-0.16601427946875735 0.0062439546867144044 -0.03871329596300644 0.38127595430648908 -0.58448054164003294 -0.22960127282866166 0.71801575129994988 -0.26271584390126396 0.15484098086451614 -0.64353740385300684 0.25040530079383067 0.15685669208159214 -0.14490966549078163 0.64927332760460343 -0.31483574449298307
leaf_weight=204 6971 107 40 51 172 51 65 614 141 769 121 1116 66 217
leaf_count=204 6971 107 40 51 172 51 65 614 141 769 121 1116 66 217
internal_value=-3.44403e-05 0.0398331 -0.1859 -0.118501 0.0151177 0.0206125 0.157626 0.114541 -0.34467 0.246164 -0.0994486 -0.115289 0.282672 -0.445728
internal_weight=10705 8815 1890 1328 7873 7701 730 679 562 942 1277 1237 835 358
internal_count=10705 8815 1890 1328 7873 7701 730 679 562 942 1277 1237 835 358
is_linear=0
shrinkage=0.05


Tree=39
num_leaves=15
num_cat=0
split_feature=56 56 84 71 84 56 84 43 36 37 34 84 74 69
split_gain=28660.7 16942.3 6942.87 6901.81 5898.8 5705.27 4952.17 4247.36 4117.6 4072.32 4128.11 3661.33 3321.34 3130.11
threshold=-13.510963500000008 7.760851500000002 303.76010700000006 -6.7374999999999998 42.523274000000008 37.414755999999976 272.53009250000008 58.125000000000007 24.652864583333336 62.625000000000007 28.335416666666671 81.368061500000024 0.87500000000000011 4.9879032552083347
decision_type=2 2 2 2 2 2 2 2 2 2 2 2 2 2
left_child=2 13 3 -1 -3 6 9 -7 11 -6 -11 -5 -9 -2
right_child=1 4 -4 8 5 7 -8 12 -10 10 -12 -13 -14 -15
leaf_value=-0.39929272402838178 -0.01738368731307521 -0.10188924294656941 -0.83467776988233844 0.107794255566597 0.2874150437353421 0.66424946869705248 -0.38305897470109351 -0.031713243172718932 0.31136430810187377 0.1304331100976627 -0.38021973648241592 -0.17916335377612536 0.40673058232518305 0.059288585409398742
leaf_weight=293 5696 174 41 124 492 101 40 64 50 697 41 1025 131 1736
leaf_count=293 5696 174 41 124 492 101 40 64 50 697 41 1025 131 1736
internal_value=-3.30353e-05 0.0334201 -0.200076 -0.18209 0.173816 0.204495 0.158193 0.401955 -0.128723 0.176092 0.101587 -0.148128 0.263403 0.000531334
internal_weight=10705 9172 1533 1492 1740 1566 1270 296 1199 1230 738 1149 195 7432
internal_count=10705 9172 1533 1492 1740 1566 1270 296 1199 1230 738 1149 195 7432
is_linear=0
shrinkage=0.05


Tree=40
num_leaves=15
num_cat=0
split_feature=56 56 84 84 6 56 84 84 43 44 21 28 84 71
split_gain=26127.2 16944.2 5668.23 5325.54 5182.51 5157.41 4531.62 4477.25 3837.89 3729.62 3471.68 3674.08 3377.53 7089.62
threshold=-26.942587500000005 7.760851500000002 287.58038500000004 42.523274000000008 268.28358150000003 37.414755999999976 97.511644500000003 272.53009250000008 58.125000000000007 52.656250000000007 31.981404961393675 28.512500000000003 103.789889 -2.1374999999999988
decision_type=2 2 2 2 2 2 2 2 2 2 2 2 2 2
left_child=4 2 12 -3 6 7 -1 9 -7 -5 11 -11 -2 -14
right_child=1 3 -4 5 -6 8 -8 -9 -10 10 -12 -13 13 -15
leaf_value=0.065713430302483708 0.017890562536333782 -0.096823891529015133 -0.49936845761177873 0.35611162800298729 0.26141542947810631 0.63136260767704722 -0.32227770273635059 -0.36437317372822187 0.25032894388791554 0.087769573711429849 0.19442123521405918 -0.29553219999681102 -0.20589944777325908 -0.0045473821591374211
leaf_weight=83 5616 174 57 215 45 101 775 40 195 273 662 80 575 1814
leaf_count=83 5616 174 57 215 45 101 775 40 195 273 662 80 575 1814
internal_value=-3.30653e-05 0.0236854 -0.00686142 0.165142 -0.257237 0.194292 -0.284712 0.15027 0.382032 0.167289 0.12698 0.000312867 -0.00329257 -0.053076
internal_weight=10705 9802 8062 1740 903 1566 858 1270 296 1230 1015 353 8005 2389
internal_count=10705 9802 8062 1740 903 1566 858 1270 296 1230 1015 353 8005 2389
is_linear=0
shrinkage=0.05


Tree=41
num_leaves=15
num_cat=0
split_feature=56 56 84 84 71 31 6 84 9 31 0 84 12 13
split_gain=23579.8 15297 5185.79 4808.22 4785.35 4823.67 4682.64 4091.12 3505.83 3272.55 4025.13 3500.2 10444.5 3260.01
threshold=-26.942587500000005 7.760851500000002 282.33339050000006 42.523274000000008 4.9875000000000016 20.262500000000003 268.28358150000003 97.511644500000003 270.73891950000007 20.262500000000003 274.01537350000007 77.844594000000015 76.527347500000005 1.2423853807141054
decision_type=2 2 2 2 2 2 2 2 2 2 2 2 2 2
left_child=6 2 9 -3 8 -6 7 -1 -5 11 -11 -2 -13 -9
right_child=1 3 -4 4 5 -7 -8 13 -10 10 -12 12 -14 -15
leaf_value=0.062466874434834431 0.012421255898409228 -0.092010361255279616 -0.33555250878493159 0.14785449939275117 0.031178526713003248 0.42101338495776652 0.24862880052026848 -0.46269723816623548 -0.31285186753023503 0.012428361851346929 0.44213049227541146 -0.66778403417563736 -0.075270709444364078 -0.23817326597162758
leaf_weight=83 902 174 117 1093 105 326 45 233 42 5994 54 80 915 542
leaf_count=83 902 174 117 1093 105 326 45 233 42 5994 54 80 915 542
internal_value=-3.10562e-05 0.0225015 -0.00652264 0.156907 0.184605 0.326334 -0.244375 -0.270491 0.130546 -0.00163565 0.0163374 -0.0589157 -0.123533 -0.306185
internal_weight=10705 9802 8062 1740 1566 431 903 858 1135 7945 6048 1897 995 775
internal_count=10705 9802 8062 1740 1566 431 903 858 1135 7945 6048 1897 995 775
is_linear=0
shrinkage=0.05


Tree=42
num_leaves=15
num_cat=0
split_feature=71 84 16 56 84 12 84 73 31 68 59 39 25 21
split_gain=21838.8 18722.2 12575.4 11358.9 4577.46 5207.48 4072 3830.73 3466.35 3010.99 2873.68 2593.1 3736.86 2532.78
threshold=-2.1374999999999988 71.13744800000002 95.430012500000018 24.857463000000006 275.36804450000005 261.37932550000005 292.35207400000007 -23.874999999999996 17.525000000000002 18.848581608884619 -1.3250294999999992 54.125000000000007 106.9171129683442 28.153891865554868
decision_type=2 2 2 2 2 2 2 2 2 2 2 2 2 2
left_child=1 -1 -3 4 5 -2 8 -7 -4 11 -9 12 -5 -13
right_child=3 2 6 9 -6 7 -8 10 -10 -11 -12 13 -14 -15
leaf_value=0.018454818891675575 0.01214003515064478 -0.63483801390466799 -0.37778665972818137 0.1290150789352946 -0.21044721381152229 0.61910099016457076 -0.54811601632833484 -0.070033504172799091 -0.13198791440181223 0.48878585503747063 0.17167834854524386 -0.069751989733399328 0.54221113719056679 0.18369657983800713
leaf_weight=1232 6207 182 167 116 207 40 74 154 1002 89 600 130 104 401
leaf_count=1232 6207 182 167 116 207 40 74 154 1002 89 600 130 104 401
internal_value=-3.32688e-05 -0.124297 -0.247641 0.041002 0.0207101 0.0275738 -0.190483 0.148059 -0.167395 0.214894 0.122283 0.181829 0.325914 0.121633
internal_weight=10705 2657 1425 8048 7208 7001 1243 794 1169 840 754 751 220 531
internal_count=10705 2657 1425 8048 7208 7001 1243 794 1169 840 754 751 220 531
is_linear=0
shrinkage=0.05


Tree=43
num_leaves=15
num_cat=0
split_feature=71 84 16 56 84 12 84 73 73 36 68 59 9 84
split_gain=19720.2 16904.8 11356.3 10259.5 4148.28 4451.39 3681.99 3569.64 3180.46 2981.39 2721.52 2549.02 2397.12 2343.69
threshold=-2.1374999999999988 71.13744800000002 95.430012500000018 24.857463000000006 278.29070450000006 261.37932550000005 292.35207400000007 -23.874999999999996 34.625000000000007 23.993489583333339 18.848581608884619 -1.3250294999999992 92.728036500000016 263.83659650000004
decision_type=2 2 2 2 2 2 2 2 2 2 2 2 2 2
left_child=1 -1 -3 4 5 13 8 -7 9 -4 12 -9 -5 -2
right_child=3 2 6 10 -6 7 -8 11 -10 -11 -12 -13 -14 -15
leaf_value=0.017532826430902235 0.016166157817041591 -0.60326956836659407 -0.16323631216406681 0.0030755775526347686 -0.24141114028483229 0.58890094586261899 -0.52107563028732939 -0.070089767578749074 -0.49393289934343365 0.13442353130844625 0.46461810354350341 0.15448098536748936 0.21975133955938797 -0.15995566073327494
leaf_weight=1232 6033 182 1012 163 148 40 74 157 66 91 89 636 588 194
leaf_count=1232 6033 182 1012 163 148 40 74 157 66 91 89 636 588 194
internal_value=-3.10352e-05 -0.118114 -0.235318 0.0389631 0.0196782 0.0251849 -0.181001 0.133663 -0.159047 -0.138579 0.204225 0.109988 0.17279 0.0106543
internal_weight=10705 2657 1425 8048 7208 7060 1243 833 1169 1103 840 793 751 6227
internal_count=10705 2657 1425 8048 7208 7060 1243 833 1169 1103 840 793 751 6227
is_linear=0
shrinkage=0.05


Tree=44
num_leaves=15
num_cat=0
split_feature=71 84 16 56 84 84 32 3 24 68 71 39 25 21
split_gain=17806.3 15264 10255.4 9263.27 3885.64 3329.29 3037.74 4828.67 3028.64 2460.51 2383.54 2281.44 3163.22 2268.35
threshold=-2.1374999999999988 71.13744800000002 95.430012500000018 24.857463000000006 287.58038500000004 292.35207400000007 29.762500000000003 256.28648850000008 247.91118100000003 18.848581608884619 -7.4249999999999998 53.625000000000007 105.02507317274677 28.153891865554868
decision_type=2 2 2 2 2 2 2 2 2 2 2 2 2 2
left_child=1 -1 -3 4 6 8 -2 -8 10 11 -4 12 -5 -13
right_child=3 2 5 9 -6 -7 7 -9 -10 -11 -12 13 -14 -15
leaf_value=0.016656896037586633 0.016075634811236344 -0.57327091733777458 -0.51519003760667503 0.053689189909462948 -0.43445418560481142 -0.49536922655999666 -0.027513924160794845 0.45761872644324114 -0.10000924565411579 0.44164533088604607 -0.20183800942611463 -0.068780347219219926 0.45231491677967234 0.16805619948034364
leaf_weight=1232 6958 182 80 80 46 74 104 100 835 89 254 134 132 405
leaf_count=1232 6958 182 80 80 46 74 104 100 835 89 254 134 132 405
internal_value=-3.25377e-05 -0.112239 -0.22361 0.037021 0.0186963 -0.171993 0.021667 0.211368 -0.151117 0.194055 -0.278206 0.164165 0.302848 0.109158
internal_weight=10705 2657 1425 8048 7208 1243 7162 204 1169 840 334 751 212 539
internal_count=10705 2657 1425 8048 7208 1243 7162 204 1169 840 334 751 212 539
is_linear=0
shrinkage=0.05


Tree=45
num_leaves=15
num_cat=0
split_feature=71 84 84 24 71 21 13 84 73 11 32 46 71 63
split_gain=16107.7 12981.2 10897.6 9979.69 7775.34 10457.1 5647.24 5023.27 4513.65 3572.33 4626.09 3368.96 3061.71 2699.91
threshold=-0.16250000000000139 90.604533000000018 42.523274000000008 248.07883750000005 1.9500000000000013 1.2382070770162167e-05 0.98343728311885747 292.35207400000007 8.8750000000000018 272.80206100000004 29.737500000000004 88.322916666666671 -8.9749999999999979 35.750236500000007
decision_type=2 2 2 2 2 2 2 2 2 2 2 2 2 2
left_child=1 -1 -2 6 -4 -6 -3 8 -5 13 -11 -10 -8 -7
right_child=2 3 4 7 5 9 12 -9 11 10 -12 -13 -14 -15
leaf_value=0.013698507277441725 -0.0089231106070452575 -0.56245789047838612 0.041767873787781531 -0.0039348761942988265 0.80110602726538982 0.10899949525815203 -0.57571023050344217 -0.45469694724513432 -0.12966251386156402 0.20391930408847447 0.72110026979988273 -0.5048858884664682 -0.1663934629352801 0.30003933107266567
leaf_weight=2760 2734 175 1233 1066 71 910 52 89 779 129 65 64 346 232
leaf_count=2760 2734 175 1233 1066 71 910 52 89 779 129 65 64 346 232
internal_value=-3.46956e-05 -0.0616087 0.0610468 -0.142426 0.133484 0.213771 -0.326209 -0.0895826 -0.0723313 0.181982 0.380011 -0.158714 -0.221181 0.148038
internal_weight=10705 5331 5374 2571 2640 1407 573 1998 1909 1336 194 843 398 1142
internal_count=10705 5331 5374 2571 2640 1407 573 1998 1909 1336 194 843 398 1142
is_linear=0
shrinkage=0.05


Tree=46
num_leaves=15
num_cat=0
split_feature=71 84 16 56 84 39 84 0 73 34 24 43 61 20
split_gain=14639.9 13328.1 8262.64 7141.39 4826.79 4213.85 3222.49 4880.09 3132.08 2958.28 3592.42 2873.09 2835.41 2772.47
threshold=-1.9249999999999987 63.145266500000005 95.430012500000018 30.167594500000025 303.76010700000006 55.875000000000007 270.46035150000006 261.18854050000004 -23.874999999999996 25.862500000000008 247.91118100000003 64.875000000000014 -10.703182499999995 284.68449300000003
decision_type=2 2 2 2 2 2 2 2 2 2 2 2 2 2
left_child=1 -1 -3 6 5 -4 7 -2 -9 10 -7 12 -5 -11
right_child=3 2 4 11 -6 9 -8 8 -10 13 -12 -13 -14 -15
leaf_value=0.014558215071987827 0.01766405185155347 -0.46582289712399627 0.35460733283649792 0.12286049342900514 -0.66570479661919357 -0.2555855509407014 -0.12859898211649676 0.57193035076964982 0.13358603908120623 -0.60747793946001272 -0.065645354181985582 0.10832673322089514 0.4674435130598677 -0.073179934991569051
leaf_weight=1558 5993 232 43 99 42 351 329 43 578 62 854 328 153 40
leaf_count=1558 5993 232 43 99 42 351 329 43 578 62 854 328 153 40
internal_value=-3.39698e-05 -0.0899238 -0.190107 0.0379936 -0.143853 -0.127137 0.0238986 0.0315026 0.164809 -0.143245 -0.121138 0.206389 0.333092 -0.400694
internal_weight=10705 3182 1624 7523 1392 1350 6943 6614 621 1307 1205 580 252 102
internal_count=10705 3182 1624 7523 1392 1350 6943 6614 621 1307 1205 580 252 102
is_linear=0
shrinkage=0.05


Tree=47
num_leaves=15
num_cat=0
split_feature=71 84 84 16 71 9 84 73 10 32 22 59 35 57
split_gain=13368 10729.6 9428.41 8626.19 6594.31 9888.28 5448.76 5709.2 3364.13 3819.35 3271.82 3232.43 2931.63 2726.26
threshold=-0.16250000000000139 90.604533000000018 42.523274000000008 95.430012500000018 1.9500000000000013 68.037268000000026 292.35207400000007 17.625000000000004 277.04082750000003 29.737500000000004 123.90034422395833 0.27063449999999994 22.814062500000002 0.99078051342914331
decision_type=2 2 2 2 2 2 2 2 2 2 2 2 2 2
left_child=1 -1 -2 10 -4 12 7 13 -7 -10 11 -3 -6 -5
right_child=2 3 4 6 5 8 -8 -9 9 -11 -12 -13 -14 -15
leaf_value=0.012337348615087514 -0.0094719187236434431 -0.64905252341679709 0.038524225551968612 -0.056958686359596479 0.43848757528667826 0.12188032737514183 -0.44427679499725481 -0.22456574940044588 0.18381900900385828 0.66987215144530188 -0.19808492989828574 -0.17017484387638523 0.95588570167852005 0.13260262799895792
leaf_weight=2760 2734 126 1233 1417 86 1101 105 500 116 62 155 50 42 218
leaf_count=2760 2734 126 1233 1417 86 1101 105 500 116 62 155 50 42 218
internal_value=-3.44712e-05 -0.056128 0.0556103 -0.129603 0.122988 0.196926 -0.0943009 -0.076889 0.154704 0.355915 -0.3675 -0.514738 0.614353 -0.0316182
internal_weight=10705 5331 5374 2571 2640 1407 2240 2135 1279 178 331 176 128 1635
internal_count=10705 5331 5374 2571 2640 1407 2240 2135 1279 178 331 176 128 1635
is_linear=0
shrinkage=0.05


Tree=48
num_leaves=15
num_cat=0
split_feature=71 84 16 56 84 16 37 0 59 31 9 59 32 51
split_gain=12129.8 10408 7503.68 6214.29 3112.67 3536.18 3217.01 3980.98 3133.92 2522.37 2494.8 2236.57 2875.44 2235.15
threshold=-2.1374999999999988 71.13744800000002 95.430012500000018 24.857463000000006 275.36804450000005 258.57655400000004 63.125000000000007 274.69827350000008 0.96659050000002378 22.112500000000004 271.84868150000005 0.19668649999998425 23.762500000000003 3.5000000000000004
decision_type=2 2 2 2 2 2 2 2 2 2 2 2 2 2
left_child=1 -1 -3 4 5 -2 7 -7 -9 10 13 -5 -13 -4
right_child=3 2 9 11 -6 6 -8 8 -10 -11 -12 12 -14 -15
leaf_value=0.013796669360180744 0.0052638757817202973 -0.48368245470719257 -0.05256789492007994 0.073942156401601164 -0.17507208157655374 0.12431947169924303 0.019872945139842998 0.17666406311398866 0.74174555792258345 0.07397253512134476 -0.29286255165042874 0.040969992762741943 0.32111976679402376 -0.21857543038786389
leaf_weight=1232 5829 182 496 403 207 470 603 48 51 123 281 131 306 343
leaf_count=1232 5829 182 496 403 207 470 603 48 51 123 281 131 306 343
internal_value=-2.90074e-05 -0.0926386 -0.184604 0.0305532 0.0155442 0.0212044 0.100414 0.185582 0.472273 -0.140459 -0.164053 0.159173 0.237424 -0.120615
internal_weight=10705 2657 1425 8048 7208 7001 1172 569 99 1243 1120 840 437 839
internal_count=10705 2657 1425 8048 7208 7001 1172 569 99 1243 1120 840 437 839
is_linear=0
shrinkage=0.05


Tree=49
num_leaves=15
num_cat=0
split_feature=71 84 84 16 9 69 84 73 34 26 36 65 69 45
split_gain=11123.3 8900.08 8208.89 7399.52 6468.97 8329.83 4729.71 5016.94 4265.13 4252.71 4479.49 3471.84 2846.4 2831.79
threshold=-0.099999999999999631 90.604533000000018 42.523274000000008 95.430012500000018 72.888648000000003 -1.0000000180025095e-35 292.35207400000007 15.125000000000002 22.578125000000004 29.475000000000005 26.544531250000002 7.2097685833333367 -18.933338249999998 85.614583333333357
decision_type=2 2 2 2 2 2 2 2 2 2 2 2 2 2
left_child=1 -1 -2 12 5 -4 7 -5 -7 11 -11 -6 -3 -14
right_child=2 3 4 6 9 8 -8 -9 -10 10 -12 -13 13 -15
leaf_value=0.011327672516681994 -0.0097886276093430216 -0.56058200545608994 -0.14522756348350938 -0.020903085433186253 -0.011097468126288439 0.37081759502022277 -0.41074278369405359 -0.19032984473786585 0.92749965939410906 0.34145818138705164 -0.13496147963966504 0.12143542127561853 -0.016908040485448309 -0.37400742199372605
leaf_weight=2801 2695 99 70 1554 942 191 105 607 42 265 60 1038 89 147
leaf_count=2801 2695 99 70 1554 942 191 105 607 42 265 60 1038 89 147
internal_value=-2.58341e-05 -0.0505194 0.0514102 -0.117101 0.11463 0.331475 -0.0845891 -0.0685591 0.474699 0.0859938 0.25336 0.0584081 -0.33611 -0.239978
internal_weight=10705 5402 5303 2601 2608 303 2266 2161 233 2305 325 1980 335 236
internal_count=10705 5402 5303 2601 2608 303 2266 2161 233 2305 325 1980 335 236
is_linear=0
shrinkage=0.05


Tree=50
num_leaves=15
num_cat=0
split_feature=71 84 84 24 9 69 13 35 32 11 65 15 84 73
split_gain=10046.1 8078.11 7272.08 7019.18 5458.52 6918.68 4300.93 4216.22 4064.3 4358.12 3487.37 4425.22 3244.39 3226.71
threshold=-0.16250000000000139 90.604533000000018 42.523274000000008 248.07883750000005 68.037268000000026 -0.28348833333333345 0.98343728311885747 22.814062500000002 29.762500000000003 272.40022400000004 7.8398370416666614 266.83459850000003 292.35207400000007 8.8750000000000018
decision_type=2 2 2 2 2 2 2 2 2 2 2 2 2 2
left_child=1 -1 -2 6 5 -4 -3 -7 10 -10 -6 -12 13 -5
right_child=2 3 4 12 8 7 -8 -9 9 -11 11 -13 -14 -15
leaf_value=0.010754181669902885 -0.0089440240368069968 -0.47264172522488734 -0.15034930833304924 0.003592218334948943 -0.0068221306964663612 0.33577996465885213 -0.17494783624516508 0.89198855397313148 0.13222808661577229 0.61393111863306593 0.14231325899951636 -0.3300635132365502 -0.3615132025546498 -0.12726746107792589
leaf_weight=2760 2734 175 62 1066 997 179 398 42 145 69 1095 51 89 843
leaf_count=2760 2734 175 62 1066 997 179 398 42 145 69 1095 51 89 843
internal_value=-2.50189e-05 -0.0486523 0.0482132 -0.112405 0.107387 0.314521 -0.266532 0.445027 0.0823936 0.289677 0.0615688 0.121022 -0.0680926 -0.0542308
internal_weight=10705 5331 5374 2571 2640 283 573 221 2357 214 2143 1146 1998 1909
internal_count=10705 5331 5374 2571 2640 283 573 221 2357 214 2143 1146 1998 1909
is_linear=0
shrinkage=0.05


Tree=51
num_leaves=15
num_cat=0
split_feature=71 84 16 16 84 31 70 12 22 21 22 36 9 71
split_gain=9126.98 7836.97 6079.68 4841.39 3363.9 4134.83 4427.17 5030.74 4296.44 3118.85 2637.09 2331.74 2252.52 2271.36
threshold=-2.1374999999999988 71.13744800000002 95.430012500000018 275.10399300000006 275.36804450000005 21.112500000000004 19.902022626051153 280.98731900000001 149.63493584895835 23.871327921454512 141.77693957812502 24.714192708333339 271.84868150000005 -6.5624999999999973
decision_type=2 2 2 2 2 2 2 2 2 2 2 2 2 2
left_child=1 -1 -3 -2 5 6 7 -5 9 10 -7 12 13 -4
right_child=3 2 11 4 -6 8 -8 -9 -10 -11 -12 -13 -14 -15
leaf_value=0.0120041980972364 0.013774993247642899 -0.42935187641551587 -0.26646776873926831 0.052599357675143427 -0.18936049558114315 0.31302768130635106 0.46343344212509696 -0.52615528620303953 -0.084955611155355271 0.25935155171420415 0.87857821782712231 0.23760892538861797 -0.25167941616367034 -0.057021058100821476
leaf_weight=1232 7266 182 156 186 68 42 47 46 70 280 43 43 301 743
leaf_count=1232 7266 182 156 186 68 42 47 46 70 280 43 43 301 743
internal_value=-2.14419e-05 -0.0803543 -0.160156 0.0265067 0.144635 0.176665 0.0262557 -0.0639194 0.272852 0.341518 0.606019 -0.120427 -0.133444 -0.0936212
internal_weight=10705 2657 1425 8048 782 714 279 232 435 365 85 1243 1200 899
internal_count=10705 2657 1425 8048 782 714 279 232 435 365 85 1243 1200 899
is_linear=0
shrinkage=0.05


Tree=52
num_leaves=15
num_cat=0
split_feature=71 84 9 84 71 12 59 24 10 69 66 45 11 42
split_gain=8558.3 8491.56 6925.11 5058.42 6440 4799.48 3002.85 2607.46 3593.16 3422.44 2587.84 3186.94 2338.93 2356.85
threshold=1.4500000000000013 42.523274000000008 72.888648000000003 94.630666500000018 -2.9875000000000003 70.671973500000021 1.3857345000000125 275.10399300000006 279.38317225000009 -10.293456088541664 4.6251717552184865e-07 85.489583333333357 275.28166450000009 82.875000000000014
decision_type=2 2 2 2 2 2 2 2 2 2 2 2 2 2
left_child=3 -2 -3 -1 5 -5 -4 10 9 -9 11 -6 13 -8
right_child=1 2 6 4 7 -7 12 8 -10 -11 -12 -13 -14 -15
leaf_value=0.0088306325280857502 -0.013563418786241385 0.45857228065835187 0.064093164253286219 -0.53769260645594175 0.06808821255134212 -0.14067274695953066 0.28009490915510343 0.50297866474057351 -0.33852554076704489 0.044878266419008751 -0.045197257097889895 -0.45168571742251518 0.47652811029976283 0.036756923335158953
leaf_weight=4045 1585 162 971 81 44 1097 218 42 57 794 1266 87 73 183
leaf_count=4045 1585 162 971 81 44 1097 218 42 57 794 1266 87 73 183
internal_value=-1.83833e-05 0.0685567 0.149511 -0.0291587 -0.0734583 -0.168405 0.114568 -0.0245646 0.0421385 0.0684663 -0.0672026 -0.277912 0.217615 0.169413
internal_weight=10705 3192 1607 7513 3468 1178 1445 2290 893 836 1397 131 474 401
internal_count=10705 3192 1607 7513 3468 1178 1445 2290 893 836 1397 131 474 401
is_linear=0
shrinkage=0.05


Tree=53
num_leaves=15
num_cat=0
split_feature=69 84 71 21 35 84 59 24 84 45 27 1 17 68
split_gain=7807.93 5939.28 6257.86 6914.65 5018.85 5847.31 5963.92 4268.03 3273.43 4560.54 3191.59 2938.76 2398.77 2248.11
threshold=-0.66454532812499967 42.523274000000008 1.9500000000000013 1.2382070770162167e-05 28.781770833333336 42.523274000000008 0.91396500000000469 248.42321500000003 268.97930550000007 53.000000000000007 27.887500000000003 256.98093250000005 12.78240227117721 17.440646893457735
decision_type=2 2 2 2 2 2 2 2 2 2 2 2 2 2
left_child=4 -2 8 -4 5 -1 7 -7 9 11 -11 -3 -9 -5
right_child=1 2 3 13 -6 6 -8 12 -10 10 -12 -13 -14 -15
leaf_value=0.010182580459031492 -0.0059193091338904085 0.087331048780825093 0.65785670714898847 0.12671079759288398 0.46598005805541071 -0.29636944776256929 0.01220809218071062 -0.22711293622878526 -0.15416942388202026 0.045235833066544058 -0.40422098734756801 0.67291086113199272 -0.075428649196401243 0.3802436389649908
leaf_weight=2039 3381 40 70 1024 46 400 790 342 218 1080 40 46 1094 95
leaf_count=2039 3381 40 70 1024 46 400 790 342 218 1080 40 46 1094 95
internal_value=-1.55328e-05 0.0378385 0.094438 0.179067 -0.0481766 -0.0533453 -0.102658 -0.152062 0.0236991 0.0559522 0.0288375 0.404683 -0.111687 0.148555
internal_weight=10705 5994 2613 1189 4711 4665 2626 1836 1424 1206 1120 86 1436 1119
internal_count=10705 5994 2613 1189 4711 4665 2626 1836 1424 1206 1120 86 1436 1119
is_linear=0
shrinkage=0.05


Tree=54
num_leaves=15
num_cat=0
split_feature=69 84 84 31 35 84 59 49 84 24 11 69 69 67
split_gain=7048.88 5363.25 5902.64 5148.54 4538.73 5279.83 5474.08 4105.83 3741.86 4297.04 5944.26 2626.22 2243.44 2205.98
threshold=-0.66454532812499967 42.523274000000008 103.789889 22.987500000000004 28.781770833333336 63.145266500000005 0.15607099999999721 4.5000000000000009 268.97930550000007 322.54412650000006 272.80206100000004 -21.913974317708334 11.973163848958334 -21.612699999999993
decision_type=2 2 2 2 2 2 2 2 2 2 2 2 2 2
left_child=4 -2 3 12 5 -1 7 11 9 10 -4 -7 -3 -8
right_child=1 2 8 -5 -6 6 13 -9 -10 -11 -12 -13 -14 -15
leaf_value=0.0096298170490345461 -0.0056234312179072026 0.050099055096146095 0.060566997566053132 0.47238168524877155 0.44317677372947656 -0.33876375192900499 -0.17643417930586744 -0.49772709826397343 -0.12717306521042546 -0.29955536094430374 0.36337667860461204 -0.11674552693560647 0.30523637156432071 0.012563701957814878
leaf_weight=2041 3381 257 1557 161 46 149 182 85 257 72 180 1221 129 987
leaf_count=2041 3381 257 1557 161 46 149 182 85 257 72 180 1221 129 987
internal_value=-8.70611e-06 0.0359583 0.0897431 0.235643 -0.0457689 -0.0506842 -0.0975835 -0.162282 0.051019 0.0763906 0.0921373 -0.141122 0.135934 -0.0169868
internal_weight=10705 5994 2613 547 4711 4665 2624 1455 2066 1809 1737 1370 386 1169
internal_count=10705 5994 2613 547 4711 4665 2624 1455 2066 1809 1737 1370 386 1169
is_linear=0
shrinkage=0.05


Tree=55
num_leaves=15
num_cat=0
split_feature=71 84 16 84 9 69 84 73 32 10 35 46 15 65
split_gain=6405.86 5251.33 5265.96 4983.92 4357.91 5725.09 3985.6 3358.76 3155.57 3430.05 3075.53 2563.67 2755.77 3657.4
threshold=-0.16250000000000139 87.37510300000001 95.430012500000018 42.523274000000008 72.888648000000003 -1.3374577031249997 303.76010700000006 17.625000000000004 29.762500000000003 274.97567412500007 23.084375000000001 49.260416666666679 266.83459850000003 7.8398370416666614
decision_type=2 2 2 2 2 2 2 2 2 2 2 2 2 2
left_child=1 -1 -3 -2 5 -5 7 -4 11 -10 -7 -6 13 -13
right_child=3 2 6 4 8 10 -8 -9 9 -11 -12 12 -14 -15
leaf_value=0.0094749995160163924 -0.008805674065572297 -0.27325601374730468 -0.018302182371127126 -0.20632934141343601 0.28881456433587432 0.28321531113858023 -0.53894010033718376 -0.16273364410520003 0.10552123564070669 0.53117962276012132 0.75476911915909684 -0.030045760220245406 -0.31607868809591644 0.10675243755459395
leaf_weight=2737 2734 339 1685 53 102 215 42 528 144 70 41 917 54 1044
leaf_count=2737 2734 339 1685 53 102 215 42 528 144 70 41 917 54 1044
internal_value=-7.54682e-06 -0.0388377 -0.0897977 0.0385119 0.0874991 0.263655 -0.062109 -0.05282 0.0640447 0.246578 0.361381 0.0454853 0.0330307 0.0428004
internal_weight=10705 5331 2594 5374 2640 309 2255 2213 2331 214 256 2117 2015 1961
internal_count=10705 5331 2594 5374 2640 309 2255 2213 2331 214 256 2117 2015 1961
is_linear=0
shrinkage=0.05


Tree=56
num_leaves=15
num_cat=0
split_feature=71 84 16 59 6 31 39 84 39 34 20 24 71 80
split_gain=5840.38 5389.82 4366.22 3529.72 3401.92 4760.21 3253.71 3201.12 3255.08 2623.55 2314.47 2262.09 1949.81 1885.66
threshold=-1.9875000000000005 63.145266500000005 95.430012500000018 1.1827049999999988 194.80305600000003 20.937500000000004 56.375000000000007 303.76010700000006 55.875000000000007 25.862500000000008 284.68449300000003 247.91118100000003 3.4000000000000008 -0.93540483100319605
decision_type=2 2 2 2 2 2 2 2 2 2 2 2 2 2
left_child=1 -1 -3 -2 12 -6 -7 8 -4 11 -11 -10 -5 -14
right_child=3 2 7 4 5 6 -8 -9 9 10 -12 -13 13 -15
leaf_value=0.0094877504260613543 0.0091144514386798207 -0.32501695738956993 0.34900472462177279 0.038607310548562701 -0.10160814832966283 0.64250965140933225 0.11479005633812885 -0.51261977387029078 -0.17400630596411332 -0.51951645712649064 -0.03235141605865665 -0.023112535672843014 0.49405500742917258 0.10656213465126906
leaf_weight=1548 6364 225 43 863 52 85 45 42 351 62 40 845 47 93
leaf_count=1548 6364 225 43 863 52 85 45 42 351 62 40 845 47 93
internal_value=-4.71676e-06 -0.0571122 -0.121193 0.0238745 0.103068 0.301371 0.462108 -0.0878221 -0.0741454 -0.0884214 -0.33064 -0.0675049 0.0668209 0.23923
internal_weight=10705 3156 1608 7549 1185 182 130 1383 1341 1298 102 1196 1003 140
internal_count=10705 3156 1608 7549 1185 182 130 1383 1341 1298 102 1196 1003 140
is_linear=0
shrinkage=0.05


Tree=57
num_leaves=15
num_cat=0
split_feature=69 84 84 35 84 17 84 24 11 84 31 73 69 66
split_gain=5447.33 4317.36 5070.99 3920.6 4123.48 4747.12 3417.95 3640.61 4694.92 3318.5 3043.34 2700.95 2314.04 2119.69
threshold=-0.66454532812499967 42.523274000000008 97.025382500000021 28.781770833333336 77.844594000000015 14.207358467408399 268.97930550000007 322.54412650000006 272.80206100000004 303.76010700000006 22.987500000000004 17.625000000000004 -26.30091713020833 8.5601562824929083
decision_type=2 2 2 2 2 2 2 2 2 2 2 2 2 2
left_child=3 -2 10 4 -1 12 7 8 -4 11 13 -7 -6 -3
right_child=1 2 6 -5 5 9 -8 -9 -10 -11 -12 -13 -14 -15
leaf_value=0.0078339522217179113 -0.0056934988727339562 0.099075925336288881 0.059288920510967451 0.41419671383943968 -0.51192796953388908 -0.017187556363968747 -0.12208917133885532 -0.26991346617539724 0.32745231059399171 -0.48758484873660779 0.44948628270182733 -0.16916750083739296 -0.18284173125174874 0.47074733487433856
leaf_weight=2070 3381 267 1671 46 60 1680 257 74 180 42 120 353 460 44
leaf_count=2070 3381 267 1671 46 60 1680 257 74 180 42 120 353 460 44
internal_value=-4.12642e-06 0.031614 0.0798704 -0.0402313 -0.0448001 -0.0867725 0.0488582 0.0717323 0.0855291 -0.0528631 0.236398 -0.0436468 -0.221723 0.153
internal_weight=10705 5994 2613 4711 4665 2595 2182 1925 1851 2075 431 2033 520 311
internal_count=10705 5994 2613 4711 4665 2595 2182 1925 1851 2075 431 2033 520 311
is_linear=0
shrinkage=0.05


Tree=58
num_leaves=15
num_cat=0
split_feature=69 84 84 31 35 84 59 49 84 43 11 58 19 1
split_gain=4918.87 3898.29 4603.97 4195.94 3545.74 3723.64 4557.88 3558.38 3016.82 2953.24 3159.02 2609.74 2414.4 3678.81
threshold=-0.66454532812499967 42.523274000000008 103.789889 22.987500000000004 28.781770833333336 77.844594000000015 0.15607099999999721 4.5000000000000009 275.36804450000005 46.625000000000007 256.1631375 -12.292575499999982 222.66369200000003 286.87046450000008
decision_type=2 2 2 2 2 2 2 2 2 2 2 2 2 2
left_child=4 -2 3 -3 5 -1 7 -7 9 10 -4 -11 13 -13
right_child=1 2 8 -5 -6 6 -8 -9 -10 11 -12 12 -14 -15
leaf_value=0.0074424437404011657 -0.0054089081189967149 0.11476355920863418 -0.057007087228146007 0.41844794943498986 0.39392751943557824 -0.12265554772964388 -0.0087388829893651557 -0.46419717749511752 -0.19345565168205214 -0.069788988715691433 0.44933359099794989 0.071226212334348324 -0.20506222018015549 0.49283578321337701
leaf_weight=2070 3381 386 46 161 46 1355 1160 80 127 415 91 1261 73 53
leaf_count=2070 3381 386 46 161 46 1355 1160 80 127 415 91 1261 73 53
internal_value=-3.63183e-06 0.0300417 0.0758963 0.204748 -0.0382298 -0.0425747 -0.0824602 -0.142006 0.0416985 0.0571923 0.28014 0.0400964 0.0730014 0.0885936
internal_weight=10705 5994 2613 547 4711 4665 2595 1435 2066 1939 137 1802 1387 1314
internal_count=10705 5994 2613 547 4711 4665 2595 1435 2066 1939 137 1802 1387 1314
is_linear=0
shrinkage=0.05


Tree=59
num_leaves=15
num_cat=0
split_feature=71 84 21 84 73 45 22 73 84 59 42 36 41 34
split_gain=4518.87 4909.69 4860.75 3566.94 3012.81 2348.1 3115.71 2021.7 1919.76 1728.75 2209.14 2598.15 2044.33 1716.17
threshold=1.4500000000000013 42.523274000000008 1.2382070770162167e-05 292.35207400000007 24.625000000000004 53.552083333333336 141.77693957812502 -24.874999999999996 118.33709800000001 1.5222030000000049 81.875000000000014 24.225651041666669 76.875000000000014 28.418750000000006
decision_type=2 2 2 2 2 2 2 2 2 2 2 2 2 2
left_child=3 -2 -3 4 5 6 -1 -4 -6 -9 11 -11 -13 -7
right_child=1 2 7 -5 8 13 -8 9 -10 10 -12 12 -14 -15
leaf_value=0.030878372195533695 -0.012611558764082501 0.47721973687930164 0.27398174403194531 -0.30917055502815072 0.010926110402215273 -0.013191935415231629 0.43722040518892541 0.035651430771359023 -0.23629717176694329 0.47672718864713998 0.023996652499255207 0.26089332492019118 -0.12129959441580862 -0.33766601781201799
leaf_weight=166 1585 85 136 105 115 6776 65 967 246 85 179 103 52 40
leaf_count=166 1585 85 136 105 115 6776 65 967 246 85 179 103 52 40
internal_value=3.86929e-07 0.0498299 0.111386 -0.0211742 -0.017051 -0.00982304 0.146609 0.0906553 -0.157729 0.072482 0.157195 0.256027 0.132718 -0.0151454
internal_weight=10705 3192 1607 7513 7408 7047 231 1522 361 1386 419 240 155 6816
internal_count=10705 3192 1607 7513 7408 7047 231 1522 361 1386 419 240 155 6816
is_linear=0
shrinkage=0.05


Tree=60
num_leaves=15
num_cat=0
split_feature=69 84 84 24 26 69 21 35 84 59 24 43 36 21
split_gain=4202.77 3233.63 4047.11 3076.15 4119.49 3339.55 5707.08 3071.42 3299 4110.86 3010.19 2759.4 2506.24 2010.11
threshold=-0.66454532812499967 42.523274000000008 264.88773750000007 322.54412650000006 25.737500000000004 11.973163848958334 1.2382070770162167e-05 28.781770833333336 42.523274000000008 0.91396500000000469 248.42321500000003 48.125000000000007 26.109635416666674 26.006503096908212
decision_type=2 2 2 2 2 2 2 2 2 2 2 2 2 2
left_child=7 -2 3 5 -5 12 -7 8 -1 10 -10 13 -3 -8
right_child=1 2 -4 4 -6 6 11 -9 9 -11 -12 -13 -14 -15
leaf_value=0.0083440633501695449 -0.004510103136225037 0.049204916323122218 -0.093358295103786779 0.13518929024311629 -0.56279741147669349 0.7266506276232132 0.58376454721062865 0.3668849785277184 -0.23860742919520939 0.018942579721464445 -0.083534273886594609 0.10996542227731364 0.39323792710900307 0.15340140675598724
leaf_weight=2039 3381 1434 332 43 40 46 58 46 400 790 1436 554 54 52
leaf_count=2039 3381 1434 332 43 40 46 58 46 400 790 1436 554 54 52
internal_value=5.02518e-06 0.0277773 0.0695403 0.0932807 -0.203885 0.10459 0.193749 -0.0353292 -0.0393731 -0.0764129 -0.117431 0.155794 0.0619457 0.383535
internal_weight=10705 5994 2613 2281 83 2198 710 4711 4665 2626 1836 664 1488 110
internal_count=10705 5994 2613 2281 83 2198 710 4711 4665 2626 1836 664 1488 110
is_linear=0
shrinkage=0.05


Tree=61
num_leaves=15
num_cat=0
split_feature=71 84 12 5 22 39 84 59 46 16 71 15 84 53
split_gain=3894.43 3448.24 3403 3101.82 3517.99 3342.46 2541.95 2624.14 2503.8 2169.62 1978.51 1941.04 1855.52 2275.93
threshold=-2.9875000000000003 75.408333500000012 70.671973500000021 273.75479450000006 151.25327538020835 56.875000000000007 272.25950450000005 0.74356750000001182 57.427083333333336 256.01617700000003 3.9875000000000012 267.97817750000007 100.06211 -0.77259657388510605
decision_type=2 2 2 2 2 2 2 2 2 2 2 2 2 2
left_child=1 -1 -3 6 5 10 7 11 -7 12 -5 -2 13 -9
right_child=3 2 -4 4 -6 8 -8 9 -10 -11 -12 -13 -14 -15
leaf_value=0.0084355634607815103 0.0035656519798551965 -0.42209787175059321 -0.093502542018638779 0.6680950753066851 -0.28682109471410516 -0.22493369517044404 -0.12450442517355476 0.39557205799854167 0.17446029796319529 0.14674898468643344 0.25697347868064585 -0.34156354665756228 -0.020387660396290197 -0.013500036744558267
leaf_weight=1014 6400 84 1102 45 40 50 342 65 170 620 87 40 576 70
leaf_count=1014 6400 84 1102 45 40 50 342 65 170 620 87 40 576 70
internal_value=1.20726e-05 -0.0592683 -0.117112 0.0153514 0.152538 0.203136 0.00870487 0.0145826 0.0830819 0.078466 0.401098 0.0013693 0.0188 0.184921
internal_weight=10705 2200 1186 8505 392 352 8113 7771 220 1331 132 6440 711 135
internal_count=10705 2200 1186 8505 392 352 8113 7771 220 1331 132 6440 711 135
is_linear=0
shrinkage=0.05


end of trees

feature_importances:
consumo_alvo_semana_anterior=238
consumo_diferenca_semana_atual=172
temperatura_externa_c_diferenca_semana_atual=113
correcao_semanal_media_1440m=29
consumo_max_1440m=17
consumo_lag_10080m=15
umidade_relativa_pct_lag_1440m=15
tendencia_consumo_15m=15
consumo_max_180m=14
temperatura_externa_c_lag_720m=14
umidade_relativa_pct_diferenca_semana_atual=13
consumo_std_360m=12
temperatura_externa_c_media_360m=11
consumo_lag_360m=10
consumo_max_60m=9
consumo_std_180m=9
correcao_semanal_std_180m=9
correcao_semanal_std_360m=9
temperatura_externa_c_media_1440m=8
origem_hora_sin=8
correcao_semanal_media_180m=8
consumo_atual_kw=7
temperatura_externa_c_lag_1440m=7
consumo_min_60m=6
umidade_relativa_pct_lag_60m=6
consumo_mean_60m=5
consumo_mean_1440m=5
temperatura_externa_c_lag_60m=5
temperatura_externa_c_media_180m=5
umidade_relativa_pct_media_360m=5
consumo_std_60m=4
temperatura_externa_c_lag_180m=4
umidade_relativa_pct_lag_15m=4
umidade_relativa_pct_media_180m=4
origem_hora_cos=4
consumo_razao_semana_atual=4
consumo_min_180m=3
temperatura_externa_c_atual=3
umidade_relativa_pct_atual=3
consumo_lag_15m=2
consumo_max_360m=2
consumo_std_1440m=2
temperatura_externa_c_lag_15m=2
temperatura_externa_c_lag_360m=2
umidade_relativa_pct_lag_180m=2
umidade_relativa_pct_lag_720m=2
origem_dia_semana=2
correcao_semanal_media_60m=2
alvo_hora_cos=2
consumo_alvo_dia_anterior=2
consumo_lag_60m=1
consumo_lag_180m=1
consumo_lag_1440m=1
consumo_mean_360m=1
consumo_min_360m=1
umidade_relativa_pct_lag_360m=1
umidade_relativa_pct_media_60m=1
origem_mes=1
consumo_diferenca_dia_atual=1
tendencia_consumo_180m=1
tendencia_consumo_360m=1
correcao_semanal_media_360m=1
correcao_semanal_std_1440m=1
umidade_relativa_pct_tendencia_1h=1

parameters:
[boosting: gbdt]
[objective: regression]
[metric: l1]
[tree_learner: serial]
[device_type: cpu]
[data_sample_strategy: bagging]
[data: ]
[valid: ]
[num_iterations: 400]
[learning_rate: 0.05]
[num_leaves: 15]
[num_threads: 2]
[seed: 20260905]
[deterministic: 1]
[force_col_wise: 1]
[force_row_wise: 0]
[histogram_pool_size: -1]
[max_depth: -1]
[min_data_in_leaf: 40]
[min_sum_hessian_in_leaf: 0.001]
[bagging_fraction: 1]
[pos_bagging_fraction: 1]
[neg_bagging_fraction: 1]
[bagging_freq: 0]
[bagging_seed: 23218]
[bagging_by_query: 0]
[feature_fraction: 1]
[feature_fraction_bynode: 1]
[feature_fraction_seed: 28090]
[extra_trees: 0]
[extra_seed: 14360]
[early_stopping_round: 0]
[early_stopping_min_delta: 0]
[first_metric_only: 0]
[max_delta_step: 0]
[lambda_l1: 0]
[lambda_l2: 1]
[linear_lambda: 0]
[min_gain_to_split: 0]
[drop_rate: 0.1]
[max_drop: 50]
[skip_drop: 0.5]
[xgboost_dart_mode: 0]
[uniform_drop: 0]
[drop_seed: 16970]
[top_rate: 0.2]
[other_rate: 0.1]
[min_data_per_group: 100]
[max_cat_threshold: 32]
[cat_l2: 10]
[cat_smooth: 10]
[max_cat_to_onehot: 4]
[top_k: 20]
[monotone_constraints: ]
[monotone_constraints_method: basic]
[monotone_penalty: 0]
[feature_contri: ]
[forcedsplits_filename: ]
[refit_decay_rate: 0.9]
[cegb_tradeoff: 1]
[cegb_penalty_split: 0]
[cegb_penalty_feature_lazy: ]
[cegb_penalty_feature_coupled: ]
[path_smooth: 0]
[interaction_constraints: ]
[verbosity: -1]
[saved_feature_importance_type: 0]
[use_quantized_grad: 0]
[num_grad_quant_bins: 4]
[quant_train_renew_leaf: 0]
[stochastic_rounding: 1]
[linear_tree: 0]
[max_bin: 255]
[max_bin_by_feature: ]
[min_data_in_bin: 3]
[bin_construct_sample_cnt: 200000]
[data_random_seed: 5037]
[is_enable_sparse: 1]
[enable_bundle: 1]
[use_missing: 1]
[zero_as_missing: 0]
[feature_pre_filter: 1]
[pre_partition: 0]
[two_round: 0]
[header: 0]
[label_column: ]
[weight_column: ]
[group_column: ]
[ignore_column: ]
[categorical_feature: ]
[forcedbins_filename: ]
[precise_float_parser: 0]
[parser_config_file: ]
[objective_seed: 15411]
[num_class: 1]
[is_unbalance: 0]
[scale_pos_weight: 1]
[sigmoid: 1]
[boost_from_average: 1]
[reg_sqrt: 0]
[alpha: 0.9]
[fair_c: 1]
[poisson_max_delta_step: 0.7]
[tweedie_variance_power: 1.5]
[lambdarank_truncation_level: 30]
[lambdarank_norm: 1]
[label_gain: ]
[lambdarank_position_bias_regularization: 0]
[eval_at: ]
[multi_error_top_k: 1]
[auc_mu_weights: ]
[num_machines: 1]
[local_listen_port: 12400]
[time_out: 120]
[machine_list_filename: ]
[machines: ]
[gpu_platform_id: -1]
[gpu_device_id: -1]
[gpu_device_id_list: ]
[gpu_use_dp: 0]
[num_gpu: 1]

end of parameters

pandas_categorical:[]
