tree
version=v4
num_class=1
num_tree_per_iteration=1
label_index=0
max_feature_idx=84
objective=regression
feature_names=consumo_atual_kw consumo_lag_15m consumo_lag_30m consumo_lag_60m consumo_lag_120m consumo_lag_180m consumo_lag_360m consumo_lag_720m consumo_lag_1440m consumo_lag_10080m consumo_mean_60m consumo_min_60m consumo_max_60m consumo_std_60m consumo_mean_180m consumo_min_180m consumo_max_180m consumo_std_180m consumo_mean_360m consumo_min_360m consumo_max_360m consumo_std_360m consumo_mean_1440m consumo_min_1440m consumo_max_1440m consumo_std_1440m temperatura_externa_c_atual temperatura_externa_c_lag_15m temperatura_externa_c_lag_60m temperatura_externa_c_lag_180m temperatura_externa_c_lag_360m temperatura_externa_c_lag_720m temperatura_externa_c_lag_1440m temperatura_externa_c_media_60m temperatura_externa_c_media_180m temperatura_externa_c_media_360m temperatura_externa_c_media_1440m umidade_relativa_pct_atual umidade_relativa_pct_lag_15m umidade_relativa_pct_lag_60m umidade_relativa_pct_lag_180m umidade_relativa_pct_lag_360m umidade_relativa_pct_lag_720m umidade_relativa_pct_lag_1440m umidade_relativa_pct_media_60m umidade_relativa_pct_media_180m umidade_relativa_pct_media_360m umidade_relativa_pct_media_1440m origem_hora origem_dia_semana origem_fim_de_semana origem_mes origem_hora_sin origem_hora_cos origem_semana_sin origem_semana_cos consumo_diferenca_semana_atual consumo_razao_semana_atual consumo_diferenca_dia_atual tendencia_consumo_15m tendencia_consumo_60m tendencia_consumo_180m tendencia_consumo_360m correcao_semanal_media_60m correcao_semanal_std_60m correcao_semanal_media_180m correcao_semanal_std_180m correcao_semanal_media_360m correcao_semanal_std_360m correcao_semanal_media_1440m correcao_semanal_std_1440m temperatura_externa_c_diferenca_semana_atual temperatura_externa_c_tendencia_1h umidade_relativa_pct_diferenca_semana_atual umidade_relativa_pct_tendencia_1h alvo_hora alvo_dia_semana alvo_fim_de_semana alvo_mes alvo_hora_sin alvo_hora_cos alvo_semana_sin alvo_semana_cos consumo_alvo_dia_anterior consumo_alvo_semana_anterior
feature_infos=[22.399999999999999:324.71375799999998] [22.399999999999999:324.71375799999998] [22.399999999999999:324.71375799999998] [22.399999999999999:324.71375799999998] [22.399999999999999:324.71375799999998] [22.399999999999999:324.71375799999998] [22.399999999999999:324.71375799999998] [22.399999999999999:324.71375799999998] [22.399999999999999:324.71375799999998] [22.399999999999999:324.71375799999998] [22.399999999999999:321.24876725000001] [22.399999999999999:318.278571] [22.399999999999999:324.71375799999998] [0:82.540869055199337] [22.399999999999999:313.28577408333337] [22.399999999999999:302.53573799999998] [22.399999999999999:324.71375799999998] [0:92.970139865692389] [22.399999999999999:295.13563500000004] [22.399999999999999:249.29458700000001] [22.399999999999999:324.71375799999998] [0:116.53386463160022] [23.200000000000003:159.49963871874999] none [25.600000000000001:324.71375799999998] [1.3929144002343703:128.71471884334804] [15:33.700000000000003] [15:33.700000000000003] [15:33.700000000000003] [15:33.700000000000003] [15:33.700000000000003] [15:33.700000000000003] [15:33.700000000000003] [15:33.4375] [15:32.71875] [15.333333333333334:31.620833333333334] [16.439843749999998:27.283072916666669] [31:98] [31:98] [31:98] [31:98] [31:98] [31:98] [31:98] [32.5:95.625] [33.666666666666664:95.083333333333329] [37.041666666666664:94] [59.309895833333336:91.638020833333329] [0:23.75] [0:6] [0:1] [1:4] [-1:1] [-1:1] [-0.97492791218182362:0.97492791218182362] [-0.90096886790241903:1] [-72.635950000000008:77.445233000000002] [0.43630911779503978:2.09406877563422] [-291.363968:296.779246] [-121.30707899999999:153.05878799999999] [-124.27709300000001:153.05878799999999] [-180.63157299999997:268.16051600000003] [-299.363968:299.97924600000005] [-70.384351250000009:75.467424499999993] [0:44.359338508129341] [-67.777903583333341:70.921986416666655] [0:38.631403568061003] [-64.848194500000005:62.415354583333333] [0:37.083675449251288] [-34.945017510416669:27.905951093750001] [0:30.68446053870321] [-12:11.5] [-8:4.8000000000000007] [-49:48] [-30:40] [0:23.75] [0:6] [0:1] [1:4] [-1:1] [-1:1] [-0.97492791218182362:0.97492791218182362] [-0.90096886790241903:1] [22.399999999999999:324.71375799999998] [22.399999999999999:324.71375799999998]
tree_sizes=1419 1436 1433 1435 1437 1434 1443 1426 1432 1439 1434 1445 1443 1445 1443 1439 1444 1442 1438 1442 1446 1433 1441 1449 1446 1450 1451 1449 1434 1438 1444 1438 1448 1441 1460 1448 1449 1442 1440 1436

Tree=0
num_leaves=15
num_cat=0
split_feature=71 84 71 84 71 24 84 84 69 58 12 69 51 69
split_gain=585048 431016 295375 235410 203756 88879.4 88499.1 61535.3 44431.7 40037.6 39266.3 34574.3 33690.7 29339.3
threshold=-1.0000000180025095e-35 103.37176100000001 -2.8499999999999992 42.523274000000008 2.212499999999999 264.18653100000006 282.33339050000006 287.58038500000004 -0.27905442708333383 -7.9983479999999991 121.14967050000001 -26.30091713020833 3.5000000000000004 11.532673921875002
decision_type=2 2 2 2 2 2 2 2 2 2 2 2 2 2
left_child=1 -1 5 -2 6 11 8 9 12 -4 -7 -3 -5 -6
right_child=3 2 7 4 13 10 -8 -9 -10 -11 -12 -13 -14 -15
leaf_value=-1.0554862587260669 -1.0527849356306194 -3.5606801219865023 -2.2776099213621279 -0.69268995763380914 -0.1381540534181912 -1.1894776141023495 -2.6553561221034929 -2.9943871352699412 -0.44141416332142347 -1.4300612601767757 -2.560713215378883 -2.752240064607796 -1.45531948010894 0.42551117282283801
leaf_weight=2898 2750 207 153 362 410 112 57 72 897 1488 97 408 240 554
leaf_count=2898 2750 207 153 362 410 112 57 72 897 1488 97 408 240 554
internal_value=-1.10817 -1.47212 -1.94787 -0.732833 -0.38384 -2.72524 -0.738121 -1.57321 -0.664235 -1.50975 -1.82977 -3.02789 -0.9968 0.187032
internal_weight=10705 5435 2537 5270 2520 824 1556 1713 1499 1641 209 615 602 964
internal_count=10705 5435 2537 5270 2520 824 1556 1713 1499 1641 209 615 602 964
is_linear=0
shrinkage=1


Tree=1
num_leaves=15
num_cat=0
split_feature=71 84 71 84 69 24 84 84 58 12 6 30 69 65
split_gain=528294 368043 304849 257676 138107 80208.6 74095.9 53717.4 39537.7 35476.2 34863.7 50403.1 31643.8 31356.5
threshold=1.0000000180025095e-35 103.37176100000001 -2.8499999999999992 42.523274000000008 11.532673921875002 264.18653100000006 287.58038500000004 272.35636400000004 -10.845522500000007 121.14967050000001 97.995967000000022 21.012500000000003 -13.065936541666668 0.22060337499999785
decision_type=2 2 2 2 2 2 2 2 2 2 2 2 2 2
left_child=1 -1 5 -2 7 12 8 10 -4 -7 11 -5 -3 -10
right_child=3 2 6 4 -6 9 -8 -9 13 -11 -12 -13 -14 -15
leaf_value=0.059045869994960809 0.052618683781474829 -2.1361558132252454 -1.2018644257641036 0.37882772557263783 1.3520687849155266 -0.077274913710039278 -1.7878696934207454 -0.51919123632276165 -0.32594809152747245 -1.3806538388285103 0.1774071476362914 1.0967283774894896 -1.3970459271739362 0.48082535991084746
leaf_weight=3137 2559 353 120 471 731 112 90 116 1657 97 360 511 262 129
leaf_count=3137 2559 353 120 471 731 112 90 116 1657 97 360 511 262 129
internal_value=-3.36645e-05 -0.313597 -0.728002 0.393356 0.791482 -1.53656 -0.393609 0.509685 -0.32687 -0.685886 0.598939 0.753135 -1.82406 -0.26744
internal_weight=10705 5957 2820 4748 2189 824 1996 1458 1906 209 1342 982 615 1786
internal_count=10705 5957 2820 4748 2189 824 1996 1458 1906 209 1342 982 615 1786
is_linear=0
shrinkage=0.05


Tree=2
num_leaves=15
num_cat=0
split_feature=71 84 71 84 71 84 24 84 69 58 12 51 69 73
split_gain=479000 352274 240197 192863 170985 74415.3 73910.4 50048.1 37490.8 33263 31564 29438.6 28642.7 28466.2
threshold=-1.0000000180025095e-35 104.01284850000002 -2.8499999999999992 42.523274000000008 2.212499999999999 282.33339050000006 264.18653100000006 287.58038500000004 -0.27905442708333383 -5.9249009999999975 121.14967050000001 3.5000000000000004 -26.462434338541666 3.8750000000000004
decision_type=2 2 2 2 2 2 2 2 2 2 2 2 2 2
left_child=1 -1 6 -2 5 8 12 9 11 13 -8 -5 -3 -4
right_child=3 2 7 4 -6 -7 10 -9 -10 -11 -12 -13 -14 -15
leaf_value=0.046038518546141452 0.049967824718337717 -2.3021020586350387 -0.14042805289906082 0.37748987679382578 1.1784005257176051 -1.4271250457599247 -0.073445350887764868 -1.7050260006564937 0.60334940034904438 -0.28448341058747367 -1.309673185211917 -0.33538028497975403 -1.5226743696396225 -1.4345798415485809
leaf_weight=2907 2750 169 65 362 964 57 112 72 897 1450 95 240 442 123
leaf_count=2907 2750 169 65 362 964 57 112 72 897 1450 95 240 442 123
internal_value=-5.64015e-05 -0.329371 -0.760909 0.339566 0.655451 0.330916 -1.46512 -0.423383 0.398673 -0.366041 -0.644365 0.0932043 -1.74167 -0.990244
internal_weight=10705 5435 2528 5270 2520 1556 818 1710 1499 1638 207 602 611 188
internal_count=10705 5435 2528 5270 2520 1556 818 1710 1499 1638 207 602 611 188
is_linear=0
shrinkage=0.05


Tree=3
num_leaves=15
num_cat=0
split_feature=71 84 71 84 71 84 24 84 69 58 73 16 51 84
split_gain=432412 318072 216872 174063 154347 67256.8 66701.2 45247.5 33839.7 30527.9 38049 28668.7 26577.8 26452
threshold=-1.0000000180025095e-35 104.01284850000002 -2.8499999999999992 42.523274000000008 2.212499999999999 282.33339050000006 264.18653100000006 287.58038500000004 -0.27905442708333383 -1.7172850000000037 2.8750000000000004 162.04901450000003 3.5000000000000004 253.37260750000004
decision_type=2 2 2 2 2 2 2 2 2 2 2 2 2 2
left_child=1 -1 6 -2 5 8 -3 9 12 10 -4 -8 -5 -6
right_child=3 2 7 4 13 -7 11 -9 -10 -11 -12 -13 -14 -15
leaf_value=0.043737381259094738 0.047470338851137626 -1.6548990325570057 -0.054273339208899707 0.35866737273873217 1.2486405097847106 -1.3569990752072172 -0.036307413569677656 -1.6209425488155185 0.57321552876844584 -0.25323185298494461 -1.3013157878295485 -1.2108903424175201 -0.31868084582627687 0.58287795298688472
leaf_weight=2907 2750 611 97 362 776 57 106 72 897 1376 165 101 240 188
leaf_count=2907 2750 611 97 362 776 57 106 72 897 1376 165 101 240 188
internal_value=-9.22478e-05 -0.312982 -0.723037 0.322592 0.622687 0.314345 -1.39218 -0.402318 0.378761 -0.347796 -0.841586 -0.612479 0.0885475 1.11954
internal_weight=10705 5435 2528 5270 2520 1556 818 1710 1499 1638 262 207 602 964
internal_count=10705 5435 2528 5270 2520 1556 818 1710 1499 1638 262 207 602 964
is_linear=0
shrinkage=0.05


Tree=4
num_leaves=15
num_cat=0
split_feature=71 84 71 84 69 69 84 7 84 6 30 58 65 22
split_gain=391874 274015 230686 191291 110032 63325.3 55847.8 42230.1 40855.7 30793.4 43356 29300.5 27907.7 27137.8
threshold=1.0000000180025095e-35 101.20536200000002 -2.7624999999999988 42.523274000000008 11.532673921875002 -14.779579244791664 287.58038500000004 122.87923900000001 272.35636400000004 97.995967000000022 21.062500000000004 -10.845522500000007 0.22060337499999785 148.13106922916668
decision_type=2 2 2 2 2 2 2 2 2 2 2 2 2 2
left_child=1 -1 5 -2 8 -3 11 -7 9 10 -5 -4 -13 -6
right_child=3 2 6 4 13 7 -8 -9 -10 -11 -12 12 -14 -15
leaf_value=0.054954197652002081 0.045118772629648446 -1.8212250650763846 -1.0187541013810693 0.30736841255413833 1.4172407154641722 -1.2935618217551161 -1.5403464869155989 -0.33508072439835618 -0.46699493060636721 0.11210121060718353 0.97290136744578681 -0.27638211689842218 0.47666586575595504 0.78151514107709408
leaf_weight=3104 2559 356 122 473 459 315 90 182 116 360 509 1656 132 272
leaf_count=3104 2559 356 122 473 459 315 90 182 116 360 509 1656 132 272
internal_value=-0.000110769 -0.270171 -0.623795 0.338701 0.681729 -1.31178 -0.329859 -0.943946 0.430228 0.508072 0.652973 -0.272044 -0.220553 1.18208
internal_weight=10705 5957 2853 4748 2189 853 2000 497 1458 1342 982 1910 1788 731
internal_count=10705 5957 2853 4748 2189 853 2000 497 1458 1342 982 1910 1788 731
is_linear=0
shrinkage=0.05


Tree=5
num_leaves=15
num_cat=0
split_feature=71 84 71 84 71 84 24 84 69 58 73 69 8 51
split_gain=353839 260026 176181 142548 128610 56641.5 55835.6 38141.6 28714.9 25803.4 34409.2 24543.4 24441.4 23220.3
threshold=-1.0000000180025095e-35 104.01284850000002 -2.8499999999999992 42.523274000000008 2.212499999999999 282.33339050000006 264.18653100000006 295.90254450000003 -0.27905442708333383 -1.7172850000000037 3.8750000000000004 -26.462434338541666 187.95438150000004 3.5000000000000004
decision_type=2 2 2 2 2 2 2 2 2 2 2 2 2 2
left_child=1 -1 6 -2 5 8 11 9 13 10 -4 -3 -8 -5
right_child=3 2 7 4 -6 -7 12 -9 -10 -11 -12 -13 -14 -15
leaf_value=0.039375837223586389 0.04280842413082421 -2.0148901417676139 -0.10496423978558077 0.32618661283543621 1.016893119528079 -1.2518665752791127 -0.13145851707856235 -1.8187182773243298 0.52013795333281831 -0.2403990137678636 -1.2592277937454561 -1.2954039836399107 -1.258179818368272 -0.30692642860392816
leaf_weight=2907 2750 169 111 362 964 57 132 43 897 1402 154 442 75 240
leaf_count=2907 2750 169 111 362 964 57 132 43 897 1402 154 442 75 240
internal_value=-0.000117299 -0.283156 -0.653911 0.291781 0.563353 0.281896 -1.25702 -0.364839 0.341014 -0.326269 -0.777956 -1.49738 -0.543777 0.0736923
internal_weight=10705 5435 2528 5270 2520 1556 818 1710 1499 1667 265 611 207 602
internal_count=10705 5435 2528 5270 2520 1556 818 1710 1499 1667 265 611 207 602
is_linear=0
shrinkage=0.05


Tree=6
num_leaves=15
num_cat=0
split_feature=71 84 71 84 69 69 84 7 84 6 71 31 58 24
split_gain=320693 224879 188084 156597 93668.2 52602.2 47974.6 35583.2 33960.1 27761.3 39709.3 31908.3 26199.9 25865.9
threshold=1.0000000180025095e-35 101.20536200000002 -2.7624999999999988 42.523274000000008 11.532673921875002 -14.779579244791664 275.36804450000005 122.87923900000001 272.35636400000004 96.187470500000018 3.4000000000000008 21.212500000000002 -10.845522500000007 277.22543400000006
decision_type=2 2 2 2 2 2 2 2 2 2 2 2 2 2
left_child=1 -1 5 -2 8 -3 12 -7 9 10 11 -5 -4 -14
right_child=3 2 6 4 -6 7 -8 -9 -10 -11 -12 -13 13 -15
leaf_value=0.050083309491667387 0.040724131824681542 -1.6503086386608476 -0.92913059471017234 -0.035477154274735981 1.0783591737512681 -1.1717239871084739 -0.96584689575834437 -0.29203294630829107 -0.43329307126342997 0.090832891492778317 1.5581495162138006 0.66406484913388519 -0.27671329906356545 0.17179047104362485
leaf_weight=3104 2559 356 117 217 731 315 237 182 116 376 96 653 1209 437
leaf_count=3104 2559 356 117 217 731 315 237 182 116 376 96 653 1209 437
internal_value=-0.000147567 -0.244452 -0.564805 0.306352 0.616718 -1.18603 -0.299394 -0.850817 0.384684 0.455658 0.59742 0.489741 -0.209306 -0.157607
internal_weight=10705 5957 2853 4748 2189 853 2000 497 1458 1342 966 870 1763 1646
internal_count=10705 5957 2853 4748 2189 853 2000 497 1458 1342 966 870 1763 1646
is_linear=0
shrinkage=0.05


Tree=7
num_leaves=15
num_cat=0
split_feature=71 84 71 84 71 84 24 84 30 52 84 43 84 58
split_gain=289600 212633 141398 116755 106406 48594 46878.9 32838.1 28104.8 25799.5 24742.1 23010.5 22354.1 21952.4
threshold=-1.0000000180025095e-35 105.889583 -2.8499999999999992 42.523274000000008 2.212499999999999 258.94589250000007 264.18653100000006 295.90254450000003 19.762500000000003 0.77259657388510639 285.86399050000006 88.875000000000014 252.77660250000002 -1.7172850000000037
decision_type=2 2 2 2 2 2 2 2 2 2 2 2 2 2
left_child=1 -1 6 -2 5 8 11 13 -5 -10 -7 -3 -6 -4
right_child=3 2 7 4 12 10 -8 -9 9 -11 -12 -13 -14 -15
leaf_value=0.03298156581074254 0.038600823901775147 -1.4655568763035283 -0.71389803711072852 -0.14841870171997026 1.0423776687516857 -0.11431156538365805 -0.47742580316869954 -1.6826542605053296 0.33394449019242178 0.87382740806731241 -1.4233115264555305 -0.48063907398693806 0.43627667998981912 -0.21759838327885747
leaf_weight=2930 2750 540 265 194 772 304 204 43 692 326 40 68 192 1385
leaf_count=2930 2750 540 265 194 772 304 204 43 692 326 40 68 192 1385
internal_value=-0.000149996 -0.25621 -0.594345 0.263926 0.509703 0.253695 -1.13641 -0.33384 0.402493 0.507522 -0.270205 -1.35637 0.922238 -0.297691
internal_weight=10705 5435 2505 5270 2520 1556 812 1693 1212 1018 344 608 964 1650
internal_count=10705 5435 2505 5270 2520 1556 812 1693 1212 1018 344 608 964 1650
is_linear=0
shrinkage=0.05


Tree=8
num_leaves=15
num_cat=0
split_feature=71 84 71 84 69 24 84 24 84 17 65 22 8 36
split_gain=262195 184646 147787 128070 79504.1 50423.1 38500.5 30296.5 33543.4 26864.1 25311.7 23385.6 23304.6 22189.3
threshold=1.0000000180025095e-35 104.01284850000002 -2.5124999999999988 42.523274000000008 11.532673921875002 264.18653100000006 299.97504500000008 253.43744300000003 257.75375800000006 1.1692635583363182e-06 3.8351150416666648 148.13106922916668 200.46031700000003 25.780468750000001
decision_type=2 2 2 2 2 2 2 2 2 2 2 2 2 2
left_child=1 -1 5 -2 7 -3 10 9 -9 -5 -4 -6 -7 -13
right_child=3 2 6 4 11 12 -8 8 -10 -11 -12 13 -14 -15
leaf_value=0.042083083132703911 0.036759433104889466 -1.2819462055721076 -0.26660609733945589 1.3664374339062235 1.200969525974082 -0.12221216112375261 -1.7827316795907369 0.36011029370846376 -0.30267057848283119 0.44929865287102538 0.77765089355409156 0.014248769648373127 -1.1321753389695111 0.95202368456741859
leaf_weight=3146 2559 640 1813 114 459 175 40 830 247 267 59 99 84 173
leaf_count=3146 2559 640 1813 114 459 175 40 830 247 267 59 99 84 173
internal_value=-0.00016102 -0.221063 -0.515479 0.276978 0.557655 -1.04386 -0.266626 0.343894 0.207968 0.726577 -0.233297 0.982955 -0.452862 0.612004
internal_weight=10705 5957 2811 4748 2189 899 1912 1458 1077 381 1872 731 259 272
internal_count=10705 5957 2811 4748 2189 899 1912 1458 1077 381 1872 731 259 272
is_linear=0
shrinkage=0.05


Tree=9
num_leaves=15
num_cat=0
split_feature=71 84 71 84 71 84 84 36 30 42 69 69 58 73
split_gain=237259 173648 116718 95754 86810.6 41469.3 33534.7 29250.2 22524.2 27208.1 23953.8 21732.1 20878.4 27466.5
threshold=-1.0000000180025095e-35 104.01284850000002 -3.7624999999999988 42.523274000000008 2.212499999999999 284.32638350000008 287.58038500000004 18.395963541666671 19.762500000000003 51.375000000000007 -6.2117165312500005 -14.462286713541664 -1.3027524999999966 8.1250000000000018
decision_type=2 2 2 2 2 2 2 2 2 2 2 2 2 2
left_child=1 -1 11 -2 5 8 7 -4 -5 -10 -11 -3 13 -9
right_child=3 2 6 4 -6 -7 -8 12 9 10 -12 -13 -14 -15
leaf_value=0.031652588162832528 0.034815700596482139 -1.5397141503763725 -1.6200668490210246 -0.19689186525440985 0.83406875953445025 -1.249240690469742 -1.2969240124555346 -0.30888079690406234 -0.20484711651336701 -0.31764244211124298 0.51798981345787964 -0.83554829166969291 -0.22630679392776887 -1.2594441995024681
leaf_weight=2907 2750 272 42 216 964 45 93 204 186 93 1016 191 1605 121
leaf_count=2907 2750 272 42 216 964 45 93 204 186 93 1016 191 1605 121
internal_value=-0.000151516 -0.23192 -0.5349 0.238872 0.46145 0.230212 -0.373667 -0.32949 0.27507 0.353882 0.447691 -1.25165 -0.300581 -0.665561
internal_weight=10705 5435 2528 5270 2520 1556 2065 1972 1511 1295 1109 463 1930 325
internal_count=10705 5435 2528 5270 2520 1556 2065 1972 1511 1295 1109 463 1930 325
is_linear=0
shrinkage=0.05


Tree=10
num_leaves=15
num_cat=0
split_feature=71 84 71 84 69 24 84 8 22 70 36 63 84 36
split_gain=214183 156886 106850 86412.5 81001.2 50851.2 42051.4 28245.9 25077.4 22030.4 35709.9 31173.8 21975.5 21813.9
threshold=-1.0000000180025095e-35 105.889583 -2.1374999999999988 42.523274000000008 11.532673921875002 264.18653100000006 273.02215500000005 200.46031700000003 148.13106922916668 8.1012924249459495 20.844531250000003 4.6262223749999984 275.36804450000005 25.780468750000001
decision_type=2 2 2 2 2 2 2 2 2 2 2 2 2 2
left_child=1 -1 5 -2 6 -3 9 -7 -6 10 -5 -11 -4 -10
right_child=3 2 12 4 8 7 -8 -9 13 11 -12 -13 -14 -15
leaf_value=0.02801745335375417 0.033075547153323143 -1.159676300268274 -0.17189519942630954 -0.26490037415886519 1.1024956674304935 -0.10720530307645204 -0.55726161366011817 -1.0922275706699915 -0.0069563912868988321 -0.15325992432531851 0.58860097734509631 0.6189065835664147 -0.77150740707885324 0.86712597220622267
leaf_weight=2930 2750 671 1320 142 460 238 146 104 121 418 871 189 172 173
leaf_count=2930 2750 671 1320 142 460 238 146 104 121 418 871 189 172 173
internal_value=-0.000179606 -0.220389 -0.510835 0.226923 0.438366 -0.906912 0.25288 -0.409055 0.871896 0.326191 0.468816 0.08779 -0.24149 0.50858
internal_weight=10705 5435 2505 5270 2520 1013 1766 342 754 1620 1013 607 1492 294
internal_count=10705 5435 2505 5270 2520 1013 1766 342 754 1620 1013 607 1492 294
is_linear=0
shrinkage=0.05


Tree=11
num_leaves=15
num_cat=0
split_feature=71 84 71 84 69 24 84 8 24 84 17 58 24 25
split_gain=194042 137928 116586 94833.1 61343.8 45217 31863.8 27629.5 25847.6 26153 22915.1 22022.3 21348.6 28582
threshold=1.0000000180025095e-35 101.20536200000002 -2.1374999999999988 42.523274000000008 11.532673921875002 264.18653100000006 270.38757000000004 200.46031700000003 253.43744300000003 257.75375800000006 1.1692635583363182e-06 -11.200341999999997 278.56941200000006 109.00154112320878
decision_type=2 2 2 2 2 2 2 2 2 2 2 2 2 2
left_child=1 -1 5 -2 8 -3 11 -7 10 -10 -5 -4 -13 -14
right_child=3 2 6 4 -6 7 -8 -9 9 -11 -12 12 13 -15
leaf_value=0.040457231874237269 0.0315289432508871 -1.0971684773604879 -0.83899050821510568 1.2363110370221346 0.85333941773882982 -0.098765987403108269 -0.63993515960268077 -1.0461845247091446 0.30084134512239114 -0.28436247673103465 0.38950609967056943 -0.15226814508891282 0.65979018007473256 -0.36858596843067964
leaf_weight=3104 2559 690 93 114 731 242 332 112 830 247 267 1080 204 100
leaf_count=3104 2559 690 93 114 731 242 332 112 830 247 267 1080 204 100
internal_value=-0.000175515 -0.190211 -0.4411 0.238239 0.479765 -0.861591 -0.198086 -0.400617 0.292009 0.166491 0.645454 -0.0984013 -0.0480665 0.321409
internal_weight=10705 5957 2853 4748 2189 1044 1809 354 1458 1077 381 1477 1384 304
internal_count=10705 5957 2853 4748 2189 1044 1809 354 1458 1077 381 1477 1384 304
is_linear=0
shrinkage=0.05


Tree=12
num_leaves=15
num_cat=0
split_feature=71 84 71 84 69 24 84 8 24 84 47 69 47 58
split_gain=175172 124514 105243 85609.5 55363.2 40798.1 28982.7 24960.2 23349.3 23743.5 21357.6 19603.1 19313.5 19071
threshold=1.0000000180025095e-35 101.20536200000002 -2.1374999999999988 42.523274000000008 11.532673921875002 264.18653100000006 273.38934050000006 200.46031700000003 253.43744300000003 260.0556155000001 72.009114583333343 -13.065936541666668 81.669270833333357 -11.200341999999997
decision_type=2 2 2 2 2 2 2 2 2 2 2 2 2 2
left_child=1 -1 5 -2 8 11 13 -7 10 -10 -5 12 -3 -4
right_child=3 2 6 4 -6 7 -8 -9 9 -11 -12 -13 -14 -15
leaf_value=0.038435021119969097 0.029953111563809216 -1.5770302002997378 -0.79748724632440737 1.2781703218169835 0.81073074078523233 -0.093848013180526504 -0.68233588434609715 -0.99433821070510742 0.27708320587945101 -0.30422248013899139 0.40111634192661838 -0.74994951850941938 -0.82701584799536354 -0.062690602018200606
leaf_weight=3104 2559 228 93 91 731 242 254 112 857 220 290 318 144 1462
leaf_count=3104 2559 228 93 91 731 242 254 112 857 220 290 318 144 1462
internal_value=-0.000171478 -0.18073 -0.419107 0.226354 0.455834 -0.818619 -0.188219 -0.380747 0.277465 0.158167 0.613394 -1.04239 -1.2897 -0.107121
internal_weight=10705 5957 2853 4748 2189 1044 1809 354 1458 1077 381 690 372 1555
internal_count=10705 5957 2853 4748 2189 1044 1809 354 1458 1077 381 690 372 1555
is_linear=0
shrinkage=0.05


Tree=13
num_leaves=15
num_cat=0
split_feature=71 84 71 84 71 84 56 84 26 32 24 36 25 69
split_gain=158521 115791 81199.1 64064.8 62217.1 31331.3 27154.6 26800.1 23208.8 20951.4 22213.1 18669.8 17425.1 17269.8
threshold=-1.0000000180025095e-35 104.01284850000002 -3.7624999999999988 42.523274000000008 1.7624999999999995 283.32550850000001 27.694647000000021 295.90254450000003 19.012500000000003 22.012500000000003 278.11863750000003 21.286979166666669 107.98559925686267 -26.462434338541666
decision_type=2 2 2 2 2 2 2 2 2 2 2 2 2 2
left_child=1 -1 13 -2 5 -5 -6 8 -4 10 11 -10 -12 -3
right_child=3 2 7 4 6 -7 -8 -9 9 -11 12 -13 -14 -15
leaf_value=0.025605022581358234 0.02828894762700794 -1.4427558224825632 -0.58804943910293994 0.17912379252104738 0.54088372492997105 -1.1365045734859529 1.260022574265798 -1.3722660834329172 0.17203218337204873 -0.45500079017217721 0.6240517472667354 -0.33481266768075124 -0.36492656653126082 -0.80063545754060206
leaf_weight=2907 2750 167 450 1224 1101 46 149 56 263 480 174 583 59 296
leaf_count=2907 2750 167 450 1224 1101 46 149 56 263 480 174 583 59 296
internal_value=-0.000178097 -0.189624 -0.437033 0.195198 0.377258 0.130614 0.627544 -0.302558 -0.272073 -0.180549 -0.0581487 -0.17723 0.373134 -1.03485
internal_weight=10705 5435 2528 5270 2520 1270 1250 2065 2009 1559 1079 846 233 463
internal_count=10705 5435 2528 5270 2520 1270 1250 2065 2009 1559 1079 846 233 463
is_linear=0
shrinkage=0.05


Tree=14
num_leaves=15
num_cat=0
split_feature=71 84 71 84 69 24 84 8 70 63 36 73 58 65
split_gain=143165 102169 87877.3 69971.7 47667.3 34385.8 25140.7 22036.4 21547.1 29527.9 22127.6 20256.5 31825.1 20330.3
threshold=1.0000000180025095e-35 101.20536200000002 -2.1374999999999988 42.523274000000008 11.532673921875002 264.18653100000006 269.42642150000006 200.46031700000003 8.1012924249459495 4.6262223749999984 24.497135416666669 0.37500000000000006 -0.8425244999999818 2.905430125000001
decision_type=2 2 2 2 2 2 2 2 2 2 2 2 2 2
left_child=1 -1 5 -2 8 -3 11 -7 10 -10 -5 -4 -13 -14
right_child=3 2 6 4 -6 7 -8 -9 9 -11 -12 12 13 -15
leaf_value=0.035109607703059958 0.027042144974693656 -0.94984311261598442 0.16730254082595586 0.34277828620194234 0.74136688007522744 -0.072951837932238736 -0.54236997221389582 -0.91897725653463758 -0.21033761772480522 0.5464469230336112 1.3993530264440572 -0.882228032287383 -0.15116993460353459 0.95608200932090937
leaf_weight=3104 2559 690 539 798 731 242 359 112 424 184 52 150 718 43
leaf_count=3104 2559 690 539 798 731 242 359 112 424 184 52 150 718 43
internal_value=-0.000186308 -0.163419 -0.379349 0.204602 0.412066 -0.744415 -0.16837 -0.342456 0.246569 0.0192105 0.408984 -0.0754629 -0.219123 -0.0874325
internal_weight=10705 5957 2853 4748 2189 1044 1809 354 1458 608 850 1450 911 761
internal_count=10705 5957 2853 4748 2189 1044 1809 354 1458 608 850 1450 911 761
is_linear=0
shrinkage=0.05


Tree=15
num_leaves=15
num_cat=0
split_feature=71 84 71 84 71 84 56 84 36 65 84 8 69 36
split_gain=129277 94300.9 67052 52271.9 52478.2 27285.6 23958.8 23309.1 20306.1 16517.6 16597.6 18090.1 17232.2 23058.8
threshold=-1.0000000180025095e-35 105.889583 -3.7624999999999988 42.523274000000008 1.7624999999999995 257.75375800000006 27.694647000000021 292.35207400000007 18.395963541666671 3.8351150416666648 167.62152700000004 197.43079300000002 -13.712057489583332 23.030078125000003
decision_type=2 2 2 2 2 2 2 2 2 2 2 2 2 2
left_child=1 -1 -3 -2 5 -5 -6 8 -4 10 -10 12 13 -12
right_child=3 2 7 4 6 -7 -8 -9 9 -11 11 -13 -14 -15
leaf_value=0.021331746595857983 0.025495391833331535 -0.94347168772957213 -1.3180357910865963 0.23940573915344904 0.48920492462251008 -0.3139801889781666 1.1645796295503776 -1.1916577276009233 -0.52246332436271725 0.77473645035813499 0.025686461978559606 -0.73605418878178752 -0.19046520383098875 1.2450112576387369
leaf_weight=2930 2750 457 42 983 1101 287 149 66 408 40 186 125 1133 48
leaf_count=2930 2750 457 42 983 1101 287 149 66 408 40 186 125 1133 48
internal_value=-0.000174715 -0.171256 -0.396437 0.176262 0.340714 0.114201 0.570576 -0.273968 -0.242824 -0.218879 -0.240194 -0.162707 -0.10978 0.280038
internal_weight=10705 5435 2505 5270 2520 1270 1250 2048 1982 1940 1900 1492 1367 234
internal_count=10705 5435 2505 5270 2520 1270 1250 2048 1982 1940 1900 1492 1367 234
is_linear=0
shrinkage=0.05


Tree=16
num_leaves=15
num_cat=0
split_feature=71 84 22 84 84 71 58 70 56 20 24 58 69 73
split_gain=117397 94075.8 59535.9 44160 53774.4 55219.2 25955.6 21968.8 20132.4 21697.4 19900 27194.2 20861.9 19159.1
threshold=-0.9875000000000006 86.770001500000021 125.64656252604168 275.02512300000006 42.523274000000008 1.7624999999999995 -1.1141225000000075 22.246918268155763 27.694647000000021 96.401743500000009 281.72766850000005 0.55402850000000126 -0.40280740625000039 8.8750000000000018
decision_type=2 2 2 2 2 2 2 2 2 2 2 2 2 2
left_child=1 -1 7 4 -2 10 13 -3 9 -7 12 -12 -6 -4
right_child=3 2 6 -5 5 8 -8 -9 -10 -11 11 -13 -14 -15
leaf_value=0.028740053937673673 0.024118858544646946 -0.61615016524842303 -0.24260960490760689 -0.56171786283814285 -0.20619587382859603 0.83311443014760056 -0.12444115203222264 -1.2193774699110467 1.1340996804514103 0.34665848260716181 0.21347682971796217 1.1371498828624735 0.21901065568127201 -1.000819177815371
leaf_weight=2338 3106 544 166 214 529 342 1128 211 146 700 381 100 632 168
leaf_count=2338 3106 544 166 214 529 342 1128 211 146 700 381 100 632 168
internal_value=-0.000171727 -0.192545 -0.425815 0.142318 0.167789 0.325408 -0.239336 -0.786124 0.584927 0.506966 0.137401 0.407469 0.0252581 -0.625834
internal_weight=10705 4555 2217 6150 5936 2830 1462 755 1188 1042 1642 481 1161 334
internal_count=10705 4555 2217 6150 5936 2830 1462 755 1188 1042 1642 481 1161 334
is_linear=0
shrinkage=0.05


Tree=17
num_leaves=15
num_cat=0
split_feature=71 84 22 84 84 71 58 69 22 70 81 24 7 69
split_gain=105991 84932 53746.6 39873 48553.3 49848.4 23442.6 20196.8 27651.9 19842.9 18611.4 17973.6 25412.4 18831.3
threshold=-0.9875000000000006 86.770001500000021 125.64656252604168 275.02512300000006 42.523274000000008 1.7624999999999995 -1.1141225000000075 11.532673921875002 136.22269246875001 22.246918268155763 0.87837969732492682 281.72766850000005 195.38915600000004 -0.40280740625000039
decision_type=2 2 2 2 2 2 2 2 2 2 2 2 2 2
left_child=1 -1 9 4 -2 11 -4 8 -7 -3 -9 13 -13 -6
right_child=3 2 6 -5 5 7 -8 10 -10 -11 -12 12 -14 -15
leaf_value=0.027303665919072507 0.02291330315740998 -0.58539918358309551 -0.59472747786387581 -0.53376259973749174 -0.19590552930742117 0.60604056076522639 -0.11822460507611068 0.88460143754531251 -0.10237336850130699 -1.1586961606482291 0.12298762363564109 0.79869630530088154 0.066628246181233627 0.20807742198917492
leaf_weight=2338 3106 544 334 214 529 378 1128 498 216 211 96 210 271 632
leaf_count=2338 3106 544 334 214 529 378 1128 498 216 211 96 210 271 632
internal_value=-0.000163304 -0.182953 -0.404597 0.135227 0.159431 0.309202 -0.227416 0.555778 0.348696 -0.746939 0.761926 0.130573 0.387236 0.0239958
internal_weight=10705 4555 2217 6150 5936 2830 1462 1188 594 755 594 1642 481 1161
internal_count=10705 4555 2217 6150 5936 2830 1462 1188 594 755 594 1642 481 1161
is_linear=0
shrinkage=0.05


Tree=18
num_leaves=15
num_cat=0
split_feature=71 84 35 84 84 71 69 30 84 52 36 36 83 25
split_gain=95683.1 76672 50520.7 36010.2 38191.3 45086.9 28741.8 19306.4 19245.5 22491.7 18435.1 28962 17169.5 17237.9
threshold=-0.9875000000000006 86.770001500000021 19.882812500000004 282.33339050000006 42.523274000000008 2.212499999999999 -10.293456088541664 19.112500000000004 258.94589250000007 0.81241147629689026 18.395963541666671 21.329817708333337 195.05224150000001 109.03423916388498
decision_type=2 2 2 2 2 2 2 2 2 2 2 2 2 2
left_child=1 -1 6 4 -2 7 -3 -6 9 -9 -8 -12 -4 -14
right_child=3 2 12 -5 5 -7 10 8 -10 -11 11 -13 13 -15
leaf_value=0.025939066269143926 0.021768006546669234 -1.0012935063113337 -0.38924758706477319 -0.80795276823020223 -0.26012524422328431 0.55530603319126826 -1.2015732361720159 0.16427223189105888 -0.11884168813551466 0.62800316950804758 0.02178282399043327 -0.8594758415453394 0.061539142544023789 -0.65012359435335088
leaf_weight=2338 3106 390 616 100 264 955 64 997 374 354 261 144 645 97
leaf_count=2338 3106 390 616 100 264 955 64 997 374 354 261 144 645 97
internal_value=-0.000157716 -0.173832 -0.384422 0.128481 0.144091 0.273093 -0.684331 0.13738 0.198331 0.286157 -0.41919 -0.292899 -0.194351 -0.0322447
internal_weight=10705 4555 2217 6150 6050 2944 859 1989 1725 1351 469 405 1358 742
internal_count=10705 4555 2217 6150 6050 2944 859 1989 1725 1351 469 405 1358 742
is_linear=0
shrinkage=0.05


Tree=19
num_leaves=15
num_cat=0
split_feature=71 84 71 84 69 24 84 70 63 36 46 22 43 48
split_gain=86731.6 64152.8 52255.9 42419.1 33555.5 24035 18801.3 18072.8 21090.3 17567.7 17223.8 17074.7 16200.9 15926.6
threshold=1.0000000180025095e-35 104.01284850000002 -2.1374999999999988 42.523274000000008 11.532673921875002 264.18653100000006 295.90254450000003 8.1012924249459495 4.6262223749999984 24.497135416666669 82.848958333333357 148.13106922916668 89.375000000000014 8.6250000000000018
decision_type=2 2 2 2 2 2 2 2 2 2 2 2 2 2
left_child=1 -1 5 -2 7 12 10 9 -9 -5 -4 -6 -3 -7
right_child=3 2 6 4 11 13 -8 8 -10 -11 -12 -13 -14 -15
leaf_value=0.027889432424391153 0.020977629261324182 -0.84470953056048215 0.082119271122752371 0.27174110101193227 0.7829011169205542 0.13441573631671536 -1.1469002545542188 -0.22015072717035522 0.41943471621520612 1.2129262213437064 -0.23884550476423777 0.28166523189607995 -0.055257179628352859 -0.54634976273307057
leaf_weight=3146 2559 602 692 798 459 153 44 424 184 52 1053 272 73 194
leaf_count=3146 2559 602 692 798 459 153 44 424 184 52 1053 272 73 194
internal_value=-0.000167624 -0.127218 -0.300758 0.159227 0.320761 -0.585813 -0.137679 0.181931 -0.0262211 0.330677 -0.111589 0.597034 -0.75954 -0.246661
internal_weight=10705 5957 2811 4748 2189 1022 1789 1458 608 850 1745 731 675 347
internal_count=10705 5957 2811 4748 2189 1022 1789 1458 608 850 1745 731 675 347
is_linear=0
shrinkage=0.05


Tree=20
num_leaves=15
num_cat=0
split_feature=71 84 35 84 84 71 69 56 20 36 36 25 24 47
split_gain=78936.9 63046.8 42379.6 32003.9 36766.4 37512.4 24692.7 16981.4 18604.6 15950.7 25696.5 15742.9 41525.9 18881.2
threshold=-0.9875000000000006 86.770001500000021 19.882812500000004 275.02512300000006 42.523274000000008 1.7624999999999995 -10.293456088541664 27.694647000000021 95.096375000000009 18.395963541666671 21.329817708333337 109.2624300420939 278.11863750000003 78.904947916666671
decision_type=2 2 2 2 2 2 2 2 2 2 2 2 2 2
left_child=1 -1 6 4 -2 -6 -3 8 -7 -8 -11 12 -4 -14
right_child=3 2 11 -5 5 7 9 -9 -10 10 -12 -13 13 -15
leaf_value=0.023248791485043763 0.019570570786570214 -0.91731921607566536 -0.27060856331889505 -0.48266434601832958 0.11373858454850364 0.71899542630549718 -1.1055318010770356 0.98668391765380403 0.26566514356586507 0.035954161453281196 -0.79408387674339886 -0.6894183775639412 0.79466716730362419 -0.062490598108988632
leaf_weight=2338 3106 390 962 214 1642 333 64 146 709 261 144 133 153 110
leaf_count=2338 3106 390 962 214 1642 333 64 146 709 261 144 133 153 110
internal_value=-0.000158394 -0.157904 -0.348868 0.116683 0.138367 0.268697 -0.623551 0.482598 0.41109 -0.377833 -0.260399 -0.174787 -0.118396 0.437281
internal_weight=10705 4555 2217 6150 5936 2830 859 1188 1042 469 405 1358 1225 263
internal_count=10705 4555 2217 6150 5936 2830 859 1188 1042 469 405 1358 1225 263
is_linear=0
shrinkage=0.05


Tree=21
num_leaves=15
num_cat=0
split_feature=71 84 35 84 84 31 6 69 69 45 47 70 24 36
split_gain=71265.7 56921.7 38275.1 29302.6 43496.3 30020.8 24978.1 22278 19604.1 19567.3 19307.8 33021.4 30525.1 21902.4
threshold=-0.9875000000000006 86.770001500000021 19.882812500000004 263.70710200000008 42.523274000000008 21.062500000000004 93.886427500000011 -10.293456088541664 1.8507490364583337 81.552083333333357 70.591145833333357 20.762038324507092 274.65417650000006 24.424479166666671
decision_type=2 2 2 2 2 2 2 2 2 2 2 2 2 2
left_child=1 -1 7 4 -2 -6 10 -3 -8 -5 11 12 -7 -12
right_child=3 2 -4 9 5 6 8 -9 -10 -11 13 -13 -14 -15
leaf_value=0.022086848927619571 0.018592357766428754 -0.87157055704313735 -0.16605623361393823 0.10395714427993102 -0.096352797046790062 0.25502301941112598 -0.19058149471069769 -0.35914007124273067 0.32458099222773068 -0.5162815464068583 0.46311549015656123 -0.10264351323601746 1.3066668585095496 -0.36773076267138627
leaf_weight=2338 3106 390 1358 223 405 97 266 469 599 294 746 83 243 88
leaf_count=2338 3106 390 1358 223 405 97 266 469 599 294 746 83 243 88
internal_value=-0.000156842 -0.150042 -0.331492 0.110862 0.143934 0.297927 0.373189 -0.592535 0.166124 -0.249067 0.515434 0.790559 1.00827 0.375113
internal_weight=10705 4555 2217 6150 5633 2527 2122 859 865 517 1257 423 340 834
internal_count=10705 4555 2217 6150 5633 2527 2122 859 865 517 1257 423 340 834
is_linear=0
shrinkage=0.05


Tree=22
num_leaves=15
num_cat=0
split_feature=71 84 71 84 69 69 84 70 12 36 22 58 22 36
split_gain=64876.5 48455.9 39299.4 31792.1 27536.3 18200.6 15983.2 15882 17165.5 16046.9 14436.7 14150.1 14747.1 13974.5
threshold=1.0000000180025095e-35 105.07400350000002 -2.1374999999999988 42.523274000000008 11.532673921875002 -26.462434338541666 292.35207400000007 8.1012924249459495 260.2303940000001 20.844531250000003 148.13106922916668 187.63779400000001 138.44200953645836 26.141666666666669
decision_type=2 2 2 2 2 2 2 2 2 2 2 2 2 2
left_child=1 -1 5 -2 7 -3 -4 9 -9 -5 -6 12 -11 -12
right_child=3 2 6 4 10 -7 -8 8 -10 11 13 -13 -14 -15
leaf_value=0.024270989181281573 0.018021757689421065 -0.98265884459895259 -0.093321174552295022 -0.32594408592645158 0.69869564452006117 -0.41414399855344641 -0.95926063977859233 -0.17856353428638116 0.47662294444051528 0.55554525052246295 -0.076047203287054166 -0.45644291625643263 0.029614150085013009 0.64493364889581661
leaf_weight=3157 2559 169 1731 93 459 846 54 483 125 531 154 48 178 118
leaf_count=3157 2559 169 1731 93 459 846 54 483 125 531 154 48 178 118
internal_value=-0.000149824 -0.110033 -0.261415 0.137707 0.277551 -0.509677 -0.12004 0.1518 -0.0433009 0.291242 0.527814 0.367395 0.423734 0.237948
internal_weight=10705 5957 2800 4748 2189 1015 1785 1458 608 850 731 757 709 272
internal_count=10705 5957 2800 4748 2189 1015 1785 1458 608 850 731 757 709 272
is_linear=0
shrinkage=0.05


Tree=23
num_leaves=15
num_cat=0
split_feature=71 84 35 84 84 69 51 56 69 84 70 54 47 25
split_gain=58786.2 46782.7 32620.7 25995.6 24134.6 30768.2 26379.6 19535.7 18675.2 15956.5 15946.5 19214.4 15217.5 14273.6
threshold=-0.9875000000000006 86.770001500000021 19.882812500000004 282.33339050000006 42.523274000000008 -1.3059802708333337 3.5000000000000004 25.342195999999998 -10.293456088541664 96.401743500000009 15.169894325524382 0.87837969732492682 81.669270833333357 109.2624300420939
decision_type=2 2 2 2 2 2 2 2 2 2 2 2 2 2
left_child=1 -1 8 4 -2 6 10 9 12 -7 11 -6 -3 -4
right_child=3 2 13 -5 5 7 -8 -9 -10 -11 -12 -13 -14 -15
leaf_value=0.019769948128453174 0.016707230961932835 -1.0644156064607402 -0.094376405552587958 -0.69493935775786353 0.15763135873375164 0.60432397564444207 -0.38887751558413697 0.82072633599367861 -0.32807580891322902 0.20954965340914555 -0.26829858070654833 1.0147171814774358 -0.42869571896651426 -0.63805528500520481
leaf_weight=2338 3106 225 1225 100 275 303 329 176 469 1638 138 85 165 133
leaf_count=2338 3106 225 1225 100 275 303 329 176 469 1638 138 85 165 133
internal_value=-0.000147183 -0.136277 -0.300776 0.100684 0.113947 0.216497 -0.0420908 0.317486 -0.541764 0.271455 0.187332 0.362249 -0.797241 -0.148054
internal_weight=10705 4555 2217 6150 6050 2944 827 2117 859 1941 498 360 390 1358
internal_count=10705 4555 2217 6150 6050 2944 827 2117 859 1941 498 360 390 1358
is_linear=0
shrinkage=0.05


Tree=24
num_leaves=15
num_cat=0
split_feature=71 84 71 84 69 24 18 46 47 34 52 70 63 36
split_gain=53108.7 39890.2 32804.7 26030.4 23717.1 16582.4 15910.7 14400.8 15007.6 14974.1 14590 13525.1 14944.1 14746.8
threshold=1.0000000180025095e-35 104.01284850000002 -2.1374999999999988 42.523274000000008 11.532673921875002 268.37109800000002 59.075469937500003 82.848958333333357 82.634114583333357 21.021875000000005 0.41248606129204562 8.1012924249459495 4.6262223749999984 24.497135416666669
decision_type=2 2 2 2 2 2 2 2 2 2 2 2 2 2
left_child=1 -1 5 -2 11 -3 -7 9 -9 10 -4 13 -13 -5
right_child=3 2 7 4 -6 6 -8 8 -10 -11 -12 12 -14 -15
leaf_value=0.022744667984534579 0.01628598579496611 -0.58465034327492515 -0.085632380892514681 0.20917103086485739 0.48337974402458084 0.36308399710117034 -0.42033225879498892 -0.30188916906921515 0.21396843671330257 -0.12075546915804697 0.64016396260400965 -0.20882002606155245 0.32957524592006532 1.0712256472065764
leaf_weight=3146 2559 746 116 798 731 102 174 912 166 425 170 424 184 52
leaf_count=3146 2559 746 116 798 731 102 174 912 166 425 170 424 184 52
internal_value=-0.000144786 -0.0995639 -0.236408 0.124584 0.251123 -0.462262 -0.130543 -0.107198 -0.222328 0.0674259 0.346512 0.134425 -0.045611 0.263105
internal_weight=10705 5957 2811 4748 2189 1022 276 1789 1078 711 286 1458 608 850
internal_count=10705 5957 2811 4748 2189 1022 276 1789 1078 711 286 1458 608 850
is_linear=0
shrinkage=0.05


Tree=25
num_leaves=15
num_cat=0
split_feature=71 84 22 84 84 69 78 58 56 73 47 84 84 51
split_gain=48376.4 38339.3 28853.1 23254.7 23424.5 24830.4 26117.3 18599.1 15885.1 15661.6 15163.3 13655.4 13329.6 13083.5
threshold=-0.9875000000000006 86.770001500000021 126.05083759895835 275.02512300000006 42.523274000000008 -0.12570920833333388 3.5000000000000004 -1.1141225000000075 27.694647000000021 8.8750000000000018 76.397135416666671 185.97088250000004 71.13744800000002 1.5000000000000002
decision_type=2 2 2 2 2 2 2 2 2 2 2 2 2 2
left_child=1 -1 13 4 -2 6 -6 9 12 -4 -9 -12 -7 -3
right_child=3 2 7 -5 5 8 -8 10 -10 -11 11 -13 -14 -15
leaf_value=0.017645126528314872 0.015001246747256553 0.051894073518745309 -0.11478142656065936 -0.41954923401565059 0.21352556139538936 1.1345273718237878 -0.33402983944279541 0.20212352595321634 0.81586912505734144 -0.80362572137641131 -0.62697772182848155 -0.070828495740164282 0.25227073809720113 -0.58799093658530288
leaf_weight=2338 3106 90 162 214 555 43 357 408 146 168 137 553 1729 699
leaf_count=2338 3106 90 162 214 555 43 357 408 146 168 137 553 1729 699
internal_value=-0.000129945 -0.12362 -0.272537 0.0913386 0.109824 0.213853 -0.000944655 -0.138289 0.315936 -0.466834 -0.0392115 -0.182 0.274308 -0.515027
internal_weight=10705 4555 2217 6150 5936 2830 912 1428 1918 330 1098 690 1772 789
internal_count=10705 4555 2217 6150 5936 2830 912 1428 1918 330 1098 690 1772 789
is_linear=0
shrinkage=0.05


Tree=26
num_leaves=15
num_cat=0
split_feature=71 84 71 84 69 24 48 65 73 24 30 53 22 25
split_gain=43694 33315.8 26731.2 21440.6 20383.6 14042.9 14071.7 13510.1 14784.7 18120.8 18663.4 13060.8 12640.9 13434.3
threshold=1.0000000180025095e-35 105.07400350000002 -2.1374999999999988 42.523274000000008 11.532673921875002 258.25111550000003 8.6250000000000018 3.8351150416666648 0.37500000000000006 266.21698650000002 19.112500000000004 0.83146961230254501 148.13106922916668 104.19667212036495
decision_type=2 2 2 2 2 2 2 2 2 2 2 2 2 2
left_child=1 -1 5 -2 -5 -3 -7 8 -4 10 -10 -11 13 -6
right_child=3 2 7 4 12 6 -8 -9 9 11 -12 -13 -14 -15
leaf_value=0.021060486414830749 0.014722235718509183 -0.57734640175633467 0.074067814736313548 0.11966997724226879 0.022589765841433084 0.09891730524781274 -0.47781221623358122 0.65155799301533868 -0.58152340897622545 -0.56864851056078269 0.17121937583310423 -0.097618912705301986 0.17219862462509247 0.72886931208410755
leaf_weight=3157 2559 593 608 1458 82 204 218 57 105 420 368 227 272 377
leaf_count=3157 2559 593 608 1458 82 204 218 57 105 420 368 227 272 377
internal_value=-0.000124639 -0.090302 -0.215826 0.11301 0.227852 -0.420577 -0.199439 -0.0992284 -0.124356 -0.232043 0.00324571 -0.403793 0.443166 0.603016
internal_weight=10705 5957 2800 4748 2189 1015 422 1785 1728 1120 473 647 731 459
internal_count=10705 5957 2800 4748 2189 1015 422 1785 1728 1120 473 647 731 459
is_linear=0
shrinkage=0.05


Tree=27
num_leaves=15
num_cat=0
split_feature=35 84 69 84 67 84 84 56 52 84 36 36 36 47
split_gain=40458.8 28718.5 26323.9 24454.7 17935.5 19602.6 24364.9 17633.9 17993.7 17533.5 14983.6 21248.6 18866.9 14144.5
threshold=19.946354166666669 90.348270500000027 -10.466263937499997 299.97504500000008 -2.4885673333333322 42.523274000000008 273.02215500000005 27.694647000000021 0.93540483100319638 103.37176100000001 18.395963541666671 21.329817708333337 20.748177083333335 81.669270833333357
decision_type=2 2 2 2 2 2 2 2 2 2 2 2 2 2
left_child=1 -1 13 4 -2 -6 7 8 9 -7 -4 12 -12 -3
right_child=3 2 10 -5 5 6 -8 -9 -10 -11 11 -13 -14 -15
leaf_value=0.039000368056602709 -0.061442819762040225 -0.93059983694698001 -0.92038262367248547 -1.0140664369971664 0.012825654199498741 0.45019907230407308 -0.20133001503359993 0.77331517825557583 0.50791221977264256 0.079334800875127856 -0.15066807145727329 -0.53874808235044502 0.48870073909888423 -0.32694042947010271
leaf_weight=766 2442 236 64 53 3213 393 349 147 423 1671 394 225 162 167
leaf_count=766 2442 236 64 53 3213 393 349 147 423 1671 394 225 162 167
internal_value=-0.000119473 -0.201986 -0.349812 0.0466778 0.0533028 0.0985296 0.190806 0.24282 0.211166 0.150134 -0.190825 -0.12994 0.0361658 -0.681877
internal_weight=10705 2014 1248 8691 8638 6196 2983 2634 2487 2064 845 781 556 403
internal_count=10705 2014 1248 8691 8638 6196 2983 2634 2487 2064 845 781 556 403
is_linear=0
shrinkage=0.05


Tree=28
num_leaves=15
num_cat=0
split_feature=35 84 69 84 24 79 25 47 71 36 36 36 47 47
split_gain=36533 25932.2 23766.4 22111.6 16385.2 23549.4 45527.9 19338 14318.6 13547.8 19187.3 17036.9 13002.6 12769.8
threshold=19.946354166666669 90.348270500000027 -10.466263937499997 299.97504500000008 280.08090150000004 -0.70710678118654735 110.83232094980485 70.365885416666671 -0.51249999999999918 18.395963541666671 21.329817708333337 20.748177083333335 79.941406250000014 81.669270833333357
decision_type=2 2 2 2 2 2 2 2 2 2 2 2 2 2
left_child=1 -1 13 4 -2 6 7 -6 -8 -4 11 12 -11 -3
right_child=3 2 9 -5 5 -7 8 -9 -10 10 -12 -13 -14 -15
leaf_value=0.037052891337381974 0.0048287771660013483 -0.88426615396506669 -0.87507146615248466 -0.96430205945615421 0.98996572137009675 0.070894866866546918 -0.98909203442660254 0.35459847816407453 0.030365405864613032 -0.36538880141008923 -0.5119298691056211 0.46441561339274506 0.22621011509366284 -0.31069071790580421
leaf_weight=766 5988 236 64 53 227 2021 54 256 92 246 225 162 148 167
leaf_count=766 5988 236 64 53 227 2021 54 256 92 246 225 162 148 167
internal_value=-0.000121872 -0.191945 -0.332417 0.0443471 0.0506467 0.154137 0.42106 0.654636 -0.350858 -0.18135 -0.123455 0.0343878 -0.143154 -0.647938
internal_weight=10705 2014 1248 8691 8638 2650 629 483 146 845 781 556 394 403
internal_count=10705 2014 1248 8691 8638 2650 629 483 146 845 781 556 394 403
is_linear=0
shrinkage=0.05


Tree=29
num_leaves=15
num_cat=0
split_feature=71 84 24 25 49 84 84 31 46 17 6 45 47 70
split_gain=34088.7 27065.7 22829.1 31341.9 21100.6 20024.6 23503.9 20423.3 19486 19270.2 18655.7 14345.8 13848 28866.4
threshold=-0.9875000000000006 86.770001500000021 278.11863750000003 109.2624300420939 3.5000000000000004 263.70710200000008 42.523274000000008 21.112500000000004 79.098958333333357 2.0018641137551049e-06 93.886427500000011 81.552083333333357 70.591145833333357 20.762038324507092
decision_type=2 2 2 2 2 2 2 2 2 2 2 2 2 2
left_child=1 -1 4 8 9 6 -2 -8 -4 -3 12 -7 13 -9
right_child=5 2 3 -5 -6 11 7 10 -10 -11 -12 -13 -14 -15
leaf_value=0.014901393145966245 0.011857768217485973 0.045579183722334188 1.0910683808227382 -0.5452174127824716 -0.64091468773960125 0.081426510355335532 -0.10512463976736452 0.83944854197089624 0.15052049155602476 -0.3489166424860119 0.10111371015562026 -0.44967259192870834 0.28373094074466282 -0.19820910564490729
leaf_weight=2338 3106 461 71 133 376 223 411 340 236 940 865 294 828 83
leaf_count=2338 3106 461 71 133 376 223 411 340 236 940 865 294 828 83
internal_value=-0.000128493 -0.103791 -0.228912 0.0933586 -0.308716 0.0766537 0.103995 0.217195 0.370878 -0.219168 0.27982 -0.220876 0.403207 0.635855
internal_weight=10705 4555 2217 440 1777 6150 5633 2527 307 1401 2116 517 1251 423
internal_count=10705 4555 2217 440 1777 6150 5633 2527 307 1401 2116 517 1251 423
is_linear=0
shrinkage=0.05


Tree=30
num_leaves=15
num_cat=0
split_feature=71 84 24 25 76 30 47 84 69 51 47 70 69 24
split_gain=30884.3 24130.5 19568.4 35278.6 32904 18456.9 17882.5 15399.9 16381.9 14300.8 13683.5 12743.1 12588.7 12444.6
threshold=1.0000000180025095e-35 105.07400350000002 277.22543400000006 109.00154112320878 3.5000000000000004 16.862500000000004 69.141927083333357 42.523274000000008 11.532673921875002 1.5000000000000002 82.634114583333357 15.02453855844171 -14.462286713541664 253.43744300000003
decision_type=2 2 2 2 2 2 2 2 2 2 2 2 2 2
left_child=1 -1 4 6 5 -3 -4 -2 13 -6 11 12 -7 -9
right_child=7 2 3 -5 9 10 -8 8 -10 -11 -12 -13 -14 -15
leaf_value=0.018839935965699214 0.011696751868585126 -0.87863494878591508 1.3258440292795146 -0.41905011026184841 0.12051188460923733 0.75897540566397881 0.23364098240681389 0.34054608741063253 0.38534405771464808 -0.79191609005677988 0.23297942911005137 -0.4473238217607034 -0.13371546693752792 0.0083766416249129796
leaf_weight=3157 2559 85 41 238 49 40 356 381 731 333 227 348 1083 1077
leaf_count=3157 2559 85 41 238 49 40 356 381 731 333 227 348 1083 1077
internal_value=-0.00012052 -0.0759356 -0.182764 0.06123 -0.254323 -0.163895 0.349486 0.0949956 0.192324 -0.674868 -0.12762 -0.183387 -0.101272 0.095352
internal_weight=10705 5957 2800 635 2165 1783 397 4748 2189 382 1698 1471 1123 1458
internal_count=10705 5957 2800 635 2165 1783 397 4748 2189 382 1698 1471 1123 1458
is_linear=0
shrinkage=0.05


Tree=31
num_leaves=15
num_cat=0
split_feature=84 71 84 24 25 49 30 47 7 84 84 31 6 47
split_gain=29174.2 28092.8 20197.6 18693.8 25477.4 18611.8 17252.6 16655 19532.6 11453.4 19801.7 17914.9 16361.7 12392.6
threshold=303.76010700000006 -0.9875000000000006 86.770001500000021 278.11863750000003 109.2624300420939 3.5000000000000004 16.862500000000004 78.904947916666671 202.74317500000004 263.70710200000008 42.523274000000008 21.062500000000004 93.886427500000011 70.591145833333357
decision_type=2 2 2 2 2 2 2 2 2 2 2 2 2 2
left_child=1 2 -1 5 7 6 -4 8 -5 10 -3 -12 13 -13
right_child=-2 9 3 4 -6 -7 -8 -9 -10 -11 11 12 -14 -15
leaf_value=0.013215048385958428 -1.299864815002264 0.01061754194071794 -0.8472967085630998 1.5019406428703896 -0.48635595130988146 -0.58194995859553866 -0.13846032963357133 -0.022570304294988033 0.3050678557625004 -0.15639258026513039 -0.10543174230501634 0.59268094957718309 0.089718480638856346 0.26001559877667779
leaf_weight=2338 42 3106 91 51 131 376 1297 154 101 491 405 423 865 834
leaf_count=2338 42 3106 91 51 131 376 1297 154 101 491 405 423 865 834
internal_value=-0.000110915 0.00513004 -0.0891272 -0.197796 0.0947956 -0.270293 -0.18551 0.344363 0.713842 0.074995 0.095188 0.19909 0.257233 0.372345
internal_weight=10705 10663 4539 2201 437 1764 1388 306 152 6124 5633 2527 2122 1257
internal_count=10705 10663 4539 2201 437 1764 1388 306 152 6124 5633 2527 2122 1257
is_linear=0
shrinkage=0.05


Tree=32
num_leaves=15
num_cat=0
split_feature=84 35 84 69 67 84 84 25 24 22 79 71 52 25
split_gain=26549.5 24771.4 16801.7 18314.6 13113.2 14997.7 15036.1 14771.1 17352.5 26539.9 20403.5 14438.9 16201 12261.8
threshold=292.35207400000007 19.946354166666669 90.348270500000027 -10.466263937499997 -2.4885673333333322 42.523274000000008 273.02215500000005 113.37412887341182 280.08090150000004 143.30230728645839 -0.68322629814330782 3.0124999999999997 0.93540483100319638 105.41539964256184
decision_type=2 2 2 2 2 2 2 2 2 2 2 2 2 2
left_child=1 2 -1 -4 -3 -6 7 8 9 11 -10 12 -7 -11
right_child=-2 4 3 -5 5 6 -8 -9 10 13 -12 -13 -14 -15
leaf_value=0.032771355253334654 -0.7874895470603458 -0.053567943643534281 -0.54501460707683103 -0.13202709701814491 0.008595462789377702 0.039698549218756478 -0.15859341814176897 -0.27820826142964267 0.6596485390645721 -1.204641082439017 0.2033161569435325 0.6305326334423631 0.51443592999889032 -0.19101173609406466
leaf_weight=766 105 2439 396 832 3213 963 320 149 418 46 593 162 220 83
leaf_count=766 105 2439 396 832 3213 963 320 149 418 46 593 162 220 83
internal_value=-0.00010941 0.00776366 -0.150984 -0.265541 0.0445586 0.0833693 0.164669 0.203987 0.232999 0.12344 0.392453 0.189255 0.128344 -0.558947
internal_weight=10705 10600 1994 1228 8606 6167 2954 2634 2485 1474 1011 1345 1183 129
internal_count=10705 10600 1994 1228 8606 6167 2954 2634 2485 1474 1011 1345 1183 129
is_linear=0
shrinkage=0.05


Tree=33
num_leaves=15
num_cat=0
split_feature=84 71 84 24 25 49 46 17 51 30 84 83 22 47
split_gain=24777.4 23292.7 17176.2 15913.2 22479.8 16399.4 15394.7 15261.1 10946.2 10263.9 10132.1 23963.4 12400.6 8084.51
threshold=303.76010700000006 -0.9875000000000006 86.770001500000021 278.11863750000003 109.2624300420939 3.5000000000000004 79.098958333333357 2.0018641137551049e-06 1.5000000000000002 16.862500000000004 258.94589250000007 238.56276000000005 23.814895182291668 82.084635416666671
decision_type=2 2 2 2 2 2 2 2 2 2 2 2 2 2
left_child=1 2 -1 5 6 7 -5 -4 -7 -9 11 -3 -12 -11
right_child=-2 10 3 4 -6 8 -8 9 -10 13 12 -13 -14 -15
leaf_value=0.013269697526046174 -1.1979242370572203 0.048700849762189746 0.067533027534504991 0.96286153478754888 -0.4572594986833407 0.13795789948736245 0.12649850825733758 -0.78674247109371687 -0.64734999495187062 -0.29717903529180389 0.4866071120760328 0.35353838862639342 -0.20253985792368301 0.12567509251750178
leaf_weight=2338 42 4751 458 71 131 51 235 91 325 705 73 745 555 134
leaf_count=2338 42 4751 458 71 131 51 235 91 325 705 73 745 555 134
internal_value=-0.000109831 0.00472008 -0.0811075 -0.18132 0.0886334 -0.248208 0.323061 -0.168628 -0.540749 -0.284879 0.0683368 0.0900793 -0.121786 -0.229574
internal_weight=10705 10663 4539 2201 437 1764 306 1388 376 930 6124 5496 628 839
internal_count=10705 10663 4539 2201 437 1764 306 1388 376 930 6124 5496 628 839
is_linear=0
shrinkage=0.05


Tree=34
num_leaves=15
num_cat=0
split_feature=84 71 84 24 79 25 22 73 17 22 22 24 6 47
split_gain=22416.1 21400.4 25177.4 11760.8 18507.8 22921.3 10105.8 10594.7 15099.3 22604 16059.6 13313.1 14898.1 9744.33
threshold=303.76010700000006 -2.0124999999999988 81.617065000000011 280.08090150000004 -0.70710678118654735 110.83232094980485 143.52180946875004 0.37500000000000006 1.0781840591110191e-06 136.95541188020837 23.216666666666672 269.18851250000006 96.976633000000007 70.365885416666671
decision_type=2 2 2 2 2 2 2 2 2 2 2 2 2 2
left_child=1 2 -1 6 5 13 7 8 9 10 -3 -9 -13 -5
right_child=-2 3 -4 4 -6 -7 -8 11 -10 -11 -12 12 -14 -15
leaf_value=0.0090686235502916886 -1.1394209732843001 0.71208786705754834 -0.30123601779781961 0.80074184349049693 0.059098118298051477 -0.22125614767653812 -0.34726951151704177 0.011275770063632199 0.017842383035766716 0.90029034291140064 0.035515641312242725 -0.50681626360408261 -0.012898566198389841 0.33618095387524344
leaf_weight=1611 42 105 1099 206 1775 123 194 1549 2508 120 509 310 300 254
leaf_count=1611 42 105 1099 206 1775 123 194 1549 2508 120 509 310 300 254
internal_value=-0.000110254 0.00448375 -0.116835 0.045833 0.139467 0.383637 0.00635338 0.0191172 0.0762553 0.27555 0.152186 -0.0666782 -0.264325 0.545509
internal_weight=10705 10663 2710 7953 2358 583 5595 5401 3242 734 614 2159 610 460
internal_count=10705 10663 2710 7953 2358 583 5595 5401 3242 734 614 2159 610 460
is_linear=0
shrinkage=0.05


Tree=35
num_leaves=15
num_cat=0
split_feature=35 84 69 84 47 71 84 26 36 36 36 70 46 83
split_gain=20701.8 14718.2 14174 12923.5 10277.6 10179 17905.5 12309.3 11453.7 9965.26 20705 9607.61 13577.7 9978.39
threshold=19.946354166666669 84.775400500000018 -10.466263937499997 299.97504500000008 81.669270833333357 1.7624999999999995 42.523274000000008 22.662500000000005 22.678906250000008 21.329817708333337 20.748177083333335 8.0129088345045254 81.619791666666671 136.50169450000001
decision_type=2 2 2 2 2 2 2 2 2 2 2 2 2 2
left_child=1 -1 4 5 -3 11 -7 8 -8 10 -4 13 -13 -2
right_child=3 2 9 -5 -6 6 7 -9 -10 -11 -12 12 -14 -15
leaf_value=0.030958200100134715 0.016082981383127401 -0.70472240103133621 -0.19910198882060723 -0.73774373100863566 -0.191983006912223 0.0066115913508927888 -0.047241244447581911 0.14332731249911435 0.60328380433437623 -0.41779906195855088 0.45435334139852074 0.0061908917165184579 -0.22046660985762798 0.24782411638109619
leaf_weight=750 1793 236 472 53 168 1623 84 797 344 226 162 2470 901 626
leaf_count=750 1793 236 472 53 168 1623 84 797 344 226 162 2470 901 626
internal_value=-0.000103091 -0.144502 -0.248554 0.0333717 -0.492505 0.0381879 0.11556 0.259782 0.475798 -0.133515 -0.0316782 0.000116629 -0.0544375 0.0761316
internal_weight=10705 2014 1264 8691 404 8638 2848 1225 428 860 634 5790 3371 2419
internal_count=10705 2014 1264 8691 404 8638 2848 1225 428 860 634 5790 3371 2419
is_linear=0
shrinkage=0.05


Tree=36
num_leaves=15
num_cat=0
split_feature=84 35 84 69 36 67 84 56 84 22 25 36 24 37
split_gain=19091.9 17357.1 11662.8 13608.6 9679.55 9617.11 11674.9 12494.3 13510.4 13349.2 25438.9 15525 12682 14657.6
threshold=292.35207400000007 19.946354166666669 84.775400500000018 -10.466263937499997 18.395963541666671 -2.4885673333333322 42.523274000000008 27.694647000000021 95.689753500000009 143.30230728645839 105.44105271275394 25.269270833333334 280.08090150000004 76.625000000000014
decision_type=2 2 2 2 2 2 2 2 2 2 2 2 2 2
left_child=1 2 -1 -4 -5 -3 -7 8 -8 11 -11 12 13 -10
right_child=-2 5 3 4 -6 6 7 -9 9 10 -12 -13 -14 -15
leaf_value=0.029412351344301604 -0.66780198552065873 -0.046659877199725419 -0.46133543283786232 -0.6930273188077487 -0.057932221170453047 0.0046389390719392678 0.42876174272624984 0.5779356091020581 -0.32972589322391338 -1.0582969559563531 -0.0088160027925887324 0.80265653380616142 0.363861487671434 0.12084578744261848
leaf_weight=750 105 2439 397 64 783 3213 310 155 218 62 692 87 404 1026
leaf_count=750 105 2439 397 64 783 3213 310 155 218 62 692 87 404 1026
internal_value=-0.000102656 0.00657372 -0.12631 -0.220142 -0.106681 0.0373738 0.0706107 0.142341 0.118021 0.0791623 -0.0964003 0.15547 0.120838 0.0416857
internal_weight=10705 10600 1994 1244 847 8606 6167 2954 2799 2489 754 1735 1648 1244
internal_count=10705 10600 1994 1244 847 8606 6167 2954 2799 2489 754 1735 1648 1244
is_linear=0
shrinkage=0.05


Tree=37
num_leaves=15
num_cat=0
split_feature=84 71 84 84 69 30 24 79 25 47 24 69 22 73
split_gain=17923 16239.3 19497.6 9376.37 10252.7 10162.2 9283.21 15781.5 19629.7 8840.88 14353.5 12962.9 8276.07 8865.01
threshold=303.76010700000006 -2.0124999999999988 81.617065000000011 182.51707300000001 -7.0073184062500005 16.862500000000004 280.08090150000004 -0.70710678118654735 110.83232094980485 70.365885416666671 296.45735250000007 1.5771654531249983 143.52180946875004 0.37500000000000006
decision_type=2 2 2 2 2 2 2 2 2 2 2 2 2 2
left_child=1 2 -1 4 -4 -5 12 8 9 -8 11 -11 13 -3
right_child=-2 6 3 5 -6 -7 7 -9 -10 10 -12 -13 -14 -15
leaf_value=0.00911901243373049 -1.0188521862030029 0.068767348212874044 -0.6219460467099619 -0.77718663492373063 -0.1522355052918645 -0.070736546626525884 0.74152712309418101 0.049003806951280628 -0.21105874206630457 0.45148695326535054 0.88040913689136513 -0.39434271433472856 -0.3150614780092087 -0.061978961184773917
leaf_weight=1611 42 3242 283 55 198 563 206 1775 123 96 74 84 194 2159
leaf_count=1611 42 3242 283 55 198 563 206 1775 123 96 74 84 194 2159
internal_value=-0.000102172 0.0040057 -0.101677 -0.26395 -0.42931 -0.134762 0.0400254 0.123214 0.348683 0.498486 0.299238 0.0567685 0.00495014 0.0165009
internal_weight=10705 10663 2710 1099 481 618 7953 2358 583 460 254 180 5595 5401
internal_count=10705 10663 2710 1099 481 618 7953 2358 583 460 254 180 5595 5401
is_linear=0
shrinkage=0.05


Tree=38
num_leaves=15
num_cat=0
split_feature=84 35 52 84 69 47 36 36 45 69 73 84 71 84
split_gain=16646.8 14023.7 10697.7 9326.4 12100.8 9563.11 8510.21 8290.79 7079.18 14565.4 7547.66 6937.4 6823.75 15043
threshold=282.33339050000006 19.946354166666669 0.93540483100319638 84.775400500000018 -10.466263937499997 81.669270833333357 18.395963541666671 19.575781250000002 83.010416666666671 -5.4814435729166666 -1.0000000180025095e-35 263.32487150000003 3.0124999999999997 42.523274000000008
decision_type=2 2 2 2 2 2 2 2 2 2 2 2 2 2
left_child=1 3 12 -1 5 -5 -6 -8 9 -4 -11 -10 -3 -14
right_child=-2 2 8 4 6 -7 7 -9 11 10 -12 -13 13 -15
leaf_value=0.027328510312103083 -0.41902677202276117 -0.0020754958221393303 1.1675341148376466 -0.64793163473430315 -0.63848202430284939 -0.14437577201152693 0.3896360806199079 -0.10497218015923429 0.24464174724527099 0.39226880379415341 -0.15424896704336241 -0.22833741567175805 0.0039084961077523244 0.34460829109052921
leaf_weight=750 231 6364 49 216 64 168 96 669 189 240 85 130 968 486
leaf_count=750 231 6364 49 216 64 168 96 669 189 240 85 130 968 486
internal_value=-0.00010371 0.0091746 0.0369618 -0.11126 -0.196902 -0.428573 -0.0892024 -0.0424761 0.225098 0.372395 0.249299 0.0517804 0.0202585 0.117946
internal_weight=10705 10474 8511 1963 1213 384 829 765 693 374 325 319 7818 1454
internal_count=10705 10474 8511 1963 1213 384 829 765 693 374 325 319 7818 1454
is_linear=0
shrinkage=0.05


Tree=39
num_leaves=15
num_cat=0
split_feature=84 71 84 84 83 70 84 30 69 84 18 83 58 84
split_gain=15537.5 13576.1 16214 8502.91 14619.1 9568.32 8483.3 8692.15 8559 8339.23 23201 15318.4 11083.1 7919.01
threshold=303.76010700000006 -2.1374999999999988 81.617065000000011 263.70710200000008 240.96515600000004 19.317596863966852 182.51707300000001 16.862500000000004 -7.0073184062500005 203.19918350000003 27.96373360416667 190.22173450000003 8.9196009999999877 252.47833200000002
decision_type=2 2 2 2 2 2 2 2 2 2 2 2 2 2
left_child=1 2 -1 4 9 -5 8 -8 -4 11 -11 -3 -13 -6
right_child=-2 3 6 5 13 -7 7 -9 -10 10 -12 12 -14 -15
leaf_value=0.0075778838229966887 -0.94863017177165954 0.019738510028712981 -0.5785458658646222 -0.1668485485340199 0.32968645852448342 0.44422266358775753 -0.71191011454377862 -0.057490352922639647 -0.14578716287628199 0.21754646095324881 -0.37567250721492912 0.24330130495396796 1.1057854634959525 0.037212197287401681
leaf_weight=1579 42 5012 280 759 669 69 55 543 194 273 413 423 40 354
leaf_count=1579 42 5012 280 759 669 69 55 543 194 273 413 423 40 354
internal_value=-9.74479e-05 0.00372729 -0.094332 0.0361808 0.0536709 -0.115452 -0.244307 -0.118767 -0.402105 0.0245903 -0.139623 0.0451874 0.320037 0.228614
internal_weight=10705 10663 2651 8012 7184 828 1072 598 474 6161 686 5475 463 1023
internal_count=10705 10663 2651 8012 7184 828 1072 598 474 6161 686 5475 463 1023
is_linear=0
shrinkage=0.05


end of trees

feature_importances:
consumo_alvo_semana_anterior=147
temperatura_externa_c_diferenca_semana_atual=71
correcao_semanal_media_1440m=51
consumo_max_1440m=37
temperatura_externa_c_media_1440m=30
umidade_relativa_pct_media_1440m=21
consumo_mean_1440m=18
consumo_diferenca_dia_atual=18
consumo_std_1440m=16
correcao_semanal_std_1440m=13
temperatura_externa_c_lag_360m=11
umidade_relativa_pct_diferenca_semana_atual=11
temperatura_externa_c_media_360m=10
origem_mes=8
consumo_diferenca_semana_atual=8
consumo_lag_360m=7
consumo_lag_1440m=7
origem_hora_sin=6
correcao_semanal_media_180m=6
consumo_std_180m=5
umidade_relativa_pct_media_360m=5
consumo_alvo_dia_anterior=5
consumo_lag_720m=4
consumo_max_60m=4
temperatura_externa_c_lag_720m=4
correcao_semanal_media_60m=4
alvo_hora_sin=4
umidade_relativa_pct_media_180m=3
origem_dia_semana=3
correcao_semanal_media_360m=3
consumo_mean_360m=2
consumo_max_360m=2
temperatura_externa_c_atual=2
umidade_relativa_pct_lag_1440m=2
origem_hora=2
consumo_max_180m=1
temperatura_externa_c_lag_1440m=1
temperatura_externa_c_media_180m=1
umidade_relativa_pct_atual=1
umidade_relativa_pct_lag_720m=1
origem_hora_cos=1
origem_semana_sin=1
alvo_dia_semana=1
alvo_mes=1
alvo_semana_sin=1

parameters:
[boosting: gbdt]
[objective: regression]
[metric: l1]
[tree_learner: serial]
[device_type: cpu]
[data_sample_strategy: bagging]
[data: ]
[valid: ]
[num_iterations: 400]
[learning_rate: 0.05]
[num_leaves: 15]
[num_threads: 2]
[seed: 20260905]
[deterministic: 1]
[force_col_wise: 1]
[force_row_wise: 0]
[histogram_pool_size: -1]
[max_depth: -1]
[min_data_in_leaf: 40]
[min_sum_hessian_in_leaf: 0.001]
[bagging_fraction: 1]
[pos_bagging_fraction: 1]
[neg_bagging_fraction: 1]
[bagging_freq: 0]
[bagging_seed: 23218]
[bagging_by_query: 0]
[feature_fraction: 1]
[feature_fraction_bynode: 1]
[feature_fraction_seed: 28090]
[extra_trees: 0]
[extra_seed: 14360]
[early_stopping_round: 0]
[early_stopping_min_delta: 0]
[first_metric_only: 0]
[max_delta_step: 0]
[lambda_l1: 0]
[lambda_l2: 1]
[linear_lambda: 0]
[min_gain_to_split: 0]
[drop_rate: 0.1]
[max_drop: 50]
[skip_drop: 0.5]
[xgboost_dart_mode: 0]
[uniform_drop: 0]
[drop_seed: 16970]
[top_rate: 0.2]
[other_rate: 0.1]
[min_data_per_group: 100]
[max_cat_threshold: 32]
[cat_l2: 10]
[cat_smooth: 10]
[max_cat_to_onehot: 4]
[top_k: 20]
[monotone_constraints: ]
[monotone_constraints_method: basic]
[monotone_penalty: 0]
[feature_contri: ]
[forcedsplits_filename: ]
[refit_decay_rate: 0.9]
[cegb_tradeoff: 1]
[cegb_penalty_split: 0]
[cegb_penalty_feature_lazy: ]
[cegb_penalty_feature_coupled: ]
[path_smooth: 0]
[interaction_constraints: ]
[verbosity: -1]
[saved_feature_importance_type: 0]
[use_quantized_grad: 0]
[num_grad_quant_bins: 4]
[quant_train_renew_leaf: 0]
[stochastic_rounding: 1]
[linear_tree: 0]
[max_bin: 255]
[max_bin_by_feature: ]
[min_data_in_bin: 3]
[bin_construct_sample_cnt: 200000]
[data_random_seed: 5037]
[is_enable_sparse: 1]
[enable_bundle: 1]
[use_missing: 1]
[zero_as_missing: 0]
[feature_pre_filter: 1]
[pre_partition: 0]
[two_round: 0]
[header: 0]
[label_column: ]
[weight_column: ]
[group_column: ]
[ignore_column: ]
[categorical_feature: ]
[forcedbins_filename: ]
[precise_float_parser: 0]
[parser_config_file: ]
[objective_seed: 15411]
[num_class: 1]
[is_unbalance: 0]
[scale_pos_weight: 1]
[sigmoid: 1]
[boost_from_average: 1]
[reg_sqrt: 0]
[alpha: 0.9]
[fair_c: 1]
[poisson_max_delta_step: 0.7]
[tweedie_variance_power: 1.5]
[lambdarank_truncation_level: 30]
[lambdarank_norm: 1]
[label_gain: ]
[lambdarank_position_bias_regularization: 0]
[eval_at: ]
[multi_error_top_k: 1]
[auc_mu_weights: ]
[num_machines: 1]
[local_listen_port: 12400]
[time_out: 120]
[machine_list_filename: ]
[machines: ]
[gpu_platform_id: -1]
[gpu_device_id: -1]
[gpu_device_id_list: ]
[gpu_use_dp: 0]
[num_gpu: 1]

end of parameters

pandas_categorical:[]
