tree
version=v4
num_class=1
num_tree_per_iteration=1
label_index=0
max_feature_idx=84
objective=regression
feature_names=consumo_atual_kw consumo_lag_15m consumo_lag_30m consumo_lag_60m consumo_lag_120m consumo_lag_180m consumo_lag_360m consumo_lag_720m consumo_lag_1440m consumo_lag_10080m consumo_mean_60m consumo_min_60m consumo_max_60m consumo_std_60m consumo_mean_180m consumo_min_180m consumo_max_180m consumo_std_180m consumo_mean_360m consumo_min_360m consumo_max_360m consumo_std_360m consumo_mean_1440m consumo_min_1440m consumo_max_1440m consumo_std_1440m temperatura_externa_c_atual temperatura_externa_c_lag_15m temperatura_externa_c_lag_60m temperatura_externa_c_lag_180m temperatura_externa_c_lag_360m temperatura_externa_c_lag_720m temperatura_externa_c_lag_1440m temperatura_externa_c_media_60m temperatura_externa_c_media_180m temperatura_externa_c_media_360m temperatura_externa_c_media_1440m umidade_relativa_pct_atual umidade_relativa_pct_lag_15m umidade_relativa_pct_lag_60m umidade_relativa_pct_lag_180m umidade_relativa_pct_lag_360m umidade_relativa_pct_lag_720m umidade_relativa_pct_lag_1440m umidade_relativa_pct_media_60m umidade_relativa_pct_media_180m umidade_relativa_pct_media_360m umidade_relativa_pct_media_1440m origem_hora origem_dia_semana origem_fim_de_semana origem_mes origem_hora_sin origem_hora_cos origem_semana_sin origem_semana_cos consumo_diferenca_semana_atual consumo_razao_semana_atual consumo_diferenca_dia_atual tendencia_consumo_15m tendencia_consumo_60m tendencia_consumo_180m tendencia_consumo_360m correcao_semanal_media_60m correcao_semanal_std_60m correcao_semanal_media_180m correcao_semanal_std_180m correcao_semanal_media_360m correcao_semanal_std_360m correcao_semanal_media_1440m correcao_semanal_std_1440m temperatura_externa_c_diferenca_semana_atual temperatura_externa_c_tendencia_1h umidade_relativa_pct_diferenca_semana_atual umidade_relativa_pct_tendencia_1h alvo_hora alvo_dia_semana alvo_fim_de_semana alvo_mes alvo_hora_sin alvo_hora_cos alvo_semana_sin alvo_semana_cos consumo_alvo_dia_anterior consumo_alvo_semana_anterior
feature_infos=[22.399999999999999:324.71375799999998] [22.399999999999999:324.71375799999998] [22.399999999999999:324.71375799999998] [22.399999999999999:324.71375799999998] [22.399999999999999:324.71375799999998] [22.399999999999999:324.71375799999998] [22.399999999999999:324.71375799999998] [22.399999999999999:324.71375799999998] [22.399999999999999:324.71375799999998] [22.399999999999999:324.71375799999998] [22.399999999999999:321.24876725000001] [22.399999999999999:318.278571] [22.399999999999999:324.71375799999998] [0:82.540869055199337] [22.399999999999999:313.28577408333337] [22.399999999999999:302.53573799999998] [22.399999999999999:324.71375799999998] [0:92.970139865692389] [22.399999999999999:295.13563500000004] [22.399999999999999:249.29458700000001] [22.399999999999999:324.71375799999998] [0:116.53386463160022] [23.200000000000003:159.49963871874999] none [25.600000000000001:324.71375799999998] [1.3929144002343703:128.71471884334804] [15:33.700000000000003] [15:33.700000000000003] [15:33.700000000000003] [15:33.700000000000003] [15:33.700000000000003] [15:33.700000000000003] [15:33.700000000000003] [15:33.4375] [15:32.71875] [15.333333333333334:31.620833333333334] [16.439843749999998:27.283072916666669] [31:98] [31:98] [31:98] [31:98] [31:98] [31:98] [31:98] [32.5:95.625] [33.666666666666664:95.083333333333329] [37.041666666666664:94] [59.309895833333336:91.638020833333329] [0:23.75] [0:6] [0:1] [1:4] [-1:1] [-1:1] [-0.97492791218182362:0.97492791218182362] [-0.90096886790241903:1] [-72.635950000000008:77.445233000000002] [0.43630911779503978:2.09406877563422] [-291.363968:296.779246] [-121.30707899999999:153.05878799999999] [-124.27709300000001:153.05878799999999] [-180.63157299999997:268.16051600000003] [-299.363968:299.97924600000005] [-70.384351250000009:75.467424499999993] [0:44.359338508129341] [-67.777903583333341:70.921986416666655] [0:38.631403568061003] [-64.848194500000005:62.415354583333333] [0:37.083675449251288] [-34.945017510416669:27.905951093750001] [0:30.68446053870321] [-12:11.5] [-8:4.8000000000000007] [-49:48] [-30:40] [0:23.75] [0:6] [0:1] [1:4] [-1:1] [-1:1] [-0.97492791218182362:0.97492791218182362] [-0.90096886790241903:1] [22.399999999999999:324.71375799999998] [22.399999999999999:324.71375799999998]
tree_sizes=1427 1437 1431 1425 1436 1427 1429 1433 1428 1435 1441 1439 1432 1435 1441 1446 1434 1426 1447 1440 1437 1431 1442 1443 1441 1448 1439 1441 1432 1440 1422 1446 1447 1414 1446 1427 1445 1449

Tree=0
num_leaves=15
num_cat=0
split_feature=71 84 71 84 71 69 84 84 69 69 24 31 49 67
split_gain=616056 453033 381032 241415 262511 65913.3 63684.1 51405.8 40484.4 34900.8 31388.1 25817.4 25207.1 24349.4
threshold=-1.0000000180025095e-35 103.06452050000001 -2.5124999999999988 42.523274000000008 2.212499999999999 -26.30091713020833 287.58038500000004 272.35636400000004 -0.18351217708333298 11.840655182291668 281.72766850000005 18.012500000000003 2.5000000000000004 -2.4885673333333322
decision_type=2 2 2 2 2 2 2 2 2 2 2 2 2 2
left_child=1 -1 5 -2 7 -3 13 8 10 12 -5 -7 -6 -4
right_child=3 2 6 4 9 11 -8 -9 -10 -11 -12 -13 -14 -15
leaf_value=-1.0080203018371829 -0.99883883206423829 -3.5091171340092355 -1.6337590245461304 -1.1739753940873623 0.27420663878977614 -3.3832699540062414 -2.9261151996439967 -1.6059208006376502 -0.40511695177450302 0.59934463236772229 -0.38669289288809716 -2.3879923827861935 -0.50026612589015285 -1.213438769488103
leaf_weight=2964 2681 208 551 426 296 74 68 147 850 525 179 650 166 920
leaf_count=2964 2681 208 551 426 296 74 68 147 850 525 179 650 166 920
internal_value=-1.05139 -1.42486 -1.92467 -0.66623 -0.321955 -2.72201 -1.44105 -0.71751 -0.627434 0.319082 -0.940331 -2.4928 -0.00227577 -1.37117
internal_weight=10705 5435 2471 5270 2589 932 1539 1602 1455 987 605 724 462 1471
internal_count=10705 5435 2471 5270 2589 932 1539 1602 1455 987 605 724 462 1471
is_linear=0
shrinkage=1


Tree=1
num_leaves=15
num_cat=0
split_feature=71 84 71 84 71 84 24 84 69 69 24 58 24 8
split_gain=556176 409029 344490 217931 237473 69447.8 54219.6 47614.3 35407.6 32368.6 28013.4 23972.6 27964.2 32859.9
threshold=-1.0000000180025095e-35 103.06452050000001 -2.7999999999999985 42.523274000000008 2.0124999999999997 290.2148160000001 257.54432450000007 272.35636400000004 -0.18351217708333298 11.840655182291668 281.72766850000005 -10.845522500000007 278.56941200000006 195.80514650000003
decision_type=2 2 2 2 2 2 2 2 2 2 2 2 2 2
left_child=1 -1 6 -2 7 11 -3 8 10 -6 -5 -4 -13 -14
right_child=3 2 5 4 9 -7 -8 -9 -10 -11 -12 12 13 -15
leaf_value=0.041200675185750955 0.049923320939121274 -1.9569149536515758 -0.93463389525639595 -0.1189423778202235 0.98880280104848817 -1.9229172720036036 -1.1469176659281826 -0.55763170068773138 0.6059637934168195 1.5609616602975422 0.63026839975835924 -0.38109803132055337 -0.13511947612110486 1.0445653207050876
leaf_weight=2964 2681 517 144 422 478 70 354 143 838 532 176 1067 242 77
leaf_count=2964 2681 517 144 422 478 70 354 143 838 532 176 1067 242 77
internal_value=-2.09602e-05 -0.354874 -0.829797 0.365941 0.693042 -0.393766 -1.6294 0.309715 0.396415 1.29142 0.102245 -0.322595 -0.258378 0.152006
internal_weight=10705 5435 2471 5270 2589 1600 871 1579 1436 1010 598 1530 1386 319
internal_count=10705 5435 2471 5270 2589 1600 871 1579 1436 1010 598 1530 1386 319
is_linear=0
shrinkage=0.05


Tree=2
num_leaves=15
num_cat=0
split_feature=71 84 71 84 71 84 69 84 69 69 51 67 84 25
split_gain=502424 418880 237408 154258 276866 55535.3 50728.2 49469.7 40764.8 29217.3 27931.6 25712.7 23671.6 21819.3
threshold=-0.88749999999999918 103.06452050000001 -2.8499999999999992 42.523274000000008 2.0124999999999997 263.70710200000008 -26.462434338541666 292.35207400000007 -0.18351217708333298 11.840655182291668 3.5000000000000004 -2.1783726041666651 284.32638350000008 100.73766235953788
decision_type=2 2 2 2 2 2 2 2 2 2 2 2 2 2
left_child=1 -1 6 -2 5 8 -3 11 10 13 -5 -4 -7 -6
right_child=3 2 7 4 9 12 -8 -9 -10 -11 -12 -13 -14 -15
leaf_value=0.03571550581267962 0.047536911935054611 -2.3063643423891858 -0.67884203734758664 0.30196546671849289 1.2992741444673803 -0.1809525615907423 -1.3552196756269026 -2.0278592586517337 0.56420670672715623 1.4830600249317194 -0.34417419512408665 -0.20352027629950534 -1.423774437571681 0.61830384323702148
leaf_weight=2558 3044 180 493 444 224 356 677 48 912 532 267 674 42 254
leaf_count=2558 3044 180 493 444 224 356 677 48 912 532 267 674 42 254
internal_value=-3.03385e-05 -0.392352 -0.920589 0.298989 0.551421 0.21337 -1.55745 -0.470468 0.343138 1.22698 0.0591797 -0.40473 -0.315344 0.939466
internal_weight=10705 4630 2072 6075 3031 2021 857 1215 1623 1010 711 1167 398 478
internal_count=10705 4630 2072 6075 3031 2021 857 1215 1623 1010 711 1167 398 478
is_linear=0
shrinkage=0.05


Tree=3
num_leaves=15
num_cat=0
split_feature=71 84 71 84 71 24 8 84 84 31 31 65 70 37
split_gain=455063 334662 283628 178406 192699 63636.8 43211.7 42254.7 38660.7 32802.7 41267.4 28441.3 28384.9 24703.3
threshold=-1.0000000180025095e-35 103.85360150000001 -2.0499999999999985 42.523274000000008 2.212499999999999 257.54432450000007 205.88845150000003 287.58038500000004 272.35636400000004 21.112500000000004 22.312500000000004 22.823637208333341 18.044551323038437 52.625000000000007
decision_type=2 2 2 2 2 2 2 2 2 2 2 2 2 2
left_child=1 -1 5 -2 8 -3 -7 -4 9 -5 12 -6 -11 -12
right_child=3 2 7 4 11 6 -8 -9 -10 10 13 -13 -14 -15
leaf_value=0.035908868216165978 0.045052124375420485 -1.737704214498772 -0.23108168938496623 -0.031706899821067683 1.0433856794675813 -0.50203895629148076 -1.4440811792333077 -1.5985616461705354 -0.48240876810977595 0.82835405651846183 1.3686376325379719 1.7319538212327101 2.2614911231883741 0.27153110472696068
leaf_weight=2974 2681 561 1352 382 799 256 234 58 147 191 54 188 42 786
leaf_count=2974 2681 561 1352 382 799 256 234 58 147 191 54 188 42 786
internal_value=-4.83017e-05 -0.321029 -0.75221 0.33098 0.626937 -1.37355 -0.953937 -0.288426 0.288034 0.36615 0.507689 1.17616 1.09525 0.343603
internal_weight=10705 5435 2461 5270 2589 1051 490 1410 1602 1455 1073 987 233 840
internal_count=10705 5435 2461 5270 2589 1051 490 1410 1602 1455 1073 987 233 840
is_linear=0
shrinkage=0.05


Tree=4
num_leaves=15
num_cat=0
split_feature=71 84 71 84 71 84 69 84 69 69 51 67 71 84
split_gain=411580 348075 186618 122914 230164 47231.5 43994.9 41091.2 37893.1 26217.9 22123.4 22056.9 20576.4 20172.5
threshold=-0.9875000000000006 103.06452050000001 -2.8499999999999992 42.523274000000008 2.0124999999999997 263.70710200000008 -26.462434338541666 292.35207400000007 -1.3059802708333337 11.840655182291668 3.5000000000000004 -3.5801233541666702 4.8500000000000005 284.32638350000008
decision_type=2 2 2 2 2 2 2 2 2 2 2 2 2 2
left_child=1 -1 6 -2 5 8 -3 11 10 12 -5 -4 -6 -7
right_child=3 2 7 4 9 13 -8 -9 -10 -11 -12 -13 -14 -15
leaf_value=0.031532187138355719 0.042979847352977225 -2.1052781041814477 -0.68322779758840646 0.22695715386495371 0.67619166601616421 -0.17253130515075654 -1.2199811274119843 -1.8554387355337338 0.49286842701719968 1.3507237689132763 -0.38650954185781178 -0.21552482794664429 1.5205916461017397 -1.3179954722870229
leaf_weight=2526 3072 180 382 397 389 367 677 48 1030 532 232 742 89 42
leaf_count=2526 3072 180 382 397 389 367 677 48 1030 532 232 742 89 42
internal_value=-3.86056e-05 -0.360239 -0.847749 0.266759 0.490016 0.187653 -1.40816 -0.437108 0.306277 1.10831 0.000432102 -0.374943 0.836259 -0.293086
internal_weight=10705 4555 2029 6150 3078 2068 857 1172 1659 1010 629 1124 478 409
internal_count=10705 4555 2029 6150 3078 2068 857 1172 1659 1010 629 1124 478 409
is_linear=0
shrinkage=0.05


Tree=5
num_leaves=15
num_cat=0
split_feature=71 84 71 84 71 24 84 84 65 31 31 70 65 37
split_gain=372278 273916 238133 146049 156612 44576.5 40885.1 32680.1 29272.1 28552.8 38609.5 26434.3 23701 21627.2
threshold=-1.0000000180025095e-35 99.531733000000017 -2.5124999999999988 42.523274000000008 2.0124999999999997 257.54432450000007 292.35207400000007 272.35636400000004 -9.0574997499999998 21.112500000000004 22.862500000000004 18.044551323038437 22.823637208333341 52.625000000000007
decision_type=2 2 2 2 2 2 2 2 2 2 2 2 2 2
left_child=1 -1 5 -2 7 -3 -4 9 -7 -5 11 -11 -6 -12
right_child=3 2 6 4 12 8 -8 -9 -10 10 13 -13 -14 -15
leaf_value=0.038586583732285053 0.040652168157116683 -1.5929400097844371 -0.24907191682020569 -0.046618257325657692 0.93309658742458557 -1.2977209794002764 -1.7627544931743455 -0.46273211642789347 -0.44060879177974627 0.7485037260973626 1.2524714975986841 2.0899991943077612 1.5535204092251886 0.20543645495632343
leaf_weight=2924 2681 546 1518 376 817 212 45 143 190 241 52 43 193 724
leaf_count=2924 2681 546 1518 376 817 212 45 143 190 241 52 43 193 724
internal_value=-5.35553e-05 -0.290373 -0.673303 0.299354 0.56713 -1.29811 -0.293751 0.25583 -0.894717 0.327658 0.46034 0.958238 1.05307 0.27712
internal_weight=10705 5435 2511 5270 2589 948 1563 1579 402 1436 1060 284 1010 776
internal_count=10705 5435 2511 5270 2589 948 1563 1579 402 1436 1060 284 1010 776
is_linear=0
shrinkage=0.05


Tree=6
num_leaves=15
num_cat=0
split_feature=71 84 71 84 71 84 69 84 69 58 69 24 49 31
split_gain=337438 286310 148368 100864 186636 39906.4 37644.8 33537.4 33217 24461.4 23556.1 22865.5 19514 19332
threshold=-0.9875000000000006 107.19768550000002 -2.8499999999999992 42.523274000000008 2.0124999999999997 263.70710200000008 -26.30091713020833 287.58038500000004 -1.0000000180025095e-35 -14.191097999999995 11.840655182291668 281.72766850000005 2.5000000000000004 18.012500000000003
decision_type=2 2 2 2 2 2 2 2 2 2 2 2 2 2
left_child=1 -1 6 -2 5 8 -3 9 11 -4 12 -5 -6 -8
right_child=3 2 7 4 10 -7 13 -9 -10 -11 -12 -13 -14 -15
leaf_value=0.022230735023874387 0.038812749165880386 -1.8690966298946969 -1.1123820609943842 -0.11990310918916842 0.98205487334961239 -0.27039354692258666 -1.8785337890897478 -1.4598836236436603 0.48260078421545255 -0.26327524187352963 1.2301702913937402 0.53310618382266595 0.31431148665919473 -0.98686972705033082
leaf_weight=2570 3072 207 92 572 306 409 69 70 913 984 532 174 172 563
leaf_count=2570 3072 207 92 572 306 409 69 70 913 984 532 174 172 563
internal_value=-4.61622e-05 -0.326194 -0.777086 0.241529 0.443771 0.171496 -1.28198 -0.406652 0.280534 -0.336841 1.00054 0.0329171 0.742937 -1.08703
internal_weight=10705 4555 1985 6150 3078 2068 839 1146 1659 1076 1010 746 478 632
internal_count=10705 4555 1985 6150 3078 2068 839 1146 1659 1076 1010 746 478 632
is_linear=0
shrinkage=0.05


Tree=7
num_leaves=15
num_cat=0
split_feature=71 84 71 84 71 24 84 8 69 65 46 24 58 51
split_gain=306288 220589 209735 144219 96574.6 45157.3 37690.7 35404.7 24253 22107.7 21955.1 20715 20249.6 17970.3
threshold=1.0000000180025095e-35 107.91582550000001 -2.0499999999999985 42.523274000000008 2.212499999999999 257.54432450000007 282.33339050000006 205.88845150000003 -0.12570920833333388 22.823637208333341 82.848958333333357 267.02599300000003 -2.1980815000000002 3.5000000000000004
decision_type=2 2 2 2 2 2 2 2 2 2 2 2 2 2
left_child=1 -1 5 -2 8 12 10 11 13 -6 -4 -7 -3 -5
right_child=3 2 6 4 9 7 -8 -9 -10 -11 -12 -13 -14 -15
leaf_value=0.036820315686417325 0.03667933717130465 -2.2436962194845709 0.048523561066478121 0.26488282506470567 0.84262338235136136 -0.95347353491294928 -1.1612462993157973 -1.2310403524246891 0.49033466515728624 1.4488673099134335 -0.33018964601345657 -0.021240938528909448 -1.3211346179099461 -0.32864799342164774
leaf_weight=3272 2487 70 681 351 799 94 100 225 724 188 872 160 483 199
leaf_count=3272 2487 70 681 351 799 94 100 225 724 188 872 160 483 199
internal_value=-6.42025e-05 -0.238819 -0.574607 0.299472 0.588389 -1.13354 -0.22518 -0.775448 0.300394 0.959448 -0.164197 -0.368627 -1.44175 0.0499259
internal_weight=10705 5957 2685 4748 2261 1032 1653 479 1274 987 1553 254 553 550
internal_count=10705 5957 2685 4748 2261 1032 1653 479 1274 987 1553 254 553 550
is_linear=0
shrinkage=0.05


Tree=8
num_leaves=15
num_cat=0
split_feature=71 84 71 84 71 84 69 84 36 45 70 24 31 69
split_gain=277335 234881 129954 82997.3 151124 34231.1 33216.5 29332.1 29021.6 21258.6 21565.9 35700.4 25000 21131.1
threshold=-0.9875000000000006 99.531733000000017 -2.7999999999999985 42.523274000000008 2.0124999999999997 263.70710200000008 -26.462434338541666 292.35207400000007 20.954296875000004 51.656250000000007 8.1012924249459495 283.21306650000002 22.237500000000004 11.840655182291668
decision_type=2 2 2 2 2 2 2 2 2 2 2 2 2 2
left_child=1 -1 6 -2 5 8 -3 -4 -5 -10 -11 -12 -13 -6
right_child=3 2 7 4 13 -7 -8 -9 9 10 11 12 -14 -15
leaf_value=0.031387533900518731 0.035038031517896827 -1.7503620220663771 -0.29366726529865056 -0.23391857915007927 0.65963589283083579 -0.25188678223685157 -0.98849838570409343 -1.5566087012489638 1.4426716915396758 0.51591147074060562 -0.21194096271875043 1.4864831919471424 0.30558764106145614 1.1207574569303926
leaf_weight=2489 3072 182 1132 253 478 409 705 47 42 665 377 53 269 532
leaf_count=2489 3072 182 1132 253 478 409 705 47 42 665 377 53 269 532
internal_value=-8.16456e-05 -0.29576 -0.689714 0.218925 0.402383 0.157375 -1.14662 -0.34529 0.258362 0.347048 0.31228 0.118093 0.503959 0.903392
internal_weight=10705 4555 2066 6150 3078 2068 887 1179 1659 1406 1364 699 322 1010
internal_count=10705 4555 2066 6150 3078 2068 887 1179 1659 1406 1364 699 322 1010
is_linear=0
shrinkage=0.05


Tree=9
num_leaves=15
num_cat=0
split_feature=71 84 71 84 71 24 84 8 69 65 46 47 58 69
split_gain=251040 181600 171387 118299 78068.6 38456.5 32352.8 31493.8 20988.7 19924.8 19124.5 18471.1 18088 16043.9
threshold=1.0000000180025095e-35 107.91582550000001 -2.0499999999999985 42.523274000000008 2.212499999999999 257.54432450000007 282.33339050000006 205.88845150000003 -0.12570920833333388 22.823637208333341 82.848958333333357 77.584635416666671 -2.1980815000000002 11.532673921875002
decision_type=2 2 2 2 2 2 2 2 2 2 2 2 2 2
left_child=1 -1 5 -2 8 12 10 11 -5 13 -4 -7 -3 -6
right_child=3 2 6 4 9 7 -8 -9 -10 -11 -12 -13 -14 -15
leaf_value=0.033868096446634945 0.033094909363141779 -2.0674472419308945 0.049998789719617284 0.040840134408051142 0.51924148550544025 0.049218855768242142 -1.0722732145007294 -1.1254185082160135 0.45052781928382046 1.3307030477221051 -0.30345362844617713 -0.81278144155985843 -1.1968038552633125 0.97038904562521222
leaf_weight=3272 2487 70 681 550 382 148 100 225 724 188 872 106 483 417
leaf_count=3272 2487 70 681 550 382 148 100 225 724 188 872 106 483 417
internal_value=-7.61127e-05 -0.216228 -0.520899 0.271104 0.532772 -1.02616 -0.205027 -0.695789 0.273832 0.866392 -0.14853 -0.31229 -1.31054 0.755615
internal_weight=10705 5957 2685 4748 2261 1032 1653 479 1274 987 1553 254 553 799
internal_count=10705 5957 2685 4748 2261 1032 1653 479 1274 987 1553 254 553 799
is_linear=0
shrinkage=0.05


Tree=10
num_leaves=15
num_cat=0
split_feature=71 84 71 84 71 84 24 37 70 36 84 27 67 69
split_gain=227969 192658 108205 68329.3 122358 29627.3 29219.8 34005.9 30208.1 31181.5 26383.7 20435.1 22308.3 20167.3
threshold=-0.9875000000000006 99.531733000000017 -3.3625000000000003 42.523274000000008 2.0124999999999997 273.90393550000005 281.72766850000005 51.625000000000007 8.1032710679429751 20.954296875000004 295.90254450000003 19.012500000000003 -3.7006155416666666 -14.779579244791664
decision_type=2 2 2 2 2 2 2 2 2 2 2 2 2 2
left_child=1 -1 13 -2 5 6 8 -8 9 -5 11 -4 -13 -3
right_child=3 2 10 4 -6 -7 7 -9 -10 -11 -12 12 -14 -15
leaf_value=0.028126061741920963 0.031625133709181338 -1.4781953387013798 -0.70916436502109037 -0.23983892666465706 0.81574522079909129 -0.48207193839799811 1.56132618152734 0.3568396830997333 -0.23595420915774437 0.45525847890990678 -1.5015306912216486 -0.51951317550489728 -0.05658726632219116 -0.90529690917118355
leaf_weight=2489 3072 289 297 224 1010 172 65 535 501 571 50 432 653 345
leaf_count=2489 3072 289 297 224 1010 172 65 535 501 571 50 432 653 345
internal_value=-8.67853e-05 -0.268161 -0.624952 0.198474 0.364933 0.144471 0.201533 0.489706 0.0678451 0.259352 -0.383717 -0.342219 -0.241213 -1.16836
internal_weight=10705 4555 2066 6150 3078 2068 1896 600 1296 795 1432 1382 1085 634
internal_count=10705 4555 2066 6150 3078 2068 1896 600 1296 795 1432 1382 1085 634
is_linear=0
shrinkage=0.05


Tree=11
num_leaves=15
num_cat=0
split_feature=71 84 71 84 71 84 69 84 24 69 65 37 8 24
split_gain=205812 173944 97984.9 61681.1 110486 28085.9 29545.6 24136.6 22073.5 19923 18036.5 17584.7 18238.5 17053.6
threshold=-0.9875000000000006 99.531733000000017 -3.0124999999999988 42.523274000000008 2.212499999999999 284.32638350000008 -0.22629248437500016 295.90254450000003 281.72766850000005 -14.779579244791664 22.823637208333341 53.375000000000007 257.26550900000007 243.11060200000003
decision_type=2 2 2 2 2 2 2 2 2 2 2 2 2 2
left_child=1 -1 9 -2 5 6 8 11 -5 -3 -6 -4 13 -13
right_child=3 2 7 4 10 -7 -8 -9 -10 -11 -12 12 -14 -15
leaf_value=0.026720323685358417 0.030044390719409415 -1.3884644930794736 0.65371715905873673 -0.16626227584617162 0.67719121171010199 -1.1241370040316914 0.34606889242788308 -1.4505230009555818 0.39832173031960838 -0.84187345446500561 1.2239485116714919 -0.68458787495154516 -0.88356130345583817 -0.18450482396390969
leaf_weight=2489 3072 297 45 739 799 42 1085 47 225 398 188 208 138 933
leaf_count=2489 3072 297 45 739 799 42 1085 47 225 398 188 208 138 933
internal_value=-9.58925e-05 -0.254809 -0.593829 0.188569 0.346723 0.140765 0.167228 -0.348233 -0.0342107 -1.07711 0.782469 -0.308038 -0.34236 -0.276188
internal_weight=10705 4555 2066 6150 3078 2091 2049 1371 964 695 987 1324 1279 1141
internal_count=10705 4555 2066 6150 3078 2091 2049 1371 964 695 987 1324 1279 1141
is_linear=0
shrinkage=0.05


Tree=12
num_leaves=15
num_cat=0
split_feature=71 84 71 84 71 24 8 84 69 22 69 71 46 17
split_gain=186935 136729 128545 88226.3 56398.8 30961.7 36514 26663.8 17072.5 17728.2 16530.3 16426.1 14652.9 18024.8
threshold=1.0000000180025095e-35 107.19768550000002 -2.0499999999999985 42.523274000000008 2.212499999999999 266.90505200000007 201.30429100000001 275.36804450000005 11.840655182291668 139.61285504687501 -0.12570920833333388 3.7125000000000008 82.848958333333357 35.425119891435706
decision_type=2 2 2 2 2 2 2 2 2 2 2 2 2 2
left_child=1 -1 5 -2 10 -3 -7 12 9 11 -5 -6 13 -4
right_child=3 2 7 4 8 6 -8 -9 -10 -11 -12 -13 -14 -15
leaf_value=0.03141125422596918 0.028358593220160707 -1.09221361287354 -0.030828147024187409 0.033015659849029273 0.41204007308993296 0.02664346270395454 -0.96534825609502006 -0.72341597386196188 0.9388491669395308 -0.11760858410362447 0.39658962911499085 1.0993669446025576 -0.24694195563359556 0.74125746262484593
leaf_weight=3258 2487 662 576 550 235 168 206 196 525 88 724 139 805 86
leaf_count=3258 2487 662 576 550 235 168 206 196 525 88 724 139 805 86
internal_value=-0.000106826 -0.18663 -0.449744 0.233901 0.459876 -0.886656 -0.520865 -0.177191 0.743442 0.519839 0.23978 0.669741 -0.10377 0.0704398
internal_weight=10705 5957 2699 4748 2261 1036 374 1663 987 462 1274 374 1467 662
internal_count=10705 5957 2699 4748 2261 1036 374 1663 987 462 1274 374 1467 662
is_linear=0
shrinkage=0.05


Tree=13
num_leaves=15
num_cat=0
split_feature=71 84 71 84 71 32 70 36 69 84 47 30 58 31
split_gain=169057 142444 81327.5 50751.8 89551.9 25205.9 24875.3 29469.1 25113.1 20526.9 18649.6 16906.9 16945.5 16494.9
threshold=-0.9875000000000006 99.531733000000017 -3.3625000000000003 42.523274000000008 2.0124999999999997 28.137500000000003 8.1032710679429751 20.954296875000004 4.482996427083334 295.90254450000003 70.747395833333357 20.412500000000005 -14.716639499999998 23.012500000000003
decision_type=2 2 2 2 2 2 2 2 2 2 2 2 2 2
left_child=1 -1 -3 -2 5 6 7 -5 -8 11 -7 -4 -13 -14
right_child=3 2 9 4 -6 10 8 -9 -10 -11 -12 12 13 -15
leaf_value=0.023814912127802172 0.027096136668354538 -1.0088477553726416 -0.49354194281264113 -0.23823324268062912 0.70002256834770815 1.4013454482188594 -0.3211267500182462 0.40673618212774926 0.19719633058683733 -1.3145194403973282 0.17025764872630439 -0.87707161021904201 0.20667880383582837 -0.27604309234103247
leaf_weight=2489 3072 634 593 230 1010 64 548 761 406 50 59 70 311 408
leaf_count=2489 3072 634 593 230 1010 64 548 761 406 50 59 70 311 408
internal_value=-9.90053e-05 -0.230951 -0.537742 0.170891 0.314351 0.125744 0.0816348 0.256957 -0.100565 -0.328607 0.816959 -0.292013 -0.140114 -0.067247
internal_weight=10705 4555 2066 6150 3078 2068 1945 991 954 1432 123 1382 789 719
internal_count=10705 4555 2066 6150 3078 2068 1945 991 954 1432 123 1382 789 719
is_linear=0
shrinkage=0.05


Tree=14
num_leaves=15
num_cat=0
split_feature=71 84 71 84 69 24 8 22 71 84 70 24 8 37
split_gain=153226 113046 104832 72382.4 46260.9 26742.3 31841.6 23710.8 23595.9 23029.3 20967.3 19524.4 21317.2 15256.8
threshold=1.0000000180025095e-35 107.91582550000001 -2.0499999999999985 42.523274000000008 11.840655182291668 266.90505200000007 205.88845150000003 148.13106922916668 3.7125000000000008 275.36804450000005 8.1012924249459495 283.21306650000002 209.58405150000002 72.375000000000014
decision_type=2 2 2 2 2 2 2 2 2 2 2 2 2 2
left_child=1 -1 5 -2 8 -3 -7 -6 10 -4 13 -12 -13 -5
right_child=3 2 9 4 7 6 -8 -9 -10 -11 11 12 -14 -15
leaf_value=0.028351045728726848 0.025586971114733983 -0.99607159709557891 -0.093636831570741194 0.077796265790884445 0.96261379643466638 0.038133941589161585 -0.88774988137442501 0.36414519892525615 0.81175586483468209 -0.66973554207574049 -0.21512746472915995 -0.024468540648619336 1.17910637691617 0.52938326609587294
leaf_weight=3272 2487 659 1457 302 460 171 202 261 172 196 420 95 59 492
leaf_count=3272 2487 659 1457 302 460 171 202 261 172 196 420 95 59 492
internal_value=-0.000100576 -0.168971 -0.409353 0.211761 0.416442 -0.804513 -0.464316 0.746774 0.261402 -0.16231 0.191663 -0.0385587 0.441274 0.357935
internal_weight=10705 5957 2685 4748 2261 1032 373 721 1540 1653 1368 574 154 794
internal_count=10705 5957 2685 4748 2261 1032 373 721 1540 1653 1368 574 154 794
is_linear=0
shrinkage=0.05


Tree=15
num_leaves=15
num_cat=0
split_feature=71 84 71 84 71 84 69 84 26 67 54 24 58 47
split_gain=138909 116658 68203.2 41780.9 73636.1 23070.9 21676.4 20418.1 19327.4 22661.1 20732.7 17990.8 15731.3 26126.4
threshold=-0.9875000000000006 99.531733000000017 -3.9875000000000003 42.523274000000008 2.212499999999999 284.32638350000008 -0.22629248437500016 299.97504500000008 19.012500000000003 -3.0762550208333326 1.0000000180025095e-35 281.72766850000005 -13.615783500000004 74.298177083333357
decision_type=2 2 2 2 2 2 2 2 2 2 2 2 2 2
left_child=1 -1 -3 -2 5 6 11 8 10 12 -4 -5 -10 -14
right_child=3 2 7 4 -6 -7 -8 -9 9 -11 -12 -13 13 -15
leaf_value=0.021207663167911363 0.02443652729519873 -0.97935882634687277 -0.87771756236248888 -0.15083348021339124 0.64080433587539898 -1.0294627693849943 0.29410327198318315 -1.3816221486438405 -1.0829609799187017 0.012709847763372606 -0.038827640001006705 0.35887060009717814 0.44721554841639266 -0.50596404542189299
leaf_weight=2489 3072 524 236 739 987 42 1085 43 78 630 107 225 89 359
leaf_count=2489 3072 524 236 739 987 42 1085 43 78 630 107 225 89 359
internal_value=-9.02688e-05 -0.209349 -0.486985 0.154906 0.28507 0.11693 0.140919 -0.319142 -0.287763 -0.189656 -0.616897 -0.0316187 -0.431597 -0.31603
internal_weight=10705 4555 2066 6150 3078 2091 2049 1542 1499 1156 343 964 526 448
internal_count=10705 4555 2066 6150 3078 2091 2049 1542 1499 1156 343 964 526 448
is_linear=0
shrinkage=0.05


Tree=16
num_leaves=15
num_cat=0
split_feature=71 84 71 84 69 69 22 84 71 70 24 8 31 31
split_gain=125806 93577.7 84889.1 59488.1 39391.4 24364.9 21044 20257.8 19916.6 18979.6 16864.7 19539 15735.2 14616.9
threshold=1.0000000180025095e-35 107.91582550000001 -2.0499999999999985 42.523274000000008 11.840655182291668 -26.462434338541666 148.13106922916668 292.35207400000007 3.7624999999999997 8.1012924249459495 283.21306650000002 209.58405150000002 18.012500000000003 20.012500000000003
decision_type=2 2 2 2 2 2 2 2 2 2 2 2 2 2
left_child=1 -1 5 -2 8 -3 -6 -4 9 13 -11 -12 -7 -5
right_child=3 2 7 4 6 12 -8 -9 -10 10 11 -13 -14 -15
leaf_value=0.026406867881048002 0.023086801602526113 -1.257674708714088 -0.12085148965282407 -0.15482156129566357 0.88554983533385523 -1.3091326255798341 0.32189689322680465 -1.2207279515820881 0.74838793046683794 -0.21144538565014126 -0.04493208017689896 1.1048194476465385 -0.54725367189361118 0.42365904579351765
leaf_weight=3272 2487 179 1611 130 460 74 261 42 167 421 96 59 779 667
leaf_count=3272 2487 179 1611 130 460 74 261 42 167 421 96 59 779 667
internal_value=-0.000105592 -0.153122 -0.371827 0.191865 0.377422 -0.727419 0.682237 -0.149519 0.234362 0.171342 -0.0473123 0.396992 -0.614804 0.329226
internal_weight=10705 5957 2685 4748 2261 1032 721 1653 1540 1373 576 155 853 797
internal_count=10705 5957 2685 4748 2261 1032 721 1653 1540 1373 576 155 853 797
is_linear=0
shrinkage=0.05


Tree=17
num_leaves=15
num_cat=0
split_feature=71 84 71 84 71 32 70 36 69 84 30 47 69 36
split_gain=114238 95590.1 56820.9 34422.1 60464.7 21113.8 20214.5 24396 18400.9 17681.2 16650.8 15521.4 15082.5 14533.8
threshold=-0.9875000000000006 99.531733000000017 -3.9875000000000003 42.523274000000008 2.0124999999999997 28.137500000000003 8.1032710679429751 20.954296875000004 4.482996427083334 299.97504500000008 20.587500000000002 70.747395833333357 -13.065936541666668 18.666666666666668
decision_type=2 2 2 2 2 2 2 2 2 2 2 2 2 2
left_child=1 -1 -3 -2 5 6 7 -5 -8 10 12 -7 -4 -14
right_child=3 2 9 4 -6 11 8 -9 -10 -11 -12 -13 13 -15
leaf_value=0.018827891125302601 0.022029532845657267 -0.8906046973805698 -0.87404687449142537 -0.2292149165709749 0.57550665487827313 1.2693444580985951 -0.2897701825868535 0.35759166027049555 0.1539237830444658 -1.276655921610919 -0.102202217245094 0.14642975685497125 -1.1262025527954103 -0.2310129967925256
leaf_weight=2489 3072 524 153 230 1010 64 548 761 406 43 797 59 49 500
leaf_count=2489 3072 524 153 230 1010 64 548 761 406 43 797 59 49 500
internal_value=-0.000106538 -0.189874 -0.441194 0.140453 0.2586 0.103621 0.0632576 0.221307 -0.100981 -0.287998 -0.258805 0.736235 -0.436203 -0.312814
internal_weight=10705 4555 2066 6150 3078 2068 1945 991 954 1542 1499 123 702 549
internal_count=10705 4555 2066 6150 3078 2068 1945 991 954 1542 1499 123 702 549
is_linear=0
shrinkage=0.05


Tree=18
num_leaves=15
num_cat=0
split_feature=71 84 71 62 63 84 84 69 84 58 47 24 67 71
split_gain=103143 86600.3 46465.3 31457.4 27949.5 20528.7 23348.6 38903.3 19089.3 16333.3 17922.8 15618 17355.1 14137.1
threshold=-0.9875000000000006 107.19768550000002 -3.9875000000000003 232.80492650000002 23.254554000000009 278.81235800000007 42.523274000000008 -1.3059802708333337 96.187470500000018 -11.200341999999997 73.179687500000014 225.57054350000001 -2.4885673333333322 2.0124999999999997
decision_type=2 2 2 2 2 2 2 2 2 2 2 2 2 2
left_child=1 -1 -3 5 -5 6 -2 -8 -9 -4 -11 -12 -13 -10
right_child=3 2 9 4 -6 -7 7 8 13 10 11 12 -14 -15
leaf_value=0.011194791497162047 0.020928415220644203 -0.84717281911244824 -0.71913334363013448 0.34470959267673201 1.3559319376704448 -0.66023602328081243 -0.072808765298042533 0.67654223032218952 0.15230034519007296 0.18055725716367629 -0.75742372961658422 -0.46495500350990399 -0.026736306981655862 0.48074703914899147
leaf_weight=2570 3072 496 191 355 84 86 765 363 914 225 164 417 492 511
leaf_count=2570 3072 496 191 355 84 86 765 363 914 225 164 417 492 511
internal_value=-0.000112776 -0.18043 -0.428409 0.133447 0.540843 0.102041 0.113811 0.225524 0.353135 -0.288439 -0.224558 -0.309597 -0.228057 0.270335
internal_weight=10705 4555 1985 6150 439 5711 5625 2553 1788 1489 1298 1073 909 1425
internal_count=10705 4555 1985 6150 439 5711 5625 2553 1788 1489 1298 1073 909 1425
is_linear=0
shrinkage=0.05


Tree=19
num_leaves=15
num_cat=0
split_feature=71 84 71 84 69 69 22 84 71 70 36 46 36 24
split_gain=93823.5 70612.7 62261.6 44446.8 31785.6 20289.2 17912.2 17552.6 16144 16163.3 18280.1 20932.6 15980.5 15023.5
threshold=1.0000000180025095e-35 107.91582550000001 -2.0124999999999988 42.523274000000008 11.840655182291668 -26.462434338541666 148.13106922916668 275.36804450000005 4.8500000000000005 8.1012924249459495 24.748307291666674 78.848958333333357 20.954296875000004 283.21306650000002
decision_type=2 2 2 2 2 2 2 2 2 2 2 2 2 2
left_child=1 -1 5 -2 8 -3 -6 -4 9 10 11 -5 -13 -11
right_child=3 2 7 4 6 -7 -8 -9 -10 13 -12 12 -14 -15
leaf_value=0.023699692654085659 0.019785891476886835 -1.1098857303046519 -0.071505288236485387 -0.11627754954537167 0.78740904451562033 -0.5236999348657968 0.26759447457396801 -0.57561202019486313 0.84758016666500946 -0.19026944548384425 1.3054078135379525 -0.28975934858488689 0.53331885664949052 0.35752389880710811
leaf_weight=3272 2487 179 1455 265 460 856 261 195 89 445 42 67 459 173
leaf_count=3272 2487 179 1455 265 460 856 261 195 89 445 42 67 459 173
internal_value=-0.000108656 -0.132251 -0.322235 0.165675 0.326066 -0.626052 0.599869 -0.131394 0.197571 0.157145 0.30075 0.245825 0.428127 -0.0365929
internal_weight=10705 5957 2685 4748 2261 1035 721 1650 1540 1451 833 791 526 618
internal_count=10705 5957 2685 4748 2261 1035 721 1650 1540 1451 833 791 526 618
is_linear=0
shrinkage=0.05


Tree=20
num_leaves=15
num_cat=0
split_feature=71 84 71 62 56 84 84 69 84 37 8 24 44 49
split_gain=84752.1 70863.2 43255.7 27484.4 24362.3 17942.9 18989.4 32203.3 16547.4 15260.4 19929.6 16229 14072.4 14676
threshold=-0.9875000000000006 99.531733000000017 -3.9875000000000003 232.80492650000002 19.371880500000007 278.81235800000007 42.523274000000008 -1.3059802708333337 96.187470500000018 53.375000000000007 256.80026200000003 248.07883750000005 89.281250000000014 3.5000000000000004
decision_type=2 2 2 2 2 2 2 2 2 2 2 2 2 2
left_child=1 -1 -3 5 -5 6 -2 -8 -9 -4 11 -11 -13 -14
right_child=3 2 9 4 -6 -7 7 8 -10 10 -12 12 13 -15
leaf_value=0.016142852188538701 0.018856108546974681 -0.77204535351037273 0.65162345679962774 0.24400002035907278 1.0410080002961866 -0.62103114898006129 -0.068061232950061792 0.62055981818607053 0.24239087516685551 -0.51174545466133115 -0.75677388858418659 -0.04084916145981872 -0.088776544608035191 -1.3097218756980085
leaf_weight=2489 3072 524 45 298 141 86 765 363 1425 323 186 890 52 46
leaf_count=2489 3072 524 45 298 141 86 765 363 1425 323 186 890 52 46
internal_value=-9.73147e-05 -0.16355 -0.379937 0.120971 0.501771 0.0916165 0.102621 0.203367 0.319471 -0.246278 -0.273686 -0.204622 -0.1038 -0.669314
internal_weight=10705 4555 2066 6150 439 5711 5625 2553 1788 1542 1497 1311 988 98
internal_count=10705 4555 2066 6150 439 5711 5625 2553 1788 1542 1497 1311 988 98
is_linear=0
shrinkage=0.05


Tree=21
num_leaves=15
num_cat=0
split_feature=71 84 71 84 69 24 8 24 84 43 29 71 70 36
split_gain=77380.1 58445.3 50504.2 36720.3 27327.8 17631.2 23079.5 16413.5 15668.2 15128.9 14636.8 13896 14340.8 16550.8
threshold=1.0000000180025095e-35 107.91582550000001 -2.0124999999999988 42.523274000000008 11.840655182291668 266.90505200000007 205.88845150000003 299.02505250000007 292.35207400000007 78.375000000000014 22.012500000000003 4.8500000000000005 8.1012924249459495 24.780989583333341
decision_type=2 2 2 2 2 2 2 2 2 2 2 2 2 2
left_child=1 -1 5 -2 11 -3 -7 9 -4 10 -6 12 13 -5
right_child=3 2 8 4 7 6 -8 -9 -10 -11 -12 -13 -14 -15
leaf_value=0.021775656241810892 0.017854567093121852 -0.72241710918944924 -0.095813854209293836 0.22391237845589079 1.5347318736282556 0.12961875260302 -0.6545003583572182 0.050337852344468796 -1.0630975761732391 0.41517749559011297 0.70901386914118925 0.78014616698026662 -0.042872731633385064 1.2550496892231269
leaf_weight=3272 2487 659 1608 793 73 174 202 134 42 302 212 89 618 40
leaf_count=3272 2487 659 1608 793 73 174 202 134 42 302 212 89 618 40
internal_value=-9.86812e-05 -0.120104 -0.292946 0.150458 0.296244 -0.566579 -0.292255 0.550117 -0.121065 0.663927 0.92514 0.177105 0.139604 0.274872
internal_weight=10705 5957 2685 4748 2261 1035 376 721 1650 587 285 1540 1451 833
internal_count=10705 5957 2685 4748 2261 1035 376 721 1650 587 285 1540 1451 833
is_linear=0
shrinkage=0.05


Tree=22
num_leaves=15
num_cat=0
split_feature=71 84 71 84 69 69 58 22 46 63 70 36 35 51
split_gain=69874.7 52813.7 45407.5 33167.3 24679.4 17006.8 15136.8 14857 14636.2 13354.3 16145.7 19969.4 16426.4 14547.3
threshold=1.0000000180025095e-35 111.51201250000001 -2.0124999999999988 42.523274000000008 11.840655182291668 -26.462434338541666 -10.845522500000007 148.13106922916668 82.171875000000014 18.554911875000009 8.2420240502277053 24.780989583333341 22.42604166666667 2.5000000000000004
decision_type=2 2 2 2 2 2 2 2 2 2 2 2 2 2
left_child=1 -1 5 -2 9 -3 -4 -6 -8 10 11 12 13 -5
right_child=3 2 6 4 7 -7 8 -9 -10 -11 -12 -13 -14 -15
leaf_value=0.018166926405098927 0.016962197339731207 -0.99040023966108337 -0.65739138637979833 0.72093726304190897 0.69357296875344676 -0.44907759383142498 0.12473235230743625 0.22031909704336342 -0.19670072475347566 0.5573918727130045 -0.1123243128939298 1.2364088783661524 -0.15177138087201311 0.16542203733235519
leaf_weight=3329 2487 176 119 170 460 836 573 261 924 192 501 47 248 382
leaf_count=3329 2487 176 119 170 460 836 573 261 924 192 501 47 248 382
internal_value=-8.17962e-05 -0.114119 -0.281635 0.142987 0.28154 -0.544105 -0.117031 0.522799 -0.0736661 0.168321 0.112533 0.245511 0.185825 0.337499
internal_weight=10705 5957 2628 4748 2261 1012 1616 721 1497 1540 1348 847 800 552
internal_count=10705 5957 2628 4748 2261 1012 1616 721 1497 1540 1348 847 800 552
is_linear=0
shrinkage=0.05


Tree=23
num_leaves=15
num_cat=0
split_feature=71 84 71 62 44 9 67 54 24 84 84 36 7 69
split_gain=63438.4 52803.2 37076.5 22449.7 20534.6 20414.7 19089.7 16332.6 23428.6 15843.2 16099.4 24937.5 19758.9 22112.3
threshold=-0.9875000000000006 90.300388000000012 -3.9875000000000003 232.80492650000002 53.031250000000007 266.11977550000006 -3.191651499999999 1.0000000180025095e-35 282.91039900000004 274.29007000000007 42.523274000000008 22.531250000000004 160.12138200000001 8.2327959375000024
decision_type=2 2 2 2 2 2 2 2 2 2 2 2 2 2
left_child=1 -1 -3 9 -4 -5 -6 8 -8 10 -2 -12 -13 -14
right_child=3 2 4 5 6 -7 7 -9 -10 -11 11 12 13 -15
leaf_value=0.02012412142759196 0.016124548402994026 -0.68097712994038062 0.7486733704263514 0.61557982668490485 -0.45482850347085635 -0.24472207788291367 -0.52725420926249755 0.10349991343872363 0.2585535149656194 -0.40174150552132171 -0.03606637963116259 0.49164132597674293 -0.13182326697882404 0.36509501540895362
leaf_weight=2396 3072 536 54 354 604 85 338 496 131 166 829 740 404 500
leaf_count=2396 3072 536 54 354 604 85 338 496 131 166 829 740 404 500
internal_value=-7.21196e-05 -0.141486 -0.320764 0.104672 -0.201456 0.448829 -0.234613 -0.09645 -0.307681 0.0781434 0.0925795 0.187508 0.300201 0.143121
internal_weight=10705 4555 2159 6150 1623 439 1569 965 469 5711 5545 2473 1644 904
internal_count=10705 4555 2159 6150 1623 439 1569 965 469 5711 5545 2473 1644 904
is_linear=0
shrinkage=0.05


Tree=24
num_leaves=15
num_cat=0
split_feature=71 84 71 84 69 24 80 24 84 66 84 58 31 7
split_gain=57410.2 43787.6 36898.1 27285.6 20764.6 15027.3 16545 14182.6 13746.1 18604.6 13648.3 13561 11946 22524
threshold=1.0000000180025095e-35 111.51201250000001 -2.0124999999999988 42.523274000000008 11.840655182291668 257.54432450000007 -0.58216583101416131 299.02505250000007 249.14793600000004 2.8572886261265169 292.35207400000007 -2.1980815000000002 21.112500000000004 102.24297950000002
decision_type=2 2 2 2 2 2 2 2 2 2 2 2 2 2
left_child=1 -1 5 -2 12 11 -7 8 9 -6 -4 -3 -5 -14
right_child=3 2 10 4 7 6 -8 -9 -10 -11 -12 -13 13 -15
leaf_value=0.017017773711444202 0.015308524919763639 -1.3248813363483976 -0.083517863777747003 -0.066565060236134996 0.48094978684675882 0.073544452934584115 -0.52923159775890916 0.012274490096778782 0.10891322289797954 1.1547109736357966 -0.98653831454210517 -0.57428433093760189 0.4805041398712282 0.026163505656686854
leaf_weight=3329 2487 69 1574 446 311 191 280 134 122 154 42 472 515 579
leaf_count=3329 2487 69 1574 446 311 191 280 134 122 154 42 472 515 579
internal_value=-6.78506e-05 -0.103435 -0.255966 0.129614 0.255283 -0.492568 -0.285156 0.476579 0.582369 0.706087 -0.107583 -0.672284 0.151434 0.240288
internal_weight=10705 5957 2628 4748 2261 1012 471 721 587 465 1616 541 1540 1094
internal_count=10705 5957 2628 4748 2261 1012 471 721 587 465 1616 541 1540 1094
is_linear=0
shrinkage=0.05


Tree=25
num_leaves=15
num_cat=0
split_feature=71 84 71 62 57 44 67 54 24 22 84 84 69 84
split_gain=52195.4 43456 31086.8 19057.5 18885.8 18207.8 16844.3 14242.9 20347.8 15325.6 13945.7 11161.9 21698.1 12890.9
threshold=-0.9875000000000006 90.300388000000012 -3.9875000000000003 225.41628950000003 1.0689193591312962 53.031250000000007 -3.191651499999999 1.0000000180025095e-35 282.91039900000004 128.60093064062502 278.81235800000007 42.523274000000008 -1.3059802708333337 97.008338000000023
decision_type=2 2 2 2 2 2 2 2 2 2 2 2 2 2
left_child=1 -1 -3 10 -5 -4 -7 8 9 -8 11 -2 -13 -14
right_child=3 2 5 4 -6 6 7 -9 -10 -11 -12 12 13 -15
leaf_value=0.018267801735965122 0.014537136909378263 -0.62081370898427046 0.71291281830180786 0.18245870944207521 0.83977499128840627 -0.41981722544817146 -0.32621023963576046 0.10352204688534261 0.24721438239512006 -1.203771061438029 -0.55975792634661514 -0.073873502409493239 0.51320834188191322 0.18152096025260081
leaf_weight=2396 3072 536 54 352 158 604 278 496 131 60 86 721 371 1390
leaf_count=2396 3072 536 54 352 158 604 278 496 131 60 86 721 371 1390
internal_value=-7.00423e-05 -0.128342 -0.29098 0.0949404 0.387343 -0.181736 -0.212961 -0.0831883 -0.280448 -0.485082 0.0684358 0.0782619 0.157097 0.251651
internal_weight=10705 4555 2159 6150 510 1623 1569 965 469 338 5640 5554 2482 1761
internal_count=10705 4555 2159 6150 510 1623 1569 965 469 338 5640 5554 2482 1761
is_linear=0
shrinkage=0.05


Tree=26
num_leaves=15
num_cat=0
split_feature=71 84 71 84 69 69 58 24 46 22 43 35 37 31
split_gain=47296.4 36250.1 29936.9 22509.6 17841.4 13347.2 12926.3 12785.8 12293 12275.1 12256.6 12394.8 13292.7 11507
threshold=1.0000000180025095e-35 111.51201250000001 -2.0124999999999988 42.523274000000008 11.840655182291668 -26.462434338541666 -10.845522500000007 299.02505250000007 82.171875000000014 106.50620338020833 78.375000000000014 23.084375000000001 55.125000000000007 18.012500000000003
decision_type=2 2 2 2 2 2 2 2 2 2 2 2 2 2
left_child=1 -1 5 -2 -5 9 -4 10 -8 -3 11 -6 -13 -7
right_child=3 2 6 4 7 13 8 -9 -10 -11 -12 12 -14 -15
leaf_value=0.015706514753736894 0.013816841963642662 -0.080595402206693381 -0.59835659049451351 0.13552243282787604 1.1998634941875934 -0.95355673991143708 0.122865940144331 -0.0038258003912590172 -0.17170996988081449 -1.0696482236771023 0.31380404824200442 0.96314159694106083 0.10172506300242323 -0.30303171191872302
leaf_weight=3329 2487 41 119 1540 106 74 573 134 924 135 302 85 94 762
leaf_count=3329 2487 41 119 1540 106 74 573 134 924 135 302 85 94 762
internal_value=-6.83653e-05 -0.0938895 -0.232673 0.117638 0.23178 -0.445792 -0.0990164 0.436905 -0.0589497 -0.841001 0.53735 0.772306 0.513856 -0.361685
internal_weight=10705 5957 2628 4748 2261 1012 1616 721 1497 176 587 285 179 836
internal_count=10705 5957 2628 4748 2261 1012 1616 721 1497 176 587 285 179 836
is_linear=0
shrinkage=0.05


Tree=27
num_leaves=15
num_cat=0
split_feature=71 84 71 62 63 44 67 54 24 22 8 84 60 40
split_gain=42894.2 35551.2 26397.8 16734.3 16635.3 16320.1 15740.5 14108.1 16361.2 13522.2 13295.9 12681.8 10916.5 10501.3
threshold=-0.93749999999999989 87.746388500000009 -3.9875000000000003 222.07640550000002 23.254554000000009 53.031250000000007 -2.4885673333333322 1.0000000180025095e-35 282.91039900000004 128.60093064062502 256.37658150000004 274.29007000000007 72.692718000000013 87.125000000000014
decision_type=2 2 2 2 2 2 2 2 2 2 2 2 2 2
left_child=1 -1 -3 11 -5 -4 10 8 9 -8 -7 12 -2 -10
right_child=3 2 5 4 -6 6 7 -9 13 -11 -12 -13 -14 -15
leaf_value=0.017366085902385274 0.058806602205441483 -0.56603780728339925 0.66194758214827243 0.23042991967154069 0.9888287707991984 -0.2534560912313234 -0.28899543651960036 0.14227282507509553 0.56429113204624637 -1.1372663306562525 -0.78079758886368045 -0.37335121570972074 0.39905200209487457 -0.38520636426077948
leaf_weight=2394 5195 536 57 435 86 531 275 452 82 56 154 162 246 44
leaf_count=2394 5195 536 57 435 86 531 275 452 82 56 154 162 246 44
internal_value=-6.64149e-05 -0.115774 -0.261457 0.0864921 0.357271 -0.162291 -0.192162 -0.0556434 -0.251277 -0.435503 -0.372977 0.0612542 0.0742604 0.232298
internal_weight=10705 4581 2187 6124 521 1651 1594 909 457 331 685 5603 5441 126
internal_count=10705 4581 2187 6124 521 1651 1594 909 457 331 685 5603 5441 126
is_linear=0
shrinkage=0.05


Tree=28
num_leaves=15
num_cat=0
split_feature=71 84 71 84 84 69 24 67 84 66 31 42 24 58
split_gain=39270.4 30068 24103.6 19650.1 17249.9 15876.8 11537.9 11419 11416.4 15798.3 10732.4 20394.2 15265.6 10047.9
threshold=1.0000000180025095e-35 111.51201250000001 -3.9875000000000003 42.523274000000008 299.97504500000008 11.840655182291668 299.02505250000007 3.3024458124999998 256.81891500000006 2.8572886261265169 21.112500000000004 85.625000000000014 253.43744300000003 4.932154000000005
decision_type=2 2 2 2 2 2 2 2 2 2 2 2 2 2
left_child=1 -1 -3 -2 7 10 8 -4 9 13 -5 12 -12 -7
right_child=3 2 4 5 -6 6 -8 -9 -10 -11 11 -13 -14 -15
leaf_value=0.014256952690861158 0.010187129108864108 -0.5348187906557561 -0.14129618486024417 -0.083559459378688666 -1.0070840318288121 0.49596557233761368 -0.011281180183092753 0.45725077471460207 -0.022159379433966085 0.9928395039307143 0.4932388461075532 0.89953555815766773 0.031692577321000288 -0.34214716175707377
leaf_weight=3329 2487 473 2018 446 55 293 134 82 88 166 233 96 765 40
leaf_count=3329 2487 473 2018 446 55 293 134 82 88 166 233 96 765 40
internal_value=-6.64668e-05 -0.0855573 -0.211954 0.107189 -0.140873 0.213834 0.407334 -0.117718 0.502751 0.59518 0.123036 0.20726 0.139834 0.394568
internal_weight=10705 5957 2628 4748 2155 2261 721 2100 587 499 1540 1094 998 333
internal_count=10705 5957 2628 4748 2155 2261 721 2100 587 499 1540 1094 998 333
is_linear=0
shrinkage=0.05


Tree=29
num_leaves=15
num_cat=0
split_feature=71 84 71 84 68 4 30 24 8 58 71 84 51 84
split_gain=35455.5 27265.3 25393.8 17744.1 14977.6 14250.4 12943.6 11725 18013 10922.2 11728.1 10775.9 10409.4 10046.2
threshold=1.0000000180025095e-35 99.531733000000017 -2.0499999999999985 42.523274000000008 12.541768053189129 263.85986050000002 22.487500000000004 266.90505200000007 205.88845150000003 13.881853499999993 4.012500000000002 278.81235800000007 2.5000000000000004 287.58038500000004
decision_type=2 2 2 2 2 2 2 2 2 2 2 2 2 2
left_child=1 -1 7 -2 9 13 -6 -3 12 11 -11 -5 -9 -4
right_child=3 2 5 4 6 -7 -8 8 -10 10 -12 -13 -14 -15
leaf_value=0.019318710288301212 0.0096779778716528722 -0.51008631819736783 -0.080152252102127702 0.22361441502605253 0.87161853251532762 0.60831071738510922 0.25353449968377423 0.72232676388488881 -0.47149878605077533 -0.24794940815937314 0.6162103772163392 -0.53007717412345268 -0.075492815074757635 -0.70540321630133851
leaf_weight=3161 2487 684 1578 1546 141 72 213 62 218 268 45 48 116 66
leaf_count=3161 2487 684 1578 1546 141 72 213 62 218 268 45 48 116 66
internal_value=-5.72935e-05 -0.0812896 -0.194998 0.101855 0.203197 -0.0753732 0.501482 -0.384823 -0.167719 0.147592 -0.122142 0.2006 0.204882 -0.105667
internal_weight=10705 5957 2796 4748 2261 1716 354 1080 396 1907 313 1594 178 1644
internal_count=10705 5957 2796 4748 2261 1716 354 1080 396 1907 313 1594 178 1644
is_linear=0
shrinkage=0.05


Tree=30
num_leaves=15
num_cat=0
split_feature=67 84 62 47 58 36 68 84 69 58 45 73 70 84
split_gain=32586.1 31075.7 24311.5 21287.9 34117.4 16407.2 13222.8 12937.9 11577.5 11241.6 11080 11047.3 12515.1 10587.4
threshold=-2.4885673333333322 71.13744800000002 168.05712150000002 73.725260416666671 -14.974237 23.375520833333336 13.187913278254884 273.02215500000005 -28.026467833333328 13.447706499999983 60.177083333333336 11.625000000000002 14.093098137153982 260.0556155000001
decision_type=2 2 2 2 2 2 2 2 2 2 2 2 2 2
left_child=1 -1 7 4 -3 -6 9 8 -2 13 -7 12 -5 -4
right_child=2 3 6 11 5 10 -8 -9 -10 -11 -12 -13 -14 -15
leaf_value=0.013141443486714669 -0.73360500534375506 -0.91548016818742917 0.45824402893212302 -0.10755054224650654 1.2957613194272632 0.778676215034944 0.7310882201222213 -0.29822733414361752 0.045908282424330094 -0.11205381862916715 -0.090114851555098671 -0.59972402700223026 -0.49457084337608165 -0.085152426959368699
leaf_weight=1717 47 62 401 467 41 53 151 295 6271 190 114 403 378 115
leaf_count=1717 47 62 401 467 41 53 151 295 6271 190 114 403 378 115
internal_value=-5.11408e-05 -0.132588 0.0573562 -0.297322 0.104915 0.411997 0.307762 0.0248637 0.0399943 0.216314 0.188603 -0.384359 -0.281059 0.337208
internal_weight=10705 3235 7470 1518 270 208 857 6613 6318 706 167 1248 845 516
internal_count=10705 3235 7470 1518 270 208 857 6613 6318 706 167 1248 845 516
is_linear=0
shrinkage=0.05


Tree=31
num_leaves=15
num_cat=0
split_feature=71 84 71 84 71 36 36 84 66 37 22 58 24 8
split_gain=29549.1 22613 18399.6 15430.4 13824 11959.5 15430.5 13029 16469.3 12408.6 11955.3 10696 10157.6 14230
threshold=1.0000000180025095e-35 111.51201250000001 -2.0124999999999988 42.523274000000008 4.9875000000000016 22.514973958333339 21.902864583333336 274.29007000000007 3.2413035768165503 72.625000000000014 125.64656252604168 -10.845522500000007 266.90505200000007 205.88845150000003
decision_type=2 2 2 2 2 2 2 2 2 2 2 2 2 2
left_child=1 -1 12 -2 5 6 10 8 9 -7 -5 -4 -3 -14
right_child=3 2 11 4 -6 7 -8 -9 -10 -11 -12 -13 13 -15
leaf_value=0.012353021479393538 0.0070314812752451166 -0.47105075561906418 -0.53324979044497012 -0.11353988165210467 0.62974160275444757 -0.067852471004670581 -0.4679614325542934 -0.32466130217250727 0.51427240802638829 0.28079507878378912 0.51496050242185587 -0.042597617073012871 0.18864266781896441 -0.43131115311625029
leaf_weight=3329 2487 642 119 191 163 408 159 103 434 679 124 1497 173 197
leaf_count=3329 2487 642 119 191 163 408 159 103 434 679 124 1497 173 197
internal_value=-4.91149e-05 -0.0742073 -0.18382 0.0929883 0.187492 0.152849 -0.0680072 0.217312 0.254203 0.14999 0.134716 -0.079036 -0.3509 -0.141714
internal_weight=10705 5957 2628 4748 2261 2098 474 1624 1521 1087 315 1616 1012 370
internal_count=10705 5957 2628 4748 2261 2098 474 1624 1521 1087 315 1616 1012 370
is_linear=0
shrinkage=0.05


Tree=32
num_leaves=15
num_cat=0
split_feature=84 36 84 69 84 47 60 84 36 25 58 37 84 36
split_gain=27984.6 26367.3 24765.5 25816.1 18560.8 19144.2 15359 17046.4 11219.9 12789.6 9573.55 9449.63 18950 9785.81
threshold=287.58038500000004 22.479947916666671 87.746388500000009 -10.466263937499997 195.32884700000002 77.584635416666671 21.275099999999998 274.29007000000007 18.395963541666671 103.14478863480169 -16.000932500000001 51.875000000000007 91.013866000000021 24.593229166666671
decision_type=2 2 2 2 2 2 2 2 2 2 2 2 2 2
left_child=1 2 -1 4 -4 -6 11 10 -5 -10 -8 12 -3 -14
right_child=-2 6 3 8 5 -7 7 -9 9 -11 -12 -13 13 -15
leaf_value=0.027804065187004595 -0.68282069233623721 0.04124063527228429 -0.73963550218040985 -0.81065862319048709 -0.73432876197099695 0.014929766646936038 0.011965279910369081 -0.21693515200732333 0.0047996367631245283 -0.45238582514866721 0.51712952307364446 0.027529129819733107 0.16824207349369924 0.99154737386494307
leaf_weight=2387 147 330 314 50 124 268 118 131 1169 175 457 4876 56 103
leaf_count=2387 147 330 314 50 124 268 118 131 1169 175 457 4876 56 103
internal_value=-4.8081e-05 0.00952199 -0.0823779 -0.207572 -0.453692 -0.223346 0.0774464 0.296512 -0.0826867 -0.0550218 0.413662 0.0485689 0.25788 0.704442
internal_weight=10705 10558 4487 2100 706 392 6071 706 1394 1344 575 5365 489 159
internal_count=10705 10558 4487 2100 706 392 6071 706 1394 1344 575 5365 489 159
is_linear=0
shrinkage=0.05


Tree=33
num_leaves=15
num_cat=0
split_feature=67 84 62 47 58 36 71 84 35 73 70 69 30 47
split_gain=26229.5 24526.9 19865.2 17123.1 29009 14635 11890 10805 9364.24 9197.92 10260.1 9096.12 8676.66 9620.46
threshold=-2.4885673333333322 71.13744800000002 165.35995600000004 73.725260416666671 -14.974237 23.375520833333336 5.1000000000000005 273.02215500000005 23.925520833333337 11.625000000000002 14.093098137153982 -28.026467833333328 18.962500000000002 75.628906250000014
decision_type=2 2 2 2 2 2 2 2 2 2 2 2 2 2
left_child=1 -1 7 4 -3 -6 12 11 -7 10 -5 -2 -4 -14
right_child=2 3 6 9 5 8 -8 -9 -10 -11 -12 -13 13 -15
leaf_value=0.010504046373494291 -0.65028320401906969 -0.84546761772935364 -0.37823306491066305 -0.092046373796750777 1.2132293885662442 -0.10250585626072445 0.93721944547834868 -0.27672579919052281 0.68188629643670451 -0.53987194234228664 -0.44244984667411869 0.04067001326352887 0.13597445241434816 0.50858755104605169
leaf_weight=1717 47 62 55 467 41 110 62 289 57 403 378 6257 493 267
leaf_count=1717 47 62 55 467 41 110 62 289 57 403 378 6257 493 267
internal_value=-5.42307e-05 -0.118964 0.0514503 -0.265314 0.0954333 0.378598 0.274871 0.0216938 0.167686 -0.343374 -0.249133 0.0354162 0.223397 0.267376
internal_weight=10705 3235 7470 1518 270 208 877 6593 167 1248 845 6304 815 760
internal_count=10705 3235 7470 1518 270 208 877 6593 167 1248 845 6304 815 760
is_linear=0
shrinkage=0.05


Tree=34
num_leaves=15
num_cat=0
split_feature=84 36 84 70 73 60 84 35 47 84 24 84 37 84
split_gain=24909.3 22570 21340.3 21072.8 15590.9 12593.4 16379.3 10225.6 9444.93 8985.04 8596.62 8498.33 8224.2 16430
threshold=292.35207400000007 22.479947916666671 87.746388500000009 15.574567114303109 11.375000000000002 21.275099999999998 274.29007000000007 16.967708333333338 78.365885416666671 197.14300400000005 302.47829650000006 161.42341050000002 51.875000000000007 91.013866000000021
decision_type=2 2 2 2 2 2 2 2 2 2 2 2 2 2
left_child=1 2 -1 4 7 12 10 -4 -5 -10 -7 -9 13 -3
right_child=-2 5 3 8 -6 6 -8 11 9 -11 -12 -13 -14 -15
leaf_value=0.025144957705444566 -0.76272205450343644 0.037517463462356918 -0.80171026739963269 -0.63408127801354841 -0.52120490647245143 0.44894693522958085 -0.20731265966761347 -0.25567042932735157 -0.61028600276970291 0.059691401623016185 -0.20524865330995193 0.047907399621294755 0.024365820120767726 0.65504546088690407
leaf_weight=2387 105 330 42 323 193 520 145 294 81 128 55 1054 4889 159
leaf_count=2387 105 330 42 323 193 520 145 294 81 128 55 1054 4889 159
internal_value=-5.05831e-05 0.00757542 -0.0773278 -0.192936 -0.101305 0.0702597 0.266491 -0.04267 -0.464889 -0.201635 0.386124 -0.0184436 0.0439439 0.239236
internal_weight=10705 10600 4502 2115 1583 6098 720 1390 532 209 575 1348 5378 489
internal_count=10705 10600 4502 2115 1583 6098 720 1390 532 209 575 1348 5378 489
is_linear=0
shrinkage=0.05


Tree=35
num_leaves=15
num_cat=0
split_feature=84 67 62 84 47 58 36 71 30 69 42 31 69 61
split_gain=22502.2 20448.6 20161.9 17357.8 12715.1 26441.6 12474.2 9993.7 9084.85 8358.75 9474.88 9000.47 7388.61 6923.28
threshold=292.35207400000007 -2.6006390416666663 127.13975050000001 71.13744800000002 73.725260416666671 -14.974237 23.375520833333336 5.1000000000000005 18.962500000000002 -13.493025630208331 83.125000000000014 20.812500000000004 -28.026467833333328 157.27560350000002
decision_type=2 2 2 2 2 2 2 2 2 2 2 2 2 2
left_child=1 3 12 -1 5 -5 -7 8 -4 -6 11 13 -3 -11
right_child=-2 2 7 4 9 6 -8 -9 -10 10 -12 -13 -14 -15
leaf_value=0.0087092727739876176 -0.7249457279536522 -0.59824305350581808 -0.29204056951458807 -0.80298621294990424 -0.458871142014105 1.1499149207798083 0.16961239444841661 0.81180981882651782 0.26250558791615836 0.06962030610468771 -0.38846129469493018 -0.21123796985920038 0.024432913251126162 0.82403123868363248
leaf_weight=1708 105 47 80 62 472 40 158 75 856 111 323 245 6382 41
leaf_count=1708 105 47 80 62 472 40 158 75 856 111 323 245 6382 41
internal_value=-6.06618e-05 0.00718751 0.0524458 -0.0993529 -0.226386 0.0901408 0.372437 0.259891 0.214847 -0.295444 -0.187821 -0.0240145 0.0197884 0.277169
internal_weight=10705 10600 7440 3160 1452 260 198 1011 936 1192 720 397 6429 152
internal_count=10705 10600 7440 3160 1452 260 198 1011 936 1192 720 397 6429 152
is_linear=0
shrinkage=0.05


Tree=36
num_leaves=15
num_cat=0
split_feature=30 84 73 84 7 30 69 68 10 84 42 62 37 69
split_gain=20775.8 15195.7 14348 16276.5 14322.2 16561.2 12221.2 10708.4 10260 10070.9 8889.88 11649.5 8493.51 8486.46
threshold=19.762500000000003 87.746388500000009 1.0000000180025095e-35 42.523274000000008 133.50209000000004 21.162500000000005 -13.065936541666668 12.541768053189129 260.98954950000007 299.97504500000008 83.125000000000014 187.91055150000003 54.875000000000007 0.96902710937499925
decision_type=2 2 2 2 2 2 2 2 2 2 2 2 2 2
left_child=1 -1 3 -2 5 -5 -3 8 -7 -4 11 -8 -10 -6
right_child=2 6 9 4 13 7 10 -9 12 -11 -12 -13 -14 -15
leaf_value=0.033495879591598138 0.0017790882508308672 -0.50533114336010099 -0.028170759817866178 0.090253808369115007 -0.11365385417882012 0.54605625868788854 -0.1459695961681258 0.88516394396231868 0.34800113363933743 -0.71565015740968574 -0.35996591288044499 0.44177846815437083 -0.29914922027127455 0.16707860196157442
leaf_weight=708 2481 353 3961 499 435 334 411 126 132 53 323 105 81 703
leaf_count=708 2481 353 3961 499 435 334 411 126 132 53 323 105 81 703
internal_value=-5.83577e-05 -0.149962 0.0323023 0.0907161 0.186195 0.308803 -0.258866 0.470473 0.373509 -0.0374241 -0.15469 -0.0257465 0.101654 0.0597632
internal_weight=10705 1900 8805 4791 2310 1172 1192 673 547 4014 839 516 213 1138
internal_count=10705 1900 8805 4791 2310 1172 1192 673 547 4014 839 516 213 1138
is_linear=0
shrinkage=0.05


Tree=37
num_leaves=15
num_cat=0
split_feature=84 36 84 70 84 47 60 84 25 84 73 36 36 71
split_gain=19350.4 17380.3 16442.1 17243.2 14784 12028.1 10717.7 12700.6 10016.8 8220.5 9174.04 7941.03 7514.83 7210.34
threshold=287.58038500000004 22.479947916666671 87.746388500000009 13.282359788870467 194.41475600000004 78.319010416666671 21.275099999999998 272.35636400000004 103.14478863480169 185.97088250000004 -8.1249999999999982 18.666666666666668 19.207812500000003 1.6374999999999995
decision_type=2 2 2 2 2 2 2 2 2 2 2 2 2 2
left_child=1 2 -1 8 -5 -6 13 9 11 10 -8 -4 -13 -3
right_child=-2 6 3 4 5 -7 7 -9 -10 -11 -12 12 -14 -15
leaf_value=0.023068730300276532 -0.5678093649245598 -0.01217087846842164 -0.59122032685713333 -0.59851184233980159 -0.43333996382470313 0.094342368998668269 0.51431100007067332 -0.15634368841548441 -0.41006506267850373 0.52223066829435993 -0.12272119903346708 0.68860669106971928 -0.0013529771668571644 0.104663877623145
leaf_weight=2387 147 3019 54 346 207 224 93 153 175 319 141 40 1054 2346
leaf_count=2387 147 3019 54 346 207 224 93 153 175 319 141 40 1054 2346
internal_value=-5.38254e-05 0.00790411 -0.0667082 -0.168717 -0.355516 -0.159509 0.063051 0.246048 -0.0588241 0.35746 0.131569 -0.00497096 0.0244799 0.0389285
internal_weight=10705 10558 4487 2100 777 431 6071 706 1323 553 234 1148 1094 5365
internal_count=10705 10558 4487 2100 777 431 6071 706 1323 553 234 1148 1094 5365
is_linear=0
shrinkage=0.05


end of trees

feature_importances:
consumo_alvo_semana_anterior=135
temperatura_externa_c_diferenca_semana_atual=90
correcao_semanal_media_1440m=51
consumo_max_1440m=35
temperatura_externa_c_media_1440m=22
consumo_diferenca_dia_atual=18
correcao_semanal_std_1440m=15
consumo_lag_1440m=14
temperatura_externa_c_lag_720m=14
correcao_semanal_media_360m=13
umidade_relativa_pct_media_1440m=12
umidade_relativa_pct_atual=11
consumo_mean_1440m=9
tendencia_consumo_360m=9
temperatura_externa_c_lag_360m=7
umidade_relativa_pct_media_360m=6
correcao_semanal_media_180m=6
origem_mes=5
umidade_relativa_pct_diferenca_semana_atual=5
temperatura_externa_c_media_360m=4
umidade_relativa_pct_media_60m=4
origem_semana_sin=4
tendencia_consumo_60m=4
consumo_lag_720m=3
consumo_std_1440m=3
umidade_relativa_pct_lag_720m=3
origem_dia_semana=3
correcao_semanal_media_60m=3
correcao_semanal_std_180m=3
correcao_semanal_std_360m=3
temperatura_externa_c_lag_1440m=2
umidade_relativa_pct_lag_1440m=2
umidade_relativa_pct_media_180m=2
consumo_lag_120m=1
consumo_lag_10080m=1
consumo_mean_60m=1
consumo_std_180m=1
temperatura_externa_c_atual=1
temperatura_externa_c_lag_15m=1
temperatura_externa_c_lag_180m=1
umidade_relativa_pct_lag_180m=1
consumo_diferenca_semana_atual=1
consumo_razao_semana_atual=1
tendencia_consumo_180m=1
alvo_hora_cos=1

parameters:
[boosting: gbdt]
[objective: regression]
[metric: l1]
[tree_learner: serial]
[device_type: cpu]
[data_sample_strategy: bagging]
[data: ]
[valid: ]
[num_iterations: 400]
[learning_rate: 0.05]
[num_leaves: 15]
[num_threads: 2]
[seed: 20260905]
[deterministic: 1]
[force_col_wise: 1]
[force_row_wise: 0]
[histogram_pool_size: -1]
[max_depth: -1]
[min_data_in_leaf: 40]
[min_sum_hessian_in_leaf: 0.001]
[bagging_fraction: 1]
[pos_bagging_fraction: 1]
[neg_bagging_fraction: 1]
[bagging_freq: 0]
[bagging_seed: 23218]
[bagging_by_query: 0]
[feature_fraction: 1]
[feature_fraction_bynode: 1]
[feature_fraction_seed: 28090]
[extra_trees: 0]
[extra_seed: 14360]
[early_stopping_round: 0]
[early_stopping_min_delta: 0]
[first_metric_only: 0]
[max_delta_step: 0]
[lambda_l1: 0]
[lambda_l2: 1]
[linear_lambda: 0]
[min_gain_to_split: 0]
[drop_rate: 0.1]
[max_drop: 50]
[skip_drop: 0.5]
[xgboost_dart_mode: 0]
[uniform_drop: 0]
[drop_seed: 16970]
[top_rate: 0.2]
[other_rate: 0.1]
[min_data_per_group: 100]
[max_cat_threshold: 32]
[cat_l2: 10]
[cat_smooth: 10]
[max_cat_to_onehot: 4]
[top_k: 20]
[monotone_constraints: ]
[monotone_constraints_method: basic]
[monotone_penalty: 0]
[feature_contri: ]
[forcedsplits_filename: ]
[refit_decay_rate: 0.9]
[cegb_tradeoff: 1]
[cegb_penalty_split: 0]
[cegb_penalty_feature_lazy: ]
[cegb_penalty_feature_coupled: ]
[path_smooth: 0]
[interaction_constraints: ]
[verbosity: -1]
[saved_feature_importance_type: 0]
[use_quantized_grad: 0]
[num_grad_quant_bins: 4]
[quant_train_renew_leaf: 0]
[stochastic_rounding: 1]
[linear_tree: 0]
[max_bin: 255]
[max_bin_by_feature: ]
[min_data_in_bin: 3]
[bin_construct_sample_cnt: 200000]
[data_random_seed: 5037]
[is_enable_sparse: 1]
[enable_bundle: 1]
[use_missing: 1]
[zero_as_missing: 0]
[feature_pre_filter: 1]
[pre_partition: 0]
[two_round: 0]
[header: 0]
[label_column: ]
[weight_column: ]
[group_column: ]
[ignore_column: ]
[categorical_feature: ]
[forcedbins_filename: ]
[precise_float_parser: 0]
[parser_config_file: ]
[objective_seed: 15411]
[num_class: 1]
[is_unbalance: 0]
[scale_pos_weight: 1]
[sigmoid: 1]
[boost_from_average: 1]
[reg_sqrt: 0]
[alpha: 0.9]
[fair_c: 1]
[poisson_max_delta_step: 0.7]
[tweedie_variance_power: 1.5]
[lambdarank_truncation_level: 30]
[lambdarank_norm: 1]
[label_gain: ]
[lambdarank_position_bias_regularization: 0]
[eval_at: ]
[multi_error_top_k: 1]
[auc_mu_weights: ]
[num_machines: 1]
[local_listen_port: 12400]
[time_out: 120]
[machine_list_filename: ]
[machines: ]
[gpu_platform_id: -1]
[gpu_device_id: -1]
[gpu_device_id_list: ]
[gpu_use_dp: 0]
[num_gpu: 1]

end of parameters

pandas_categorical:[]
