tree
version=v4
num_class=1
num_tree_per_iteration=1
label_index=0
max_feature_idx=84
objective=regression
feature_names=consumo_atual_kw consumo_lag_15m consumo_lag_30m consumo_lag_60m consumo_lag_120m consumo_lag_180m consumo_lag_360m consumo_lag_720m consumo_lag_1440m consumo_lag_10080m consumo_mean_60m consumo_min_60m consumo_max_60m consumo_std_60m consumo_mean_180m consumo_min_180m consumo_max_180m consumo_std_180m consumo_mean_360m consumo_min_360m consumo_max_360m consumo_std_360m consumo_mean_1440m consumo_min_1440m consumo_max_1440m consumo_std_1440m temperatura_externa_c_atual temperatura_externa_c_lag_15m temperatura_externa_c_lag_60m temperatura_externa_c_lag_180m temperatura_externa_c_lag_360m temperatura_externa_c_lag_720m temperatura_externa_c_lag_1440m temperatura_externa_c_media_60m temperatura_externa_c_media_180m temperatura_externa_c_media_360m temperatura_externa_c_media_1440m umidade_relativa_pct_atual umidade_relativa_pct_lag_15m umidade_relativa_pct_lag_60m umidade_relativa_pct_lag_180m umidade_relativa_pct_lag_360m umidade_relativa_pct_lag_720m umidade_relativa_pct_lag_1440m umidade_relativa_pct_media_60m umidade_relativa_pct_media_180m umidade_relativa_pct_media_360m umidade_relativa_pct_media_1440m origem_hora origem_dia_semana origem_fim_de_semana origem_mes origem_hora_sin origem_hora_cos origem_semana_sin origem_semana_cos consumo_diferenca_semana_atual consumo_razao_semana_atual consumo_diferenca_dia_atual tendencia_consumo_15m tendencia_consumo_60m tendencia_consumo_180m tendencia_consumo_360m correcao_semanal_media_60m correcao_semanal_std_60m correcao_semanal_media_180m correcao_semanal_std_180m correcao_semanal_media_360m correcao_semanal_std_360m correcao_semanal_media_1440m correcao_semanal_std_1440m temperatura_externa_c_diferenca_semana_atual temperatura_externa_c_tendencia_1h umidade_relativa_pct_diferenca_semana_atual umidade_relativa_pct_tendencia_1h alvo_hora alvo_dia_semana alvo_fim_de_semana alvo_mes alvo_hora_sin alvo_hora_cos alvo_semana_sin alvo_semana_cos consumo_alvo_dia_anterior consumo_alvo_semana_anterior
feature_infos=[22.399999999999999:324.71375799999998] [22.399999999999999:324.71375799999998] [22.399999999999999:324.71375799999998] [22.399999999999999:324.71375799999998] [22.399999999999999:324.71375799999998] [22.399999999999999:324.71375799999998] [22.399999999999999:324.71375799999998] [22.399999999999999:324.71375799999998] [22.399999999999999:324.71375799999998] [22.399999999999999:324.71375799999998] [22.399999999999999:321.24876725000001] [22.399999999999999:318.278571] [22.399999999999999:324.71375799999998] [0:82.540869055199337] [22.399999999999999:313.28577408333337] [22.399999999999999:302.53573799999998] [22.399999999999999:324.71375799999998] [0:92.970139865692389] [22.399999999999999:295.13563500000004] [22.399999999999999:249.29458700000001] [22.399999999999999:324.71375799999998] [0:116.53386463160022] [23.200000000000003:159.49963871874999] none [25.600000000000001:324.71375799999998] [1.3929144002343703:128.71471884334804] [15:33.700000000000003] [15:33.700000000000003] [15:33.700000000000003] [15:33.700000000000003] [15:33.700000000000003] [15:33.700000000000003] [15:33.700000000000003] [15:33.4375] [15:32.71875] [15.333333333333334:31.620833333333334] [16.439843749999998:27.283072916666669] [31:98] [31:98] [31:98] [31:98] [31:98] [31:98] [31:98] [32.5:95.625] [33.666666666666664:95.083333333333329] [37.041666666666664:94] [59.309895833333336:91.638020833333329] [0:23.75] [0:6] [0:1] [1:4] [-1:1] [-1:1] [-0.97492791218182362:0.97492791218182362] [-0.90096886790241903:1] [-72.635950000000008:77.445233000000002] [0.43630911779503978:2.09406877563422] [-291.363968:296.779246] [-121.30707899999999:153.05878799999999] [-124.27709300000001:153.05878799999999] [-180.63157299999997:268.16051600000003] [-299.363968:299.97924600000005] [-70.384351250000009:75.467424499999993] [0:44.359338508129341] [-67.777903583333341:70.921986416666655] [0:38.631403568061003] [-64.848194500000005:62.415354583333333] [0:37.083675449251288] [-34.945017510416669:27.905951093750001] [0:30.68446053870321] [-12:11.5] [-8:4.8000000000000007] [-49:48] [-30:40] [0:23.75] [0:6] [0:1] [1:4] [-1:1] [-1:1] [-0.97492791218182362:0.97492791218182362] [-0.90096886790241903:1] [22.399999999999999:324.71375799999998] [22.399999999999999:324.71375799999998]
tree_sizes=1425 1431 1440 1422 1431 1419 1435 1424 1432 1429 1428 1442 1439 1436 1438 1433 1444 1447 1429 1443 1433 1448 1438 1440 1444 1444 1444 1443 1454 1445 1448 1453 1449 1451 1444

Tree=0
num_leaves=15
num_cat=0
split_feature=71 84 71 84 71 69 84 84 69 58 7 63 51 69
split_gain=592372 441970 328833 233752 218907 71819.6 70254.2 68870.4 52729.1 40693.7 39764 34723.2 31254.9 29155.2
threshold=-1.0000000180025095e-35 102.78047100000002 -2.7999999999999985 42.523274000000008 2.212499999999999 -14.779579244791664 282.33339050000006 290.2148160000001 -0.18351217708333298 -11.200341999999997 128.33493900000005 23.853794374999996 3.5000000000000004 11.840655182291668
decision_type=2 2 2 2 2 2 2 2 2 2 2 2 2 2
left_child=1 -1 5 -2 6 -3 8 9 12 -4 -7 13 -5 -6
right_child=3 2 7 4 11 10 -8 -9 -10 -11 -12 -13 -14 -15
leaf_value=-1.0292251200458888 -1.0259624299367058 -3.2926211231329043 -2.3177742584481118 -0.72826512830229095 -0.24794529826769562 -2.6299562304455124 -2.6045861178134162 -2.9934237721269135 -0.41088712045266051 -1.3770842373374048 -1.6449649848140724 0.88349110494460703 -1.4349419442014382 0.36619647361421848
leaf_weight=2930 2710 343 124 404 356 362 47 75 890 1456 145 171 254 438
leaf_count=2930 2710 343 124 404 356 362 47 75 890 1456 145 171 254 438
internal_value=-1.07994 -1.44616 -1.93365 -0.702257 -0.35974 -2.73248 -0.719761 -1.52263 -0.661587 -1.45165 -2.34992 0.234331 -1.00118 0.0922311
internal_weight=10705 5435 2505 5270 2560 850 1595 1655 1548 1580 507 965 658 794
internal_count=10705 5435 2505 5270 2560 850 1595 1655 1548 1580 507 965 658 794
is_linear=0
shrinkage=1


Tree=1
num_leaves=15
num_cat=0
split_feature=71 84 71 84 71 69 84 84 83 69 58 63 51 65
split_gain=534772 399023 298001 211005 197671 71562.3 63515.2 60250.9 51733.7 47594.5 35619.2 31373.8 28217.1 27239.5
threshold=-1.0000000180025095e-35 102.78047100000002 -2.5124999999999988 42.523274000000008 2.212499999999999 -26.30091713020833 282.33339050000006 292.35207400000007 257.68170650000008 -0.18351217708333298 -10.845522500000007 23.853794374999996 3.5000000000000004 4.2706661666666674
decision_type=2 2 2 2 2 2 2 2 2 2 2 2 2 2
left_child=1 -1 5 -2 6 -3 9 10 -7 12 -4 -6 -5 -12
right_child=3 2 7 4 11 8 -8 -9 -10 -11 13 -13 -14 -15
leaf_value=0.048179512390633651 0.051279201383566078 -2.3462030018345592 -1.1660340761393309 0.33413405174274508 1.1137053396938217 -1.4257166175328895 -1.4500024912257992 -2.0237026604739103 0.024464228398342065 0.63563728927886576 -0.30593274449220587 1.8658297703709714 -0.3373219355305328 1.0025660518465973
leaf_weight=2930 2710 208 119 404 794 639 47 54 68 890 1377 171 254 40
leaf_count=2930 2710 208 119 404 794 639 47 54 68 890 1377 171 254 40
internal_value=-2.00305e-05 -0.347978 -0.811183 0.358831 0.684256 -1.52961 0.342143 -0.397045 -1.2864 0.397456 -0.338578 1.24878 0.0748212 -0.268315
internal_weight=10705 5435 2505 5270 2560 915 1595 1590 707 1548 1536 965 658 1417
internal_count=10705 5435 2505 5270 2560 915 1595 1590 707 1548 1536 965 658 1417
is_linear=0
shrinkage=0.05


Tree=2
num_leaves=15
num_cat=0
split_feature=71 84 71 84 71 24 84 84 80 31 42 58 69 69
split_gain=482744 360239 267677 190458 178473 66207.8 59054.5 54366.5 40317.4 35237.4 33722.6 32914.9 30931.4 30079.2
threshold=-1.0000000180025095e-35 103.37176100000001 -2.5124999999999988 42.523274000000008 2.212499999999999 264.18653100000006 263.70710200000008 292.35207400000007 -0.3520614488341256 21.112500000000004 68.875000000000014 -8.4936504999999993 -26.462434338541666 11.840655182291668
decision_type=2 2 2 2 2 2 2 2 2 2 2 2 2 2
left_child=1 -1 5 -2 6 12 9 11 -7 -5 -11 -4 -3 -6
right_child=3 2 7 4 13 8 -8 -9 -10 10 -12 -13 -14 -15
leaf_value=0.044524674156592003 0.048716184805785982 -2.3130744498116633 -1.0351834884508937 -0.0086123064375386582 0.87139008573479004 -0.085666417852044111 -0.32501457801497563 -1.9243572035702792 -1.3047058151167308 0.30229911631885065 0.88196721070875916 -0.247823858153735 -1.5162288760199851 1.4376536910255344
leaf_weight=2939 2710 174 146 300 430 114 286 54 167 477 532 1385 456 535
leaf_count=2939 2710 174 146 300 430 114 286 54 167 477 532 1385 456 535
internal_value=-3.76134e-05 -0.330636 -0.772224 0.34091 0.650085 -1.45477 0.32501 -0.379253 -0.812206 0.467172 0.608502 -0.323535 -1.73963 1.18649
internal_weight=10705 5435 2496 5270 2560 911 1595 1585 281 1309 1009 1531 630 965
internal_count=10705 5435 2496 5270 2560 911 1595 1585 281 1309 1009 1531 630 965
is_linear=0
shrinkage=0.05


Tree=3
num_leaves=15
num_cat=0
split_feature=71 84 71 84 71 24 84 84 8 69 56 24 65 69
split_gain=435823 325361 243722 171925 161108 71827.4 55302 45396.1 44234.5 40732.7 28749.1 26073.2 25438.5 24356.1
threshold=-1.0000000180025095e-35 102.78047100000002 -2.1374999999999988 42.523274000000008 2.212499999999999 257.54432450000007 283.32550850000001 282.33339050000006 200.46031700000003 -0.18351217708333298 23.29674 281.72766850000005 4.2706661666666674 -26.462434338541666
decision_type=2 2 2 2 2 2 2 2 2 2 2 2 2 2
left_child=1 -1 5 -2 6 13 9 12 -7 11 -6 -5 -4 -3
right_child=3 2 7 4 10 8 -8 -9 -10 -11 -12 -13 -14 -15
leaf_value=0.043545885046506166 0.046281273923031038 -2.1980816993713379 -0.28660860364173346 -0.14110326949390584 0.98568228435480421 -0.46845698200778429 -1.4608187165371209 -1.4027576465528091 -1.4828262727836083 0.57779469473581535 1.6647054027915003 0.54914943931788363 0.97825006507337098 -1.4734989498589441
leaf_weight=2930 2710 174 1347 469 766 285 42 90 173 892 199 192 40 396
leaf_count=2930 2710 174 1347 469 766 285 42 90 173 892 199 192 40 396
internal_value=-5.98974e-05 -0.314182 -0.732452 0.323895 0.617642 -1.32326 0.308786 -0.32063 -0.85401 0.357553 1.12729 0.0599204 -0.249453 -1.69815
internal_weight=10705 5435 2505 5270 2560 1028 1595 1477 458 1553 965 661 1387 570
internal_count=10705 5435 2505 5270 2560 1028 1595 1477 458 1553 965 661 1387 570
is_linear=0
shrinkage=0.05


Tree=4
num_leaves=15
num_cat=0
split_feature=71 84 71 84 69 24 84 8 71 70 22 36 69 24
split_gain=394837 284174 247189 191089 108103 66041.7 57017.8 47878.8 39931.2 37417.9 33040.5 26740.5 26236.1 25612.5
threshold=1.0000000180025095e-35 104.01284850000002 -2.1374999999999988 42.523274000000008 11.840655182291668 264.18653100000006 292.35207400000007 200.46031700000003 3.4000000000000008 8.1032710679429751 148.13106922916668 25.97291666666667 -26.462434338541666 283.21306650000002
decision_type=2 2 2 2 2 2 2 2 2 2 2 2 2 2
left_child=1 -1 5 -2 8 12 -4 -7 9 -5 -6 -12 -3 -11
right_child=3 2 6 4 10 7 -8 -9 -10 13 11 -13 -14 -15
leaf_value=0.05179607340595508 0.043966964508145287 -2.0888056231907437 -0.22782645161339157 0.54957571399860983 1.4449376907092242 -0.20811518610102461 -1.8093270099769203 -1.3717423980052654 1.155016467846625 -0.21851217842323112 0.19394272493739284 1.1903770076930522 -1.3619819514698195 0.58568224454408191
leaf_weight=3178 2538 174 1701 820 450 205 58 155 170 363 123 149 486 135
leaf_count=3178 2538 174 1701 820 450 205 58 155 170 363 123 149 486 135
internal_value=-7.59045e-05 -0.271155 -0.64036 0.340014 0.679826 -1.25925 -0.280972 -0.711533 0.435745 0.342165 1.18157 0.742145 -1.55647 0.000229163
internal_weight=10705 5957 2779 4748 2210 1020 1759 360 1488 1318 722 272 660 498
internal_count=10705 5957 2779 4748 2210 1020 1759 360 1488 1318 722 272 660 498
is_linear=0
shrinkage=0.05


Tree=5
num_leaves=15
num_cat=0
split_feature=71 84 71 84 71 83 84 69 84 24 70 36 73 56
split_gain=356997 265825 203352 140957 130968 57491.2 48992.8 41240.6 39765 30239.4 31888.5 30158.8 29885.2 25424.8
threshold=-1.0000000180025095e-35 101.20536200000002 -2.3625000000000003 42.523274000000008 2.212499999999999 256.80026200000003 263.70710200000008 -13.746666145833332 275.36804450000005 281.72766850000005 7.8207851708806606 20.906380208333335 -8.8749999999999982 23.29674
decision_type=2 2 2 2 2 2 2 2 2 2 2 2 2 2
left_child=1 -1 5 -2 6 7 9 -3 -4 10 11 -5 -13 -6
right_child=3 2 8 4 13 -7 -8 -9 -10 -11 -12 12 -14 -15
leaf_value=0.04124573760251464 0.041745691005262847 -1.721358225923596 -0.20824802488570426 -0.23832021053059133 0.88556724022576072 0.037385540774890355 -0.31141079993146226 -1.034220894751176 -0.99742276322775791 0.7491977316008448 -0.20080322166904807 -0.12411436839300452 0.84255832483778237 1.5237004918158057
leaf_weight=2911 2710 395 1361 126 766 83 286 505 180 437 279 102 365 199
leaf_count=2911 2710 395 1361 126 766 83 286 505 180 437 279 102 365 199
internal_value=-8.17805e-05 -0.284381 -0.659802 0.293117 0.559096 -1.22138 0.280623 -1.33737 -0.301016 0.410114 0.23952 0.446677 0.631608 1.0186
internal_weight=10705 5435 2524 5270 2560 983 1595 900 1541 1309 872 593 467 965
internal_count=10705 5435 2524 5270 2560 983 1595 900 1541 1309 872 593 467 965
is_linear=0
shrinkage=0.05


Tree=6
num_leaves=15
num_cat=0
split_feature=71 84 71 84 71 84 24 69 84 51 58 16 69 25
split_gain=324142 273316 135503 96986 158930 62804.2 43037 37855.9 33724.8 32262.5 29217.1 26574.2 24289.9 32352.8
threshold=-0.93749999999999989 101.20536200000002 -2.7999999999999985 42.523274000000008 2.212499999999999 272.69961450000005 264.18653100000006 -1.3059802708333337 287.58038500000004 3.5000000000000004 -8.8124470000000041 124.43980800000001 11.840655182291668 103.83785543165358
decision_type=2 2 2 2 2 2 2 2 2 2 2 2 2 2
left_child=1 -1 6 -2 5 7 -3 9 10 -5 -4 -8 13 -6
right_child=3 2 8 4 12 -7 11 -9 -10 -11 -12 -13 -14 -15
leaf_value=0.036258785765606108 0.03969922150704424 -1.4444452958778153 -1.0541140048771866 0.26364504389243215 0.97775490028607492 -0.63056072047310019 0.021118513122200967 0.45881501075258085 -1.5699362011279092 -0.42609844698607652 -0.25606526523185585 -1.0537938653276517 1.1932326508178583 0.043411559978609578
leaf_weight=2487 3075 614 128 436 295 208 91 1164 58 276 1048 155 535 135
leaf_count=2487 3075 614 128 436 295 208 91 1164 58 276 1048 155 535 135
internal_value=-8.10296e-05 -0.318156 -0.738903 0.237865 0.437642 0.191806 -1.22042 0.283273 -0.402607 -0.00395005 -0.34375 -0.657688 0.967797 0.685196
internal_weight=10705 4581 2094 6124 3049 2084 860 1876 1234 712 1176 246 965 430
internal_count=10705 4581 2094 6124 3049 2084 860 1876 1234 712 1176 246 965 430
is_linear=0
shrinkage=0.05


Tree=7
num_leaves=15
num_cat=0
split_feature=71 84 71 84 69 24 84 8 84 22 63 70 36 24
split_gain=294173 212919 181585 142621 83320.4 49622.4 46544.3 32444.9 32139.4 28282.4 25846.5 26292.3 31838.3 26159.1
threshold=1.0000000180025095e-35 105.889583 -2.1374999999999988 42.523274000000008 11.840655182291668 257.54432450000007 295.90254450000003 201.30429100000001 272.35636400000004 148.13106922916668 18.554911875000009 8.0129088345045254 24.593229166666671 283.21306650000002
decision_type=2 2 2 2 2 2 2 2 2 2 2 2 2 2
left_child=1 -1 5 -2 8 -3 -4 -7 10 -6 11 12 -5 -13
right_child=3 2 6 4 9 7 -8 -9 -10 -11 -12 13 -14 -15
leaf_value=0.043493466247455217 0.037698840813263051 -1.4024235664765958 -0.20336354206382423 0.45574612531805986 1.2710382187247542 -0.36412971291347601 -1.7668213581552312 -1.2444777728014049 -0.44273493825125376 0.62144397267655582 1.104765168464545 -0.16049497948699695 1.7265115198099388 0.70729507955386206
leaf_weight=3199 2538 562 1700 742 450 281 48 167 111 272 131 336 52 116
leaf_count=3199 2538 562 1700 742 450 281 48 167 111 272 131 336 52 116
internal_value=-9.28608e-05 -0.234078 -0.555932 0.29346 0.587031 -1.08934 -0.247282 -0.694336 0.372756 1.02751 0.438766 0.367916 0.541037 0.0632819
internal_weight=10705 5957 2758 4748 2210 1010 1748 448 1488 722 1377 1246 794 452
internal_count=10705 5957 2758 4748 2210 1010 1748 448 1488 722 1377 1246 794 452
is_linear=0
shrinkage=0.05


Tree=8
num_leaves=15
num_cat=0
split_feature=71 84 71 84 71 84 69 69 24 57 22 69 84 58
split_gain=267017 225067 109099 79387 131251 52252.2 38459.6 32674.7 31384.5 38336 30772.7 28979.8 28026.6 25766.5
threshold=-0.9875000000000006 101.20536200000002 -2.7999999999999985 42.523274000000008 1.9500000000000013 284.32638350000008 -14.779579244791664 11.840655182291668 281.72766850000005 0.96993317078688457 136.98705236979171 -1.0046598958333335 287.58038500000004 -11.200341999999997
decision_type=2 2 2 2 2 2 2 2 2 2 2 2 2 2
left_child=1 -1 6 -2 5 8 -3 10 11 -10 -6 -5 13 -4
right_child=3 2 12 4 7 -7 -8 -9 9 -11 -12 -13 -14 -15
leaf_value=0.032302297272914442 0.035780812019393558 -1.5124867901678387 -1.0507726301059679 -0.21015687660738044 0.7721025807126648 -1.294047676171026 -0.8271700084137108 1.0647507441395927 0.14551532546928311 0.99780349549384129 -0.016966643402437597 0.2690195819984797 -1.4329076892238553 -0.23938919678537007
leaf_weight=2473 3086 346 107 590 419 61 514 600 318 225 175 676 58 1057
leaf_count=2473 3086 346 107 590 419 61 514 600 318 225 175 676 58 1057
internal_value=-8.64254e-05 -0.290213 -0.673127 0.214808 0.39505 0.133413 -1.10433 0.804362 0.182236 0.499858 0.539995 0.0457171 -0.36901 -0.314813
internal_weight=10705 4555 2082 6150 3064 1870 860 1194 1809 543 594 1266 1222 1164
internal_count=10705 4555 2082 6150 3064 1870 860 1194 1809 543 594 1266 1222 1164
is_linear=0
shrinkage=0.05


Tree=9
num_leaves=15
num_cat=0
split_feature=71 84 71 84 71 84 83 36 69 58 73 7 31 47
split_gain=241058 202471 99560.6 72309.4 117663 50048 35268.7 31255 28804.4 26099.3 34191.5 22706.6 26604 21739.6
threshold=-0.93749999999999989 101.20536200000002 -2.8499999999999992 42.523274000000008 2.212499999999999 270.38757000000004 256.80026200000003 20.844531250000003 -14.046401536458331 -1.7172850000000037 1.3750000000000002 246.88197200000005 21.012500000000003 81.669270833333357
decision_type=2 2 2 2 2 2 2 2 2 2 2 2 2 2
left_child=1 -1 6 -2 5 7 8 -5 13 10 -4 12 -9 -3
right_child=3 2 9 4 -6 -7 -8 11 -10 -11 -12 -13 -14 -15
leaf_value=0.030647881839340526 0.033991538064726309 -1.7617091871541122 0.32709392291658068 -0.26220118094136147 0.83376323085270565 -0.47332132632394192 0.19044442287197821 0.03188498588974896 -0.86073159920758224 -0.24189790252807178 -1.1409478367381805 0.025704353888692896 0.59195616518562388 -0.93612308964248792
leaf_weight=2487 3075 231 50 247 965 266 53 280 434 1014 184 417 874 128
leaf_count=2487 3075 231 50 247 965 266 53 280 434 1014 184 417 874 128
internal_value=-9.7361e-05 -0.274395 -0.63653 0.2051 0.377599 0.166073 -1.05503 0.259835 -1.13841 -0.352218 -0.827207 0.342027 0.456209 -1.47077
internal_weight=10705 4581 2094 6124 3049 2084 846 1818 793 1248 234 1571 1154 359
internal_count=10705 4581 2094 6124 3049 2084 846 1818 793 1248 234 1571 1154 359
is_linear=0
shrinkage=0.05


Tree=10
num_leaves=15
num_cat=0
split_feature=71 84 71 84 69 24 84 20 71 70 22 36 36 73
split_gain=218619 159881 133472 106128 63628.3 39356 38242.3 33535.9 25187.3 25850.1 24194.7 20937.8 19351 22687
threshold=1.0000000180025095e-35 105.889583 -2.1374999999999988 42.523274000000008 11.840655182291668 264.18653100000006 275.36804450000005 196.34908100000004 3.4000000000000008 8.0129088345045254 148.13106922916668 25.97291666666667 20.906380208333335 -7.1249999999999991
decision_type=2 2 2 2 2 2 2 2 2 2 2 2 2 2
left_child=1 -1 5 -2 8 -3 -4 -7 9 12 -6 -12 -5 -14
right_child=3 2 6 4 10 7 -8 -9 -10 -11 11 -13 13 -15
leaf_value=0.038707323170703606 0.032327398818606891 -1.1673324474551725 -0.13105011704982647 -0.27470266262217508 1.1162375201374093 0.063281881916117944 -0.85957939904548375 -0.92196464175403414 0.89014155368228054 -0.025365004274930998 0.032128827069555561 0.91247125305235388 0.09214018500658655 0.70536712655040179
leaf_weight=3199 2538 656 1545 87 450 148 203 206 170 530 123 149 220 481
leaf_count=3199 2538 656 1545 87 450 148 203 206 170 530 123 149 220 481
internal_value=-0.00010936 -0.201821 -0.480722 0.252954 0.506196 -0.938037 -0.216099 -0.511036 0.318953 0.244661 0.891117 0.515951 0.426079 0.513319
internal_weight=10705 5957 2758 4748 2210 1010 1748 354 1488 1318 722 272 788 701
internal_count=10705 5957 2758 4748 2210 1010 1748 354 1488 1318 722 272 788 701
is_linear=0
shrinkage=0.05


Tree=11
num_leaves=15
num_cat=0
split_feature=71 84 71 84 71 84 24 58 24 57 69 22 70 73
split_gain=198563 166637 81328 59193.2 95999.1 43111.8 27256.6 27666.4 26818.8 32412.2 25890.6 26358.2 24172.2 23810.1
threshold=-0.9875000000000006 101.20536200000002 -3.5624999999999996 42.523274000000008 1.9500000000000013 284.32638350000008 243.11060200000003 -1.7172850000000037 281.72766850000005 0.96993317078688457 11.840655182291668 136.98705236979171 7.6163749287518039 3.8750000000000004
decision_type=2 2 2 2 2 2 2 2 2 2 2 2 2 2
left_child=1 -1 -3 -2 5 8 -4 13 12 -10 11 -6 -5 -8
right_child=3 2 6 4 10 -7 7 -9 9 -11 -12 -13 -14 -15
leaf_value=0.027221476695016206 0.030621447511425211 -1.1107481852660317 -0.83466862088276272 0.23344153887578858 0.67048309188757449 -1.1795151942800131 0.033368289248122796 -0.16732443843449962 0.12924698398705445 0.91290371998880815 0.92264981852990025 -0.059565640271598989 -0.20521265466917546 -0.99770854907637507
leaf_weight=2473 3086 535 287 694 419 61 76 973 318 225 600 175 572 211
leaf_count=2473 3086 535 287 694 419 61 76 973 318 225 600 175 572 211
internal_value=-0.000101542 -0.250289 -0.579772 0.185211 0.340849 0.117088 -0.395545 -0.29494 0.161437 0.455048 0.690905 0.455663 0.0352447 -0.725503
internal_weight=10705 4555 2082 6150 3064 1870 1547 1260 1809 543 1194 594 1266 287
internal_count=10705 4555 2082 6150 3064 1870 1547 1260 1809 543 1194 594 1266 287
is_linear=0
shrinkage=0.05


Tree=12
num_leaves=15
num_cat=0
split_feature=71 84 71 84 71 84 24 58 69 22 36 73 84 69
split_gain=179285 149891 74023.5 53928.6 85891.3 40545 23613.7 24785.7 23368.9 23794.9 22605 21684.8 20077.4 19928.1
threshold=-0.93749999999999989 101.20536200000002 -3.5624999999999996 42.523274000000008 1.9500000000000013 264.02500350000008 243.11060200000003 -1.7172850000000037 11.840655182291668 136.98705236979171 20.938671875000004 3.8750000000000004 292.35207400000007 -26.462434338541666
decision_type=2 2 2 2 2 2 2 2 2 2 2 2 2 2
left_child=1 -1 13 -2 5 10 -4 11 9 -6 -5 -8 -7 -3
right_child=3 2 6 4 8 12 7 -9 -10 -11 -12 -13 -14 -15
leaf_value=0.025802964288921027 0.029090404224682537 -1.4944160671396691 -0.77931546226226767 -0.21031230608819099 0.63703875984730463 -0.22199781259283935 0.03122205125848548 -0.15984887400918302 0.87659408838244879 -0.056604278585026896 0.3143405647932247 -0.94805841602490482 -1.3623816578225656 -0.83831380504258302
leaf_weight=2487 3075 175 291 245 419 320 77 980 600 175 1247 211 43 360
leaf_count=2487 3075 175 291 245 419 320 77 980 600 175 1247 211 43 360
internal_value=-0.000103913 -0.23666 -0.548245 0.176859 0.32583 0.112799 -0.37367 -0.280035 0.656424 0.432931 0.228105 -0.687035 -0.360456 -1.05531
internal_weight=10705 4581 2094 6124 3049 1855 1559 1268 1194 594 1492 288 363 535
internal_count=10705 4581 2094 6124 3049 1855 1559 1268 1194 594 1492 288 363 535
is_linear=0
shrinkage=0.05


Tree=13
num_leaves=15
num_cat=0
split_feature=71 84 71 84 69 83 84 69 71 70 22 45 36 51
split_gain=162461 120138 99938.9 78962.7 46443.2 33326.3 31932.1 25607.7 21096.6 21397.3 20718.7 19827.1 17646.2 17487.2
threshold=1.0000000180025095e-35 105.889583 -2.1374999999999988 42.523274000000008 11.840655182291668 256.80026200000003 295.90254450000003 -13.746666145833332 3.4000000000000008 8.0129088345045254 148.13106922916668 82.989583333333357 26.109635416666674 1.5000000000000002
decision_type=2 2 2 2 2 2 2 2 2 2 2 2 2 2
left_child=1 -1 5 -2 8 7 11 -3 9 -5 -6 -4 -12 -10
right_child=3 2 6 4 10 -7 -8 -9 13 -11 12 -13 -14 -15
leaf_value=0.034497356486455827 0.027727246974668621 -1.2014182904837145 0.055634568526824836 0.37357873008391707 0.9735509257226721 0.11130508604149024 -1.4453541862721346 -0.66690832363538122 -0.045864266308996343 -0.037123608058090493 0.014980229887649091 -0.29179426499414446 0.81907490248227655 1.1013963810035161
leaf_weight=3199 2538 401 692 788 450 89 48 520 45 530 136 1008 136 125
leaf_count=3199 2538 401 692 788 450 89 48 520 45 530 136 1008 136 125
internal_value=-0.000118133 -0.174003 -0.415767 0.218034 0.436474 -0.811486 -0.186786 -0.900683 0.276499 0.208522 0.765335 -0.150421 0.418555 0.799217
internal_weight=10705 5957 2758 4748 2210 1010 1748 921 1488 1318 722 1700 272 170
internal_count=10705 5957 2758 4748 2210 1010 1748 921 1488 1318 722 1700 272 170
is_linear=0
shrinkage=0.05


Tree=14
num_leaves=15
num_cat=0
split_feature=71 84 71 84 71 84 69 51 24 25 81 51 47 56
split_gain=147509 123281 61947.4 44089.9 70232.2 35467.7 25892.5 23617.7 21720.3 36750.2 29277.9 33252.6 24831.5 19481.2
threshold=-0.9875000000000006 99.767267000000018 -3.5624999999999996 42.523274000000008 2.212499999999999 285.86399050000006 -0.22629248437500016 3.5000000000000004 278.11863750000003 109.2624300420939 1.0000000180025095e-35 1.5000000000000002 75.173177083333357 23.29674
decision_type=2 2 2 2 2 2 2 2 2 2 2 2 2 2
left_child=1 -1 -3 -2 5 6 7 -5 10 12 11 -4 -10 -6
right_child=3 2 8 4 13 -7 -8 -9 9 -11 -12 -13 -14 -15
leaf_value=0.024000191321451363 0.026191402763697875 -0.96052558305240532 -0.068182127131865583 0.18076277291568529 0.53100074132167674 -1.0988935329412159 0.33043370153315088 -0.3279616474986754 0.84778528380191942 -0.75865115222131085 -0.23997686054907308 -1.0119528523632559 -0.10897378697351089 1.0874595398455857
leaf_weight=2463 3086 537 129 559 766 56 1100 384 117 116 696 338 159 199
leaf_count=2463 3086 537 129 559 766 56 1100 384 117 116 696 338 159 199
internal_value=-0.000113054 -0.215752 -0.497899 0.159609 0.293932 0.131492 0.165738 -0.0265234 -0.337621 -0.0156726 -0.446031 -0.751957 0.298205 0.646759
internal_weight=10705 4555 2092 6150 3064 2099 2043 943 1555 392 1163 467 276 965
internal_count=10705 4555 2092 6150 3064 2099 2043 943 1555 392 1163 467 276 965
is_linear=0
shrinkage=0.05


Tree=15
num_leaves=15
num_cat=0
split_feature=71 84 71 84 69 83 84 69 84 22 31 7 45 47
split_gain=133486 99239.5 81340.8 64950.3 39525.2 28579 27222.2 22550.2 18551.7 18283 18141.3 28495.7 17041.8 16300.1
threshold=1.0000000180025095e-35 105.889583 -2.1374999999999988 42.523274000000008 11.840655182291668 256.80026200000003 295.90254450000003 -13.746666145833332 272.35636400000004 148.13106922916668 21.112500000000004 182.71639700000003 82.906250000000014 74.417968750000014
decision_type=2 2 2 2 2 2 2 2 2 2 2 2 2 2
left_child=1 -1 5 -2 8 7 12 -3 10 -6 -5 13 -4 -12
right_child=3 2 6 4 9 -7 -8 -9 -10 -11 11 -13 -14 -15
leaf_value=0.031767386792987962 0.025032375799290258 -1.0991985239683932 0.056777319695033572 -0.038279398389975169 0.89467946736683079 0.11990459172676007 -1.3329306790263069 -0.59781793042902986 -0.37125588012692923 0.3734849870150343 0.89819934823038716 0.10004488319806255 -0.26631233667369708 0.37647069725943244
leaf_weight=3199 2538 401 679 310 450 89 48 520 111 272 283 462 1021 322
leaf_count=3199 2538 401 679 310 450 89 48 520 111 272 283 462 1021 322
internal_value=-0.000114628 -0.157732 -0.377465 0.19763 0.395742 -0.73447 -0.170884 -0.817073 0.248169 0.699117 0.298334 0.396076 -0.137309 0.621598
internal_weight=10705 5957 2758 4748 2210 1010 1748 921 1488 722 1377 1067 1700 605
internal_count=10705 5957 2758 4748 2210 1010 1748 921 1488 722 1377 1067 1700 605
is_linear=0
shrinkage=0.05


Tree=16
num_leaves=15
num_cat=0
split_feature=71 84 71 84 71 84 24 24 81 51 30 24 31 47
split_gain=121370 100926 51587.6 36382.8 57908.6 31121 21260.8 34513.7 27501.6 29836.3 21005.2 20421.8 21637.7 26317.8
threshold=-0.9875000000000006 99.767267000000018 -3.7624999999999988 42.523274000000008 1.9000000000000006 263.70710200000008 278.11863750000003 288.22990800000008 1.0000000180025095e-35 1.5000000000000002 22.012500000000003 281.72766850000005 25.137500000000003 70.903645833333357
decision_type=2 2 2 2 2 2 2 2 2 2 2 2 2 2
left_child=1 -1 -3 -2 5 11 8 -8 9 -4 -9 -5 13 -13
right_child=3 2 6 4 -6 -7 7 10 -10 -11 -12 12 -14 -15
leaf_value=0.021212944687214113 0.023571264876549324 -0.8977698889474276 -0.049865373918929923 0.073369163982071564 0.53644228627420687 -0.31686519198256968 0.48246645123707421 -0.92275269119017711 -0.21760286971512116 -0.93490255718770099 0.093473034822576073 1.5948189198970795 0.1542739043004468 0.41539981862270214
leaf_weight=2463 3086 493 129 1045 1206 372 193 108 710 364 95 75 238 128
leaf_count=2463 3086 493 129 1045 1206 372 193 108 710 364 95 75 238 128
internal_value=-0.000112769 -0.195715 -0.451 0.144768 0.266787 0.0915641 -0.312779 0.00501728 -0.417307 -0.703891 -0.449052 0.193953 0.478878 0.856828
internal_weight=10705 4555 2092 6150 3064 1858 1599 396 1203 493 203 1486 441 203
internal_count=10705 4555 2092 6150 3064 1858 1599 396 1203 493 203 1486 441 203
is_linear=0
shrinkage=0.05


Tree=17
num_leaves=15
num_cat=0
split_feature=71 84 71 84 84 69 51 63 84 24 25 81 51 47
split_gain=109577 90736.9 46945.4 34723 48855.5 51339.3 25405.2 24496.3 19250.4 18918 31776 24246.3 26217.6 23127.2
threshold=-0.93749999999999989 99.767267000000018 -3.7624999999999988 275.02512300000006 42.523274000000008 -0.12570920833333388 3.5000000000000004 25.331338125000006 96.401743500000009 278.11863750000003 109.2624300420939 1.0000000180025095e-35 1.5000000000000002 75.173177083333357
decision_type=2 2 2 2 2 2 2 2 2 2 2 2 2 2
left_child=1 -1 -3 4 -2 6 -6 8 -7 11 13 12 -4 -11
right_child=3 2 9 -5 5 7 -8 -9 -10 10 -12 -13 -14 -15
leaf_value=0.02006439697672148 0.022394024736220104 -0.85297226079302257 -0.047391283189734942 -0.49681176636368041 0.20947974980746709 0.77974780158756285 -0.32368331880026152 1.0269694636570526 0.32838559798637651 0.81949678432196382 -0.68349185854322836 -0.20687117771075469 -0.875855089867422 -0.098215219226914535
leaf_weight=2477 3075 493 129 207 599 283 355 173 1432 119 117 718 368 160
leaf_count=2477 3075 493 129 207 599 283 355 173 1432 119 117 718 368 160
internal_value=-0.000106873 -0.185043 -0.426406 0.13824 0.160537 0.309945 0.0109493 0.460941 0.403278 -0.29542 0.00472273 -0.393168 -0.661348 0.294739
internal_weight=10705 4581 2104 6124 5917 2842 954 1888 1715 1611 396 1215 497 279
internal_count=10705 4581 2104 6124 5917 2842 954 1888 1715 1611 396 1215 497 279
is_linear=0
shrinkage=0.05


Tree=18
num_leaves=15
num_cat=0
split_feature=71 84 71 84 69 69 84 31 24 30 84 22 21 81
split_gain=99618.2 74640.5 59612 48560 32063.2 24850.8 23032 19808.8 17172.1 23446.6 16122 15645.3 15433.5 20847.6
threshold=1.0000000180025095e-35 105.889583 -2.1374999999999988 42.523274000000008 11.840655182291668 -26.462434338541666 275.36804450000005 18.012500000000003 252.75107050000005 19.487500000000004 260.0556155000001 148.13106922916668 9.7600226787990613e-06 0.87837969732492682
decision_type=2 2 2 2 2 2 2 2 2 2 2 2 2 2
left_child=1 -1 5 -2 8 -3 -4 -7 9 -5 -10 12 -6 -14
right_child=3 2 6 4 11 7 -8 -9 10 -11 -12 -13 13 -15
leaf_value=0.028078522726704254 0.02148389266132604 -1.1773226871230136 -0.083987269510983717 -0.24421224690313581 -0.013835055591925136 -1.3879422699818846 -0.64934009530709369 -0.44973272739689335 0.2065695628654857 0.7373353464453033 -0.27064785079939663 0.31422067764641604 1.1164736041174097 0.28972118126139756
leaf_weight=3199 2538 173 1545 78 52 60 203 777 923 269 218 272 294 104
leaf_count=3199 2538 173 1545 78 52 60 203 777 923 269 218 272 294 104
internal_value=-0.000103298 -0.136265 -0.326829 0.170723 0.342024 -0.632454 -0.149977 -0.518564 0.209124 0.516632 0.115235 0.615255 0.796113 0.901705
internal_weight=10705 5957 2758 4748 2210 1010 1748 837 1488 347 1141 722 450 398
internal_count=10705 5957 2758 4748 2210 1010 1748 837 1488 347 1141 722 450 398
is_linear=0
shrinkage=0.05


Tree=19
num_leaves=15
num_cat=0
split_feature=71 84 35 84 84 69 65 51 69 57 36 36 47 84
split_gain=90313.3 74664.2 38823.6 29123.2 40624.3 44019.3 24966.1 22710.8 22310.2 21487.4 17100 27482.1 16465.3 16087.8
threshold=-0.9875000000000006 99.767267000000018 19.946354166666669 274.29007000000007 42.523274000000008 -0.12570920833333388 -3.8802609583333334 3.5000000000000004 -10.293456088541664 1.1217152843747329 21.329817708333337 18.395963541666671 81.669270833333357 96.401743500000009
decision_type=2 2 2 2 2 2 2 2 2 2 2 2 2 2
left_child=1 -1 8 4 -2 7 -4 -6 12 13 11 -10 -3 -7
right_child=3 2 6 -5 5 9 -8 -9 10 -11 -12 -13 -14 -15
leaf_value=0.01774655769975227 0.020141779828079319 -1.1840131293688572 -0.5172233651672421 -0.44010819043879484 0.19349442983716481 0.70162816368182801 -0.046683725042395791 -0.30925083856551011 -1.1903627787317548 0.92272621423218382 -0.82922125096137855 0.03630265263059447 -0.50702268863977817 0.29415294376405199
leaf_weight=2463 3086 240 431 219 602 293 812 357 55 192 160 247 147 1401
leaf_count=2463 3086 240 431 219 602 293 812 357 55 192 160 247 147 1401
internal_value=-0.000105433 -0.168836 -0.38841 0.124872 0.145804 0.282056 -0.210124 0.0062139 -0.64888 0.42224 -0.412877 -0.190288 -0.928831 0.365004
internal_weight=10705 4555 2092 6150 5931 2845 1243 959 849 1886 462 302 387 1694
internal_count=10705 4555 2092 6150 5931 2845 1243 959 849 1886 462 302 387 1694
is_linear=0
shrinkage=0.05


Tree=20
num_leaves=15
num_cat=0
split_feature=71 84 71 84 69 69 84 31 24 30 63 22 36 46
split_gain=82065.6 61656 48037.9 40049 27422.7 21358.6 21096.4 16883 14948.3 20826.8 14468.3 13866.3 15038.6 13714
threshold=1.0000000180025095e-35 105.07400350000002 -2.0499999999999985 42.523274000000008 11.840655182291668 -26.462434338541666 295.90254450000003 18.012500000000003 252.75107050000005 19.487500000000004 18.554911875000009 148.13106922916668 26.109635416666674 82.848958333333357
decision_type=2 2 2 2 2 2 2 2 2 2 2 2 2 2
left_child=1 -1 5 -2 8 -3 13 -7 9 -5 -10 -6 -13 -4
right_child=3 2 6 4 11 7 -8 -9 10 -11 -12 12 -14 -15
leaf_value=0.026172584490529421 0.019403428460209801 -1.07312194904548 0.063027775070570058 -0.24246084249189384 0.73342640005710835 -1.2667986076386251 -1.1589460173431707 -0.40150014281240126 0.040702994911601335 0.68251999369649985 0.63445040866234259 -0.091951782571790874 0.64966264767368342 -0.22587164929760331
leaf_weight=3189 2538 173 700 78 450 60 48 795 1028 269 113 136 136 992
leaf_count=3189 2538 173 700 78 450 60 48 795 1028 269 113 136 136 992
internal_value=-0.000113415 -0.123699 -0.296312 0.154934 0.310501 -0.567145 -0.136069 -0.463632 0.1876 0.4745 0.100009 0.563184 0.279877 -0.106384
internal_weight=10705 5957 2768 4748 2210 1028 1740 855 1488 347 1141 722 272 1692
internal_count=10705 5957 2768 4748 2210 1028 1740 855 1488 347 1141 722 272 1692
is_linear=0
shrinkage=0.05


Tree=21
num_leaves=15
num_cat=0
split_feature=71 84 35 84 84 69 65 51 69 63 36 36 58 47
split_gain=74429.2 61140.9 32431.7 25658.4 33548.6 36142.5 21985.2 20396.1 18823.7 18476.3 15411.2 23763.7 15179.9 14667.1
threshold=-0.9875000000000006 99.767267000000018 19.946354166666669 275.02512300000006 42.523274000000008 -0.18351217708333298 -3.8802609583333334 3.5000000000000004 -10.293456088541664 25.331338125000006 21.329817708333337 18.666666666666668 32.567133500000018 81.669270833333357
decision_type=2 2 2 2 2 2 2 2 2 2 2 2 2 2
left_child=1 -1 8 4 -2 7 -4 -6 13 12 11 -10 -7 -3
right_child=3 2 6 -5 5 9 -8 -9 10 -11 -12 -13 -14 -15
leaf_value=0.015551492103750442 0.018105077331298604 -1.087942028342441 -0.47722327140056431 -0.4325967227860999 0.18304021400041603 0.37531436891259917 -0.035679070123208992 -0.29310337890380128 -0.90774357462231114 0.87403568733355097 -0.76851177440713281 0.10047577482606802 -0.181529380414719 -0.44941987833259883
leaf_weight=2463 3086 240 431 207 604 1591 812 357 78 173 160 224 132 147
leaf_count=2463 3086 240 431 207 604 1591 812 357 78 173 160 224 132 147
internal_value=-0.000115269 -0.153291 -0.351988 0.113341 0.132426 0.25586 -0.189041 0.00603775 -0.590051 0.382414 -0.373294 -0.162062 0.332574 -0.847186
internal_weight=10705 4555 2092 6150 5943 2857 1243 961 849 1896 462 302 1723 387
internal_count=10705 4555 2092 6150 5943 2857 1243 961 849 1896 462 302 1723 387
is_linear=0
shrinkage=0.05


Tree=22
num_leaves=15
num_cat=0
split_feature=71 84 71 84 69 83 84 69 47 24 30 16 47 65
split_gain=67626.8 51132.1 38812.6 33037.3 23336.4 19206.5 18410.8 14914.9 14338.8 13083.3 18232.7 13107.8 20962.2 13053.9
threshold=1.0000000180025095e-35 105.889583 -2.0499999999999985 42.523274000000008 11.840655182291668 256.03719150000006 295.90254450000003 -13.746666145833332 81.669270833333357 252.75107050000005 19.487500000000004 267.12284750000009 73.179687500000014 5.0940865416666625
decision_type=2 2 2 2 2 2 2 2 2 2 2 2 2 2
left_child=1 -1 5 -2 9 7 13 8 -3 10 -5 -11 -13 -4
right_child=3 2 6 4 -6 -7 -8 -9 -10 11 -12 12 -14 -15
leaf_value=0.023711319272639232 0.017528741232472736 -1.0411199015402146 -0.12231441653962077 -0.23381180303006233 0.51501285924446127 0.12248589394213719 -1.0811527217947403 -0.41064465183032439 -0.40782512957428363 0.0029310892872417083 0.63159088545168451 1.0197377064161832 0.032887814694808587 0.69011346136822427
leaf_weight=3199 2538 256 1635 78 722 106 48 523 140 918 269 89 134 50
leaf_count=3199 2538 256 1635 78 722 106 48 523 140 918 269 89 134 50
internal_value=-0.00012383 -0.112312 -0.270036 0.140625 0.281919 -0.513785 -0.125656 -0.587227 -0.818819 0.168548 0.436949 0.0866111 0.429537 -0.0978117
internal_weight=10705 5957 2758 4748 2210 1025 1733 919 396 1488 347 1141 223 1685
internal_count=10705 5957 2758 4748 2210 1025 1733 919 396 1488 347 1141 223 1685
is_linear=0
shrinkage=0.05


Tree=23
num_leaves=15
num_cat=0
split_feature=71 84 30 69 84 84 36 7 69 16 8 22 31 43
split_gain=61191.6 50027.4 30678.3 25429.8 22585.4 28319.8 32144.9 28219 24330.8 19991.4 21338 17800.8 20317.8 16459.9
threshold=-0.9875000000000006 86.770001500000021 20.912500000000005 -12.483824843749998 274.29007000000007 42.523274000000008 22.658854166666671 195.38915600000004 8.2327959375000024 267.01345100000009 197.43079300000002 132.8343030729167 23.162500000000005 83.375000000000014
decision_type=2 2 2 2 2 2 2 2 2 2 2 2 2 2
left_child=1 -1 3 -3 5 -2 -7 -8 -9 10 11 -4 -13 -5
right_child=4 2 9 13 -6 6 7 8 -10 -11 -12 12 -14 -15
leaf_value=0.020669030790681109 0.016269086978564495 -0.77090228741877098 -0.3638709726618467 -0.47421844665542673 -0.394777139143341 0.00071099833530000576 0.53973305622189327 -0.14527925328409766 0.38080027431900065 0.69388343826091547 -0.78193563448805969 0.66523208733527894 -0.073648494632849754 0.028162250558178378
leaf_weight=2362 3086 467 327 457 219 967 986 389 503 71 123 123 372 253
leaf_count=2362 3086 467 327 457 219 967 986 389 503 71 123 123 372 253
internal_value=-0.000118764 -0.139006 -0.310918 -0.484568 0.102754 0.121189 0.234951 0.355498 0.151472 -0.109471 -0.170499 -0.0781674 0.110923 -0.295413
internal_weight=10705 4555 2193 1177 6150 5931 2845 1878 892 1016 945 822 495 710
internal_count=10705 4555 2193 1177 6150 5931 2845 1878 892 1016 945 822 495 710
is_linear=0
shrinkage=0.05


Tree=24
num_leaves=15
num_cat=0
split_feature=71 84 71 84 69 84 83 22 36 35 47 81 69 47
split_gain=55683.5 42267.6 31494.2 27233.3 19721.4 16747.2 16490.6 12581.5 13635.1 12943.5 18185.1 13067.9 12199.9 13051.8
threshold=1.0000000180025095e-35 105.07400350000002 -2.0499999999999985 42.523274000000008 11.840655182291668 269.42642150000006 256.03719150000006 148.13106922916668 26.109635416666674 23.084375000000001 76.589843750000014 0.87837969732492682 -13.746666145833332 81.669270833333357
decision_type=2 2 2 2 2 2 2 2 2 2 2 2 2 2
left_child=1 -1 6 -2 -5 -4 12 9 -9 10 -6 -11 13 -3
right_child=3 2 5 4 7 -7 -8 8 -10 11 -12 -13 -14 -15
leaf_value=0.022172814648726891 0.015839515288968216 -0.9539583025739351 -0.036711813839415318 0.15166760936010876 1.2324075880150001 -0.42204561591790307 0.12239656115675138 -0.15298094276039706 0.55286525496057359 0.61706537296995523 0.43173429347678188 -0.30109034488578479 -0.37309739029870687 -0.35029575536952273
leaf_weight=3189 2538 256 1387 1488 143 353 107 136 136 103 143 61 525 140
leaf_count=3189 2538 256 1387 1488 143 353 107 136 136 103 143 61 525 140
internal_value=-0.000115904 -0.101916 -0.244836 0.127601 0.255885 -0.115083 -0.46413 0.470163 0.200675 0.632248 0.83497 0.275801 -0.53233 -0.741962
internal_weight=10705 5957 2768 4748 2210 1740 1028 722 272 450 286 164 921 396
internal_count=10705 5957 2768 4748 2210 1740 1028 722 272 450 286 164 921 396
is_linear=0
shrinkage=0.05


Tree=25
num_leaves=15
num_cat=0
split_feature=71 84 30 69 84 84 69 16 8 22 31 51 70 54
split_gain=50412.5 40859.1 26162.3 21501.3 20691 19422.3 26336.2 17886.1 18966.2 15878.6 18316.2 15720.9 16643.5 16898.4
threshold=-0.93749999999999989 86.770001500000021 20.912500000000005 -12.483824843749998 285.86399050000006 42.523274000000008 -0.18351217708333298 267.01345100000009 197.43079300000002 132.8343030729167 23.162500000000005 3.5000000000000004 14.902992355253215 0.87837969732492682
decision_type=2 2 2 2 2 2 2 2 2 2 2 2 2 2
left_child=1 -1 3 -3 5 -2 11 8 9 -4 -11 12 13 -7
right_child=4 2 7 -5 -6 6 -8 -9 -10 10 -12 -13 -14 -15
leaf_value=0.018504056178202829 0.014612304586892942 -0.7036975425007379 -0.33476764397443726 -0.26794054287345376 -0.83031209160884234 0.1496379451441022 0.30085977555366777 0.66007367118886895 -0.72876899685830843 0.63671693675518037 -0.06272830191460356 -0.25665508426522138 -0.25617128513530707 0.90487668640673802
leaf_weight=2373 3075 467 328 722 59 352 1963 72 123 124 372 399 183 93
leaf_count=2373 3075 467 328 722 59 352 1963 72 123 124 372 399 183 93
internal_value=-0.000107513 -0.125546 -0.280299 -0.439539 0.0937307 0.102855 0.193571 -0.0942437 -0.15223 -0.0653898 0.113062 -0.0115924 0.144269 0.309149
internal_weight=10705 4581 2208 1189 6124 6065 2990 1019 947 824 496 1027 628 445
internal_count=10705 4581 2208 1189 6124 6065 2990 1019 947 824 496 1027 628 445
is_linear=0
shrinkage=0.05


Tree=26
num_leaves=15
num_cat=0
split_feature=71 84 71 84 56 31 84 84 64 83 46 58 46 60
split_gain=45838.5 34924.5 26657 22441.9 17388.4 15131.8 18274.4 14963.1 14911.5 14544.2 14269.5 12017.2 11570.4 12259.2
threshold=1.0000000180025095e-35 110.59851750000001 -2.0499999999999985 42.523274000000008 29.05797699999999 21.212500000000002 252.47833200000002 295.90254450000003 1.7220341599082025 252.41682850000004 82.942708333333357 -10.845522500000007 82.848958333333357 63.265649499999988
decision_type=2 2 2 2 2 2 2 2 2 2 2 2 2 2
left_child=1 -1 9 -2 5 -5 8 11 -7 -3 -11 -4 13 -13
right_child=3 2 7 4 -6 6 -8 -9 -10 10 -12 12 -14 -15
leaf_value=0.016909322351325418 0.014317524750057098 -0.50901905784876378 -0.61132254636287697 -0.12700008973776819 0.73961593665324965 0.29102435407180111 -0.012964440316398275 -0.966921332402497 0.85155416682250518 0.81681236170587079 -0.29177837980554461 0.049944524259931178 -0.1586458384097626 0.81912221913797811
leaf_weight=3280 2538 852 99 312 156 1133 477 48 132 41 93 570 918 56
leaf_count=3280 2538 852 99 312 156 1133 477 48 132 41 93 570 918 56
internal_value=-0.000105666 -0.0924695 -0.226442 0.115772 0.232225 0.193348 0.250764 -0.10585 0.350141 -0.432943 0.0509552 -0.0801213 -0.0456875 0.119949
internal_weight=10705 5957 2677 4748 2210 2054 1742 1691 1265 986 134 1643 1544 626
internal_count=10705 5957 2677 4748 2210 2054 1742 1691 1265 986 134 1643 1544 626
is_linear=0
shrinkage=0.05


Tree=27
num_leaves=15
num_cat=0
split_feature=71 84 30 69 84 84 36 7 69 16 80 43 70 47
split_gain=41415.3 33731.5 22509.4 18448.3 18087.1 20400.8 25029.9 23988.8 19931.8 16385.7 17081.5 14747.5 13545.4 13086
threshold=-0.9875000000000006 86.770001500000021 20.912500000000005 -12.483824843749998 273.02215500000005 42.523274000000008 22.658854166666671 190.59982400000004 8.2327959375000024 267.01345100000009 -0.32143946530316164 83.375000000000014 15.897566054337501 70.747395833333357
decision_type=2 2 2 2 2 2 2 2 2 2 2 2 2 2
left_child=1 -1 3 -3 5 -2 12 13 -9 10 -4 -5 -7 -8
right_child=4 2 9 11 -6 6 7 8 -10 -11 -12 -13 -14 -15
leaf_value=0.016757924850971783 0.01313824197564034 -0.64813262099623048 -0.037679815627165256 -0.41242660802187131 -0.33647616229723304 0.053199952314169734 0.6997774602506649 -0.15212927367339163 0.32457375836890473 0.64428806337527933 -0.58736149804785076 0.062982012434517884 -0.5816951907450153 0.32483233502102232
leaf_weight=2362 3086 467 773 457 244 868 395 385 507 71 172 253 92 573
leaf_count=2362 3086 467 773 457 244 868 395 385 507 71 172 253 92 573
internal_value=-9.60787e-05 -0.114357 -0.255519 -0.404261 0.0845361 0.101984 0.199171 0.30614 0.118882 -0.0829783 -0.138243 -0.24317 -0.00818615 0.478396
internal_weight=10705 4555 2193 1177 6150 5906 2820 1860 892 1016 945 710 960 968
internal_count=10705 4555 2193 1177 6150 5906 2820 1860 892 1016 945 710 960 968
is_linear=0
shrinkage=0.05


Tree=28
num_leaves=15
num_cat=0
split_feature=73 84 67 84 65 35 36 84 69 84 52 24 56 49
split_gain=37649 30773.4 30779.9 21728.1 20407.3 20193.8 18347.2 16301.7 23106.3 21303.3 15240.5 15001.7 18017.3 14782.8
threshold=1.0000000180025095e-35 94.590699000000015 1.8767478958333339 303.76010700000006 -4.4486704166666611 16.682291666666668 24.459765625000006 42.523274000000008 -5.9078175052083326 263.70710200000008 0.72947329433276253 278.84935850000005 -1.0000000180025095e-35 4.5000000000000009
decision_type=2 2 2 2 2 2 2 2 2 2 2 2 2 2
left_child=5 -2 3 4 -3 -1 -4 -7 -9 10 11 -10 -13 -6
right_child=1 2 6 -5 13 7 -8 8 9 -11 -12 12 -14 -15
leaf_value=-0.85559709274343076 0.014895880965957268 -0.50575630662072479 0.67714305875568304 -1.4199381784314202 -0.10098007520979767 0.012381992677998881 -0.1970392691305364 -0.14652528294900877 0.069887037544468095 -0.089781616254813679 0.51468927704146328 1.1938848458803617 0.30843649304142939 -0.57177443830344654
leaf_weight=55 2751 635 138 41 1231 2756 105 445 754 393 635 64 510 192
leaf_count=55 2751 635 138 41 1231 2756 105 445 754 393 635 64 510 192
internal_value=-9.41534e-05 -0.0985136 -0.231678 -0.293361 -0.270238 0.089225 0.300151 0.0987286 0.183653 0.246053 0.3133 0.216688 0.409067 -0.164859
internal_weight=10705 5093 2342 2099 2058 5612 243 5557 2801 2356 1963 1328 574 1423
internal_count=10705 5093 2342 2099 2058 5612 243 5557 2801 2356 1963 1328 574 1423
is_linear=0
shrinkage=0.05


Tree=29
num_leaves=15
num_cat=0
split_feature=71 84 71 84 56 84 31 84 42 24 20 65 36 64
split_gain=34265.6 26591.8 20087.4 16805.7 14687.2 13191.2 12417.6 14260.6 13279.7 12212.4 14416 11422.5 12589 11260.6
threshold=1.0000000180025095e-35 110.59851750000001 -2.0499999999999985 42.523274000000008 29.05797699999999 269.42642150000006 21.212500000000002 252.47833200000002 87.375000000000014 257.54432450000007 190.02310300000002 15.243087874999999 25.97291666666667 1.7465647576259371
decision_type=2 2 2 2 2 2 2 2 2 2 2 2 2 2
left_child=1 -1 9 -2 6 -4 -5 8 11 -3 -11 13 -13 -8
right_child=3 2 5 4 -6 -7 7 -9 -10 10 -12 12 -14 -15
leaf_value=0.015490210264255837 0.012297905837165508 -0.53393663872566266 -0.020346185949382728 -0.12503260700895003 0.66715844418841663 -0.36359142025269697 0.28465369909325117 -0.015804162218964125 0.98537772766807508 0.097672429473727562 -0.47396732050681784 -0.32515622391365473 0.58258165007170581 0.90774774585343609
leaf_weight=3280 2538 546 1338 312 156 353 926 477 67 227 213 143 51 78
leaf_count=3280 2538 546 1338 312 156 353 926 477 67 227 213 143 51 78
internal_value=-9.45648e-05 -0.0799521 -0.196855 0.100093 0.200867 -0.0921719 0.165145 0.21716 0.304947 -0.376112 -0.1795 0.266103 -0.0847603 0.333916
internal_weight=10705 5957 2677 4748 2210 1691 2054 1742 1265 986 440 1198 194 1004
internal_count=10705 5957 2677 4748 2210 1691 2054 1742 1265 986 440 1198 194 1004
is_linear=0
shrinkage=0.05


Tree=30
num_leaves=15
num_cat=0
split_feature=84 71 84 24 25 49 30 47 7 58 84 69 51 70
split_gain=32640.2 30390.2 22132.3 19607.5 29875 21997.3 21016.7 17542.6 13614.5 13144.4 11628.1 18210.7 13159.6 13393.3
threshold=299.97504500000008 -0.93749999999999989 86.770001500000021 278.11863750000003 109.2624300420939 3.5000000000000004 16.862500000000004 78.904947916666671 202.74317500000004 -1.7172850000000037 42.523274000000008 -0.22629248437500016 3.5000000000000004 14.902992355253215
decision_type=2 2 2 2 2 2 2 2 2 2 2 2 2 2
left_child=1 2 -1 5 7 6 -4 8 -5 -8 -3 12 13 -12
right_child=-2 10 3 4 -6 -7 9 -9 -10 -11 11 -13 -14 -15
leaf_value=0.014434383600234685 -1.1258642120752484 0.011191218591480478 -0.87646976466317783 1.2232812041366423 -0.5304766306181008 -0.6256929397989035 -0.53194830847087882 -0.033881385537655385 0.29608639075251464 -0.068430315516483625 0.27075379611713696 0.2377562686573628 -0.24243998165066177 -0.23652508956046128
leaf_weight=2373 63 3075 102 73 133 366 177 145 87 1090 444 1988 406 183
leaf_count=2373 63 3075 102 73 133 366 177 145 87 1090 444 1988 406 183
internal_value=-8.19198e-05 0.0066878 -0.0911447 -0.206395 0.0923641 -0.281826 -0.189504 0.36481 0.72409 -0.133552 0.0796479 0.149301 -0.0209944 0.122555
internal_weight=10705 10642 4546 2173 438 1735 1369 305 160 1267 6096 3021 1033 627
internal_count=10705 10642 4546 2173 438 1735 1369 305 160 1267 6096 3021 1033 627
is_linear=0
shrinkage=0.05


Tree=31
num_leaves=15
num_cat=0
split_feature=73 84 84 65 24 49 24 30 6 31 84 84 37 47
split_gain=29721.5 24147.8 19661.4 24925.5 17112.5 30440.7 18520.5 16316.6 13231.3 12099.3 12514.8 16377.1 11611.1 11370.2
threshold=1.0000000180025095e-35 303.76010700000006 94.590699000000015 -4.4486704166666611 283.25600400000002 3.5000000000000004 297.26105400000006 16.512500000000003 24.000000000000004 21.062500000000004 268.31435900000002 42.523274000000008 51.875000000000007 82.790364583333357
decision_type=2 2 2 2 2 2 2 2 2 2 2 2 2 2
left_child=7 2 -2 -4 5 13 -6 -1 9 -9 11 -11 -13 -5
right_child=1 -3 3 4 6 -7 -8 8 -10 10 -12 12 -14 -15
leaf_value=-0.84851872432739184 0.012624786061040639 -1.281543841958046 -0.45171208959658565 -0.13959123594046549 0.4928646851992195 -0.66458437603817688 -0.17876279934838013 0.003292534019973713 0.019537670803396773 0.010614703985710225 -0.084753960880753682 0.94792126376977126 0.35051128335905474 0.27076505586006788
leaf_weight=46 2751 41 635 785 230 253 184 720 3149 360 242 88 1007 214
leaf_count=46 2751 41 635 785 230 253 184 720 3149 360 242 88 1007 214
internal_value=-8.81832e-05 -0.087534 -0.0775922 -0.185411 -0.0837001 -0.175825 0.194652 0.0792721 0.0870908 0.175058 0.24789 0.303236 0.399343 -0.0515042
internal_weight=10705 5093 5052 2301 1666 1252 414 5612 5566 2417 1697 1455 1095 999
internal_count=10705 5093 5052 2301 1666 1252 414 5612 5566 2417 1697 1455 1095 999
is_linear=0
shrinkage=0.05


Tree=32
num_leaves=15
num_cat=0
split_feature=84 35 84 67 69 84 84 57 36 36 84 36 47 41
split_gain=27072.5 26119.3 20419.7 17221.8 17139.6 16662.9 16432.5 14224.4 12508.8 16441.9 11788.4 10444.6 10244.5 9434.59
threshold=299.97504500000008 19.946354166666669 84.775400500000018 -2.4885673333333322 -10.466263937499997 42.523274000000008 272.07054550000004 1.1217152843747329 21.44947916666667 20.748177083333335 79.680672500000014 18.395963541666671 81.669270833333357 82.875000000000014
decision_type=2 2 2 2 2 2 2 2 2 2 2 2 2 2
left_child=1 2 -1 13 12 -5 7 10 9 11 -7 -6 -4 -3
right_child=-2 3 4 5 8 6 -8 -9 -10 -11 -12 -13 -14 -15
leaf_value=0.04628986120952544 -1.0253705106675626 0.0041430978594645838 -0.75137971889197352 0.0096090409454004273 -0.83170263474447692 0.78642035115368758 -0.14268423330833377 0.64518246660575029 -0.48703263318210699 0.3730801135943882 0.16508908195421992 -0.1073685588488726 -0.23438551297178495 -0.20147844448384178
leaf_weight=766 63 1571 245 3239 56 78 360 180 208 173 2347 396 159 864
leaf_count=766 63 1571 245 3239 56 78 360 180 208 173 2347 396 159 864
internal_value=-9.09726e-05 0.00607439 -0.156558 0.0437955 -0.282106 0.0880191 0.173643 0.217396 -0.152166 -0.0401221 0.18539 -0.198747 -0.54899 -0.0688694
internal_weight=10705 10642 2003 8639 1237 6204 2965 2605 833 625 2425 452 404 2435
internal_count=10705 10642 2003 8639 1237 6204 2965 2605 833 625 2425 452 404 2435
is_linear=0
shrinkage=0.05


Tree=33
num_leaves=15
num_cat=0
split_feature=73 84 67 16 58 35 6 31 84 24 47 42 46 47
split_gain=25334.6 20509.7 21500.8 17027.4 16218.5 13731.1 12244.6 11127.4 10126.7 13379.4 9406.84 9329.05 8592.19 10750.1
threshold=1.0000000180025095e-35 94.590699000000015 1.8767478958333339 272.70666550000004 -1.5548045000000028 16.682291666666668 24.000000000000004 20.012500000000003 268.31435900000002 266.28453700000006 81.747395833333357 71.125000000000014 82.005208333333357 83.154947916666671
decision_type=2 2 2 2 2 2 2 2 2 2 2 2 2 2
left_child=5 -2 4 -4 11 -1 8 10 9 -7 -6 -3 -9 -14
right_child=1 2 3 -5 7 6 -8 12 -10 -11 -12 -13 13 -15
leaf_value=-0.70592482430594305 0.011755641281258229 0.17180071443319322 0.47833958830488355 -0.52142703934149315 -0.7025001881762688 0.071937183701878266 0.01619108757833887 0.097410525051185359 -0.11575541062980679 0.32326530271121678 -0.14863349979578638 -0.59311769821155258 -0.25592275400511716 0.19637102101428006
leaf_weight=55 2751 44 189 54 162 1014 3153 368 281 1109 146 386 838 155
leaf_count=55 2751 44 189 54 162 1014 3153 368 281 1109 146 386 838 155
internal_value=-9.46048e-05 -0.0808295 -0.189542 0.254943 -0.241097 0.0731752 0.0810119 -0.170358 0.165987 0.203315 -0.441284 -0.51463 -0.108767 -0.185196
internal_weight=10705 5093 2342 243 2099 5612 5557 1669 2404 2123 308 430 1361 993
internal_count=10705 5093 2342 243 2099 5612 5557 1669 2404 2123 308 430 1361 993
is_linear=0
shrinkage=0.05


Tree=34
num_leaves=15
num_cat=0
split_feature=84 35 84 69 67 84 84 57 36 36 84 15 36 36
split_gain=23614.8 22150 17299.8 15037.1 14554.4 14652.2 13808.6 12446 11031.3 16533.2 10660.2 9046.84 8792.13 8758.45
threshold=299.97504500000008 19.946354166666669 83.555265000000006 -10.466263937499997 -2.4885673333333322 42.523274000000008 272.07054550000004 1.1217152843747329 21.329817708333337 20.748177083333335 79.680672500000014 216.42415900000003 18.395963541666671 19.575781250000002
decision_type=2 2 2 2 2 2 2 2 2 2 2 2 2 2
left_child=1 2 -1 -4 -3 -6 7 10 9 12 -7 -9 -5 -14
right_child=-2 4 3 8 5 6 -8 11 -10 -11 -12 -13 13 -15
leaf_value=0.042801216309865837 -0.95766760711558163 -0.063175648666716808 -0.50956762565253877 -0.76301743858738957 0.007525687242892605 0.7430452571639532 -0.12863388904589654 0.80493611297022349 -0.43903458352229924 0.40888902678154415 0.15221149451697777 -0.012651696088521378 0.30416922103636668 -0.23471731512226013
leaf_weight=765 63 2435 404 56 3239 78 360 135 222 159 2347 45 100 297
leaf_count=765 63 2435 404 56 3239 78 360 135 222 159 2347 45 100 297
internal_value=-9.77026e-05 0.0056605 -0.144106 -0.259543 0.0403973 0.0810522 0.161344 0.201451 -0.137963 -0.0282128 0.171514 0.601599 -0.182195 -0.0985544
internal_weight=10705 10642 2003 1238 8639 6204 2965 2605 834 612 2425 180 453 397
internal_count=10705 10642 2003 1238 8639 6204 2965 2605 834 612 2425 180 453 397
is_linear=0
shrinkage=0.05


end of trees

feature_importances:
consumo_alvo_semana_anterior=125
temperatura_externa_c_diferenca_semana_atual=69
correcao_semanal_media_1440m=51
consumo_max_1440m=28
temperatura_externa_c_media_1440m=25
umidade_relativa_pct_media_1440m=17
consumo_mean_1440m=13
origem_mes=13
temperatura_externa_c_lag_720m=12
consumo_diferenca_dia_atual=12
temperatura_externa_c_lag_360m=9
correcao_semanal_std_1440m=9
correcao_semanal_media_180m=8
umidade_relativa_pct_diferenca_semana_atual=8
consumo_alvo_dia_anterior=8
temperatura_externa_c_media_360m=7
consumo_lag_720m=6
consumo_max_180m=6
consumo_diferenca_semana_atual=6
correcao_semanal_media_60m=6
consumo_lag_1440m=5
consumo_razao_semana_atual=5
alvo_semana_sin=5
consumo_std_1440m=4
umidade_relativa_pct_media_360m=4
correcao_semanal_media_360m=4
umidade_relativa_pct_lag_720m=3
origem_dia_semana=3
consumo_lag_360m=2
consumo_max_360m=2
umidade_relativa_pct_lag_1440m=2
umidade_relativa_pct_media_180m=2
correcao_semanal_std_60m=2
alvo_hora_cos=2
consumo_min_180m=1
consumo_std_360m=1
umidade_relativa_pct_atual=1
umidade_relativa_pct_lag_360m=1
origem_hora_sin=1
origem_semana_sin=1
tendencia_consumo_60m=1

parameters:
[boosting: gbdt]
[objective: regression]
[metric: l1]
[tree_learner: serial]
[device_type: cpu]
[data_sample_strategy: bagging]
[data: ]
[valid: ]
[num_iterations: 400]
[learning_rate: 0.05]
[num_leaves: 15]
[num_threads: 2]
[seed: 20260905]
[deterministic: 1]
[force_col_wise: 1]
[force_row_wise: 0]
[histogram_pool_size: -1]
[max_depth: -1]
[min_data_in_leaf: 40]
[min_sum_hessian_in_leaf: 0.001]
[bagging_fraction: 1]
[pos_bagging_fraction: 1]
[neg_bagging_fraction: 1]
[bagging_freq: 0]
[bagging_seed: 23218]
[bagging_by_query: 0]
[feature_fraction: 1]
[feature_fraction_bynode: 1]
[feature_fraction_seed: 28090]
[extra_trees: 0]
[extra_seed: 14360]
[early_stopping_round: 0]
[early_stopping_min_delta: 0]
[first_metric_only: 0]
[max_delta_step: 0]
[lambda_l1: 0]
[lambda_l2: 1]
[linear_lambda: 0]
[min_gain_to_split: 0]
[drop_rate: 0.1]
[max_drop: 50]
[skip_drop: 0.5]
[xgboost_dart_mode: 0]
[uniform_drop: 0]
[drop_seed: 16970]
[top_rate: 0.2]
[other_rate: 0.1]
[min_data_per_group: 100]
[max_cat_threshold: 32]
[cat_l2: 10]
[cat_smooth: 10]
[max_cat_to_onehot: 4]
[top_k: 20]
[monotone_constraints: ]
[monotone_constraints_method: basic]
[monotone_penalty: 0]
[feature_contri: ]
[forcedsplits_filename: ]
[refit_decay_rate: 0.9]
[cegb_tradeoff: 1]
[cegb_penalty_split: 0]
[cegb_penalty_feature_lazy: ]
[cegb_penalty_feature_coupled: ]
[path_smooth: 0]
[interaction_constraints: ]
[verbosity: -1]
[saved_feature_importance_type: 0]
[use_quantized_grad: 0]
[num_grad_quant_bins: 4]
[quant_train_renew_leaf: 0]
[stochastic_rounding: 1]
[linear_tree: 0]
[max_bin: 255]
[max_bin_by_feature: ]
[min_data_in_bin: 3]
[bin_construct_sample_cnt: 200000]
[data_random_seed: 5037]
[is_enable_sparse: 1]
[enable_bundle: 1]
[use_missing: 1]
[zero_as_missing: 0]
[feature_pre_filter: 1]
[pre_partition: 0]
[two_round: 0]
[header: 0]
[label_column: ]
[weight_column: ]
[group_column: ]
[ignore_column: ]
[categorical_feature: ]
[forcedbins_filename: ]
[precise_float_parser: 0]
[parser_config_file: ]
[objective_seed: 15411]
[num_class: 1]
[is_unbalance: 0]
[scale_pos_weight: 1]
[sigmoid: 1]
[boost_from_average: 1]
[reg_sqrt: 0]
[alpha: 0.9]
[fair_c: 1]
[poisson_max_delta_step: 0.7]
[tweedie_variance_power: 1.5]
[lambdarank_truncation_level: 30]
[lambdarank_norm: 1]
[label_gain: ]
[lambdarank_position_bias_regularization: 0]
[eval_at: ]
[multi_error_top_k: 1]
[auc_mu_weights: ]
[num_machines: 1]
[local_listen_port: 12400]
[time_out: 120]
[machine_list_filename: ]
[machines: ]
[gpu_platform_id: -1]
[gpu_device_id: -1]
[gpu_device_id_list: ]
[gpu_use_dp: 0]
[num_gpu: 1]

end of parameters

pandas_categorical:[]
