tree
version=v4
num_class=1
num_tree_per_iteration=1
label_index=0
max_feature_idx=84
objective=regression
feature_names=consumo_atual_kw consumo_lag_15m consumo_lag_30m consumo_lag_60m consumo_lag_120m consumo_lag_180m consumo_lag_360m consumo_lag_720m consumo_lag_1440m consumo_lag_10080m consumo_mean_60m consumo_min_60m consumo_max_60m consumo_std_60m consumo_mean_180m consumo_min_180m consumo_max_180m consumo_std_180m consumo_mean_360m consumo_min_360m consumo_max_360m consumo_std_360m consumo_mean_1440m consumo_min_1440m consumo_max_1440m consumo_std_1440m temperatura_externa_c_atual temperatura_externa_c_lag_15m temperatura_externa_c_lag_60m temperatura_externa_c_lag_180m temperatura_externa_c_lag_360m temperatura_externa_c_lag_720m temperatura_externa_c_lag_1440m temperatura_externa_c_media_60m temperatura_externa_c_media_180m temperatura_externa_c_media_360m temperatura_externa_c_media_1440m umidade_relativa_pct_atual umidade_relativa_pct_lag_15m umidade_relativa_pct_lag_60m umidade_relativa_pct_lag_180m umidade_relativa_pct_lag_360m umidade_relativa_pct_lag_720m umidade_relativa_pct_lag_1440m umidade_relativa_pct_media_60m umidade_relativa_pct_media_180m umidade_relativa_pct_media_360m umidade_relativa_pct_media_1440m origem_hora origem_dia_semana origem_fim_de_semana origem_mes origem_hora_sin origem_hora_cos origem_semana_sin origem_semana_cos consumo_diferenca_semana_atual consumo_razao_semana_atual consumo_diferenca_dia_atual tendencia_consumo_15m tendencia_consumo_60m tendencia_consumo_180m tendencia_consumo_360m correcao_semanal_media_60m correcao_semanal_std_60m correcao_semanal_media_180m correcao_semanal_std_180m correcao_semanal_media_360m correcao_semanal_std_360m correcao_semanal_media_1440m correcao_semanal_std_1440m temperatura_externa_c_diferenca_semana_atual temperatura_externa_c_tendencia_1h umidade_relativa_pct_diferenca_semana_atual umidade_relativa_pct_tendencia_1h alvo_hora alvo_dia_semana alvo_fim_de_semana alvo_mes alvo_hora_sin alvo_hora_cos alvo_semana_sin alvo_semana_cos consumo_alvo_dia_anterior consumo_alvo_semana_anterior
feature_infos=[22.399999999999999:324.71375799999998] [22.399999999999999:324.71375799999998] [22.399999999999999:324.71375799999998] [22.399999999999999:324.71375799999998] [22.399999999999999:324.71375799999998] [22.399999999999999:324.71375799999998] [22.399999999999999:324.71375799999998] [22.399999999999999:324.71375799999998] [22.399999999999999:324.71375799999998] [22.399999999999999:324.71375799999998] [22.399999999999999:321.24876725000001] [22.399999999999999:318.278571] [22.399999999999999:324.71375799999998] [0:82.540869055199337] [22.399999999999999:313.28577408333337] [22.399999999999999:302.53573799999998] [22.399999999999999:324.71375799999998] [0:92.970139865692389] [22.399999999999999:295.13563500000004] [22.399999999999999:249.29458700000001] [22.399999999999999:324.71375799999998] [0:116.53386463160022] [23.200000000000003:159.49963871874999] none [25.600000000000001:324.71375799999998] [1.3929144002343703:128.71471884334804] [15:33.700000000000003] [15:33.700000000000003] [15:33.700000000000003] [15:33.700000000000003] [15:33.700000000000003] [15:33.700000000000003] [15:33.700000000000003] [15:33.4375] [15:32.71875] [15.333333333333334:31.620833333333334] [16.439843749999998:27.283072916666669] [31:98] [31:98] [31:98] [31:98] [31:98] [31:98] [31:98] [32.5:95.625] [33.666666666666664:95.083333333333329] [37.041666666666664:94] [59.309895833333336:91.638020833333329] [0:23.75] [0:6] [0:1] [1:4] [-1:1] [-1:1] [-0.97492791218182362:0.97492791218182362] [-0.90096886790241903:1] [-72.635950000000008:77.445233000000002] [0.43630911779503978:2.09406877563422] [-291.363968:296.779246] [-121.30707899999999:153.05878799999999] [-124.27709300000001:153.05878799999999] [-180.63157299999997:268.16051600000003] [-299.363968:299.97924600000005] [-70.384351250000009:75.467424499999993] [0:44.359338508129341] [-67.777903583333341:70.921986416666655] [0:38.631403568061003] [-64.848194500000005:62.415354583333333] [0:37.083675449251288] [-34.945017510416669:27.905951093750001] [0:30.68446053870321] [-12:11.5] [-8:4.8000000000000007] [-49:48] [-30:40] [0:23.75] [0:6] [0:1] [1:4] [-1:1] [-1:1] [-0.97492791218182362:0.97492791218182362] [-0.90096886790241903:1] [22.399999999999999:324.71375799999998] [22.399999999999999:324.71375799999998]
tree_sizes=1431 1435 1425 1426 1431 1435 1430 1437 1433 1442 1438 1435 1448 1427 1427 1449 1443 1449 1437 1438 1450 1446 1431 1447 1436 1443 1450 1435 1436 1448 1438 1434 1449 1429 1430 1433 1442 1443 1440 1449 1440 1437 1444 1426 1454 1440 1436 1433 1453

Tree=0
num_leaves=15
num_cat=0
split_feature=71 84 71 84 71 84 24 69 67 69 70 24 20 45
split_gain=643460 442238 491200 294445 208873 65454.8 54439.8 41342.1 34601 33892.9 25848.2 25277.1 22820.2 24257.9
threshold=1.0000000180025095e-35 102.91330200000002 -2.8499999999999992 42.523274000000008 2.1374999999999997 287.58038500000004 257.54432450000007 -1.0000000180025095e-35 2.9853009374999995 11.840655182291668 12.286321722767662 284.15934500000009 274.50906300000003 70.968750000000014
decision_type=2 2 2 2 2 2 2 2 2 2 2 2 2 2
left_child=1 -1 6 -2 7 8 10 11 -4 12 -3 -5 13 -6
right_child=3 2 5 4 9 -7 -8 -9 -10 -11 -12 -13 -14 -15
leaf_value=-0.9914828704476758 -0.98747584958013834 -2.5303408202982163 -1.362504503419647 -1.0835671940255833 -0.76764566615766028 -2.8141235919352585 -2.347657377564353 -0.38386909267747626 -0.43340211696835951 0.60646272729484463 -3.3426558233186947 -0.0039622897941054003 0.54287574111331716 0.094789426033078383
leaf_weight=3244 2445 143 1598 487 121 74 412 703 106 522 380 60 156 254
leaf_count=3244 2445 143 1598 487 121 74 412 703 106 522 380 60 156 254
internal_value=-1.03943 -1.38548 -1.85644 -0.60527 -0.199696 -1.36818 -2.78357 -0.63724 -1.30439 0.318831 -3.12382 -0.963473 0.0335129 -0.182027
internal_weight=10705 5957 2713 4748 2303 1778 935 1250 1704 1053 523 547 531 375
internal_count=10705 5957 2713 4748 2303 1778 935 1250 1704 1053 523 547 531 375
is_linear=0
shrinkage=1


Tree=1
num_leaves=15
num_cat=0
split_feature=71 84 71 84 71 84 69 69 67 69 24 42 20 45
split_gain=580913 399238 443460 265832 188572 59171.2 49874.6 37305.3 31341.2 30573.9 22850.6 21566.1 20614.3 21898.6
threshold=1.0000000180025095e-35 102.91330200000002 -2.8499999999999992 42.523274000000008 2.1374999999999997 287.58038500000004 -26.30091713020833 -1.0000000180025095e-35 2.1362732083333338 11.840655182291668 284.15934500000009 87.125000000000014 274.50906300000003 70.968750000000014
decision_type=2 2 2 2 2 2 2 2 2 2 2 2 2 2
left_child=1 -1 6 -2 7 8 -3 10 11 12 -5 -4 13 -6
right_child=3 2 5 4 9 -7 -8 -9 -10 -11 -12 -13 -14 -15
leaf_value=0.045546612787090573 0.049353608077213791 -2.343713259354733 -0.22535300047045853 -0.041938764456963477 0.25830259411672102 -1.6871458838780722 -1.4578501435078599 0.6228255137790587 0.5209654256457189 1.5637515135429956 0.98453919865557415 -0.70938646194125932 1.5036904596978693 1.0777269583129707
leaf_weight=3244 2445 208 1304 487 121 74 727 703 121 522 60 279 156 254
leaf_count=3244 2445 208 1304 487 121 74 727 703 121 522 60 279 156 254
internal_value=-9.95309e-07 -0.328809 -0.776287 0.412515 0.79788 -0.312362 -1.65721 0.382142 -0.251704 1.29056 0.0722459 -0.311057 1.01957 0.814716
internal_weight=10705 5957 2713 4748 2303 1778 935 1250 1704 1053 547 1583 531 375
internal_count=10705 5957 2713 4748 2303 1778 935 1250 1704 1053 547 1583 531 375
is_linear=0
shrinkage=0.05


Tree=2
num_leaves=15
num_cat=0
split_feature=71 84 71 84 71 69 24 84 24 84 69 37 70 72
split_gain=527551 447778 259491 158573 289154 53540.6 46893.6 42950.3 31703.3 30589.7 28163.2 22770 21898.2 20939
threshold=-0.9875000000000006 102.91330200000002 -2.8499999999999992 42.523274000000008 2.0625000000000004 -1.0000000180025095e-35 257.54432450000007 287.58038500000004 281.72766850000005 273.02215500000005 11.840655182291668 51.875000000000007 12.286321722767662 0.93750000000000011
decision_type=2 2 2 2 2 2 2 2 2 2 2 2 2 2
left_child=1 -1 6 -2 5 8 12 11 -5 -7 -6 -4 -3 -12
right_child=3 2 7 4 10 9 -8 -9 -10 -11 13 -13 -14 -15
leaf_value=0.032224846015424531 0.046969391709250768 -1.3445005598322801 0.52855889001751644 -0.21012676481736153 0.96328955378047232 0.52847637349386567 -1.1702622763638906 -1.7238253904170677 0.47756606805825497 -0.52781785582569807 1.2660949399628822 -0.4197598467503692 -2.0914884035981549 1.9642066791561079
leaf_weight=2548 3061 143 67 772 542 963 412 60 213 73 366 945 380 160
leaf_count=2548 3061 143 67 772 542 963 412 60 213 73 366 945 380 160
internal_value=-1.89973e-07 -0.407802 -0.966179 0.302056 0.554733 0.202851 -1.57456 -0.43458 -0.061084 0.453609 1.21979 -0.356516 -1.8902 1.48177
internal_weight=10705 4555 2007 6150 3089 2021 935 1072 985 1036 1068 1012 523 526
internal_count=10705 4555 2007 6150 3089 2021 935 1072 985 1036 1068 1012 523 526
is_linear=0
shrinkage=0.05


Tree=3
num_leaves=15
num_cat=0
split_feature=71 84 71 84 71 84 24 69 67 69 70 72 58 24
split_gain=476724 327655 359188 218370 152209 48587.6 42344.7 31871.2 27107.4 26109.9 24415.9 20593.7 19795 19561.1
threshold=1.0000000180025095e-35 102.91330200000002 -2.8499999999999992 42.523274000000008 2.212499999999999 287.58038500000004 257.54432450000007 -1.0000000180025095e-35 2.9853009374999995 -4.2333288020833324 11.07252721283376 0.93750000000000011 -4.9614705000000034 284.15934500000009
decision_type=2 2 2 2 2 2 2 2 2 2 2 2 2 2
left_child=1 -1 6 -2 7 8 12 13 -4 -6 -11 -12 -3 -5
right_child=3 2 5 4 9 -7 -8 -9 -10 10 11 -13 -14 -15
leaf_value=0.0412643008000678 0.044539426402390642 -2.4845544406345912 -0.28220282848912753 -0.037567397799198717 0.17261240066043915 -1.5315166491667431 -1.1118908709884774 0.57402996566637066 0.54014849747731308 0.91901696839567681 1.2218523979599891 1.8584767344059667 -1.6475098140915418 0.91183611535635167
leaf_weight=3244 2445 90 1598 490 62 74 412 713 106 385 396 197 433 60
leaf_count=3244 2445 90 1598 490 62 74 412 713 106 385 396 197 433 60
internal_value=-8.03284e-06 -0.297874 -0.703255 0.373688 0.722961 -0.285728 -1.49607 0.353666 -0.23076 1.17067 1.2337 1.43612 -1.79602 0.0674708
internal_weight=10705 5957 2713 4748 2303 1778 935 1263 1704 1040 978 593 523 550
internal_count=10705 5957 2713 4748 2303 1778 935 1263 1704 1040 978 593 523 550
is_linear=0
shrinkage=0.05


Tree=4
num_leaves=15
num_cat=0
split_feature=71 84 71 84 71 69 69 84 84 24 69 70 37 67
split_gain=433178 366500 209652 130344 234483 44619.7 39386.8 35181.9 27031.8 27011.6 24139 22391.8 20530.7 19925.3
threshold=-0.9875000000000006 102.91330200000002 -2.8499999999999992 42.523274000000008 2.1000000000000001 -1.0000000180025095e-35 -26.30091713020833 287.58038500000004 273.02215500000005 281.72766850000005 -4.2333288020833324 11.07252721283376 50.625000000000007 -4.5676767916666661
decision_type=2 2 2 2 2 2 2 2 2 2 2 2 2 2
left_child=1 -1 6 -2 5 9 -3 12 -7 -5 -6 -12 -4 -14
right_child=3 2 7 4 10 8 -8 -9 -10 -11 11 -13 13 -15
leaf_value=0.028551831194329327 0.042428389178001361 -2.0312206532966579 0.62370878102050886 -0.19178186238618067 0.18216392485534444 0.48596104947617036 -1.2445679852309137 -1.5637266621726458 -0.50066025442878404 0.4418312746251738 0.86888492557060237 1.3588167495035453 -0.79612189638955166 -0.25431137085492672
leaf_weight=2548 3061 208 53 772 67 966 727 60 74 214 395 601 220 739
leaf_count=2548 3061 208 53 772 67 966 727 60 74 214 395 601 220 739
internal_value=-1.14188e-05 -0.369542 -0.874707 0.273697 0.502781 0.187036 -1.42155 -0.396869 0.415346 -0.0539551 1.10383 1.16558 -0.326212 -0.379306
internal_weight=10705 4555 2007 6150 3089 2026 935 1072 1040 986 1063 996 1012 959
internal_count=10705 4555 2007 6150 3089 2026 935 1072 1040 986 1063 996 1012 959
is_linear=0
shrinkage=0.05


Tree=5
num_leaves=15
num_cat=0
split_feature=71 84 71 84 71 84 24 69 67 71 7 58 32 70
split_gain=391237 268969 290908 179381 122685 39889.2 36468.6 26221.8 23231.7 21889.5 19003.8 18830.6 23464.6 18148.2
threshold=1.0000000180025095e-35 102.91330200000002 -2.8499999999999992 42.523274000000008 2.212499999999999 287.58038500000004 257.54432450000007 -1.0000000180025095e-35 2.9853009374999995 3.9875000000000012 81.691657500000005 -14.974237 27.437500000000004 12.286321722767662
decision_type=2 2 2 2 2 2 2 2 2 2 2 2 2 2
left_child=1 -1 6 -2 7 8 13 -5 11 -6 -8 -4 -13 -3
right_child=3 2 5 4 9 -7 10 -9 -10 -11 -12 12 -14 -15
leaf_value=0.037406154949740381 0.040192812863959704 -1.1338520015279452 -0.87879000817539932 0.063917918126719972 0.85693192002783292 -1.3901813397010168 -1.2067674010691016 0.52339888254308709 0.50207865421799514 1.3251968458029979 -0.44664919152537474 -0.26442973627527688 0.53261965648694476 -1.8117146934737058
leaf_weight=3244 2445 143 113 550 598 74 296 713 106 442 116 1387 98 380
leaf_count=3244 2445 143 113 550 598 74 296 713 106 442 116 1387 98 380
internal_value=-2.27576e-05 -0.269863 -0.637151 0.338514 0.655074 -0.261395 -1.35065 0.323517 -0.211589 1.05703 -0.994353 -0.259213 -0.211507 -1.62889
internal_weight=10705 5957 2713 4748 2303 1778 935 1263 1704 1040 412 1598 1485 523
internal_count=10705 5957 2713 4748 2303 1778 935 1263 1704 1040 412 1598 1485 523
is_linear=0
shrinkage=0.05


Tree=6
num_leaves=15
num_cat=0
split_feature=71 84 71 84 71 69 84 24 24 84 69 37 70 72
split_gain=355303 299917 167115 106985 190259 36593.2 32011.5 30191.5 24155.2 23489.2 21296.3 20938.9 20178.9 20002.9
threshold=-0.9875000000000006 106.99646450000002 -3.0124999999999988 42.523274000000008 2.0625000000000004 -0.12570920833333388 287.58038500000004 257.54432450000007 281.72766850000005 273.02215500000005 -4.2333288020833324 51.875000000000007 11.07252721283376 0.93750000000000011
decision_type=2 2 2 2 2 2 2 2 2 2 2 2 2 2
left_child=1 -1 7 -2 5 8 11 -3 -5 -7 -6 -4 -12 -14
right_child=3 2 6 4 10 9 -8 -9 -10 -11 12 -13 13 -15
leaf_value=0.018730154147839649 0.038326710632896985 -1.6595116414857465 0.50549216859902335 -0.18087077602031632 0.12975691767299877 0.44045839282489729 -1.4285305451405677 -1.0157197920461609 0.42220500083288776 -0.48471874991884906 0.77259588536425949 -0.41998519905310538 1.0279043442357592 1.6475273301055777
leaf_weight=2590 3061 429 64 765 67 972 75 329 211 73 398 1068 403 200
leaf_count=2590 3061 429 64 765 67 972 75 329 211 73 398 1068 403 200
internal_value=-3.67996e-05 -0.334707 -0.800332 0.247851 0.455396 0.169959 -0.434334 -1.38179 -0.050194 0.375427 0.99487 -0.367261 1.05259 1.23581
internal_weight=10705 4555 1965 6150 3089 2021 1207 758 976 1045 1068 1132 1001 603
internal_count=10705 4555 1965 6150 3089 2021 1207 758 976 1045 1068 1132 1001 603
is_linear=0
shrinkage=0.05


Tree=7
num_leaves=15
num_cat=0
split_feature=71 84 71 84 71 84 69 68 69 43 71 70 67 73
split_gain=321070 221240 238141 147348 98912.2 33356.4 30331.1 23918 20110.2 19526.8 19176.5 16848.5 15922.6 21539.8
threshold=1.0000000180025095e-35 102.91330200000002 -2.8499999999999992 42.523274000000008 2.212499999999999 282.33339050000006 -26.462434338541666 12.984523312653595 -1.0000000180025095e-35 49.875000000000007 3.9875000000000012 9.5888207438604312 -4.6877956874999986 8.1250000000000018
decision_type=2 2 2 2 2 2 2 2 2 2 2 2 2 2
left_child=1 -1 6 -2 7 9 -3 8 -5 11 -6 -4 13 -11
right_child=3 2 5 4 10 -7 -8 -9 -10 12 -12 -13 -14 -15
leaf_value=0.034192542669884231 0.036268441766524842 -1.7990657755123671 -0.027622830348887614 0.0085026415683908986 0.76734523088399176 -1.0811287050897425 -1.0788783969798625 1.1114154870311419 0.42342687916022048 -0.29908128016687968 1.2053276634024579 1.2329479062279991 -0.15305612526075588 -1.2888716475008744
leaf_weight=3244 2445 185 69 529 598 109 750 83 651 202 442 42 1281 75
leaf_count=3244 2445 185 69 529 598 109 750 83 651 202 442 42 1281 75
internal_value=-3.58322e-05 -0.244484 -0.577594 0.306644 0.59355 -0.23762 -1.22315 0.295838 0.237579 -0.181918 0.954467 0.4561 -0.227637 -0.570747
internal_weight=10705 5957 2713 4748 2303 1778 935 1263 1180 1669 1040 111 1558 277
internal_count=10705 5957 2713 4748 2303 1778 935 1263 1180 1669 1040 111 1558 277
is_linear=0
shrinkage=0.05


Tree=8
num_leaves=15
num_cat=0
split_feature=71 84 71 84 71 32 84 24 69 84 47 69 37 70
split_gain=291411 245426 136726 87826.4 154302 32539.3 26905.2 25921.9 25188.7 27218.4 19451.5 19040.1 17721.5 17395.3
threshold=-0.9875000000000006 106.99646450000002 -3.0124999999999988 42.523274000000008 2.1000000000000001 28.137500000000003 287.58038500000004 257.54432450000007 -6.0566992656249985 273.02215500000005 73.320312500000014 -4.2333288020833324 51.875000000000007 17.847190966436539
decision_type=2 2 2 2 2 2 2 2 2 2 2 2 2 2
left_child=1 -1 7 -2 5 8 12 -3 10 -10 -5 -6 -4 -7
right_child=3 2 6 4 11 13 -8 -9 9 -11 -12 -13 -14 -15
leaf_value=0.016594171179267994 0.034619052183542436 -1.507501920742351 0.47106756875864592 0.76362383479163765 0.082864827794187218 0.5231894731935528 -1.304720829270388 -0.91130723815975778 0.26475054729504011 -0.45437087198744897 -0.37520092105898106 0.9549097130129276 -0.38030597475432282 1.7326643270750841
leaf_weight=2590 3061 429 64 41 67 107 75 329 1339 145 353 996 1068 41
leaf_count=2590 3061 429 64 41 67 107 75 329 1339 145 353 996 1068 41
internal_value=-3.82813e-05 -0.303127 -0.724336 0.224458 0.412503 0.156367 -0.393284 -1.25027 0.0998822 0.194227 -0.255061 0.900075 -0.331798 0.867627
internal_weight=10705 4555 1965 6150 3089 2026 1207 758 1878 1484 394 1063 1132 148
internal_count=10705 4555 1965 6150 3089 2026 1207 758 1878 1484 394 1063 1132 148
is_linear=0
shrinkage=0.05


Tree=9
num_leaves=15
num_cat=0
split_feature=71 84 71 84 71 84 24 68 84 69 67 7 58 32
split_gain=263774 182248 194699 121195 79513.8 27719.5 26291.1 21027.4 17624.9 17612.3 17556.6 16509.2 16412.6 17485.5
threshold=1.0000000180025095e-35 102.91330200000002 -2.8499999999999992 42.523274000000008 2.212499999999999 282.33339050000006 257.54432450000007 12.984523312653595 275.36804450000005 11.840655182291668 2.9853009374999995 81.691657500000005 -16.395701000000013 27.437500000000004
decision_type=2 2 2 2 2 2 2 2 2 2 2 2 2 2
left_child=1 -1 6 -2 7 10 -3 8 -5 -6 12 -8 -4 -14
right_child=3 2 5 4 9 -7 11 -9 -10 -11 -12 -13 13 -15
leaf_value=0.031326906452147731 0.032725515515708771 -1.3437779641959049 -0.81202967019308192 0.26983173251731357 0.65520659421313387 -0.98547012448310856 -1.0031421823044517 1.0358917788846331 -0.48201980633395058 1.0697933516023785 0.45416497628718056 -0.29643456812343028 -0.21101527226433739 0.47741789988646605
leaf_weight=3244 2445 523 104 1097 524 109 296 83 83 516 106 116 1361 98
leaf_count=3244 2445 523 104 1097 524 109 296 83 83 516 106 116 1361 98
internal_value=-3.67827e-05 -0.221602 -0.523936 0.277935 0.538137 -0.21653 -1.10765 0.271203 0.216584 0.861735 -0.165752 -0.805366 -0.208057 -0.164478
internal_weight=10705 5957 2713 4748 2303 1778 935 1263 1180 1040 1669 412 1563 1459
internal_count=10705 5957 2713 4748 2303 1778 935 1263 1180 1040 1669 412 1563 1459
is_linear=0
shrinkage=0.05


Tree=10
num_leaves=15
num_cat=0
split_feature=71 84 71 84 71 69 84 24 73 43 24 71 30 51
split_gain=238950 200859 114809 72079.1 125099 27472.6 22947.4 20835.1 19622 23297.9 19495 18219.3 16892.1 16620.8
threshold=-0.9875000000000006 102.91330200000002 -3.0124999999999988 42.523274000000008 2.0625000000000004 -1.0000000180025095e-35 287.58038500000004 257.54432450000007 1.0000000180025095e-35 51.625000000000007 281.72766850000005 5.1000000000000005 19.962500000000002 3.5000000000000004
decision_type=2 2 2 2 2 2 2 2 2 2 2 2 2 2
left_child=1 -1 7 -2 5 10 12 -3 9 -7 -5 -6 -4 -10
right_child=3 2 6 4 11 8 -8 -9 13 -11 -12 -13 -14 -15
leaf_value=0.020215012478540229 0.031266990018817511 -1.3531170157270171 -0.61227281848887771 -0.16378961182133156 0.70912762779634819 1.491306060662976 -1.1899749169616323 -0.82500347561075194 -0.12577016793500881 0.40285881695114467 0.37547644324792184 1.2371511889848767 -0.17782459188246147 0.62333566380530292
leaf_weight=2548 3061 438 303 772 864 53 75 338 312 575 213 204 853 96
leaf_count=2548 3061 438 303 772 864 53 75 338 312 575 213 204 853 96
internal_value=-4.01183e-05 -0.274495 -0.648469 0.203246 0.373602 0.142145 -0.347753 -1.12445 0.321769 0.496943 -0.0469142 0.811049 -0.292129 0.0515831
internal_weight=10705 4555 2007 6150 3089 2021 1231 776 1036 628 985 1068 1156 408
internal_count=10705 4555 2007 6150 3089 2021 1231 776 1036 628 985 1068 1156 408
is_linear=0
shrinkage=0.05


Tree=11
num_leaves=15
num_cat=0
split_feature=71 84 71 84 71 69 69 84 51 44 71 32 67 73
split_gain=215772 158768 134549 81059.8 88977 25813.7 22548 21850.4 18134.6 16677.8 16637.8 16273.4 14867.4 17532.1
threshold=-0.21249999999999855 106.99646450000002 -2.8499999999999992 42.523274000000008 2.1000000000000001 -0.12570920833333388 -26.462434338541666 292.35207400000007 3.5000000000000004 53.031250000000007 3.9875000000000012 28.275000000000002 -4.6877956874999986 4.8750000000000009
decision_type=2 2 2 2 2 2 2 2 2 2 2 2 2 2
left_child=1 -1 6 -2 5 8 -3 9 -5 -4 -6 -7 13 -11
right_child=3 2 7 4 10 11 -8 -9 -10 12 -12 -13 -14 -15
leaf_value=0.014743147707282645 0.029616966108393566 -1.5046722019685284 0.48037444226358128 0.17143122637475847 0.60342712358323036 0.30324912705660068 -0.88139199257776202 -1.2251282996726487 -0.33027657313627734 -0.19644951130418731 1.0072432000468576 1.0990234535187484 -0.14783913408804025 -1.0196665299571113
leaf_weight=2975 2723 184 86 441 621 813 732 52 303 143 442 69 1003 118
leaf_count=2975 2723 184 86 441 621 813 732 52 303 143 442 69 1003 118
internal_value=-3.60417e-05 -0.227002 -0.537138 0.22194 0.416612 0.183863 -1.0081 -0.228937 -0.0330624 -0.189687 0.772124 0.366678 -0.23562 -0.571103
internal_weight=10705 5293 2318 5412 2689 1626 916 1402 744 1350 1063 882 1264 261
internal_count=10705 5293 2318 5412 2689 1626 916 1402 744 1350 1063 882 1264 261
is_linear=0
shrinkage=0.05


Tree=12
num_leaves=15
num_cat=0
split_feature=71 84 71 84 71 84 24 68 70 47 69 69 24 49
split_gain=195472 135887 143412 89910.6 58049.9 22451.7 21161.6 20220.4 17180.1 16996.6 16816.3 15855.9 14643.6 19139.7
threshold=1.0000000180025095e-35 102.91330200000002 -2.8499999999999992 42.523274000000008 2.3874999999999997 275.36804450000005 247.91118100000003 12.984523312653595 7.0452801370723561 80.003906250000014 -4.2333288020833324 -1.0000000180025095e-35 283.25600400000002 3.5000000000000004
decision_type=2 2 2 2 2 2 2 2 2 2 2 2 2 2
left_child=1 -1 6 -2 7 12 9 11 -8 -3 -6 -5 13 -4
right_child=3 2 5 4 10 -7 8 -9 -10 -11 -12 -13 -14 -15
leaf_value=0.027625483923931771 0.028046956424428518 -1.56500438611532 -0.12585957177522064 -0.0068625739228361064 -0.12400597874433375 -0.6646313282596763 -0.072045597703341985 0.94435280079079664 -0.86154399589044317 -0.9146267956671571 0.8064887316828675 0.35344923310488596 0.15036763715355886 -0.70061168496072646
leaf_weight=3244 2445 193 1019 547 51 216 82 96 437 223 919 690 375 168
leaf_count=3244 2445 193 1019 547 51 216 82 96 437 223 919 690 375 168
internal_value=-4.16952e-05 -0.190776 -0.451839 0.23925 0.463366 -0.188008 -0.952803 0.248932 -0.737185 -1.21939 0.757488 0.194243 -0.121716 -0.207727
internal_weight=10705 5957 2713 4748 2303 1778 935 1333 519 416 970 1237 1562 1187
internal_count=10705 5957 2713 4748 2303 1778 935 1333 519 416 970 1237 1562 1187
is_linear=0
shrinkage=0.05


Tree=13
num_leaves=15
num_cat=0
split_feature=71 84 71 84 71 32 84 69 84 24 69 72 62 47
split_gain=177802 149221 83187 53666.6 91335.8 24538.9 18627.9 20275.2 17716.4 17055.8 15646.5 15436.9 15415.9 14566.2
threshold=-0.9875000000000006 106.99646450000002 -3.0124999999999988 42.523274000000008 2.1000000000000001 28.137500000000003 273.02215500000005 -6.0566992656249985 295.90254450000003 257.54432450000007 11.840655182291668 0.93750000000000011 226.92036650000003 70.747395833333357
decision_type=2 2 2 2 2 2 2 2 2 2 2 2 2 2
left_child=1 -1 9 -2 5 6 7 -5 -4 -3 -6 -12 -9 -7
right_child=3 2 8 4 10 13 -8 12 -10 -11 11 -13 -14 -15
leaf_value=0.01250287731088603 0.02690822887584168 -1.1839930726488144 -0.26779713310724651 -0.2130013482140122 0.50663151989208055 1.2085416769490966 -0.38260690350499421 0.15072081923057279 -1.2490835830569269 -0.70081471410382434 0.709715737669113 1.3045126082375647 0.64716218960219329 0.21430182204594916
leaf_weight=2590 3061 429 1160 342 539 78 197 1159 47 329 365 159 180 70
leaf_count=2590 3061 429 1160 342 539 78 197 1159 47 329 365 159 180 70
internal_value=-5.23362e-05 -0.2368 -0.565236 0.175305 0.3223 0.125233 0.0761878 0.13015 -0.30701 -0.975475 0.697424 0.892339 0.21789 0.742887
internal_weight=10705 4555 1965 6150 3089 2026 1878 1681 1207 758 1063 524 1339 148
internal_count=10705 4555 1965 6150 3089 2026 1878 1681 1207 758 1063 524 1339 148
is_linear=0
shrinkage=0.05


Tree=14
num_leaves=15
num_cat=0
split_feature=71 84 71 84 71 32 70 70 24 36 51 84 71 25
split_gain=160524 134831 77309.4 48457.1 82454.3 22179.4 18421.9 16877.4 20117.3 20054 16001.7 15654.9 15271.3 13836.7
threshold=-0.9875000000000006 102.91330200000002 -2.9875000000000003 42.523274000000008 2.1000000000000001 28.137500000000003 11.387429605871679 8.1032710679429751 282.20391600000005 20.938671875000004 3.5000000000000004 287.58038500000004 5.1000000000000005 105.36956620720093
decision_type=2 2 2 2 2 2 2 2 2 2 2 2 2 2
left_child=1 -1 6 -2 5 7 -3 9 -9 -5 -10 -4 -6 -7
right_child=3 2 11 4 12 13 -8 8 10 -11 -12 -13 -14 -15
leaf_value=0.016462160712023981 0.025563257322406399 -0.52408841131997386 -0.19891248550175433 -0.21226014048311015 0.56907914314169961 0.07490163557231426 -1.016430787488378 -0.261831626187848 0.082120207235408582 0.34549350113405375 1.0527315336222551 -1.0055079884361475 1.0520684382987278 1.0748123550034585
leaf_weight=2548 3061 275 1027 206 859 55 642 574 320 730 48 63 204 93
leaf_count=2548 3061 275 1027 206 859 55 642 574 320 730 48 63 204 93
internal_value=-4.60592e-05 -0.224997 -0.531398 0.166573 0.306252 0.119011 -0.869514 0.0723838 -0.0769976 0.222645 0.211232 -0.246411 0.662671 0.70622
internal_weight=10705 4555 2007 6150 3089 2026 917 1878 942 936 368 1090 1063 148
internal_count=10705 4555 2007 6150 3089 2026 917 1878 942 936 368 1090 1063 148
is_linear=0
shrinkage=0.05


Tree=15
num_leaves=15
num_cat=0
split_feature=71 84 71 84 71 69 84 24 47 24 70 84 24 49
split_gain=145953 102241 105993 67288.1 42953.8 25714 21335.4 18700.2 17840.3 16006.9 14109.6 13532.1 12426.9 17357.4
threshold=1.0000000180025095e-35 100.84499500000001 -3.3625000000000003 42.523274000000008 3.9875000000000012 -1.0000000180025095e-35 292.35207400000007 245.28664100000003 78.115885416666671 256.69117850000004 12.286321722767662 275.02512300000006 278.56941200000006 3.5000000000000004
decision_type=2 2 2 2 2 2 2 2 2 2 2 2 2 2
left_child=1 -1 10 -2 5 -5 7 -4 12 -10 -3 -7 13 -9
right_child=3 2 6 4 -6 11 -8 8 9 -11 -12 -13 -14 -15
leaf_value=0.026780173389286926 0.024022679629744026 -0.52098885360148439 -0.52601512866094713 0.034876255132830776 0.84328187944418254 0.46261899718213562 -1.0867833971074135 -0.015064976654862297 0.11478881129984096 -0.44640404756156676 -1.0342797345975672 -0.35625685914507454 0.25414564083452235 -0.86940814439040526
leaf_weight=3210 2445 182 313 629 442 1180 65 528 170 498 544 52 381 66
leaf_count=3210 2445 182 313 629 442 1180 65 528 170 498 544 52 381 66
internal_value=-3.8739e-05 -0.164853 -0.388713 0.206733 0.400615 0.295082 -0.202354 -0.172423 -0.104783 -0.303627 -0.906497 0.427795 0.0316229 -0.111294
internal_weight=10705 5957 2747 4748 2303 1861 2021 1956 1643 668 726 1232 975 594
internal_count=10705 5957 2747 4748 2303 1861 2021 1956 1643 668 726 1232 975 594
is_linear=0
shrinkage=0.05


Tree=16
num_leaves=15
num_cat=0
split_feature=71 84 24 0 58 69 84 73 84 47 24 44 61 16
split_gain=132630 125377 43138.5 40319.2 33857.5 30517.6 50885.5 28246.1 24985.8 20510.7 19624.6 19340.2 14858.5 13368.3
threshold=-1.2375000000000005 107.63568900000001 247.91118100000003 272.41065350000002 -8.8124470000000041 11.840655182291668 42.523274000000008 -6.6249999999999991 272.07054550000004 76.986979166666671 299.02505250000007 57.281250000000007 168.01043050000001 254.51748800000004
decision_type=2 2 2 2 2 2 2 2 2 2 2 2 2 2
left_child=1 -1 -3 5 -4 8 -7 -5 12 -6 11 -8 -2 -11
right_child=3 2 4 7 9 6 10 -9 -10 13 -12 -13 -14 -15
leaf_value=0.0066813146737712357 0.047449998336041563 -0.95606467995763289 -0.80006600577934561 0.94321923300204991 0.098153279132675381 0.023070834706927733 1.6945942260600901 0.15902587593121587 -0.45170076269519016 -0.23239317356528116 0.15333206729987001 0.68246651058261842 0.46179665146018112 -0.83499316015957514
leaf_weight=2205 4629 507 351 248 319 722 53 214 243 276 157 417 226 138
leaf_count=2205 4629 507 351 248 319 722 53 214 243 276 157 417 226 138
internal_value=-5.12565e-05 -0.237449 -0.575585 0.130397 -0.396913 0.0980137 0.309397 0.581106 0.0420291 -0.203035 0.638544 0.799956 0.0668289 -0.434788
internal_weight=10705 3796 1591 6909 1084 6447 1349 462 5098 733 627 470 4855 414
internal_count=10705 3796 1591 6909 1084 6447 1349 462 5098 733 627 470 4855 414
is_linear=0
shrinkage=0.05


Tree=17
num_leaves=15
num_cat=0
split_feature=71 84 71 84 71 69 84 24 49 37 24 65 25 84
split_gain=120682 84626 87590.3 56520.8 36191.2 21601.2 17479.3 14897.4 22702.4 17201.5 14646.7 15910.3 14421.3 12057.1
threshold=1.0000000180025095e-35 100.84499500000001 -3.1499999999999999 42.523274000000008 3.9875000000000012 -1.0000000180025095e-35 292.35207400000007 278.56941200000006 3.5000000000000004 53.125000000000007 286.87046450000008 -4.1929924166666659 103.71908670936379 273.02215500000005
decision_type=2 2 2 2 2 2 2 2 2 2 2 2 2 2
left_child=1 -1 12 -2 5 -5 7 8 -4 -9 -11 -12 -3 -7
right_child=3 2 6 4 -6 13 -8 9 -10 10 11 -13 -14 -15
leaf_value=0.024433360819373317 0.020521997142573994 -0.89005108418580703 -0.15474666898159117 0.030313974203216656 0.77199652343147496 0.42676928780622725 -0.98989779444527815 1.0508856659843808 -0.74679287764477864 0.24521765721626437 -1.104503142164678 -0.075720035079066744 -0.25413863360172229 -0.27980957739055157
leaf_weight=3210 2445 668 1215 629 442 1169 63 41 186 260 48 162 104 63
leaf_count=3210 2445 668 1215 629 442 1169 63 41 186 260 48 162 104 63
internal_value=-4.4048e-05 -0.149912 -0.353577 0.187977 0.36567 0.268802 -0.176872 -0.14958 -0.233825 0.0813984 -0.0052255 -0.314991 -0.804824 0.39044
internal_weight=10705 5957 2747 4748 2303 1861 1975 1912 1401 511 470 210 772 1232
internal_count=10705 5957 2747 4748 2303 1861 1975 1912 1401 511 470 210 772 1232
is_linear=0
shrinkage=0.05


Tree=18
num_leaves=15
num_cat=0
split_feature=71 84 71 84 71 44 68 69 84 84 83 47 7 22
split_gain=109390 81007.9 75588.1 42005.7 45033.3 23394.4 17308.1 16822.5 15858.6 14849.9 16742.1 13616.3 17345.4 16883.9
threshold=-0.21249999999999855 87.746388500000009 -3.3625000000000003 42.523274000000008 2.1000000000000001 53.031250000000007 12.830171362394831 -6.3806897187500011 260.0556155000001 299.97504500000008 247.36838000000003 71.899739583333357 95.011249000000007 144.81875300520838
decision_type=2 2 2 2 2 2 2 2 2 2 2 2 2 2
left_child=1 -1 -3 -2 6 -4 7 -5 -9 10 -7 12 13 -6
right_child=3 2 5 4 11 9 -8 8 -10 -11 -12 -13 -14 -15
leaf_value=0.026171016116607972 0.01955428410556698 -0.78278368174012658 0.51625805129339031 -0.28871627111576714 1.2463659566729817 -0.33777344257131148 0.82722285284715547 0.25459057523637951 -0.17534168705522904 -1.1199988240781038 -0.0094456632467816559 0.37611667397617915 0.41576641111839879 0.38504536240020903
leaf_weight=2754 2723 759 110 241 200 984 84 1031 270 45 641 547 235 81
leaf_count=2754 2723 759 110 241 200 984 84 1031 270 45 641 547 235 81
internal_value=-5.08378e-05 -0.161655 -0.365316 0.158 0.298138 -0.186966 0.132553 0.0942 0.165299 -0.233567 -0.208346 0.551058 0.735424 1.00033
internal_weight=10705 5293 2539 5412 2689 1780 1626 1542 1301 1670 1625 1063 516 281
internal_count=10705 5293 2539 5412 2689 1780 1626 1542 1301 1670 1625 1063 516 281
is_linear=0
shrinkage=0.05


Tree=19
num_leaves=15
num_cat=0
split_feature=71 84 71 0 84 73 69 84 45 24 37 7 58 46
split_gain=99353.2 94189.7 40851.4 31178.1 24532.9 23173.7 21974.8 42436.5 21892.3 18754.8 15657.3 13506.7 14957.9 13189.9
threshold=-1.1874999999999998 90.300388000000012 -3.9875000000000003 272.41065350000002 277.88047750000004 -6.6249999999999991 11.840655182291668 42.523274000000008 53.552083333333336 299.02505250000007 56.375000000000007 81.691657500000005 1.1413169999999939 84.338541666666671
decision_type=2 2 2 2 2 2 2 2 2 2 2 2 2 2
left_child=1 -1 -3 4 6 -5 -2 -8 -4 10 -9 12 -10 -14
right_child=3 2 8 5 -6 -7 7 9 11 -11 -12 -13 13 -15
leaf_value=0.024981520573899477 0.051490647734290601 -0.79436350005603806 0.78961032210538784 0.83785245886753246 -0.53853296707202858 0.12676509365996466 0.019871121752146698 1.5336562940052578 -0.73440939803322791 0.1123404996905806 0.63522807719776098 -0.15664572263514095 -0.011237947052135506 -0.91208392703332586
leaf_weight=2064 4928 632 44 248 153 213 722 55 316 157 403 533 186 51
leaf_count=2064 4928 632 44 248 153 213 722 55 316 157 403 533 186 51
internal_value=-4.19777e-05 -0.204259 -0.472652 0.113554 0.0849816 0.510288 0.100292 0.279995 -0.292179 0.584849 0.746224 -0.336694 -0.509635 -0.208109
internal_weight=10705 3826 1762 6879 6418 461 6265 1337 1130 615 458 1086 553 237
internal_count=10705 3826 1762 6879 6418 461 6265 1337 1130 615 458 1086 553 237
is_linear=0
shrinkage=0.05


Tree=20
num_leaves=15
num_cat=0
split_feature=71 84 71 84 71 24 69 58 80 58 32 73 36 69
split_gain=90272.2 63648 63732.7 43222.5 28034.8 18343.4 16717.5 15077.6 13748.9 13487.4 12972.8 10609.4 11712.5 14294.2
threshold=1.0000000180025095e-35 111.23267650000001 -2.5124999999999988 42.523274000000008 3.9000000000000008 257.54432450000007 -1.0000000180025095e-35 -11.200341999999997 -0.70710678118654757 -6.3055149999999847 28.987500000000004 -8.8749999999999982 24.348177083333336 13.093148609375001
decision_type=2 2 2 2 2 2 2 2 2 2 2 2 2 2
left_child=1 -1 5 -2 6 9 -5 -4 -7 -3 -9 -8 13 -13
right_child=3 2 7 4 -6 8 11 10 -10 -11 -12 12 -14 -15
leaf_value=0.013555181629262872 0.01614511190766647 -1.415205673284309 -0.58848152508475837 0.022559807915684016 0.67359874088492178 0.044588210622942638 0.62917842070409469 -0.10303341827994004 -0.57345062472970321 -0.72323971835590184 0.69382702105169036 0.26824620001845889 0.019231163011006785 0.85185537023454827
leaf_weight=3370 2445 85 157 629 446 125 251 1412 319 437 52 521 325 131
leaf_count=3370 2445 85 157 629 446 125 251 1412 319 437 52 521 325 131
internal_value=-3.52807e-05 -0.129653 -0.316138 0.16258 0.31797 -0.637407 0.232241 -0.12441 -0.399744 -0.838407 -0.0742754 0.339538 0.264559 0.38663
internal_weight=10705 5957 2587 4748 2303 966 1857 1621 444 522 1464 1228 977 652
internal_count=10705 5957 2587 4748 2303 966 1857 1621 444 522 1464 1228 977 652
is_linear=0
shrinkage=0.05


Tree=21
num_leaves=15
num_cat=0
split_feature=71 84 71 84 71 58 32 24 70 36 29 36 47 71
split_gain=81812.5 68881.8 40032.8 26054.3 44221.2 16617.6 16408.2 14726.8 14451.4 14171.2 14347.2 13438.3 11936.1 11927.9
threshold=-0.9875000000000006 115.12907800000001 -3.9875000000000003 42.523274000000008 1.8625000000000009 -12.292575499999982 27.987500000000004 225.57054350000001 8.1032710679429751 22.857812500000005 22.012500000000003 20.938671875000004 71.716145833333357 5.7750000000000012
decision_type=2 2 2 2 2 2 2 2 2 2 2 2 2 2
left_child=1 -1 -3 -2 6 -4 8 -7 11 -6 -11 -5 -9 -12
right_child=3 2 5 4 9 7 -8 12 -10 10 13 -13 -14 -15
leaf_value=0.0018839255209624813 0.01551909733364136 -0.75987993213632032 -0.67035943786002172 -0.20471841971656041 0.1449095731195158 -0.58915399001704327 0.55299764259967932 0.45557893091875523 -0.14127189068775212 0.84262251973782176 0.32578040080193382 0.26925020464703348 -0.15219248556669862 0.86848791731429886
leaf_weight=2682 3061 532 197 195 311 179 152 88 792 271 615 632 877 121
leaf_count=2682 3061 532 197 195 311 179 152 88 792 271 615 632 877 121
internal_value=-3.43131e-05 -0.160627 -0.393209 0.118916 0.221337 -0.247286 0.0580647 -0.173909 0.0112852 0.440517 0.531577 0.15738 -0.0963545 0.41606
internal_weight=10705 4555 1873 6150 3089 1341 1771 1144 1619 1318 1007 827 965 736
internal_count=10705 4555 1873 6150 3089 1341 1771 1144 1619 1318 1007 827 965 736
is_linear=0
shrinkage=0.05


Tree=22
num_leaves=15
num_cat=0
split_feature=71 84 84 21 24 69 84 24 49 24 73 56 84 47
split_gain=74540 80101.1 29063.4 33239.4 25199.2 19921 28417.2 19948.9 17038.6 16763.9 14076.1 13765.6 13481.5 12211.3
threshold=-2.0499999999999985 90.300388000000012 282.33339050000006 95.946912161223239 273.57706450000006 11.840655182291668 42.523274000000008 299.02505250000007 3.5000000000000004 246.78300350000004 10.875000000000002 15.824862000000012 239.59825550000002 72.497395833333357
decision_type=2 2 2 2 2 2 2 2 2 2 2 2 2 2
left_child=1 -1 3 5 8 -2 -7 12 9 -3 13 -5 -8 -6
right_child=2 4 -4 11 10 6 7 -9 -10 -11 -12 -13 -14 -15
leaf_value=0.022477609616117149 0.02711468676727042 -0.81811164372474066 -0.69235454414440101 0.30047491804480253 0.98029555861166751 0.01675485100712773 0.75071166799541955 0.019971259542691865 -1.0124356669261743 -0.32094240063892521 -0.39923994284037545 0.94863915992769565 0.12169082614405236 -0.078237642680605263
leaf_weight=1471 6094 286 120 197 42 740 410 189 240 420 173 141 108 74
leaf_count=1471 6094 286 120 197 42 740 410 189 240 420 173 141 108 74
internal_value=-2.8117e-05 -0.226822 0.0767133 0.0885129 -0.523539 0.0667304 0.233437 0.459889 -0.64827 -0.523218 -0.114424 0.572864 0.620052 0.310127
internal_weight=10705 2706 7999 7879 1235 7541 1447 707 946 706 289 338 518 116
internal_count=10705 2706 7999 7879 1235 7541 1447 707 946 706 289 338 518 116
is_linear=0
shrinkage=0.05


Tree=23
num_leaves=15
num_cat=0
split_feature=71 84 71 84 71 84 84 31 44 36 32 14 67 83
split_gain=68284.2 48776.1 47863 33055.1 22565.3 15216.4 14824.2 16141.3 19585.8 19344.3 17948.2 15750.4 13039.1 12107.3
threshold=1.0000000180025095e-35 100.84499500000001 -3.5624999999999996 42.523274000000008 3.9875000000000012 299.97504500000008 279.36115750000005 21.112500000000004 52.156250000000007 24.348177083333336 20.987500000000004 264.28598633333337 1.5174142500000005 247.36838000000003
decision_type=2 2 2 2 2 2 2 2 2 2 2 2 2 2
left_child=1 -1 -3 -2 6 12 7 -5 -9 10 -10 -11 13 -4
right_child=3 2 5 4 -6 -7 -8 8 9 11 -12 -13 -14 -15
leaf_value=0.019601655336359661 0.013345230982858973 -0.63166945563349464 -0.26445812294983939 -0.019963892238016007 0.59812418045160731 -1.0095895605087282 -0.54149766454329862 0.99870706319200753 0.13613126805977591 0.10593759442668881 0.63418970186027768 -0.88675356236371128 0.32075229994705973 -0.0038934157656584849
leaf_weight=3210 2445 678 1137 482 442 49 64 97 315 434 426 43 150 733
leaf_count=3210 2445 678 1137 482 442 49 64 97 315 434 426 43 150 733
internal_value=-2.73329e-05 -0.112759 -0.26738 0.141404 0.277294 -0.147757 0.200814 0.227538 0.318203 0.263234 0.422933 0.0147818 -0.126362 -0.162379
internal_weight=10705 5957 2747 4748 2303 2069 1861 1797 1315 1218 741 477 2020 1870
internal_count=10705 5957 2747 4748 2303 2069 1861 1797 1315 1218 741 477 2020 1870
is_linear=0
shrinkage=0.05


Tree=24
num_leaves=15
num_cat=0
split_feature=71 84 30 0 84 83 84 36 44 47 37 80 56 58
split_gain=61962.6 59623.9 26946.9 21527.1 20155 19850.1 21210.8 19594.6 18066.7 17357.3 18366.4 16489.7 12955.1 11102.6
threshold=-1.2375000000000005 90.300388000000012 19.912500000000005 272.41065350000002 270.38757000000004 241.49687000000003 252.47833200000002 23.030078125000003 53.906250000000007 76.108072916666671 49.875000000000007 -0.58216583101416131 -33.52329799999999 2.1186009999999986
decision_type=2 2 2 2 2 2 2 2 2 2 2 2 2 2
left_child=1 -1 12 4 5 -2 -7 -5 -4 10 -9 -10 -3 -13
right_child=3 2 8 7 -6 6 -8 9 11 -11 -12 13 -14 -15
leaf_value=0.020799320714030983 0.043139386616890284 -0.92963076272620215 0.6869880131393109 -0.30100919599585896 -0.32396449269844763 0.46804627034609947 0.027942422183744087 0.91431829281217236 -0.055500584423746349 1.2723563249682037 0.11759884831004691 -0.60573568621726892 -0.46800183220982855 -0.062433669535676022
leaf_weight=2048 5019 222 52 78 315 628 485 112 489 70 202 364 494 127
leaf_count=2048 5019 222 52 78 315 628 485 112 489 70 202 364 494 127
internal_value=-2.84464e-05 -0.162291 -0.376694 0.089134 0.0654727 0.0855276 0.276464 0.418462 -0.212846 0.565007 0.403779 -0.261244 -0.61223 -0.46562
internal_weight=10705 3796 1748 6909 6447 6132 1113 462 1032 384 314 980 716 491
internal_count=10705 3796 1748 6909 6447 6132 1113 462 1032 384 314 980 716 491
is_linear=0
shrinkage=0.05


Tree=25
num_leaves=15
num_cat=0
split_feature=71 84 71 84 68 69 24 47 7 70 51 58 67 70
split_gain=56778.3 40432.1 37598.9 28458.2 19615.7 16682.7 15261.2 12867.9 12489.1 10897.1 10781.7 10541.2 10567.2 10488.7
threshold=1.0000000180025095e-35 104.55790450000002 -2.3625000000000003 42.523274000000008 10.496317830151206 -0.66454532812499967 247.91118100000003 79.269531250000014 108.56920100000001 7.7766569847183202 1.5000000000000002 -11.200341999999997 -3.9761081874999982 7.0452801370723561
decision_type=2 2 2 2 2 2 2 2 2 2 2 2 2 2
left_child=1 -1 6 -2 5 9 7 -3 10 -5 -6 12 -4 -8
right_child=3 2 11 4 8 -7 13 -9 -10 -11 -12 -13 -14 -15
leaf_value=0.015388691081691675 0.010123068868477303 -1.0125729316884342 -1.1238353029541348 0.18381968075991609 0.1706210916015235 0.27830769321937104 0.10940177352764668 -0.4616954137476123 0.19950589292815754 -0.26640339205893049 0.90294069383455366 -0.054252156793766021 -0.21732586626979439 -0.41652575984962437
leaf_weight=3267 2445 191 45 255 65 1305 116 244 167 282 229 1476 109 509
leaf_count=3267 2445 191 45 255 65 1305 116 244 167 282 229 1476 109 509
internal_value=-2.32653e-05 -0.10282 -0.246336 0.128943 0.25503 0.181842 -0.478 -0.705343 0.546438 -0.052666 0.742161 -0.095483 -0.487757 -0.318895
internal_weight=10705 5957 2690 4748 2303 1842 1060 435 461 537 294 1630 154 625
internal_count=10705 5957 2690 4748 2303 1842 1060 435 461 537 294 1630 154 625
is_linear=0
shrinkage=0.05


Tree=26
num_leaves=15
num_cat=0
split_feature=71 84 71 84 71 39 84 67 83 84 31 44 36 70
split_gain=51262 36564.4 40149.1 25690.5 18709.9 15678.8 13991.9 13133.4 15218.4 12423.8 13430.5 16982.4 17094.4 15730.4
threshold=1.0000000180025095e-35 87.746388500000009 -3.9875000000000003 42.523274000000008 3.9875000000000012 50.375000000000007 299.97504500000008 1.4133323125000004 247.36838000000003 279.36115750000005 21.112500000000004 52.156250000000007 24.348177083333336 18.044551323038437
decision_type=2 2 2 2 2 2 2 2 2 2 2 2 2 2
left_child=1 -1 -3 -2 9 -4 7 8 -7 10 -5 -12 13 -13
right_child=3 2 5 4 -6 6 -8 -9 -10 -11 11 12 -14 -15
leaf_value=0.022869764025584841 0.0096171220913773073 -0.57702718127112818 0.52797811315818277 -0.028596711644081414 0.53443974998851074 -0.2785084391874626 -0.95556298066984935 0.29162520257911334 0.0082365149211509042 -0.50683244450734211 0.91345695163674501 0.30164321539262295 -0.0048341855303984469 1.0712969953949387
leaf_weight=3059 2445 632 87 482 442 1212 52 167 748 64 97 668 477 73
leaf_count=3059 2445 632 87 482 442 1212 52 167 748 64 97 668 477 73
internal_value=-2.99595e-05 -0.0977053 -0.224943 0.122512 0.242311 -0.126533 -0.152896 -0.132833 -0.169129 0.172678 0.197147 0.279851 0.228683 0.378808
internal_weight=10705 5957 2898 4748 2303 2266 2179 2127 1960 1861 1797 1315 1218 741
internal_count=10705 5957 2898 4748 2303 2266 2179 2127 1960 1861 1797 1315 1218 741
is_linear=0
shrinkage=0.05


Tree=27
num_leaves=15
num_cat=0
split_feature=71 84 84 21 24 49 69 84 24 24 47 73 84 56
split_gain=46508 49831.2 21430.9 25455.3 19272.8 14540.4 13777.6 19437 16382.3 12985.5 11398.6 12045.9 10353.5 9683.4
threshold=-2.0499999999999985 90.300388000000012 282.33339050000006 95.946912161223239 273.57706450000006 3.5000000000000004 11.840655182291668 42.523274000000008 299.02505250000007 246.78300350000004 77.423177083333357 10.875000000000002 239.59825550000002 15.824862000000012
decision_type=2 2 2 2 2 2 2 2 2 2 2 2 2 2
left_child=1 -1 3 6 5 9 -2 -8 12 -3 11 -6 -9 -5
right_child=2 4 -4 13 10 -7 7 8 -10 -11 -12 -13 -14 -15
leaf_value=0.017466249138764715 0.018722376842321056 -0.66639727428847539 -0.59980682173112709 0.26602301832424907 0.63850788862966912 -0.85836875601613682 0.011105390938247747 0.63722429115171131 -0.020861886845607511 -0.22913957140242547 -0.45102929808428077 -0.18330023165564149 0.086218042378452694 0.80980324512609936
leaf_weight=1471 6094 286 120 197 81 240 740 410 189 420 111 97 108 141
leaf_count=1471 6094 286 120 197 81 240 740 410 189 420 111 97 108 141
internal_value=-2.2251e-05 -0.179166 0.0605954 0.0707284 -0.413197 -0.522271 0.0516674 0.190305 0.377589 -0.406964 -0.0555899 0.192147 0.52273 0.494586
internal_weight=10705 2706 7999 7879 1235 946 7541 1447 707 706 289 178 518 338
internal_count=10705 2706 7999 7879 1235 946 7541 1447 707 706 289 178 518 338
is_linear=0
shrinkage=0.05


Tree=28
num_leaves=15
num_cat=0
split_feature=67 84 12 73 84 47 69 37 19 84 69 81 58 30
split_gain=43676.1 39809.2 27578.7 24013 13039.4 12639.6 17383.1 10978.6 12786.6 13339.9 10488.8 10427.4 9951.72 9745.51
threshold=-2.6006390416666663 77.844594000000015 252.87840800000001 14.875000000000002 272.07054550000004 72.708333333333357 -7.5074251354166668 44.375000000000007 115.78381500000002 273.02215500000005 -17.644610546874997 -0.8783796973249266 -9.6044139999999896 19.712500000000002
decision_type=2 2 2 2 2 2 2 2 2 2 2 2 2 2
left_child=1 -1 4 5 10 6 -3 -4 9 -9 11 -2 -8 -5
right_child=2 3 7 13 -6 -7 12 8 -10 -11 -12 -13 -14 -15
leaf_value=0.016339465744591837 -0.78087568923428252 0.89889854541314507 0.80867683125416878 -0.91359549870296408 -0.33322166859861313 -0.28895046740787866 -0.79948000141033315 0.50876993832382211 0.066682314085765679 -0.1319206623854686 0.051403088376803831 -0.062651245130561528 0.13297464965989717 -0.43473099863303527
leaf_weight=1653 73 55 91 195 245 929 40 488 550 97 5795 160 94 240
leaf_count=1653 73 55 91 195 245 929 40 488 550 97 5795 160 94 240
internal_value=-2.35849e-05 -0.154456 0.0660118 -0.336143 0.0236035 -0.213165 0.158906 0.282804 0.239967 0.402492 0.038159 -0.29005 -0.14923 -0.650997
internal_weight=10705 3206 7499 1553 6273 1118 189 1226 1135 585 6028 233 134 435
internal_count=10705 3206 7499 1553 6273 1118 189 1226 1135 585 6028 233 134 435
is_linear=0
shrinkage=0.05


Tree=29
num_leaves=15
num_cat=0
split_feature=71 84 67 84 73 34 71 84 84 31 31 70 39 18
split_gain=39490.4 28271.2 28200.2 20885.8 17531.7 16135.3 15486.6 13065.2 10044.7 11894.6 14450.2 13380.7 11209.1 16474.6
threshold=1.0000000180025095e-35 111.23267650000001 -6.4619043958333302 42.523274000000008 4.8750000000000009 19.077083333333338 3.9875000000000012 295.90254450000003 275.36804450000005 21.112500000000004 22.437500000000004 18.044551323038437 52.375000000000007 203.63793568750003
decision_type=2 2 2 2 2 2 2 2 2 2 2 2 2 2
left_child=1 -1 4 -2 -3 -4 8 -7 9 -5 11 -11 -12 -14
right_child=3 2 5 6 -6 7 -8 -9 -10 10 12 -13 13 -15
leaf_value=0.0096853376980080823 0.005736555413435155 -0.11181640914380866 -0.37123304176700955 -0.032378874349933064 -0.63433181365331015 0.0041453527981226137 0.48131489041629277 -0.88100791538870615 -0.31611462604289753 0.38737223379757107 0.85357860524546025 1.1953021864406765 0.16762471823954189 -0.80406855913284037
leaf_weight=3370 2445 235 434 476 509 1367 442 42 107 268 54 63 848 45
leaf_count=3370 2445 235 434 476 509 1367 442 42 107 268 54 63 848 45
internal_value=-2.82982e-05 -0.0857582 -0.210045 0.107527 -0.469662 -0.105043 0.215544 -0.0228457 0.152197 0.180929 0.260341 0.544285 0.160626 0.117815
internal_weight=10705 5957 2587 4748 744 1843 2303 1409 1861 1754 1278 331 947 893
internal_count=10705 5957 2587 4748 744 1843 2303 1409 1861 1754 1278 331 947 893
is_linear=0
shrinkage=0.05


Tree=30
num_leaves=15
num_cat=0
split_feature=67 84 12 73 71 84 47 69 43 18 84 58 30 70
split_gain=36522.5 33344.1 23354 20237.2 11624.1 20501.9 11110 15468.5 9880.5 12225.7 12703.6 8764.27 8573.13 8390.49
threshold=-2.6006390416666663 77.844594000000015 252.87840800000001 14.875000000000002 1.8125000000000002 42.523274000000008 72.708333333333357 -7.5074251354166668 45.375000000000007 219.52107527083334 271.40114750000004 -9.6044139999999896 19.812500000000004 14.54420179578752
decision_type=2 2 2 2 2 2 2 2 2 2 2 2 2 2
left_child=1 -1 4 6 -2 -6 7 -3 -4 10 -10 -9 -5 -8
right_child=2 3 8 12 5 -7 13 11 9 -11 -12 -13 -14 -15
leaf_value=0.015065305635363749 -0.025918691044099881 0.85222242495843359 0.76770984627557615 -0.83057152453252092 0.0063389779212974021 0.34157551649746726 -0.15788332639479793 -0.74675506128043667 0.52744259991361997 0.06967883873029472 -0.075067137846989304 0.12828280841049397 -0.38337403381324336 -0.47565965371768154
leaf_weight=1653 4233 55 88 206 1353 687 615 40 408 619 111 94 229 314
leaf_count=1653 4233 55 88 206 1353 687 615 40 408 619 111 94 229 314
internal_value=-2.70987e-05 -0.141248 0.0603588 -0.307528 0.0213336 0.119347 -0.194633 0.154181 0.259856 0.219945 0.398686 -0.136519 -0.59657 -0.265687
internal_weight=10705 3206 7499 1553 6273 2040 1118 189 1226 1138 519 134 435 929
internal_count=10705 3206 7499 1553 6273 2040 1118 189 1226 1138 519 134 435 929
is_linear=0
shrinkage=0.05


Tree=31
num_leaves=15
num_cat=0
split_feature=67 84 12 73 84 47 69 32 29 74 65 69 81 39
split_gain=32973.8 30103.4 21086.3 18275.7 11221.1 10031.5 13989.8 9574.62 15371.8 11070.3 14119.7 8973.67 9156.72 8382.9
threshold=-2.6006390416666663 77.844594000000015 252.87840800000001 14.875000000000002 269.76935550000002 72.708333333333357 -7.5074251354166668 27.987500000000004 22.012500000000003 -6.1249999999999991 5.0940865416666625 -17.644610546874997 -0.8783796973249266 54.375000000000007
decision_type=2 2 2 2 2 2 2 2 2 2 2 2 2 2
left_child=1 -1 4 5 11 6 -3 8 -4 -9 -11 12 -2 -8
right_child=2 3 7 -5 -6 -7 13 9 -10 10 -12 -13 -14 -15
leaf_value=0.014312495647686361 -0.72989450646060949 0.81037221827677319 0.45943577638862276 -0.56688031116756832 -0.27657379907595836 -0.2524367220896066 0.30648155090872381 1.0850772481540154 -0.0035300826999492365 0.93185233561059422 0.16935995035476503 0.047474665674779204 -0.051319702478503093 -0.48313179806868239
leaf_weight=1653 73 55 265 435 302 929 60 57 550 77 277 5746 152 74
leaf_count=1653 73 55 265 435 302 929 60 57 550 77 277 5746 152 74
internal_value=-2.56829e-05 -0.13421 0.0573516 -0.292204 0.0202695 -0.184919 0.146533 0.246916 0.147383 0.443449 0.337371 0.035327 -0.273735 -0.129922
internal_weight=10705 3206 7499 1553 6273 1118 189 1226 815 411 354 5971 225 134
internal_count=10705 3206 7499 1553 6273 1118 189 1226 815 411 354 5971 225 134
is_linear=0
shrinkage=0.05


Tree=32
num_leaves=15
num_cat=0
split_feature=71 84 67 84 68 69 84 6 33 73 45 84 79 14
split_gain=30389.6 22515.9 20739.9 14109.2 18064.9 17929.2 13863.5 13902.4 13349.9 11716.8 11339.4 10889.7 10794.8 9747.21
threshold=-0.21249999999999855 115.12907800000001 -5.183004562499999 42.523274000000008 10.05983920261029 -6.2117165312500005 96.925260500000022 85.716390500000003 19.065625000000004 4.8750000000000009 49.020833333333336 295.90254450000003 -0.81241147629689037 264.28598633333337
decision_type=2 2 2 2 2 2 2 2 2 2 2 2 2 2
left_child=1 -1 9 -2 5 -5 7 -7 -4 -3 -8 -10 -6 -12
right_child=3 2 8 4 12 6 10 -9 11 -11 13 -13 -14 -15
leaf_value=0.0021612129691339355 0.0030532663526005293 -0.13006540696158653 -0.34226651417173104 -0.27315865922786486 0.77433830625522215 1.0081544278319492 0.72719103909920957 0.2509942675656861 0.034810812342742969 -0.54291569131784578 0.09952088816038844 -0.79672213385744795 0.27415793112362036 -0.49621136192646298
leaf_weight=3082 2723 253 387 276 160 85 68 209 991 540 1487 40 333 71
leaf_count=3082 2723 253 387 276 160 85 68 209 991 540 1487 40 333 71
internal_value=-1.75775e-05 -0.0851953 -0.206911 0.0832875 0.164505 0.102996 0.157182 0.472577 -0.0922711 -0.411529 0.0998992 0.00180884 0.437727 0.0720718
internal_weight=10705 5293 2211 5412 2689 2196 1920 294 1418 793 1626 1031 493 1558
internal_count=10705 5293 2211 5412 2689 2196 1920 294 1418 793 1626 1031 493 1558
is_linear=0
shrinkage=0.05


Tree=33
num_leaves=15
num_cat=0
split_feature=71 84 24 84 62 58 47 69 84 24 8 58 74 69
split_gain=27544.7 27331.1 13860 13165.3 17656.3 13032.4 10906.8 8350.95 14297.5 14086.3 9852.2 8378.73 9126.68 8333.94
threshold=-1.2375000000000005 118.75722600000002 247.91118100000003 277.88047750000004 230.22416750000002 -8.8124470000000041 77.669270833333357 11.840655182291668 42.523274000000008 299.02505250000007 74.40643900000002 -13.058172000000011 -6.1249999999999991 17.283248536458334
decision_type=2 2 2 2 2 2 2 2 2 2 2 2 2 2
left_child=1 -1 -3 4 7 -4 -7 -2 -9 11 -11 13 -13 -10
right_child=3 2 5 -5 -6 6 -8 8 9 10 -12 12 -14 -15
leaf_value=-0.0014614107280245703 0.018406506546013651 -0.49608954675967065 -0.42982635608190911 -0.37914497819980109 0.37915758067273103 0.14877302772894671 -0.25590199848100592 0.0043848487473566898 1.4311920421879467 0.28923231083311535 -0.45648811127519218 1.0679293956075397 0.28764112318926693 0.40894773588294075
leaf_weight=2325 4914 483 322 166 432 351 315 732 40 94 82 41 367 41
leaf_count=2325 4914 483 322 166 432 351 315 732 40 94 82 41 367 41
internal_value=-1.39289e-05 -0.108201 -0.276792 0.0594339 0.0702855 -0.169192 -0.042724 0.0490859 0.156912 0.324547 -0.0588217 0.462367 0.368472 0.925057
internal_weight=10705 3796 1471 6909 6743 988 666 6311 1397 665 176 489 408 81
internal_count=10705 3796 1471 6909 6743 988 666 6311 1397 665 176 489 408 81
is_linear=0
shrinkage=0.05


Tree=34
num_leaves=15
num_cat=0
split_feature=67 84 62 73 73 16 69 47 69 31 70 70 30 36
split_gain=25584.6 23599.7 16616.8 14836.4 13893.3 14674.2 9225.16 8727.61 12795.5 8708.4 8313.84 8362.24 10446.5 8703.35
threshold=-2.6006390416666663 77.844594000000015 57.116915499999998 14.875000000000002 -8.8749999999999982 272.70666550000004 12.437129489583334 72.708333333333357 -4.3761332291666655 22.262500000000003 21.231464633960698 7.6718043603562291 19.012500000000003 21.986197916666672
decision_type=2 2 2 2 2 2 2 2 2 2 2 2 2 2
left_child=1 -1 -2 7 5 6 -4 8 -3 -8 11 12 -6 -13
right_child=2 3 4 -5 10 -7 9 -9 -10 -11 -12 13 -14 -15
leaf_value=0.013302708799616314 0.011025161240942357 0.49446523595299274 0.035740546579172937 -0.50556965358213546 -0.16848390075936914 0.78621100118931608 1.1686758746824615 -0.22441472439185506 -0.3353021564241499 0.25970553388492534 0.59401871876960455 0.60500759188913644 0.37056591935638017 -0.1174834816609846
leaf_weight=1653 5851 110 232 435 124 169 40 929 79 76 76 44 321 566
leaf_count=1653 5851 110 232 435 124 169 40 929 79 76 76 44 321 566
internal_value=-3.81358e-06 -0.118201 0.0505372 -0.25809 0.190728 0.405206 0.218454 -0.161434 0.147692 0.580453 0.0924147 0.0557518 0.220318 -0.0644645
internal_weight=10705 3206 7499 1553 1648 517 348 1118 189 116 1131 1055 445 610
internal_count=10705 3206 7499 1553 1648 517 348 1118 189 116 1131 1055 445 610
is_linear=0
shrinkage=0.05


Tree=35
num_leaves=15
num_cat=0
split_feature=71 84 56 84 68 67 84 6 31 45 24 42 9 7
split_gain=23706.4 17665.4 16875.7 13503 11468 9615.85 9607.54 13301 10762.9 16710.4 11402.4 10851.4 9557.28 8690.7
threshold=1.0000000180025095e-35 112.29863600000002 -29.421546499999994 42.523274000000008 10.496317830151206 5.0969946458333331 95.543330000000012 88.873282000000017 21.012500000000003 51.656250000000007 253.43744300000003 86.875000000000014 295.90254450000003 108.56920100000001
decision_type=2 2 2 2 2 2 2 2 2 2 2 2 2 2
left_child=1 -1 12 -2 6 -4 7 -5 -8 -10 -11 -12 -3 -6
right_child=3 2 5 4 13 -7 8 -9 9 10 11 -13 -14 -15
leaf_value=0.0086470685751134126 0.0014989971457192415 -0.58082120612076238 -0.13315864389086954 0.96023794015919839 0.55619063194020324 0.41559145062802783 -0.1513464929806225 0.17491799626167459 0.85672502531246719 0.48791126880785862 -0.023858017882498042 0.60749086106850492 0.14203536974059211 0.10406713783075767
leaf_weight=3385 2445 317 2120 73 294 82 416 201 76 156 847 73 53 167
leaf_count=3385 2445 317 2120 73 294 82 416 201 76 156 847 73 53 167
internal_value=1.03293e-05 -0.0664128 -0.165164 0.0833435 0.170196 -0.112544 0.114255 0.386877 0.0663997 0.145093 0.0940806 0.0268433 -0.477173 0.392986
internal_weight=10705 5957 2572 4748 2303 2202 1842 274 1568 1152 1076 920 370 461
internal_count=10705 5957 2572 4748 2303 2202 1842 274 1568 1152 1076 920 370 461
is_linear=0
shrinkage=0.05


Tree=36
num_leaves=15
num_cat=0
split_feature=84 36 84 49 36 36 36 37 24 47 62 84 54 40
split_gain=22715.1 20807.2 19499.2 17753.9 15430 11356 14330.2 11193.9 12292.2 10267.4 9949.77 12672.3 9814.85 8830.84
threshold=292.35207400000007 22.479947916666671 90.300388000000012 4.5000000000000009 18.666666666666668 21.826562500000005 20.938671875000004 47.875000000000007 281.04792900000001 75.490885416666671 192.46307300000004 273.02215500000005 1.0000000180025095e-35 93.875000000000014
decision_type=2 2 2 2 2 2 2 2 2 2 2 2 2 2
left_child=1 2 -1 4 13 6 -6 8 -3 -8 -9 -12 -10 -4
right_child=-2 7 3 -5 5 -7 9 10 12 -11 11 -13 -14 -15
leaf_value=0.024529509346289679 -0.72827947883787658 0.019842094739174677 -0.74779246226946516 -0.69223799765484895 -0.1604064682442421 -0.27772161499493653 -0.57282391684811296 0.030675446913823318 0.24823760592470659 0.25187931153634041 0.39355597659264036 -0.16398511146167841 1.0196161020589971 0.078449974599338723
leaf_weight=2369 105 143 149 158 679 584 40 5245 80 482 409 135 86 41
leaf_count=2369 105 143 149 158 679 584 40 5245 80 482 409 135 86 41
internal_value=2.58138e-05 0.00730818 -0.074212 -0.183839 -0.142837 -0.0970726 -0.00907194 0.0674947 0.360229 0.187709 0.0518099 0.255149 0.65158 -0.570021
internal_weight=10705 10600 4502 2133 1975 1785 1201 6098 309 522 5789 544 166 190
internal_count=10705 10600 4502 2133 1975 1785 1201 6098 309 522 5789 544 166 190
is_linear=0
shrinkage=0.05


Tree=37
num_leaves=15
num_cat=0
split_feature=84 36 84 49 36 36 36 37 24 73 61 22 71 47
split_gain=20520.3 18788.5 17607 16034.1 13935.1 10249.1 12931.5 10116.7 11107.5 9350.11 9235.38 11502.7 11761 10161.5
threshold=292.35207400000007 22.479947916666671 90.300388000000012 4.5000000000000009 18.666666666666668 21.826562500000005 20.938671875000004 47.875000000000007 281.04792900000001 4.8750000000000009 63.10775300000001 136.98705236979171 4.012500000000002 69.231770833333357
decision_type=2 2 2 2 2 2 2 2 2 2 2 2 2 2
left_child=1 2 -1 4 -4 6 -6 8 -3 -8 -9 13 -13 -12
right_child=-2 7 3 -5 5 -7 9 10 -10 -11 11 12 -14 -15
leaf_value=0.023303551321961224 -0.69220903075809748 0.018856878716340161 -0.5416949662238516 -0.65784377643147351 -0.15239793964237086 -0.2638592700430184 0.35425074145764501 0.021752650434097746 0.61938052680789535 -0.075424167458401178 0.93962839745186477 -0.011656077057549744 0.83947398012334651 0.27906536224780354
leaf_weight=2369 105 143 190 158 679 584 308 4869 166 214 73 523 43 281
leaf_count=2369 105 143 190 158 679 584 308 4869 166 214 73 523 43 281
internal_value=1.85617e-05 0.00694018 -0.0705246 -0.174696 -0.135731 -0.0922402 -0.00863837 0.0641327 0.342426 0.178293 0.0492217 0.194417 0.0543723 0.417546
internal_weight=10705 10600 4502 2133 1975 1785 1201 6098 309 522 5789 920 566 354
internal_count=10705 10600 4502 2133 1975 1785 1201 6098 309 522 5789 920 566 354
is_linear=0
shrinkage=0.05


Tree=38
num_leaves=15
num_cat=0
split_feature=67 84 62 84 73 20 69 47 70 70 58 16 46 84
split_gain=19507.6 17217.1 12809.3 13451 11799.5 10225.2 8664.87 15556.7 15200.2 8829.28 8383.89 11592 7771.38 7011.69
threshold=-2.4885673333333322 77.844594000000015 127.13975050000001 252.77660250000002 16.625000000000004 96.401743500000009 -0.66454532812499967 72.708333333333357 13.693501098974814 14.771635923836518 18.444114500000016 276.3691280000001 84.838541666666671 267.36735600000003
decision_type=2 2 2 2 2 2 2 2 2 2 2 2 2 2
left_child=1 -1 13 10 5 -3 7 8 -7 -9 11 -4 -11 -2
right_child=2 4 3 -5 -6 6 -8 9 -10 12 -12 -13 -14 -15
leaf_value=0.0095655087806919298 0.029018901750250837 -0.53842017186729063 0.35358978660476065 -0.0033155734208518786 -0.47127168724729018 -0.025913602306562311 -0.44844897697571995 -0.0034581386811927588 0.97534664722456454 -0.50519301553066931 0.080086419203796902 1.0197449689958153 0.14357669482628505 -0.2326963145181202
leaf_weight=1664 6169 145 333 437 362 84 146 502 68 205 184 81 59 266
leaf_count=1664 6169 145 333 437 362 84 146 502 68 205 184 81 59 266
internal_value=2.09055e-05 -0.102526 0.0444383 0.207608 -0.221184 -0.145975 -0.0920379 -0.0349275 0.425466 -0.12672 0.361493 0.486068 -0.360208 0.0181661
internal_weight=10705 3235 7470 1035 1571 1209 1064 918 152 766 598 414 264 6435
internal_count=10705 3235 7470 1035 1571 1209 1064 918 152 766 598 414 264 6435
is_linear=0
shrinkage=0.05


Tree=39
num_leaves=15
num_cat=0
split_feature=84 36 84 49 36 84 73 70 46 69 22 65 46 42
split_gain=17933.2 15999 14875.4 14524.3 12127.9 9452.04 15514.1 17791.7 12570.1 12083.9 10486 9732.18 9199.28 9192.99
threshold=292.35207400000007 22.479947916666671 90.300388000000012 4.5000000000000009 18.666666666666668 42.523274000000008 0.37500000000000006 20.117847106825341 72.067708333333357 -0.035147567708333632 135.42694607812504 -7.9130742500000002 53.848958333333343 86.875000000000014
decision_type=2 2 2 2 2 2 2 2 2 2 2 2 2 2
left_child=1 2 -1 4 -4 -3 9 11 -9 12 -11 -8 -7 -12
right_child=-2 5 3 -5 -6 6 7 8 -10 10 13 -13 -14 -15
leaf_value=0.021252275057577132 -0.64709970019054863 -0.00019104653767961134 -0.50238284693338486 -0.620571216333763 -0.083088844471057299 0.73673478481246202 -0.413281781751758 -0.15214524705235552 0.9420229571660359 0.54846866564610264 0.16062205619135908 -0.017188745247487258 -0.041633307678239362 0.64614331662654889
leaf_weight=2369 105 3189 190 158 1785 40 194 40 74 311 872 758 511 109
leaf_count=2369 105 3189 190 158 1785 40 194 40 74 311 872 758 511 109
internal_value=2.16458e-05 0.00649225 -0.0649911 -0.160742 -0.12366 0.0592686 0.124429 -0.0273875 0.56012 0.212208 0.295763 -0.0982542 0.0161048 0.215172
internal_weight=10705 10600 4502 2133 1975 6098 2909 1066 114 1843 1292 952 551 981
internal_count=10705 10600 4502 2133 1975 6098 2909 1066 114 1843 1292 952 551 981
is_linear=0
shrinkage=0.05


Tree=40
num_leaves=15
num_cat=0
split_feature=84 21 67 84 61 9 70 32 84 58 59 67 68 67
split_gain=16491.1 15110.8 13348.5 14054.3 9584.78 10996.7 8754.91 7921.75 12707.9 7475.03 7236.2 6744.15 6887.97 8337.72
threshold=282.33339050000006 96.94079758253001 -2.2680723541666667 77.844594000000015 157.27560350000002 285.86399050000006 14.093098137153982 28.275000000000002 63.145266500000005 -7.681772499999993 0.68669149999999501 7.0460316875000002 8.3086466056472634 29.249789312500003
decision_type=2 2 2 2 2 2 2 2 2 2 2 2 2 2
left_child=1 2 3 -1 5 6 -5 -4 -9 -6 -3 -10 13 -13
right_child=-2 10 7 4 9 -7 -8 8 11 -11 -12 12 -14 -15
leaf_value=0.0082313880857328697 -0.41693587316930741 -0.062041696734812073 0.019570465494665089 -0.18319641415356633 -0.35209480160847306 0.17158494553313808 -0.47436208517045159 -0.0082437232156662953 0.80647534643610319 0.29287010282278064 0.46663501834547194 -0.14605166629816477 0.72450136664894327 0.6960371378718353
leaf_weight=1682 231 86 6444 566 63 129 477 326 89 150 258 103 61 40
leaf_count=1682 231 86 6444 566 63 129 477 326 89 150 258 103 61 40
internal_value=2.32609e-05 0.00925806 -0.00182437 -0.0889076 -0.206798 -0.26284 -0.316683 0.0359974 0.206701 0.101352 0.334669 0.445068 0.28423 0.0926955
internal_weight=10705 10474 10130 3067 1385 1172 1043 7063 619 213 344 293 204 143
internal_count=10705 10474 10130 3067 1385 1172 1043 7063 619 213 344 293 204 143
is_linear=0
shrinkage=0.05


Tree=41
num_leaves=15
num_cat=0
split_feature=71 84 84 30 84 69 36 36 36 25 70 22 49 30
split_gain=15243.7 13350 13314.9 9438.58 10356.6 8030.08 7454.75 9386.95 7013.85 9065.26 7871.06 15213 12134.6 9261.38
threshold=1.4000000000000006 42.523274000000008 303.76010700000006 19.762500000000003 84.599854500000006 -12.816781651041664 18.666666666666668 19.551302083333336 22.857812500000005 84.979337353204713 11.208217466635022 145.39469607812504 2.5000000000000004 23.487500000000004
decision_type=2 2 2 2 2 2 2 2 2 2 2 2 2 2
left_child=2 -2 3 4 -1 -6 -7 -8 -3 -10 -11 13 -13 -12
right_child=1 8 -4 -5 5 6 7 -9 9 10 11 12 -14 -15
leaf_value=0.030131965005710651 -0.0045934450000460108 0.016547016032365722 -0.91633822536745735 -0.0035749891981300889 -0.41708245055923865 -0.65986623177762893 0.42603112983517355 -0.15199018763684938 0.67626917669001751 0.0016885932644859691 0.79783339358374972 -0.41823290373114025 0.24884662670283131 0.23496383560998366
leaf_weight=592 1705 388 42 5773 374 60 79 576 118 304 181 87 302 124
leaf_count=592 1705 388 42 5773 374 60 79 576 118 304 181 87 302 124
internal_value=2.93043e-05 0.0912036 -0.0390089 -0.0339433 -0.138172 -0.229609 -0.1311 -0.0817315 0.199734 0.263351 0.213901 0.306723 0.0989642 0.57051
internal_weight=10705 3209 7496 7454 1681 1089 715 655 1504 1116 998 694 389 305
internal_count=10705 3209 7496 7454 1681 1089 715 655 1504 1116 998 694 389 305
is_linear=0
shrinkage=0.05


Tree=42
num_leaves=15
num_cat=0
split_feature=84 62 36 84 70 37 84 43 24 54 84 33 8 36
split_gain=14284.5 15085.1 11037.9 12639.6 12843.4 8344.58 8047.3 9241.2 7105.72 9367.27 6688.61 6589.34 6285.67 5677.61
threshold=275.36804450000005 230.22416750000002 22.857812500000005 89.094115000000016 13.282359788870467 47.875000000000007 192.41063150000005 72.875000000000014 281.72766850000005 1.0000000180025095e-35 303.76010700000006 20.459375000000005 299.02505250000007 18.666666666666668
decision_type=2 2 2 2 2 2 2 2 2 2 2 2 2 2
left_child=1 2 3 -1 13 8 11 -8 -4 -10 -2 -6 -7 -5
right_child=10 -3 5 4 6 12 7 -9 9 -11 -12 -13 -14 -15
leaf_value=0.017213338125814652 -0.21381270384386883 0.29121596796430038 0.034143353491968127 -0.61251785976942197 -0.64682420919094952 0.044175694489751879 -0.56357248928021597 -0.012930697243638248 0.12650050588258327 0.90788557533937775 -0.87158682374067087 -0.25156925304488104 -0.54986380517689726 -0.028890040686140973
leaf_weight=2926 399 461 121 42 209 4308 98 331 72 82 42 216 44 1354
leaf_count=2926 399 461 121 42 209 4308 98 331 72 82 42 216 44 1354
internal_value=2.7188e-05 0.0120111 -0.00114722 -0.051306 -0.14038 0.0549619 -0.292994 -0.139736 0.321574 0.545736 -0.278288 -0.447004 0.0380448 -0.0468749
internal_weight=10705 10264 9803 5176 2250 4627 854 429 275 154 441 425 4352 1396
internal_count=10705 10264 9803 5176 2250 4627 854 429 275 154 441 425 4352 1396
is_linear=0
shrinkage=0.05


Tree=43
num_leaves=15
num_cat=0
split_feature=67 84 62 84 73 69 47 70 58 16 43 15 84 30
split_gain=13318.2 12494 10488.5 11178.6 9116.67 7036.42 9808.24 8329.13 6716.7 10067.2 6056.06 5526.9 5462.21 5134.59
threshold=-3.4530720208333308 87.746388500000009 127.13975050000001 252.47833200000002 14.875000000000002 -0.66454532812499967 73.445312500000014 13.693501098974814 18.444114500000016 276.3691280000001 70.375000000000014 217.50623400000003 267.36735600000003 19.012500000000003
decision_type=2 2 2 2 2 2 2 2 2 2 2 2 2 2
left_child=1 -1 12 8 5 6 7 -3 9 10 -4 -10 -2 -5
right_child=2 4 3 13 -6 -7 -8 -9 11 -11 -12 -13 -14 -15
leaf_value=0.0064251586343470656 0.02021270398821522 -0.011305141105905784 0.18515856162703132 -0.47880288296937945 -0.39408211652211828 -0.50856379634317228 -0.14809408417055883 0.72003083786139133 0.24963515890008622 0.92873679490351102 0.66547715921750239 -0.33673075206320863 -0.2098420701560921 0.054938391493666583
leaf_weight=1597 6319 97 255 49 416 101 728 64 130 81 88 57 268 455
leaf_count=1597 6319 97 255 49 416 101 728 64 130 81 88 57 268 455
internal_value=1.49449e-05 -0.0892826 0.034839 0.176584 -0.197919 -0.115177 -0.0699623 0.282062 0.32019 0.430081 0.309965 0.0700629 0.0108222 0.00220151
internal_weight=10705 3003 7702 1115 1406 990 889 161 611 424 343 187 6587 504
internal_count=10705 3003 7702 1115 1406 990 889 161 611 424 343 187 6587 504
is_linear=0
shrinkage=0.05


Tree=44
num_leaves=15
num_cat=0
split_feature=84 24 37 80 24 84 69 84 84 47 69 31 84 36
split_gain=12598.6 11279.6 9629.2 9445.99 11490.2 9252.52 8862.89 13638.4 10663.5 8349.53 7978.59 7203.43 7475.1 6576.56
threshold=292.35207400000007 274.65417650000006 51.125000000000007 -0.19509032201612839 275.84149600000006 202.31059000000002 -12.816781651041664 84.599854500000006 252.47833200000002 78.419270833333357 -11.581825156249996 21.962500000000002 82.580294000000023 17.625651041666668
decision_type=2 2 2 2 2 2 2 2 2 2 2 2 2 2
left_child=1 6 11 4 -4 -5 7 -1 -9 -10 -6 -3 -13 -8
right_child=-2 2 3 5 10 -7 13 8 9 -11 -12 12 -14 -15
leaf_value=0.0086908140084556041 -0.5423803513623634 -0.020379788284761863 0.8980873793971782 -0.0072208358192152851 0.78879830781803584 -0.63940633947650594 -0.50400975202210252 -0.41942020842360095 -0.27982572139889905 0.25149935721211247 0.096428030958618738 -0.096136230350855528 0.57881987738582463 0.0058260186025056457
leaf_weight=836 105 113 48 1637 42 59 63 505 164 133 1314 50 221 5415
leaf_count=836 105 113 48 1637 42 59 63 505 164 133 1314 50 221 5415
internal_value=1.76686e-05 0.00544114 0.0791412 0.049834 0.145714 -0.029577 -0.0306485 -0.132656 -0.279822 -0.0418467 0.118439 0.314992 0.454394 -0.000128291
internal_weight=10705 10600 3484 3100 1404 1696 7116 1638 802 297 1356 384 271 5478
internal_count=10705 10600 3484 3100 1404 1696 7116 1638 802 297 1356 384 271 5478
is_linear=0
shrinkage=0.05


Tree=45
num_leaves=15
num_cat=0
split_feature=84 62 69 84 49 51 36 80 83 84 83 84 36 15
split_gain=11593.9 12650 8934 7511.87 12263.4 12758.8 10171 13480.7 7180.71 10588.1 8977.1 6928.63 6910.98 6500.29
threshold=275.36804450000005 225.41628950000003 -0.035147567708333632 81.513918500000003 4.5000000000000009 3.5000000000000004 24.652864583333336 -0.83146961230254512 187.78224050000003 202.31059000000002 241.49687000000003 247.86310000000003 19.000651041666668 216.91513
decision_type=2 2 2 2 2 2 2 2 2 2 2 2 2 2
left_child=1 2 3 -1 5 6 7 -5 -4 13 -11 -12 -6 -10
right_child=-2 -3 8 4 12 -7 -8 -9 9 10 11 -13 -14 -15
leaf_value=0.0084789955950444734 -0.25071994673288994 0.24636461310657776 0.010916435137313101 0.22857199027772715 -0.026596778272227808 -0.24884040546123962 0.63212654867342544 -0.1325863026964228 0.24998814587116366 -0.39261038646477614 0.39479344292371366 -0.03756097227121024 -0.69638185490060733 0.90322975043843445
leaf_weight=2359 441 539 4015 375 54 737 62 825 577 118 134 295 134 40
leaf_count=2359 441 539 4015 375 54 737 62 825 577 118 134 295 134 40
internal_value=1.73425e-05 0.0108138 -0.00226537 -0.0534105 -0.120141 -0.0836967 0.0128668 -0.019628 0.0426302 0.151918 -0.00828753 0.0980909 -0.505155 0.293731
internal_weight=10705 10264 9725 4546 2187 1999 1262 1200 5179 1164 547 429 188 617
internal_count=10705 10264 9725 4546 2187 1999 1262 1200 5179 1164 547 429 188 617
is_linear=0
shrinkage=0.05


Tree=46
num_leaves=15
num_cat=0
split_feature=84 69 84 25 47 70 84 61 37 41 22 7 37 36
split_gain=10840 9569.54 9408.67 13078.7 9054.59 7418.45 8220.41 11549.5 13502.7 9223.26 11487.6 7073.32 7311.65 6481.71
threshold=292.35207400000007 11.840655182291668 42.523274000000008 106.75073620495296 76.050781250000014 7.7766569847183202 94.482010000000017 93.725752999999983 51.375000000000007 82.875000000000014 135.97554433333337 275.94297850000004 47.875000000000007 23.993489583333339
decision_type=2 2 2 2 2 2 2 2 2 2 2 2 2 2
left_child=1 5 -3 13 11 -1 -7 8 -8 10 -9 12 -5 -4
right_child=-2 2 3 4 -6 6 7 9 -10 -11 -12 -13 -14 -15
leaf_value=0.03890830875971471 -0.50309943935816304 -0.0079265675419868033 0.11462239836653075 0.44170577383163023 0.45521797817911358 0.0047063721751082789 0.23232955792418092 0.78433289508024862 -0.2155403709449058 -0.051593455752262318 -0.098710522915990584 0.40316999588586111 -0.21976388068281505 0.66338418042241132
leaf_weight=3755 105 759 74 48 130 2841 185 89 1783 311 62 78 284 201
leaf_count=3755 105 759 74 48 130 2841 185 89 1783 311 62 78 284 201
internal_value=2.06283e-05 0.00505135 0.118775 0.236636 0.0933362 -0.0147914 -0.0530465 -0.120542 -0.173342 0.104264 0.423495 -0.0222353 -0.12309 0.516668
internal_weight=10705 10600 1574 815 540 9026 5271 2430 1968 462 151 410 332 275
internal_count=10705 10600 1574 815 540 9026 5271 2430 1968 462 151 410 332 275
is_linear=0
shrinkage=0.05


Tree=47
num_leaves=15
num_cat=0
split_feature=67 84 62 84 9 32 47 70 24 58 16 43 47 70
split_gain=10001.3 9498.69 8499.99 9656.75 7228.7 8667.71 8712.11 5910.76 5917.17 5772.48 8364.46 6177.93 5539.83 5538.64
threshold=-3.7711683541666656 77.844594000000015 127.13975050000001 252.47833200000002 295.90254450000003 29.887500000000003 72.497395833333357 14.54420179578752 271.88509600000003 18.444114500000016 276.3691280000001 70.375000000000014 78.559895833333357 13.407945051863544
decision_type=2 2 2 2 2 2 2 2 2 2 2 2 2 2
left_child=1 -1 -2 9 5 6 13 8 -8 10 11 -4 -9 -3
right_child=2 4 3 -5 -6 -7 7 12 -10 -11 -12 -13 -14 -15
leaf_value=0.0055547809715673236 0.0078963171464021976 -0.073885364096392611 0.1563589267091442 -0.0028924753146157382 0.29582897978169576 -0.87779558501813737 -0.0038860503374073744 -0.51944068666981413 -0.30549268581989142 0.056508492381267608 0.8441874829734245 0.6319389169575067 -0.16587167766514085 0.60919735993979118
leaf_weight=1554 6643 67 261 524 76 45 398 248 274 188 81 92 202 52
leaf_count=1554 6643 67 261 524 76 45 398 248 274 188 81 92 202 52
internal_value=2.91321e-05 -0.0789416 0.0296001 0.155293 -0.175283 -0.203333 -0.178189 -0.221348 -0.127134 0.288346 0.388413 0.281741 -0.361447 0.227194
internal_weight=10705 2916 7789 1146 1362 1286 1241 1122 672 622 434 353 450 119
internal_count=10705 2916 7789 1146 1362 1286 1241 1122 672 622 434 353 450 119
is_linear=0
shrinkage=0.05


Tree=48
num_leaves=15
num_cat=0
split_feature=84 24 37 80 24 84 69 69 84 84 43 24 49 84
split_gain=9763.2 9003.82 7446.75 7433.73 9742.92 7967.91 6796.67 6694.8 10589.6 8274.36 12260 6203.65 8892.25 9605.34
threshold=303.76010700000006 274.65417650000006 51.125000000000007 -0.19509032201612839 275.84149600000006 214.86307300000001 -11.581825156249996 -12.816781651041664 84.599854500000006 192.41063150000005 74.875000000000014 271.88509600000003 3.5000000000000004 199.11355850000004
decision_type=2 2 2 2 2 2 2 2 2 2 2 2 2 2
left_child=1 7 -3 4 -4 -5 -6 8 -1 -10 -11 -9 -13 -14
right_child=-2 2 3 5 6 -7 -8 11 9 10 -12 12 13 -15
leaf_value=0.0074260591734044944 -0.75186561581700351 0.27625693373962656 0.82046423742965779 -0.010245696246016046 0.72150945493648222 -0.70761763900518426 0.082616910804343191 0.02141861318849253 -0.43277368431275509 -0.51160549593192561 0.052646595591102685 -0.024339780832017443 -0.1159709566911587 -0.73452235335167859
leaf_weight=836 42 384 48 1655 42 41 1329 4576 342 134 335 681 155 105
leaf_count=836 42 384 48 1655 42 41 1329 4576 342 134 335 681 155 105
internal_value=3.07496e-05 0.00306259 0.0687944 0.0431391 0.127541 -0.0275114 0.102701 -0.0290469 -0.117478 -0.246082 -0.109314 -0.00263095 -0.11948 -0.367628
internal_weight=10705 10663 3499 3115 1419 1696 1371 7164 1647 811 469 5517 941 260
internal_count=10705 10663 3499 3115 1419 1696 1371 7164 1647 811 469 5517 941 260
is_linear=0
shrinkage=0.05


end of trees

feature_importances:
consumo_alvo_semana_anterior=160
temperatura_externa_c_diferenca_semana_atual=88
correcao_semanal_media_1440m=57
consumo_max_1440m=48
correcao_semanal_std_1440m=30
temperatura_externa_c_media_1440m=27
umidade_relativa_pct_media_1440m=24
correcao_semanal_media_360m=24
umidade_relativa_pct_diferenca_semana_atual=19
consumo_diferenca_dia_atual=18
umidade_relativa_pct_atual=15
temperatura_externa_c_lag_1440m=12
origem_dia_semana=11
tendencia_consumo_360m=9
temperatura_externa_c_lag_360m=8
correcao_semanal_std_360m=8
consumo_lag_720m=7
temperatura_externa_c_lag_720m=7
umidade_relativa_pct_lag_1440m=7
umidade_relativa_pct_media_60m=6
consumo_alvo_dia_anterior=6
consumo_max_180m=5
consumo_mean_1440m=5
umidade_relativa_pct_media_180m=5
origem_mes=5
alvo_hora_cos=5
consumo_std_1440m=4
umidade_relativa_pct_media_360m=4
consumo_diferenca_semana_atual=4
tendencia_consumo_180m=4
temperatura_externa_c_tendencia_1h=4
consumo_atual_kw=3
consumo_lag_10080m=3
consumo_max_60m=3
consumo_max_360m=3
consumo_std_360m=3
umidade_relativa_pct_lag_60m=3
umidade_relativa_pct_lag_720m=3
correcao_semanal_media_180m=3
consumo_lag_360m=2
consumo_lag_1440m=2
consumo_mean_180m=2
consumo_min_180m=2
consumo_mean_360m=2
temperatura_externa_c_lag_180m=2
temperatura_externa_c_media_60m=2
origem_semana_sin=2
umidade_relativa_pct_tendencia_1h=2
alvo_semana_sin=2
consumo_min_360m=1
temperatura_externa_c_media_180m=1
umidade_relativa_pct_lag_180m=1
umidade_relativa_pct_lag_360m=1
tendencia_consumo_15m=1
alvo_hora_sin=1

parameters:
[boosting: gbdt]
[objective: regression]
[metric: l1]
[tree_learner: serial]
[device_type: cpu]
[data_sample_strategy: bagging]
[data: ]
[valid: ]
[num_iterations: 400]
[learning_rate: 0.05]
[num_leaves: 15]
[num_threads: 2]
[seed: 20260905]
[deterministic: 1]
[force_col_wise: 1]
[force_row_wise: 0]
[histogram_pool_size: -1]
[max_depth: -1]
[min_data_in_leaf: 40]
[min_sum_hessian_in_leaf: 0.001]
[bagging_fraction: 1]
[pos_bagging_fraction: 1]
[neg_bagging_fraction: 1]
[bagging_freq: 0]
[bagging_seed: 23218]
[bagging_by_query: 0]
[feature_fraction: 1]
[feature_fraction_bynode: 1]
[feature_fraction_seed: 28090]
[extra_trees: 0]
[extra_seed: 14360]
[early_stopping_round: 0]
[early_stopping_min_delta: 0]
[first_metric_only: 0]
[max_delta_step: 0]
[lambda_l1: 0]
[lambda_l2: 1]
[linear_lambda: 0]
[min_gain_to_split: 0]
[drop_rate: 0.1]
[max_drop: 50]
[skip_drop: 0.5]
[xgboost_dart_mode: 0]
[uniform_drop: 0]
[drop_seed: 16970]
[top_rate: 0.2]
[other_rate: 0.1]
[min_data_per_group: 100]
[max_cat_threshold: 32]
[cat_l2: 10]
[cat_smooth: 10]
[max_cat_to_onehot: 4]
[top_k: 20]
[monotone_constraints: ]
[monotone_constraints_method: basic]
[monotone_penalty: 0]
[feature_contri: ]
[forcedsplits_filename: ]
[refit_decay_rate: 0.9]
[cegb_tradeoff: 1]
[cegb_penalty_split: 0]
[cegb_penalty_feature_lazy: ]
[cegb_penalty_feature_coupled: ]
[path_smooth: 0]
[interaction_constraints: ]
[verbosity: -1]
[saved_feature_importance_type: 0]
[use_quantized_grad: 0]
[num_grad_quant_bins: 4]
[quant_train_renew_leaf: 0]
[stochastic_rounding: 1]
[linear_tree: 0]
[max_bin: 255]
[max_bin_by_feature: ]
[min_data_in_bin: 3]
[bin_construct_sample_cnt: 200000]
[data_random_seed: 5037]
[is_enable_sparse: 1]
[enable_bundle: 1]
[use_missing: 1]
[zero_as_missing: 0]
[feature_pre_filter: 1]
[pre_partition: 0]
[two_round: 0]
[header: 0]
[label_column: ]
[weight_column: ]
[group_column: ]
[ignore_column: ]
[categorical_feature: ]
[forcedbins_filename: ]
[precise_float_parser: 0]
[parser_config_file: ]
[objective_seed: 15411]
[num_class: 1]
[is_unbalance: 0]
[scale_pos_weight: 1]
[sigmoid: 1]
[boost_from_average: 1]
[reg_sqrt: 0]
[alpha: 0.9]
[fair_c: 1]
[poisson_max_delta_step: 0.7]
[tweedie_variance_power: 1.5]
[lambdarank_truncation_level: 30]
[lambdarank_norm: 1]
[label_gain: ]
[lambdarank_position_bias_regularization: 0]
[eval_at: ]
[multi_error_top_k: 1]
[auc_mu_weights: ]
[num_machines: 1]
[local_listen_port: 12400]
[time_out: 120]
[machine_list_filename: ]
[machines: ]
[gpu_platform_id: -1]
[gpu_device_id: -1]
[gpu_device_id_list: ]
[gpu_use_dp: 0]
[num_gpu: 1]

end of parameters

pandas_categorical:[]
