tree
version=v4
num_class=1
num_tree_per_iteration=1
label_index=0
max_feature_idx=84
objective=regression
feature_names=consumo_atual_kw consumo_lag_15m consumo_lag_30m consumo_lag_60m consumo_lag_120m consumo_lag_180m consumo_lag_360m consumo_lag_720m consumo_lag_1440m consumo_lag_10080m consumo_mean_60m consumo_min_60m consumo_max_60m consumo_std_60m consumo_mean_180m consumo_min_180m consumo_max_180m consumo_std_180m consumo_mean_360m consumo_min_360m consumo_max_360m consumo_std_360m consumo_mean_1440m consumo_min_1440m consumo_max_1440m consumo_std_1440m temperatura_externa_c_atual temperatura_externa_c_lag_15m temperatura_externa_c_lag_60m temperatura_externa_c_lag_180m temperatura_externa_c_lag_360m temperatura_externa_c_lag_720m temperatura_externa_c_lag_1440m temperatura_externa_c_media_60m temperatura_externa_c_media_180m temperatura_externa_c_media_360m temperatura_externa_c_media_1440m umidade_relativa_pct_atual umidade_relativa_pct_lag_15m umidade_relativa_pct_lag_60m umidade_relativa_pct_lag_180m umidade_relativa_pct_lag_360m umidade_relativa_pct_lag_720m umidade_relativa_pct_lag_1440m umidade_relativa_pct_media_60m umidade_relativa_pct_media_180m umidade_relativa_pct_media_360m umidade_relativa_pct_media_1440m origem_hora origem_dia_semana origem_fim_de_semana origem_mes origem_hora_sin origem_hora_cos origem_semana_sin origem_semana_cos consumo_diferenca_semana_atual consumo_razao_semana_atual consumo_diferenca_dia_atual tendencia_consumo_15m tendencia_consumo_60m tendencia_consumo_180m tendencia_consumo_360m correcao_semanal_media_60m correcao_semanal_std_60m correcao_semanal_media_180m correcao_semanal_std_180m correcao_semanal_media_360m correcao_semanal_std_360m correcao_semanal_media_1440m correcao_semanal_std_1440m temperatura_externa_c_diferenca_semana_atual temperatura_externa_c_tendencia_1h umidade_relativa_pct_diferenca_semana_atual umidade_relativa_pct_tendencia_1h alvo_hora alvo_dia_semana alvo_fim_de_semana alvo_mes alvo_hora_sin alvo_hora_cos alvo_semana_sin alvo_semana_cos consumo_alvo_dia_anterior consumo_alvo_semana_anterior
feature_infos=[22.399999999999999:324.71375799999998] [22.399999999999999:324.71375799999998] [22.399999999999999:324.71375799999998] [22.399999999999999:324.71375799999998] [22.399999999999999:324.71375799999998] [22.399999999999999:324.71375799999998] [22.399999999999999:324.71375799999998] [22.399999999999999:324.71375799999998] [22.399999999999999:324.71375799999998] [22.399999999999999:324.71375799999998] [22.399999999999999:321.24876725000001] [22.399999999999999:318.278571] [22.399999999999999:324.71375799999998] [0:82.540869055199337] [22.399999999999999:313.28577408333337] [22.399999999999999:302.53573799999998] [22.399999999999999:324.71375799999998] [0:92.970139865692389] [22.399999999999999:295.13563500000004] [22.399999999999999:249.29458700000001] [22.399999999999999:324.71375799999998] [0:116.53386463160022] [23.200000000000003:159.49963871874999] none [25.600000000000001:324.71375799999998] [1.3929144002343703:128.71471884334804] [15:33.700000000000003] [15:33.700000000000003] [15:33.700000000000003] [15:33.700000000000003] [15:33.700000000000003] [15:33.700000000000003] [15:33.700000000000003] [15:33.4375] [15:32.71875] [15.333333333333334:31.620833333333334] [16.439843749999998:27.283072916666669] [31:98] [31:98] [31:98] [31:98] [31:98] [31:98] [31:98] [32.5:95.625] [33.666666666666664:95.083333333333329] [37.041666666666664:94] [59.309895833333336:91.638020833333329] [0:23.75] [0:6] [0:1] [1:4] [-1:1] [-1:1] [-0.97492791218182362:0.97492791218182362] [-0.90096886790241903:1] [-72.635950000000008:77.445233000000002] [0.43630911779503978:2.09406877563422] [-291.363968:296.779246] [-121.30707899999999:153.05878799999999] [-124.27709300000001:153.05878799999999] [-180.63157299999997:268.16051600000003] [-299.363968:299.97924600000005] [-70.384351250000009:75.467424499999993] [0:44.359338508129341] [-67.777903583333341:70.921986416666655] [0:38.631403568061003] [-64.848194500000005:62.415354583333333] [0:37.083675449251288] [-34.945017510416669:27.905951093750001] [0:30.68446053870321] [-12:11.5] [-8:4.8000000000000007] [-49:48] [-30:40] [0:23.75] [0:6] [0:1] [1:4] [-1:1] [-1:1] [-0.97492791218182362:0.97492791218182362] [-0.90096886790241903:1] [22.399999999999999:324.71375799999998] [22.399999999999999:324.71375799999998]
tree_sizes=1435 1415 1440 1423 1429 1428 1429 1436 1431 1436 1425 1442 1442 1442 1441 1427 1450 1444 1449 1431 1454 1438 1436 1448 1447 1427 1446 1453 1450 1457 1437 1437 1445 1449 1437 1436 1444 1432 1445

Tree=0
num_leaves=15
num_cat=0
split_feature=71 84 71 84 71 24 84 69 67 69 24 20 45 42
split_gain=664606 451181 480268 302170 204936 60238.6 59447.9 41713.6 36319.8 31460.4 25309.5 24765.8 24945.5 20696
threshold=1.0000000180025095e-35 103.60600800000002 -2.8499999999999992 42.523274000000008 2.2375000000000012 248.07883750000005 287.58038500000004 -1.0000000180025095e-35 1.8767478958333339 11.840655182291668 284.15934500000009 274.50906300000003 70.968750000000014 87.375000000000014
decision_type=2 2 2 2 2 2 2 2 2 2 2 2 2 2
left_child=1 -1 5 -2 7 -3 8 10 13 11 -5 12 -6 -4
right_child=3 2 6 4 9 -7 -8 -9 -10 -11 -12 -13 -14 -15
leaf_value=-0.99232125464057708 -0.98374850308272133 -3.2075093769615224 -1.2856219893023186 -1.0655493707169272 -0.73969794153897872 -2.4046028905647536 -2.7341372854585568 -0.36411589650179943 -0.51383376806405712 0.61392661015052497 -0.00058291941930277424 0.55019999562690791 0.12472053611013711 -1.7647803653977718
leaf_weight=3267 2431 424 1242 487 129 541 75 715 133 508 62 176 240 275
leaf_count=3267 2431 424 1242 487 129 541 75 715 133 508 62 176 240 275
internal_value=-1.0355 -1.3872 -1.86662 -0.59427 -0.185827 -2.75927 -1.36654 -0.615542 -1.30339 0.329106 -0.943617 0.0610867 -0.175858 -1.37291
internal_weight=10705 5957 2690 4748 2317 965 1725 1264 1650 1053 549 545 369 1517
internal_count=10705 5957 2690 4748 2317 965 1725 1264 1650 1053 549 545 369 1517
is_linear=0
shrinkage=1


Tree=1
num_leaves=15
num_cat=0
split_feature=71 84 71 84 71 69 24 84 24 69 70 84 70 37
split_gain=600416 501610 275718 181962 317098 63860.5 51737.1 45159 30971.6 29552.9 28491.8 27267.7 24838.3 23010.3
threshold=-0.9875000000000006 106.92999150000001 -2.9875000000000003 42.523274000000008 2.212499999999999 -1.0000000180025095e-35 257.54432450000007 287.58038500000004 281.72766850000005 -3.5859041562499985 11.07252721283376 273.02215500000005 12.286321722767662 51.625000000000007
decision_type=2 2 2 2 2 2 2 2 2 2 2 2 2 2
left_child=1 -1 6 -2 5 8 12 13 -5 -6 -11 -7 -3 -4
right_child=3 2 7 4 9 11 -8 -9 -10 10 -12 -13 -14 -15
leaf_value=0.022236832076518234 0.049259901236359878 -1.3951184063711588 0.48473655380574726 -0.2094507665141761 0.30478225515948404 0.56881118877456205 -1.2405312822162391 -1.7728560636913966 0.47160410781023687 1.0284212609891163 1.5846353243225235 -0.42859064396974206 -2.2070885262777176 -0.4574435543935767
leaf_weight=2589 3064 135 69 771 71 973 416 62 212 390 596 73 380 904
leaf_count=2589 3064 135 69 771 71 973 416 62 212 390 596 73 380 904
internal_value=3.57028e-06 -0.43505 -1.03695 0.322245 0.59318 0.227124 -1.66088 -0.474657 -0.0622402 1.29498 1.3659 0.49886 -1.99736 -0.3902
internal_weight=10705 4555 1966 6150 3086 2029 931 1035 983 1057 986 1046 515 973
internal_count=10705 4555 1966 6150 3086 2029 931 1035 983 1057 986 1046 515 973
is_linear=0
shrinkage=0.05


Tree=2
num_leaves=15
num_cat=0
split_feature=71 84 71 84 71 24 84 69 67 71 24 47 67 42
split_gain=545850 371098 389527 248438 164792 50872 48871.4 34299.7 31261.4 26891.8 21817.5 18386.9 18141.1 17669.4
threshold=1.0000000180025095e-35 102.87319950000001 -2.8499999999999992 42.523274000000008 2.212499999999999 248.07883750000005 287.58038500000004 -1.0000000180025095e-35 1.8767478958333339 3.9875000000000012 284.15934500000009 80.070312500000014 -8.3892958541666633 87.375000000000014
decision_type=2 2 2 2 2 2 2 2 2 2 2 2 2 2
left_child=1 -1 5 -2 7 11 8 10 13 -6 -5 -3 -7 -4
right_child=3 2 6 4 9 12 -8 -9 -10 -11 -12 -13 -14 -15
leaf_value=0.041082523695863536 0.046705217378851221 -2.3116780297119837 -0.22898121972201629 -0.028218671816512331 1.0055049252076491 -1.4744790190420811 -1.5420518028108698 0.61178297379395874 0.48183653796269726 1.5193796934927624 0.96078889304919857 -1.6289950214360094 -0.88120042732449078 -0.67027834066920144
leaf_weight=3253 2431 206 1246 485 597 317 75 713 135 460 62 220 228 277
leaf_count=3253 2431 206 1246 485 597 317 75 713 135 460 62 220 228 277
internal_value=-1.15385e-05 -0.318742 -0.751478 0.399861 0.770213 -1.55268 -0.301928 0.383528 -0.244935 1.23036 0.0854296 -1.96376 -1.22835 -0.309631
internal_weight=10705 5957 2704 4748 2317 971 1733 1260 1658 1057 547 426 545 1523
internal_count=10705 5957 2704 4748 2317 971 1733 1260 1658 1057 547 426 545 1523
is_linear=0
shrinkage=0.05


Tree=3
num_leaves=15
num_cat=0
split_feature=71 84 71 84 71 24 84 69 67 69 70 70 24 22
split_gain=492792 335229 351767 224272 148769 45400.5 44093.7 30953 28196 26553.8 24770.4 22461.4 19628.1 18268.9
threshold=1.0000000180025095e-35 103.60600800000002 -2.8499999999999992 42.523274000000008 2.2375000000000012 257.54432450000007 287.58038500000004 -1.0000000180025095e-35 1.8767478958333339 -3.5859041562499985 11.07252721283376 12.286321722767662 284.15934500000009 145.37535585416671
decision_type=2 2 2 2 2 2 2 2 2 2 2 2 2 2
left_child=1 -1 5 -2 7 11 8 12 -4 -6 -11 -3 -5 -12
right_child=3 2 6 4 9 -7 -8 -9 -10 10 13 -13 -14 -15
leaf_value=0.037502019250516938 0.04437091828225867 -1.2350252416352152 -0.29500101230000497 -0.024341497188765601 0.23304066908959717 -1.0968291153652816 -1.465963687943785 0.58224124929883292 0.46191696869904431 0.92200339736858605 1.6979433251894438 -1.9901541827886533 0.91351198454697935 1.1300920054281853
leaf_weight=3267 2431 141 1517 487 71 435 75 715 133 387 324 389 62 271
leaf_count=3267 2431 141 1517 487 71 435 75 715 133 387 324 389 62 271
internal_value=-3.00999e-05 -0.302874 -0.71612 0.379912 0.73179 -1.48007 -0.288139 0.365658 -0.233746 1.17052 1.238 -1.79197 0.0830411 1.44164
internal_weight=10705 5957 2690 4748 2317 965 1725 1264 1650 1053 982 530 549 595
internal_count=10705 5957 2690 4748 2317 965 1725 1264 1650 1053 982 530 549 595
is_linear=0
shrinkage=0.05


Tree=4
num_leaves=15
num_cat=0
split_feature=71 84 71 84 71 69 84 24 37 69 24 32 20 45
split_gain=447874 372708 206304 135892 231083 46796 38801.4 32130.7 26588.6 24372 24104.7 24086.6 20472.1 23427.7
threshold=-0.9875000000000006 106.92999150000001 -3.0999999999999992 42.523274000000008 2.1000000000000001 -1.0000000180025095e-35 287.58038500000004 247.91118100000003 51.625000000000007 11.840655182291668 281.72766850000005 28.275000000000002 274.50906300000003 70.968750000000014
decision_type=2 2 2 2 2 2 2 2 2 2 2 2 2 2
left_child=1 -1 7 -2 5 10 8 -3 -4 12 -5 -7 13 -6
right_child=3 2 6 4 9 11 -8 -9 -10 -11 -12 -13 -14 -15
leaf_value=0.018401253837372924 0.042374380129779926 -1.8925320206757854 0.52925564886795151 -0.18365963368884239 0.13632300960412924 0.35417666509361928 -1.5705890405923129 -1.2380333919412219 -0.46558366978995452 1.3504776739662794 0.42094440836326358 1.2116365958584681 1.3130058505800035 0.95153067776836076
leaf_weight=2589 3064 339 71 766 137 941 75 445 1036 517 209 89 179 248
leaf_count=2589 3064 339 71 766 137 941 75 445 1036 517 209 89 179 248
internal_value=-2.89914e-05 -0.375775 -0.894607 0.278284 0.512422 0.194523 -0.476812 -1.52309 -0.401357 1.10132 -0.0537588 0.429371 0.870946 0.662548
internal_weight=10705 4555 1966 6150 3086 2005 1182 784 1107 1081 975 1030 564 385
internal_count=10705 4555 1966 6150 3086 2005 1182 784 1107 1081 975 1030 564 385
is_linear=0
shrinkage=0.05


Tree=5
num_leaves=15
num_cat=0
split_feature=71 84 71 84 71 24 84 69 67 69 70 70 58 32
split_gain=404743 275969 287593 184420 119759 37470.5 37360 25490.8 24895.4 22890.6 20634.3 18872.6 17000.9 18890.5
threshold=1.0000000180025095e-35 102.87319950000001 -2.9875000000000003 42.523274000000008 2.212499999999999 257.54432450000007 287.58038500000004 -1.0000000180025095e-35 1.6273948541666674 -3.5859041562499985 11.07252721283376 12.286321722767662 -14.974237 27.987500000000004
decision_type=2 2 2 2 2 2 2 2 2 2 2 2 2 2
left_child=1 -1 5 -2 7 11 8 -5 12 -6 -11 -3 -4 -14
right_child=3 2 6 4 9 -7 -8 -9 -10 10 -12 -13 13 -15
leaf_value=0.03581450735610929 0.040035435610058671 -1.1130591880288914 -0.8507519975993314 0.076752220751568137 0.18565768916159869 -0.99383434154250316 -1.3371664889300101 0.53051732598832635 0.40926920717877158 0.83118908299928751 1.3040814847270437 -1.8106432938943486 -0.27707589623533119 0.44978360615205021
leaf_weight=3253 2431 138 118 547 71 426 77 713 144 390 596 388 1318 95
leaf_count=3253 2431 138 118 547 71 426 77 713 144 390 596 388 1318 95
internal_value=-2.29728e-05 -0.274481 -0.647653 0.344307 0.663395 -1.34672 -0.267244 0.333743 -0.217291 1.05567 1.11807 -1.63009 -0.276451 -0.227924
internal_weight=10705 5957 2704 4748 2317 952 1752 1260 1675 1057 986 526 1531 1413
internal_count=10705 5957 2704 4748 2317 952 1752 1260 1675 1057 986 526 1531 1413
is_linear=0
shrinkage=0.05


Tree=6
num_leaves=15
num_cat=0
split_feature=71 84 71 84 71 69 84 24 37 84 71 24 32 47
split_gain=367476 305266 172762 111579 187366 38863.8 32752.9 26276.1 23005.5 22781.9 22625.5 21426.9 17858.2 17573.2
threshold=-0.9875000000000006 103.60600800000002 -3.0999999999999992 42.523274000000008 2.1000000000000001 -1.0000000180025095e-35 287.58038500000004 247.91118100000003 51.625000000000007 273.02215500000005 3.9875000000000012 284.15934500000009 28.275000000000002 80.003906250000014
decision_type=2 2 2 2 2 2 2 2 2 2 2 2 2 2
left_child=1 -1 7 -2 5 11 8 13 -4 12 -6 -5 -7 -3
right_child=3 2 6 4 10 9 -8 -9 -10 -11 -12 -13 -14 -15
leaf_value=0.021962498559993774 0.03829882070252013 -2.0654210989502655 0.49743201316309138 -0.12687233799481384 0.79512729378629754 0.38651575341767197 -1.4295800076503502 -1.1167764285777126 -0.41550567227652757 -0.46101257440264098 1.2613556849917726 0.64909203140573069 1.128089262313313 -1.3317761484233814
leaf_weight=2554 3064 173 73 877 621 869 75 451 1056 72 460 98 89 173
leaf_count=2554 3064 173 73 877 621 869 75 451 1056 72 460 98 89 173
internal_value=-3.35922e-05 -0.340388 -0.802659 0.252065 0.464225 0.177971 -0.424089 -1.3733 -0.356088 0.391991 0.994505 -0.0482928 0.456514 -1.70349
internal_weight=10705 4555 2001 6150 3086 2005 1204 797 1129 1030 1081 975 958 346
internal_count=10705 4555 2001 6150 3086 2005 1204 797 1129 1030 1081 975 958 346
is_linear=0
shrinkage=0.05


Tree=7
num_leaves=15
num_cat=0
split_feature=71 84 71 84 71 24 84 68 69 67 84 70 69 72
split_gain=332916 227126 234725 151877 96093.3 32865.7 29807.1 24336.6 20556.5 19723.9 19714.7 17907.7 17631.8 16575.1
threshold=1.0000000180025095e-35 102.87319950000001 -2.8499999999999992 42.523274000000008 2.2375000000000012 257.54432450000007 282.33339050000006 12.830171362394831 -3.5859041562499985 1.6273948541666674 273.90393550000005 11.07252721283376 -1.0000000180025095e-35 0.93750000000000011
decision_type=2 2 2 2 2 2 2 2 2 2 2 2 2 2
left_child=1 -1 5 -2 7 -3 9 10 -6 -4 12 -10 -5 -13
right_child=3 2 6 4 8 -7 -8 -9 11 -11 -12 13 -14 -15
leaf_value=0.032542124176689856 0.036120332505455925 -1.4740165183829905 -0.23863775742041671 0.077229805441839938 0.13082414985530907 -0.88487065893508798 -1.0352393973821943 1.1149354033771604 0.74537360928028573 0.37451836596673171 -0.43201784628386397 0.99468427128592518 0.48493082637815332 1.5622572573646902
leaf_weight=3253 2431 533 1481 467 71 438 109 86 387 143 97 396 614 199
leaf_count=3253 2431 533 1481 467 71 438 109 86 387 143 97 396 614 199
internal_value=-4.20437e-05 -0.248959 -0.587501 0.312244 0.601813 -1.20945 -0.238528 0.30754 0.954426 -0.18445 0.2477 1.01378 0.309035 1.18681
internal_weight=10705 5957 2704 4748 2317 971 1733 1264 1053 1624 1178 982 1081 595
internal_count=10705 5957 2704 4748 2317 971 1733 1264 1053 1624 1178 982 1081 595
is_linear=0
shrinkage=0.05


Tree=8
num_leaves=15
num_cat=0
split_feature=71 84 71 84 71 69 68 70 84 24 37 71 37 83
split_gain=301739 250289 139036 91700 151733 32285.8 34008.4 30699.6 27244.4 22103 20336.7 19799.7 15652.8 15450.3
threshold=-0.9875000000000006 106.92999150000001 -3.0999999999999992 42.523274000000008 2.1000000000000001 5.5450403854166668 11.822577013351957 8.0129088345045254 287.58038500000004 257.54432450000007 51.875000000000007 3.9875000000000012 52.625000000000007 247.36838000000003
decision_type=2 2 2 2 2 2 2 2 2 2 2 2 2 2
left_child=1 -1 9 -2 5 6 7 -5 10 -3 -4 -6 -7 -12
right_child=3 2 8 4 11 12 -8 -9 -10 -11 13 -13 -14 -15
leaf_value=0.014572761053917031 0.034616026971701894 -1.4870030045135962 0.48033364397818101 0.18045794376237831 0.71156977033631885 1.3283972313770882 1.3012458461981555 -0.29493457212343976 -1.3071189114921973 -0.94555939069656558 -0.54032802137234937 1.1474562806600541 0.41073065026723327 -0.14500986256584561
leaf_weight=2589 3064 438 72 892 621 51 51 547 75 346 625 460 464 410
leaf_count=2589 3064 438 72 892 621 51 51 547 75 346 625 460 464 410
internal_value=-3.29905e-05 -0.308446 -0.733617 0.228406 0.420742 0.163139 0.0450634 -0.000330001 -0.390635 -1.24956 -0.327419 0.897942 0.504005 -0.38402
internal_weight=10705 4555 1966 6150 3086 2005 1490 1439 1182 784 1107 1081 515 1035
internal_count=10705 4555 1966 6150 3086 2005 1490 1439 1182 784 1107 1081 515 1035
is_linear=0
shrinkage=0.05


Tree=9
num_leaves=15
num_cat=0
split_feature=71 84 71 84 71 69 84 68 69 43 84 62 20 15
split_gain=272892 186688 191831 124622 77564 28496.9 25135.4 20383.6 18400.6 17492.2 17160.7 16928.1 15943.7 17669.6
threshold=1.0000000180025095e-35 102.87319950000001 -2.8499999999999992 42.523274000000008 2.2375000000000012 -26.462434338541666 275.36804450000005 12.830171362394831 -3.5859041562499985 48.375000000000007 273.90393550000005 226.92036650000003 275.10399300000006 209.37194500000001
decision_type=2 2 2 2 2 2 2 2 2 2 2 2 2 2
left_child=1 -1 5 -2 7 -3 9 10 -6 -4 -5 -11 13 -10
right_child=3 2 6 4 8 -7 -8 -9 12 11 -12 -13 -14 -15
leaf_value=0.02982361758689922 0.032584969357489363 -1.6547051028538775 0.47118115671453387 0.28308622867894118 0.083235469150046509 -0.96080101239205051 -0.72562419240463516 1.0195397133109343 0.88337697662353032 -0.24864280369362632 -0.40828178089530187 0.33449723687076915 1.2419481226791114 0.12094262565740131
leaf_weight=3253 2431 185 106 1081 71 786 212 86 619 1278 97 137 276 87
leaf_count=3253 2431 185 106 1081 71 786 212 86 619 1278 97 137 276 87
internal_value=-2.71852e-05 -0.22539 -0.532318 0.282709 0.545012 -1.09457 -0.216837 0.280623 0.861811 -0.145491 0.225859 -0.191987 0.917962 0.789727
internal_weight=10705 5957 2704 4748 2317 971 1733 1264 1053 1521 1178 1415 982 706
internal_count=10705 5957 2704 4748 2317 971 1733 1264 1053 1521 1178 1415 982 706
is_linear=0
shrinkage=0.05


Tree=10
num_leaves=15
num_cat=0
split_feature=71 84 71 12 69 84 73 84 31 49 39 25 24 62
split_gain=248030 226237 81654.9 75861.4 43001.2 78357.6 36501 28285.5 26859.2 20268.9 20085.6 20014.7 18764.8 18696
threshold=-1.1874999999999998 103.60600800000002 -3.0999999999999992 272.35636400000004 11.840655182291668 42.523274000000008 -5.6249999999999991 271.39792050000005 21.262500000000003 3.5000000000000004 54.375000000000007 103.78067124249111 299.02505250000007 230.22416750000002
decision_type=2 2 2 2 2 2 2 2 2 2 2 2 2 2
left_child=1 -1 11 4 7 -6 8 13 -5 -8 -4 -3 -7 -2
right_child=3 2 10 6 5 12 9 -9 -10 -11 -12 -13 -14 -15
leaf_value=0.013238575968862213 0.064645228606042549 -1.2289136277337689 0.65874227790570838 0.36411008465606559 0.031188673320948407 0.97720865995007267 0.036134593603799309 -0.47051090351713354 1.2933913258281147 1.1188522692079899 -0.47728705484476852 -0.50438354317458323 0.3144566136050142 0.5517898859885676
leaf_weight=2170 4502 684 40 112 711 436 217 239 261 53 819 113 143 205
leaf_count=2170 4502 684 40 112 711 436 217 239 261 53 819 113 143 205
internal_value=-2.34817e-05 -0.322689 -0.762627 0.179459 0.126082 0.383058 0.696131 0.058994 1.01608 0.252012 -0.423683 -1.12695 0.814348 0.0859741
internal_weight=10705 3826 1656 6879 6236 1290 643 4946 373 270 859 797 579 4707
internal_count=10705 3826 1656 6879 6236 1290 643 4946 373 270 859 797 579 4707
is_linear=0
shrinkage=0.05


Tree=11
num_leaves=15
num_cat=0
split_feature=71 84 71 84 71 84 67 25 68 45 71 71 69 6
split_gain=225905 154364 158889 104992 65176.3 28754 21380.6 20680.6 17418.3 16730.2 16175 16049.3 14584.6 13365.8
threshold=1.0000000180025095e-35 99.960122500000026 -3.1499999999999999 42.523274000000008 2.212499999999999 292.35207400000007 1.6273948541666674 103.31378196793989 12.830171362394831 49.645833333333336 5.1000000000000005 -2.0499999999999985 -1.0000000180025095e-35 184.63511250000002
decision_type=2 2 2 2 2 2 2 2 2 2 2 2 2 2
left_child=1 -1 7 -2 8 6 9 -3 12 -4 13 -11 -5 -6
right_child=3 2 5 4 10 -7 -8 -9 -10 11 -12 -13 -14 -15
leaf_value=0.030571846787644515 0.027656544790309118 -1.1763124700961975 0.57890169277029524 0.0092389722476186962 0.77713171965953864 -1.2602334128184753 0.35701540483150096 -0.4716754905406445 0.94201216785193886 -0.58110076761361673 1.1563570748059415 -0.19841761773663377 0.36326780622411103 0.25449236349377319
leaf_weight=3208 2431 684 58 528 673 65 158 125 85 346 233 1313 647 151
leaf_count=3208 2431 684 58 528 673 65 158 125 85 346 233 1313 647 151
internal_value=-9.49726e-06 -0.205055 -0.479936 0.257236 0.497996 -0.234218 -0.197997 -1.06815 0.254796 -0.249248 0.787389 -0.278532 0.204324 0.681781
internal_weight=10705 5957 2749 4748 2317 1940 1875 809 1260 1717 1057 1659 1175 824
internal_count=10705 5957 2749 4748 2317 1940 1875 809 1260 1717 1057 1659 1175 824
is_linear=0
shrinkage=0.05


Tree=12
num_leaves=15
num_cat=0
split_feature=71 84 71 84 71 69 84 69 24 30 84 71 37 46
split_gain=204676 166570 94491.5 65249.5 100674 24591.5 21367.9 17900.7 17478.9 16400.1 16082.3 15560.4 14987.5 14137.2
threshold=-0.88749999999999918 106.92999150000001 -3.0999999999999992 42.523274000000008 2.1000000000000001 -1.0000000180025095e-35 287.58038500000004 -26.462434338541666 281.72766850000005 19.962500000000002 273.02215500000005 3.9875000000000012 51.625000000000007 71.609375000000014
decision_type=2 2 2 2 2 2 2 2 2 2 2 2 2 2
left_child=1 -1 7 -2 5 8 9 -3 -5 -4 -7 -6 -11 -14
right_child=3 2 6 4 11 10 -8 -9 -10 12 -12 -13 13 -15
leaf_value=0.011149679306867638 0.026609198279718138 -1.4556793171650657 -0.56396651981427126 -0.15653283726600176 0.57658348891860134 0.36634279325016816 -1.1301228238171654 -0.88670140267915398 0.3603266008047476 0.60400807100438314 -0.40980819707943339 0.96258925714988652 -0.87145709287789141 -0.13454460855994277
leaf_weight=2630 3031 184 324 739 621 944 75 600 209 61 71 460 71 685
leaf_count=2630 3031 184 324 739 621 944 75 600 209 61 71 460 71 685
internal_value=-5.24686e-06 -0.250409 -0.594193 0.190848 0.354322 0.140795 -0.317808 -1.02192 -0.0423243 -0.26347 0.311701 0.741579 -0.143758 -0.204812
internal_weight=10705 4630 2000 6075 3044 1963 1216 784 948 1141 1015 1081 817 756
internal_count=10705 4630 2000 6075 3044 1963 1216 784 948 1141 1015 1081 817 756
is_linear=0
shrinkage=0.05


Tree=13
num_leaves=15
num_cat=0
split_feature=71 84 71 84 71 24 84 68 69 43 70 83 46 73
split_gain=185384 127235 129938 86242.8 52506.7 24749.9 19007.9 15586.7 15150.3 14794.3 14351.9 13814.9 14305.3 13418.2
threshold=1.0000000180025095e-35 99.960122500000026 -2.8499999999999992 42.523274000000008 2.2375000000000012 248.07883750000005 282.33339050000006 12.830171362394831 -3.5859041562499985 47.875000000000007 7.0452801370723561 247.36838000000003 82.848958333333357 11.375000000000002
decision_type=2 2 2 2 2 2 2 2 2 2 2 2 2 2
left_child=1 -1 5 -2 7 -3 9 -5 -6 -4 -7 13 -13 -11
right_child=3 2 6 4 8 10 -8 -9 -10 11 -12 12 -14 -15
leaf_value=0.028156452330079507 0.02494437357128941 -1.1782701577922261 0.48186958953738213 0.18581413245089259 0.0064318642589367096 -0.084197813992419934 -0.81353727887977267 0.8798020993155995 0.76282386339922947 -0.22127916024502037 -0.78062257869267571 0.27952339669205384 -0.20110137353298332 -0.79877968609333039
leaf_weight=3208 2431 431 91 1178 71 88 109 86 982 818 472 276 350 114
leaf_count=3208 2431 431 91 1178 71 88 109 86 982 818 472 276 350 114
internal_value=-1.75995e-05 -0.185765 -0.435325 0.233018 0.451224 -0.892884 -0.177034 0.23369 0.711878 -0.134493 -0.67153 -0.17078 0.0109113 -0.292698
internal_weight=10705 5957 2749 4748 2317 991 1758 1264 1053 1649 560 1558 626 932
internal_count=10705 5957 2749 4748 2317 991 1758 1264 1053 1649 560 1558 626 932
is_linear=0
shrinkage=0.05


Tree=14
num_leaves=15
num_cat=0
split_feature=71 84 71 84 71 69 84 36 69 51 32 36 53 72
split_gain=167771 122871 106081 64533.2 65364.1 22820.7 21473.1 19620.4 18162.7 15941.3 14245.4 13993.8 12604 11813.3
threshold=-0.21249999999999855 93.641814000000025 -3.1499999999999999 42.523274000000008 2.212499999999999 -1.0000000180025095e-35 292.35207400000007 24.714192708333339 -14.779579244791664 3.5000000000000004 28.275000000000002 22.937109375000002 -0.91037613702198728 0.93750000000000011
decision_type=2 2 2 2 2 2 2 2 2 2 2 2 2 2
left_child=1 -1 8 -2 5 9 7 -4 -3 -5 -7 -6 -10 -13
right_child=3 2 6 4 11 10 -8 -9 12 -11 -12 13 -14 -15
leaf_value=0.027515720871227542 0.023857409933801085 -1.1976585101852728 -0.23735270503475525 0.15533899896583714 0.35734525069622608 0.28129679639829491 -1.144366093150905 0.43276984878831498 -1.1405328280094897 -0.31417020851001148 0.99845473273216112 0.64099387036942801 -0.56658594966399156 1.0531419285925363
leaf_weight=2796 2719 338 1483 454 263 808 60 117 131 299 75 528 368 266
leaf_count=2796 2719 338 1483 454 263 808 60 117 131 299 75 528 368 266
internal_value=-2.33899e-05 -0.200158 -0.455003 0.195711 0.369151 0.170971 -0.223342 -0.18811 -0.913636 -0.0312624 0.343271 0.675438 -0.719241 0.78022
internal_weight=10705 5293 2497 5412 2693 1636 1660 1600 837 753 883 1057 499 794
internal_count=10705 5293 2497 5412 2693 1636 1660 1600 837 753 883 1057 499 794
is_linear=0
shrinkage=0.05


Tree=15
num_leaves=15
num_cat=0
split_feature=71 84 71 1 69 84 39 73 84 24 39 84 83 70
split_gain=152383 139338 56790.6 52035.2 31313.9 54781.7 25796.5 24556.6 22634.6 19301.3 20126.1 16529 15583.7 15367
threshold=-1.2375000000000005 90.300388000000012 -3.9875000000000003 272.42265700000007 11.840655182291668 42.523274000000008 51.875000000000007 -5.6249999999999991 272.07054550000004 299.02505250000007 62.875000000000007 299.97504500000008 244.88150150000004 12.445752165246169
decision_type=2 2 2 2 2 2 2 2 2 2 2 2 2 2
left_child=1 -1 13 4 8 -6 -4 -5 -2 10 -7 12 -8 -3
right_child=3 2 6 7 5 9 11 -9 -10 -11 -12 -13 -14 -15
leaf_value=0.028387687161671317 0.06979774950710245 -0.50963653572227652 0.77784937809531884 0.97201967496168984 0.023738672265859503 1.628619294735923 -0.51263419472901972 0.22728511874093532 -0.43363085443583826 0.17442686462702303 0.68616574046915013 -1.3702143835466962 -0.10182373995703327 -1.0763667229836915
leaf_weight=2028 4874 160 47 261 729 66 652 193 233 153 400 42 358 509
leaf_count=2028 4874 160 47 261 729 66 652 193 233 153 400 42 358 509
internal_value=-2.51629e-05 -0.254487 -0.578794 0.1398 0.103354 0.317614 -0.35717 0.656621 0.0467491 0.663116 0.822848 -0.40857 -0.367265 -0.941789
internal_weight=10705 3796 1768 6909 6455 1348 1099 454 5107 619 466 1052 1010 669
internal_count=10705 3796 1768 6909 6455 1348 1099 454 5107 619 466 1052 1010 669
is_linear=0
shrinkage=0.05


Tree=16
num_leaves=15
num_cat=0
split_feature=71 84 71 84 71 69 24 84 84 43 68 62 4 58
split_gain=139123 95602.8 93423.2 66146.7 40562.6 22696.5 19293.9 15286.5 14956.7 14204.3 13993.6 13028.9 12723.1 12572.2
threshold=1.0000000180025095e-35 103.60600800000002 -2.8499999999999992 42.523274000000008 3.9875000000000012 -1.0000000180025095e-35 257.54432450000007 273.02215500000005 275.36804450000005 58.375000000000007 10.13330921652207 250.15921200000003 167.79265400000006 -1.1141225000000075
decision_type=2 2 2 2 2 2 2 2 2 2 2 2 2 2
left_child=1 -1 6 -2 5 10 9 11 -4 -3 -5 -7 -8 -11
right_child=3 2 8 4 -6 7 12 -9 -10 13 -12 -13 -14 -15
leaf_value=0.020837576035809144 0.019630451110730831 -0.070300838569315474 -0.10574629914231293 -0.017159918782213148 0.81291647822779967 0.42223830847036031 -0.092382850173891085 -0.29491887202279438 -0.55338899104772876 -1.5290438389778138 0.93804573284053228 1.2663413290555279 -0.69490007543402499 -0.91183970065407116
leaf_weight=3267 2431 40 1513 591 460 1108 122 71 212 109 40 47 313 381
leaf_count=3267 2431 40 1513 591 460 1108 122 71 212 109 40 47 313 381
internal_value=-2.11773e-05 -0.160933 -0.381618 0.201855 0.392954 0.288543 -0.775323 0.413865 -0.16105 -0.978154 0.0447804 0.457653 -0.526518 -1.05197
internal_weight=10705 5957 2690 4748 2317 1857 965 1226 1725 530 631 1155 435 490
internal_count=10705 5957 2690 4748 2317 1857 965 1226 1725 530 631 1155 435 490
is_linear=0
shrinkage=0.05


Tree=17
num_leaves=15
num_cat=0
split_feature=71 84 71 12 73 69 84 53 25 84 62 84 30 25
split_gain=125915 104019 54870.4 41753.9 22594.8 22041.3 43560.3 15258.4 14775.9 14491.3 14393.2 14316.7 14736.3 13164.5
threshold=-0.9875000000000006 106.92999150000001 -3.0999999999999992 274.50906300000003 -5.6249999999999991 11.840655182291668 42.523274000000008 -0.88144907265856332 107.69175705454224 271.04897450000004 226.92036650000003 299.97504500000008 19.962500000000002 103.78067124249111
decision_type=2 2 2 2 2 2 2 2 2 2 2 2 2 2
left_child=1 -1 13 5 7 9 -7 -5 -8 10 -2 12 -4 -3
right_child=3 2 11 4 -6 6 8 -9 -10 -11 -12 -13 -14 -15
leaf_value=0.0089851451269620641 0.053798745864738755 -0.88111413976948727 -0.52100494494054972 1.4136594116032779 0.17519358428598375 0.022155602195085038 0.88905770948523488 0.62366227196397805 0.38499917612056689 -0.35237663340021452 0.46073652337426724 -1.1765098804380836 -0.11573630967661473 -0.29228639845917648
leaf_weight=2589 3943 672 306 90 193 696 258 197 338 206 229 40 836 112
leaf_count=2589 3943 672 306 90 193 696 258 197 338 206 229 40 836 112
internal_value=-2.38056e-05 -0.199254 -0.473348 0.147545 0.594835 0.109581 0.290969 0.875445 0.604323 0.0559967 0.0762405 -0.257867 -0.224689 -0.797475
internal_weight=10705 4555 1966 6150 480 5670 1292 287 596 4378 4172 1182 1142 784
internal_count=10705 4555 1966 6150 480 5670 1292 287 596 4378 4172 1182 1142 784
is_linear=0
shrinkage=0.05


Tree=18
num_leaves=15
num_cat=0
split_feature=71 84 71 84 71 24 69 84 84 70 24 37 49 68
split_gain=114525 79385.5 83739.2 55620.5 34183.9 19482.4 19163.1 13585.4 13558.4 13262.8 12846 15493.6 14668.1 12567.5
threshold=1.0000000180025095e-35 90.300388000000012 -2.7624999999999988 42.523274000000008 3.9875000000000012 248.07883750000005 -1.0000000180025095e-35 275.36804450000005 273.02215500000005 7.8207851708806606 278.56941200000006 53.125000000000007 3.5000000000000004 10.13330921652207
decision_type=2 2 2 2 2 2 2 2 2 2 2 2 2 2
left_child=1 -1 5 -2 6 -3 13 10 -8 -7 12 -12 -4 -5
right_child=3 2 7 4 -6 9 8 -9 -10 -11 11 -13 -14 -15
leaf_value=0.02992799695600494 0.016045878238142713 -0.9443262785208536 -0.10097282691430245 -0.020144727951107624 0.74390520555595518 -0.029769190025179328 0.41892671796463427 -0.50806988431229472 -0.2897366925763587 -0.62003889944543877 1.0108095487822657 0.044776869839056238 -0.6302651818076902 0.88507376258693093
leaf_weight=3088 2431 440 988 591 460 118 1155 209 71 493 45 426 150 40
leaf_count=3088 2431 440 988 591 460 118 1155 209 71 493 45 426 150 40
internal_value=-1.93791e-05 -0.146014 -0.335331 0.183143 0.358378 -0.690389 0.26253 -0.129802 0.377684 -0.506277 -0.0803821 0.139019 -0.171231 0.038548
internal_weight=10705 5957 2869 4748 2317 1051 1857 1818 1226 611 1609 471 1138 631
internal_count=10705 5957 2869 4748 2317 1051 1857 1818 1226 611 1609 471 1138 631
is_linear=0
shrinkage=0.05


Tree=19
num_leaves=15
num_cat=0
split_feature=71 84 71 1 69 84 45 36 73 24 37 84 62 84
split_gain=103696 95277.5 40190.4 37277.6 22098.7 38180.6 21305.1 20548.9 17792.8 16117.4 17769 16084.1 13317 13036.1
threshold=-1.2375000000000005 90.300388000000012 -3.9875000000000003 272.42265700000007 11.840655182291668 42.523274000000008 53.000000000000007 23.030078125000003 -3.1249999999999996 299.02505250000007 56.375000000000007 272.07054550000004 171.35318650000002 299.97504500000008
decision_type=2 2 2 2 2 2 2 2 2 2 2 2 2 2
left_child=1 -1 -3 4 11 -6 -4 -5 -9 10 -7 12 -2 -8
right_child=3 2 6 7 5 9 13 8 -10 -11 -12 -13 -14 -15
leaf_value=0.023982939169457124 0.025893842836444077 -0.78346303483818791 0.81390769350386805 -0.21331194235968429 0.019133851538374002 1.4900684041361656 -0.29881480548085765 0.95651776876422723 0.24389424481087452 0.10676645743600154 0.57630178412064692 -0.36801655302779418 0.28058341511095497 -1.189139204801515
leaf_weight=2028 4292 669 41 73 729 61 1016 243 138 153 405 233 582 42
leaf_count=2028 4292 669 41 73 729 61 1016 243 138 153 405 233 582 42
internal_value=-1.83805e-05 -0.20993 -0.478103 0.115326 0.0844794 0.264472 -0.291676 0.552762 0.699716 0.552911 0.69885 0.0369277 0.0563574 -0.335248
internal_weight=10705 3796 1768 6909 6455 1348 1099 454 381 619 466 5107 4874 1058
internal_count=10705 3796 1768 6909 6455 1348 1099 454 381 619 466 5107 4874 1058
is_linear=0
shrinkage=0.05


Tree=20
num_leaves=15
num_cat=0
split_feature=71 84 71 84 71 24 69 43 84 65 36 67 58 16
split_gain=94733.4 65646.6 68115 46349.4 28740.7 17592.2 16014.1 12233.9 12108.6 12027.7 11405.3 11337.5 11194.2 12025.8
threshold=1.0000000180025095e-35 90.300388000000012 -2.7624999999999988 42.523274000000008 3.9875000000000012 257.54432450000007 -1.0000000180025095e-35 58.375000000000007 273.02215500000005 6.1791476249999997 24.681901041666674 -4.5676767916666661 -11.200341999999997 239.63414350000002
decision_type=2 2 2 2 2 2 2 2 2 2 2 2 2 2
left_child=1 -1 5 -2 6 7 -5 -3 -8 10 12 -7 13 -4
right_child=3 2 9 4 -6 11 8 -9 -10 -11 -12 -13 -14 -15
leaf_value=0.027203251317013195 0.01403981295359125 0.026473456441152204 -0.26981414265443232 0.033905713064772892 0.68004186660568522 -0.56582100142003522 0.38290472791693742 -0.88006115364806581 -0.28669881008358467 0.4165308067687985 0.24385707431405512 -0.045333281977503914 -0.14646921025288681 -1.179277234098741
leaf_weight=3088 2431 40 106 631 460 336 1155 523 71 98 165 152 1394 55
leaf_count=3088 2431 40 106 631 460 336 1155 523 71 98 165 152 1394 55
internal_value=-9.59594e-06 -0.132791 -0.304948 0.166576 0.326542 -0.625175 0.238657 -0.815721 0.343925 -0.119581 -0.150351 -0.404126 -0.19231 -0.585862
internal_weight=10705 5957 2869 4748 2317 1051 1857 563 1226 1818 1720 488 1555 161
internal_count=10705 5957 2869 4748 2317 1051 1857 563 1226 1818 1720 488 1555 161
is_linear=0
shrinkage=0.05


Tree=21
num_leaves=15
num_cat=0
split_feature=71 84 71 84 71 24 80 58 32 47 45 62 70 58
split_gain=85514 59597 56949 41835.2 26524.1 16601.2 13922.6 12866.2 11176.4 13554 11698.2 11588.9 12020.2 11154.3
threshold=1.0000000180025095e-35 111.10307700000001 -2.3625000000000003 42.523274000000008 2.212499999999999 257.54432450000007 -0.72947329433276253 -6.6937375000000108 28.012500000000003 70.747395833333357 86.447916666666671 250.15921200000003 8.1032710679429751 -11.200341999999997
decision_type=2 2 2 2 2 2 2 2 2 2 2 2 2 2
left_child=1 -1 5 -2 8 7 -7 -3 10 -10 11 12 -5 -4
right_child=3 2 13 4 -6 6 -8 -9 9 -11 -12 -13 -14 -15
leaf_value=0.011837219708537759 0.013338110878401878 -1.2975973769053817 -0.51606983177217791 0.20243909964717216 0.49484191851387599 0.019528569187968969 -0.55188519321742235 -0.66416115226342376 1.1860339093208314 -0.023034863719126074 0.52314992062500776 0.7506152210491045 -0.15205518394706846 -0.065809818190733199
leaf_weight=3382 2431 99 152 441 1057 151 361 445 54 40 150 55 520 1367
leaf_count=3382 2431 99 152 441 1057 151 361 445 54 40 150 55 520 1367
internal_value=-1.63476e-05 -0.126172 -0.307367 0.158256 0.310232 -0.589205 -0.383653 -0.781607 0.155095 0.67671 0.1125 0.0514177 0.0106625 -0.111175
internal_weight=10705 5957 2575 4748 2317 1056 512 544 1260 94 1166 1016 961 1519
internal_count=10705 5957 2575 4748 2317 1056 512 544 1260 94 1166 1016 961 1519
is_linear=0
shrinkage=0.05


Tree=22
num_leaves=15
num_cat=0
split_feature=71 84 1 71 36 69 84 22 54 35 28 43 24 39
split_gain=77305.1 71742.6 29640.2 28589.5 17992.1 17706.3 29715.1 16261.2 14148.9 16459 14122 20623.7 13864.5 15566.4
threshold=-1.2375000000000005 115.01744100000001 272.42265700000007 -4.6124999999999998 23.030078125000003 11.840655182291668 42.523274000000008 148.5701428385417 1.0000000180025095e-35 19.686458333333338 24.187500000000004 50.375000000000007 299.02505250000007 62.875000000000007
decision_type=2 2 2 2 2 2 2 2 2 2 2 2 2 2
left_child=1 -1 5 -3 -4 -2 -7 -6 9 -5 -10 -12 13 -8
right_child=2 3 4 8 7 6 12 -9 10 -11 11 -13 -14 -15
leaf_value=-0.001532746277458913 0.029506269324397323 -0.80628021242878134 -0.22691706095293568 -0.84392268710114338 0.78973882196020651 0.016746745614768709 1.3306276289384757 -0.027077899312044119 -0.015872043873456643 -0.26469317403680181 0.43949034330321518 -0.84799449045323971 0.074043401804837317 0.50320532857556544
leaf_weight=2255 5107 402 73 215 305 729 66 76 466 287 40 131 153 400
leaf_count=2255 5107 402 73 215 305 729 66 76 466 287 40 131 153 400
internal_value=-1.58519e-05 -0.181258 0.0995755 -0.444084 0.489633 0.0720699 0.233184 0.62716 -0.315656 -0.513954 -0.158822 -0.546024 0.487645 0.622992
internal_weight=10705 3796 6909 1541 454 6455 1348 381 1139 502 637 171 619 466
internal_count=10705 3796 6909 1541 454 6455 1348 381 1139 502 637 171 619 466
is_linear=0
shrinkage=0.05


Tree=23
num_leaves=15
num_cat=0
split_feature=71 84 71 84 71 84 24 37 49 67 84 31 7 73
split_gain=70960.6 50072.9 52550.4 35129.1 23005.9 17666.4 18499.1 22212.7 21850.6 16836.8 14687.6 14132.8 16437.2 15085.4
threshold=1.0000000180025095e-35 90.300388000000012 -3.9875000000000003 42.523274000000008 3.9875000000000012 292.35207400000007 278.56941200000006 51.875000000000007 3.5000000000000004 -5.183004562499999 277.88047750000004 21.062500000000004 97.954301000000015 1.0000000180025095e-35
decision_type=2 2 2 2 2 2 2 2 2 2 2 2 2 2
left_child=1 -1 -3 -2 10 6 8 -8 -4 -9 11 -5 13 -13
right_child=3 2 5 4 -6 -7 7 9 -10 -11 -12 12 -14 -15
leaf_value=0.024798898570005584 0.011366759885813257 -0.65301780381580521 -0.13215987216561084 0.0083453666093759229 0.59968779879317113 -0.89630856502212974 1.1904912784364488 -0.58154110846960028 -0.66495321179595257 0.16357456975272944 -0.46725853874515266 0.68919975174428505 0.16849223765335331 0.089965743569094536
leaf_weight=3088 2431 669 1336 499 460 75 44 91 224 430 77 398 740 143
leaf_count=3088 2431 669 1336 499 460 75 44 91 224 430 77 398 740 143
internal_value=-1.4363e-05 -0.114934 -0.26529 0.144162 0.283426 -0.147143 -0.120292 0.124684 -0.209041 0.0325649 0.204804 0.234122 0.321996 0.531265
internal_weight=10705 5957 2869 4748 2317 2200 2125 565 1560 521 1857 1780 1281 541
internal_count=10705 5957 2869 4748 2317 2200 2125 565 1560 521 1857 1780 1281 541
is_linear=0
shrinkage=0.05


Tree=24
num_leaves=15
num_cat=0
split_feature=71 84 71 84 69 68 70 58 24 73 68 43 84 18
split_gain=64156.9 47614.3 36941.3 26603.7 30116.3 17225.2 16492.2 15845 17349.2 15701.5 16056.5 13670.9 12186.7 11928.7
threshold=-0.21249999999999855 115.01744100000001 -4.5124999999999984 42.523274000000008 -1.0000000180025095e-35 11.137614778014253 7.707720604428558 -12.292575499999982 248.07883750000005 -5.8749999999999991 5.157222302555045 51.125000000000007 264.01655750000003 212.73030441666671
decision_type=2 2 2 2 2 2 2 2 2 2 2 2 2 2
left_child=1 -1 -3 -2 5 6 -5 -4 -9 10 -6 -12 13 -11
right_child=3 2 7 4 9 -7 -8 8 -10 12 11 -13 -14 -15
leaf_value=0.0034047739162652562 0.010684931847157285 -0.7291017098933823 -0.54677030052298636 0.15444674041642706 0.24302700337241678 0.90435947605541767 -0.28944625853250427 -0.43764269088664998 -0.043775321831671925 0.35401046397908564 1.2302171021091697 0.56203389510283264 -0.27378365008626132 -0.16081429701580696
leaf_weight=3079 2719 409 282 432 322 48 404 368 1155 775 97 373 111 131
leaf_count=3079 2719 409 282 432 322 48 404 368 1155 775 97 373 111 131
internal_value=-1.57431e-05 -0.123777 -0.30057 0.121025 0.232385 -0.00682111 -0.0601557 -0.203118 -0.13917 0.349216 0.51609 0.702255 0.218881 0.279476
internal_weight=10705 5293 2214 5412 2693 884 836 1805 1523 1809 792 470 1017 906
internal_count=10705 5293 2214 5412 2693 884 836 1805 1523 1809 792 470 1017 906
is_linear=0
shrinkage=0.05


Tree=25
num_leaves=15
num_cat=0
split_feature=71 84 67 1 35 73 36 22 69 84 84 24 37 83
split_gain=58179.6 48779 32396.4 22113.8 17972.8 16951.9 15131.5 14566.4 12828.8 23720.9 11479.6 11019.1 13063.1 9879.92
threshold=-0.9875000000000006 115.01744100000001 -5.183004562499999 272.42265700000007 19.634375000000002 11.875000000000002 23.030078125000003 148.5701428385417 11.840655182291668 42.523274000000008 292.35207400000007 299.02505250000007 56.375000000000007 177.94462600000003
decision_type=2 2 2 2 2 2 2 2 2 2 2 2 2 2
left_child=1 -1 5 8 -4 -3 -5 13 -2 -10 -6 12 -11 -8
right_child=3 2 4 6 10 -7 7 -9 9 11 -12 -13 -14 -15
leaf_value=0.001568023380418435 0.033186473122747633 -0.32543834807157845 -0.4705271861419596 -0.21933974245977073 0.022528781967573019 -0.79276006020073386 0.60448905047044521 -0.058953958259869932 0.014601706479037746 1.2352164709760298 -0.80898619957945572 0.055181782064028087 0.45231403370933798 1.4120129253553309
leaf_weight=2678 4399 365 318 71 732 419 243 72 711 61 43 143 405 45
leaf_count=2678 4399 365 318 71 732 419 243 72 711 61 43 143 405 45
internal_value=-1.03754e-05 -0.135437 -0.330804 0.100299 -0.154643 -0.575885 0.445259 0.576577 0.0742283 0.210875 -0.0245899 0.439621 0.557223 0.735114
internal_weight=10705 4555 1877 6150 1093 784 431 360 5719 1320 775 609 466 288
internal_count=10705 4555 1877 6150 1093 784 431 360 5719 1320 775 609 466 288
is_linear=0
shrinkage=0.05


Tree=26
num_leaves=15
num_cat=0
split_feature=71 84 71 84 71 24 49 37 24 67 67 43 70 36
split_gain=53135.7 38338.5 39875.4 26760.5 18785 14734.8 22565.4 20089.7 16103.6 15444.1 11417.2 10659.5 10639.7 10380.3
threshold=1.0000000180025095e-35 90.300388000000012 -3.9875000000000003 42.523274000000008 1.8125000000000002 275.10399300000006 3.5000000000000004 51.625000000000007 286.87046450000008 -4.9843997916666671 -2.9400345000000003 51.625000000000007 12.445752165246169 21.736979166666671
decision_type=2 2 2 2 2 2 2 2 2 2 2 2 2 2
left_child=1 -1 12 -2 11 6 -4 -7 13 -10 -6 -5 -3 -9
right_child=3 2 5 4 10 7 -8 8 9 -11 -12 -13 -14 -15
leaf_value=0.022819695405344887 0.0088535810338247461 -0.21140514016151429 -0.13168014486059085 0.78138048342410849 -0.28700893077766526 1.0630285323934352 -0.66280617276324505 -0.4288524872490338 -1.0310963978027476 -0.10376196231285287 0.39879725547417094 0.038609452054489533 -0.68045597794447465 0.30944937652887594
leaf_weight=3088 2431 160 1286 50 63 46 236 55 57 200 1288 916 509 320
leaf_count=3088 2431 160 1286 50 63 46 236 55 57 200 1288 916 509 320
internal_value=-4.46184e-06 -0.0994488 -0.231013 0.124756 0.246306 -0.128095 -0.214417 0.0657144 -0.00843955 -0.312635 0.366628 0.0778234 -0.568759 0.200313
internal_weight=10705 5957 2869 4748 2317 2200 1522 678 632 257 1351 966 669 375
internal_count=10705 5957 2869 4748 2317 2200 1522 678 632 257 1351 966 669 375
is_linear=0
shrinkage=0.05


Tree=27
num_leaves=15
num_cat=0
split_feature=71 84 84 62 24 37 24 49 24 73 67 84 84 83
split_gain=48000.9 50599.3 22810.3 26851.3 18928.9 14972 18591.4 12959.8 13160.3 12424.4 12069.7 11011.9 18088.5 12195.4
threshold=-2.3625000000000003 87.746388500000009 277.88047750000004 233.77775500000001 273.57706450000006 47.875000000000007 278.84935850000005 3.5000000000000004 246.78300350000004 10.875000000000002 -0.80450514583333332 42.523274000000008 95.430012500000018 204.95695150000003
decision_type=2 2 2 2 2 2 2 2 2 2 2 2 2 2
left_child=1 -1 3 5 7 6 -2 8 -3 -6 -7 -12 13 -13
right_child=2 4 -4 -5 9 10 -8 -9 -10 -11 11 12 -14 -15
leaf_value=0.020030174841179253 -0.01569098930894619 -0.68614817319099508 -0.43658726651229762 0.47907055029043938 0.38305663020894082 -0.078376762082289567 0.70825529252252883 -0.84741263337889505 -0.23774489873821475 -0.32356344008657301 0.010080804489916655 0.28400107826374715 0.092239732353512002 0.89928684901250033
leaf_weight=1338 167 277 225 386 100 1737 188 244 402 161 3072 280 2015 113
leaf_count=1338 167 277 225 386 100 1737 188 244 402 161 3072 280 2015 113
internal_value=-8.50797e-06 -0.19068 0.0587724 0.072831 -0.428612 0.0520615 0.368607 -0.534823 -0.421412 -0.0523991 0.0364419 0.0728438 0.152876 0.462749
internal_weight=10705 2522 8183 7958 1184 7572 355 923 679 261 7217 5480 2408 393
internal_count=10705 2522 8183 7958 1184 7572 355 923 679 261 7217 5480 2408 393
is_linear=0
shrinkage=0.05


Tree=28
num_leaves=15
num_cat=0
split_feature=71 84 71 84 71 84 24 37 49 24 67 84 31 31
split_gain=44034.2 32167.2 32492.1 22138.3 16749.7 13560.9 14147.2 17175.9 16205.4 12922.4 13924.3 11319 10869.6 13991.5
threshold=1.0000000180025095e-35 90.300388000000012 -3.9875000000000003 42.523274000000008 3.9875000000000012 299.97504500000008 278.56941200000006 51.875000000000007 3.5000000000000004 286.87046450000008 -5.4041767291666662 278.29070450000006 21.062500000000004 22.437500000000004
decision_type=2 2 2 2 2 2 2 2 2 2 2 2 2 2
left_child=1 -1 -3 -2 11 6 8 -8 -4 -9 -11 12 -5 -14
right_child=3 2 5 4 -6 -7 7 9 -10 10 -12 -13 13 -15
leaf_value=0.021461536386502528 0.0081482086487659738 -0.51592571192768533 -0.11075309187587977 -0.015652562555762761 0.49395811201846973 -0.92407913839115818 1.0399484165012838 0.25263284217460852 -0.56836773617341452 -0.9936962426316982 -0.046538834483858121 -0.46702697897063833 0.53039476738628977 0.15819833407982173
leaf_weight=3088 2431 669 1350 503 460 50 45 295 225 48 187 69 345 940
leaf_count=3088 2431 669 1350 503 460 50 45 295 225 48 187 69 345 940
internal_value=-6.91258e-06 -0.0905347 -0.211045 0.113567 0.224122 -0.118142 -0.0989782 0.113154 -0.176446 0.0326533 -0.243392 0.157051 0.181382 0.258461
internal_weight=10705 5957 2869 4748 2317 2200 2150 575 1575 530 235 1857 1788 1285
internal_count=10705 5957 2869 4748 2317 2200 2150 575 1575 530 235 1857 1788 1285
is_linear=0
shrinkage=0.05


Tree=29
num_leaves=15
num_cat=0
split_feature=71 84 71 84 71 84 24 37 49 24 67 67 83 19
split_gain=39750.2 29044.3 29351.6 19982.8 15356.2 12354.1 12797.4 15815.7 14410.9 11471.2 12889.6 9742.47 9734.83 9488.21
threshold=1.0000000180025095e-35 89.094115000000016 -3.9875000000000003 42.523274000000008 1.8125000000000002 295.90254450000003 278.56941200000006 51.875000000000007 3.5000000000000004 286.87046450000008 -5.4041767291666662 -0.26532110416666649 244.88150150000004 178.63371200000003
decision_type=2 2 2 2 2 2 2 2 2 2 2 2 2 2
left_child=1 -1 13 -2 -5 6 8 -8 12 -9 -11 -6 -4 -3
right_child=3 2 5 4 11 -7 7 9 -10 10 -12 -13 -14 -15
leaf_value=0.020612236110981709 0.0077409655487587631 -0.61653530131138512 -0.1954884429810736 0.060611841750389972 -0.099944549296796331 -0.79684501962037757 1.0111418531338374 0.24004387468810673 -0.53276509923631687 -0.95955206036257246 -0.03824120032565434 0.36437767303918667 0.091707906091090197 -0.20848421614224974
leaf_weight=3082 2431 461 913 966 124 63 44 295 227 47 182 1227 435 208
leaf_count=3082 2431 461 913 966 124 63 44 295 227 47 182 1227 435 208
internal_value=-1.18789e-05 -0.0860234 -0.200304 0.107896 0.212931 -0.112217 -0.0917278 0.111595 -0.165078 0.0342788 -0.230681 0.321718 -0.102811 -0.490168
internal_weight=10705 5957 2875 4748 2317 2206 2143 568 1575 524 229 1351 1348 669
internal_count=10705 5957 2875 4748 2317 2206 2143 568 1575 524 229 1351 1348 669
is_linear=0
shrinkage=0.05


Tree=30
num_leaves=15
num_cat=0
split_feature=71 84 84 30 84 69 67 45 9 71 36 83 36 25
split_gain=35906.7 24813 24711.1 20167.4 21426.3 17114.4 10621.9 9677.66 11478.7 9510.95 9422.13 9176.75 9104.1 8999.4
threshold=1.4000000000000006 42.523274000000008 292.35207400000007 19.962500000000002 84.599854500000006 -13.408790343750001 -2.9400345000000003 49.645833333333336 274.28284400000007 5.1000000000000005 18.666666666666668 189.29673000000003 20.172395833333336 105.44105271275394
decision_type=2 2 2 2 2 2 2 2 2 2 2 2 2 2
left_child=2 -2 3 4 -1 12 -3 13 -9 -8 -7 -11 -6 -5
right_child=1 6 -4 7 5 10 9 8 -10 11 -12 -13 -14 -15
leaf_value=0.033337791244059438 0.0074935883106641704 -0.23900033484448444 -0.81795159800435013 0.15239520133805595 -0.48205072241240843 -0.808703430767717 0.26317111897076539 0.0032577602553038086 -0.32881419061322825 0.44172287456478393 -0.14588737847810163 1.2102030906314944 -1.110303815635475 1.0134985735373838
leaf_weight=651 1683 90 105 111 281 57 1212 5180 273 174 724 50 73 41
leaf_count=651 1683 90 105 111 281 57 1212 5180 273 174 724 50 73 41
internal_value=-1.89981e-05 0.139912 -0.0599336 -0.0490556 -0.19532 -0.326386 0.285854 -0.00242266 -0.0134244 0.318892 -0.195234 0.617875 -0.614368 0.389773
internal_weight=10705 3209 7496 7391 1786 1135 1526 5605 5453 1436 781 224 354 152
internal_count=10705 3209 7496 7391 1786 1135 1526 5605 5453 1436 781 224 354 152
is_linear=0
shrinkage=0.05


Tree=31
num_leaves=15
num_cat=0
split_feature=67 84 12 73 47 69 32 29 74 84 20 58 69 81
split_gain=33204.4 30383.7 21852.5 21103.3 13521.3 16451 12379.8 15589.5 11337.8 10494.9 9618.43 9577.8 8368.05 9601.61
threshold=-2.4885673333333322 87.746388500000009 252.87840800000001 14.875000000000002 72.596354166666671 -7.7817612447916646 28.012500000000003 22.012500000000003 -6.1249999999999991 270.36296600000009 247.91118100000003 -10.038873500000006 -17.644610546874997 -0.8783796973249266
decision_type=2 2 2 2 2 2 2 2 2 2 2 2 2 2
left_child=1 -1 9 4 5 -3 7 -4 -8 12 -5 -7 13 -2
right_child=2 3 6 10 -6 11 8 -9 -10 -11 -12 -13 -14 -15
leaf_value=0.016667588760944093 -0.74248111844062814 0.93871050200679085 0.4597402402731004 -0.80491202892168712 -0.25204413927197894 -0.72546044436805868 1.2114594413588444 -0.00032434783040963369 0.3845479062821624 -0.30548639920845377 -0.34399984315126436 0.18211283749714494 0.044634411837143617 -0.041249424430961704
leaf_weight=1647 71 54 269 229 938 40 47 579 323 237 228 99 5792 152
leaf_count=1647 71 54 269 229 938 40 47 579 323 237 228 99 5792 152
internal_value=-2.18203e-05 -0.13381 0.0579276 -0.289792 -0.173651 0.206683 0.251588 0.145986 0.49257 0.020165 -0.576213 -0.0823757 0.0330448 -0.266829
internal_weight=10705 3235 7470 1588 1131 193 1218 848 370 6252 457 139 6015 223
internal_count=10705 3235 7470 1588 1131 193 1218 848 370 6252 457 139 6015 223
is_linear=0
shrinkage=0.05


Tree=32
num_leaves=15
num_cat=0
split_feature=71 84 67 73 84 69 68 70 84 24 69 53 24 8
split_gain=30533.6 22833.2 21020 15093.6 13677.9 18377.4 13131 12944.2 11045.4 12514.1 15266.7 11522.3 10800.9 9790.08
threshold=-0.21249999999999855 115.01744100000001 -5.183004562499999 4.3750000000000009 42.523274000000008 -1.0000000180025095e-35 11.137614778014253 7.707720604428558 249.09873900000002 299.02505250000007 12.278951276041669 -0.81241147629688992 248.07883750000005 74.40643900000002
decision_type=2 2 2 2 2 2 2 2 2 2 2 2 2 2
left_child=1 -1 3 -3 -2 6 7 -6 9 10 -7 -12 -4 -11
right_child=4 2 12 -5 5 8 -8 -9 -10 13 11 -13 -14 -15
leaf_value=0.0026723804956380669 0.0043657454041942188 -0.087914755906050024 -0.34436225058905828 -0.5476218437692183 0.12009225805186803 0.24743943669408841 0.77207242475480453 -0.27317735876106186 0.031543421126167537 0.34178627726435662 1.015098818192302 0.446852315364973 -0.011406251542791866 -0.42611870609564328
leaf_weight=3079 2719 259 315 577 432 789 48 404 425 74 128 301 1063 92
leaf_count=3079 2719 259 315 577 432 789 48 404 425 74 128 301 1063 92
internal_value=-2.06267e-05 -0.0853999 -0.207828 -0.405476 0.0834817 0.16333 -0.0235089 -0.070056 0.254595 0.323017 0.378486 0.618365 -0.0877119 -0.0838028
internal_weight=10705 5293 2214 836 5412 2693 884 836 1809 1384 1218 429 1378 166
internal_count=10705 5293 2214 836 5412 2693 884 836 1809 1384 1218 429 1378 166
is_linear=0
shrinkage=0.05


Tree=33
num_leaves=15
num_cat=0
split_feature=71 84 84 30 84 63 39 25 9 67 71 19 7 32
split_gain=27811.2 20835.1 19908.2 16129 16863.7 13399.6 8374.8 11380.6 9282.97 8348.27 7631.23 9799.46 13159.5 11427.6
threshold=1.4000000000000006 292.35207400000007 42.523274000000008 19.762500000000003 84.599854500000006 -37.787372624999996 50.375000000000007 105.36956620720093 272.53009250000008 -0.26532110416666649 5.1000000000000005 80.875725000000017 105.34579400000001 28.275000000000002
decision_type=2 2 2 2 2 2 2 2 2 2 2 2 2 2
left_child=1 3 -2 4 -1 -6 7 -5 -8 -4 11 12 -11 -13
right_child=2 -3 9 6 5 -7 8 -9 -10 10 -12 13 -14 -15
leaf_value=0.031195050100542767 0.0045272388727782458 -0.74877746277752355 -0.073888457486825876 0.030969946667744171 -0.76697481571516002 -0.23156890707691416 0.001691089061742912 0.82390983340094326 -0.27824013214143123 0.54284403157619499 0.56842200767628304 -0.29842638983693603 0.15610113753337471 0.43229520262741467
leaf_weight=606 1683 105 172 125 133 932 5212 70 313 378 215 153 527 81
leaf_count=606 1683 105 172 125 133 932 5212 70 313 378 215 153 527 81
internal_value=-1.35646e-05 -0.0527431 0.123137 -0.042755 -0.179362 -0.299089 -0.00282327 0.318366 -0.0142149 0.253861 0.29552 0.243552 0.318057 -0.0447211
internal_weight=10705 7496 3209 7391 1671 1065 5720 195 5525 1526 1354 1139 905 234
internal_count=10705 7496 3209 7391 1671 1065 5720 195 5525 1526 1354 1139 905 234
is_linear=0
shrinkage=0.05


Tree=34
num_leaves=15
num_cat=0
split_feature=71 84 24 1 45 80 39 36 47 38 84 83 84 68
split_gain=25668.3 24715.9 14093.8 12281.6 12245.7 14269.6 13480.8 11703.6 12236.8 13771.8 11534.4 11463.7 14457.3 10274.7
threshold=-1.2375000000000005 77.844594000000015 247.91118100000003 272.42265700000007 90.145833333333357 -0.70710678118654757 51.875000000000007 23.030078125000003 76.108072916666671 49.875000000000007 270.36296600000009 241.49687000000003 252.45820300000003 8.4288339716714304
decision_type=2 2 2 2 2 2 2 2 2 2 2 2 2 2
left_child=1 -1 -3 10 5 -4 -7 -5 9 -9 11 -2 -13 -11
right_child=3 2 4 7 -6 6 -8 8 -10 13 -12 12 -14 -15
leaf_value=0.016590633731020456 0.022428614101046431 -0.45095631718335349 0.13538058374801443 -0.26867885893160426 -0.82023859079927208 0.57239420185891954 -0.28435434294717615 0.72108788894570397 1.0229788328858389 -0.54902790789492428 -0.2641514483931468 0.35818991763190483 -0.0064103526788378403 0.25284434611054313
leaf_weight=1998 5052 545 395 73 63 48 747 114 68 54 297 626 480 145
leaf_count=1998 5052 545 395 73 63 48 747 114 68 54 297 626 480 145
internal_value=-1.19801e-05 -0.104449 -0.238886 0.0573753 -0.146359 -0.110024 -0.231972 0.308455 0.419449 0.28549 0.0396711 0.0543649 0.200092 0.0335937
internal_weight=10705 3796 1798 6909 1253 1190 795 454 381 313 6455 6158 1106 199
internal_count=10705 3796 1798 6909 1253 1190 795 454 381 313 6455 6158 1106 199
is_linear=0
shrinkage=0.05


Tree=35
num_leaves=15
num_cat=0
split_feature=67 84 62 73 32 24 68 47 69 84 69 81 15 68
split_gain=23736.5 23032.2 17167.6 15958 15721.7 11095.3 10894.5 9924.22 12029.8 9720.71 9406.46 15137.7 8893.89 6942.85
threshold=-3.4530720208333308 77.844594000000015 57.116915499999998 11.625000000000002 28.012500000000003 297.26105400000006 10.05983920261029 72.497395833333357 -7.7817612447916646 272.35636400000004 -10.12155789583333 -0.8783796973249266 216.42415900000003 1.4073022621231208
decision_type=2 2 2 2 2 2 2 2 2 2 2 2 2 2
left_child=1 -1 10 7 5 6 13 8 -3 -8 11 -2 -6 -4
right_child=2 3 4 -5 12 -7 9 -9 -10 -11 -12 -13 -14 -15
leaf_value=0.014682316064087379 -0.75042529246211054 0.96079140415503872 0.66205865421465471 -0.46919189515280951 0.31160778964480773 -0.30201627350359844 0.53128728300305839 -0.20413348580279003 -0.038759650735654572 -0.2360464011528054 0.025400951856578799 -0.064932670697229564 0.89659783219538847 0.051647179478171927
leaf_weight=1552 99 41 48 567 181 141 273 737 106 48 5444 415 102 951
leaf_count=1552 99 41 48 567 181 141 273 737 106 48 5444 415 102 951
internal_value=-9.24143e-06 -0.119222 0.0464812 -0.262359 0.184408 0.118146 0.163221 -0.129316 0.244635 0.416169 0.00608385 -0.198164 0.524867 0.081609
internal_weight=10705 3003 7702 1451 1744 1461 1320 884 147 321 5958 514 283 999
internal_count=10705 3003 7702 1451 1744 1461 1320 884 147 321 5958 514 283 999
is_linear=0
shrinkage=0.05


Tree=36
num_leaves=15
num_cat=0
split_feature=84 71 84 30 84 63 68 69 25 51 58 58 22 7
split_gain=21624.3 18724.7 14020.1 12727.1 13150.7 11003.7 10697.1 9149.38 8775.99 11582.8 8515.78 9966.21 8443.31 7777.4
threshold=282.33339050000006 1.0000000180025095e-35 42.523274000000008 19.962500000000002 84.599854500000006 -37.787372624999996 10.496317830151206 -5.9078175052083326 111.55933439951879 1.5000000000000002 35.884488000000012 10.972174000000004 135.9634828697917 97.407687000000024
decision_type=2 2 2 2 2 2 2 2 2 2 2 2 2 2
left_child=1 3 -3 4 -1 -6 7 -4 9 -8 11 12 -9 -11
right_child=-2 2 6 -5 5 -7 8 10 -10 13 -12 -13 -14 -15
leaf_value=0.016757349431081193 -0.4774656262545815 0.0010082466891426043 -0.21807193828962787 -0.0046828649165441653 -0.71453106518863718 -0.21817408976152219 -0.0020408763995637068 0.35806433265453752 -0.098205705018496361 0.81016384786222051 -0.11762934406326453 0.614024620616475 0.076280411337142903 0.23039710511823738
leaf_weight=579 231 2431 180 4210 128 848 91 378 76 204 241 133 893 82
leaf_count=579 231 2431 180 4210 128 848 91 378 76 204 241 133 893 82
internal_value=-2.2945e-06 0.0105725 0.0845333 -0.0498447 -0.172034 -0.283935 0.173629 0.11952 0.390874 0.489468 0.15657 0.203687 0.1603 0.645319
internal_weight=10705 10474 4709 5765 1555 976 2278 1825 453 377 1645 1404 1271 286
internal_count=10705 10474 4709 5765 1555 976 2278 1825 453 377 1645 1404 1271 286
is_linear=0
shrinkage=0.05


Tree=37
num_leaves=15
num_cat=0
split_feature=67 84 73 62 32 24 47 69 68 84 58 20 70 68
split_gain=19835.5 18420.5 14541.7 14386.1 13473.6 10065 9617.4 13379.8 8860.69 8244.56 7978.69 7336.97 7136.99 7007.98
threshold=-2.4885673333333322 87.746388500000009 14.875000000000002 57.116915499999998 28.275000000000002 299.02505250000007 72.596354166666671 -7.7817612447916646 9.8055000003107029 273.02215500000005 -10.038873500000006 247.91118100000003 7.248982834895128 1.4073022621231208
decision_type=2 2 2 2 2 2 2 2 2 2 2 2 2 2
left_child=1 -1 6 -2 5 8 7 -3 13 -10 -9 -4 -8 -5
right_child=3 2 11 4 -6 -7 12 10 9 -11 -12 -13 -14 -15
leaf_value=0.013759703763666817 0.0080194196656992369 0.85240744075991892 -0.66222270621877655 0.65402275168895718 0.51937573276960325 -0.32025102122632926 0.064344933457099476 -0.65546060946930451 0.47669033960021778 -0.23318196320906281 0.17287097823247313 -0.26009278018271559 -0.2679043220106736 0.04559001627693833
leaf_weight=1647 5833 54 229 49 242 120 207 40 289 47 99 228 731 890
leaf_count=1647 5833 54 229 49 242 120 207 40 289 47 99 228 731 890
internal_value=-9.84738e-07 -0.103406 -0.224858 0.0447882 0.175719 0.115773 -0.128469 0.192245 0.157029 0.376995 -0.0684771 -0.462604 -0.194592 0.078002
internal_weight=10705 3235 1588 7470 1637 1395 1131 193 1275 336 139 457 938 939
internal_count=10705 3235 1588 7470 1637 1395 1131 193 1275 336 139 457 938 939
is_linear=0
shrinkage=0.05


Tree=38
num_leaves=15
num_cat=0
split_feature=84 62 69 84 73 84 7 31 43 9 70 37 19 49
split_gain=18798.2 17118.2 15153.7 14337 13489.8 11173.6 9098 12147.3 7961.89 7935.77 6586.18 6565.56 6452.87 6396.98
threshold=282.33339050000006 225.41628950000003 -1.3059802708333337 80.564241500000009 14.875000000000002 246.71716150000003 202.74317500000004 21.112500000000004 47.875000000000007 273.77944250000002 13.693501098974814 55.875000000000007 178.63371200000003 3.5000000000000004
decision_type=2 2 2 2 2 2 2 2 2 2 2 2 2 2
left_child=1 2 3 -1 6 -3 7 10 11 -10 -5 -4 -6 -8
right_child=-2 5 8 4 12 -7 13 -9 9 -11 -12 -13 -14 -15
leaf_value=0.012882778241723068 -0.44517011170853577 0.70096513230134461 0.486005272578384 -0.026457872399568205 -0.57816338592870087 0.16099767031252804 -0.17408950373444421 0.21040232464944744 0.041927263281612198 -0.45077565771987643 -0.31371751190674291 -0.078856017408024989 -0.16370539448830307 -0.58049074393167766
leaf_weight=2124 231 118 177 510 261 497 324 353 5343 82 327 72 148 138
leaf_count=2124 231 118 177 510 261 497 324 353 5343 82 327 72 148 138
internal_value=9.70134e-07 0.00986061 -0.00611581 -0.0782846 -0.172199 0.265571 -0.108411 -0.0352115 0.0471185 0.0343983 -0.138925 0.32301 -0.428953 -0.296474
internal_weight=10705 10474 9859 4185 2061 615 1652 1190 5674 5425 837 249 409 462
internal_count=10705 10474 9859 4185 2061 615 1652 1190 5674 5425 837 249 409 462
is_linear=0
shrinkage=0.05


end of trees

feature_importances:
consumo_alvo_semana_anterior=124
temperatura_externa_c_diferenca_semana_atual=93
consumo_max_1440m=43
correcao_semanal_media_1440m=43
correcao_semanal_media_360m=22
correcao_semanal_std_1440m=17
correcao_semanal_std_360m=16
umidade_relativa_pct_atual=15
umidade_relativa_pct_diferenca_semana_atual=14
temperatura_externa_c_media_1440m=10
consumo_diferenca_dia_atual=10
tendencia_consumo_360m=10
temperatura_externa_c_lag_1440m=9
umidade_relativa_pct_lag_1440m=8
origem_dia_semana=8
consumo_alvo_dia_anterior=8
consumo_std_1440m=7
umidade_relativa_pct_media_180m=7
umidade_relativa_pct_media_1440m=7
umidade_relativa_pct_lag_60m=6
consumo_lag_15m=5
consumo_max_360m=5
temperatura_externa_c_lag_360m=5
temperatura_externa_c_lag_720m=5
consumo_lag_720m=4
consumo_mean_1440m=4
consumo_lag_10080m=3
consumo_max_60m=3
consumo_min_360m=3
origem_hora_cos=3
consumo_min_180m=2
temperatura_externa_c_media_360m=2
umidade_relativa_pct_lag_720m=2
umidade_relativa_pct_media_360m=2
origem_mes=2
correcao_semanal_media_60m=2
temperatura_externa_c_tendencia_1h=2
alvo_hora_cos=2
alvo_semana_sin=2
consumo_lag_120m=1
consumo_lag_360m=1
consumo_lag_1440m=1
consumo_max_180m=1
consumo_mean_360m=1
temperatura_externa_c_lag_60m=1
temperatura_externa_c_lag_180m=1
umidade_relativa_pct_lag_15m=1
origem_semana_sin=1
correcao_semanal_media_180m=1
umidade_relativa_pct_tendencia_1h=1

parameters:
[boosting: gbdt]
[objective: regression]
[metric: l1]
[tree_learner: serial]
[device_type: cpu]
[data_sample_strategy: bagging]
[data: ]
[valid: ]
[num_iterations: 400]
[learning_rate: 0.05]
[num_leaves: 15]
[num_threads: 2]
[seed: 20260905]
[deterministic: 1]
[force_col_wise: 1]
[force_row_wise: 0]
[histogram_pool_size: -1]
[max_depth: -1]
[min_data_in_leaf: 40]
[min_sum_hessian_in_leaf: 0.001]
[bagging_fraction: 1]
[pos_bagging_fraction: 1]
[neg_bagging_fraction: 1]
[bagging_freq: 0]
[bagging_seed: 23218]
[bagging_by_query: 0]
[feature_fraction: 1]
[feature_fraction_bynode: 1]
[feature_fraction_seed: 28090]
[extra_trees: 0]
[extra_seed: 14360]
[early_stopping_round: 0]
[early_stopping_min_delta: 0]
[first_metric_only: 0]
[max_delta_step: 0]
[lambda_l1: 0]
[lambda_l2: 1]
[linear_lambda: 0]
[min_gain_to_split: 0]
[drop_rate: 0.1]
[max_drop: 50]
[skip_drop: 0.5]
[xgboost_dart_mode: 0]
[uniform_drop: 0]
[drop_seed: 16970]
[top_rate: 0.2]
[other_rate: 0.1]
[min_data_per_group: 100]
[max_cat_threshold: 32]
[cat_l2: 10]
[cat_smooth: 10]
[max_cat_to_onehot: 4]
[top_k: 20]
[monotone_constraints: ]
[monotone_constraints_method: basic]
[monotone_penalty: 0]
[feature_contri: ]
[forcedsplits_filename: ]
[refit_decay_rate: 0.9]
[cegb_tradeoff: 1]
[cegb_penalty_split: 0]
[cegb_penalty_feature_lazy: ]
[cegb_penalty_feature_coupled: ]
[path_smooth: 0]
[interaction_constraints: ]
[verbosity: -1]
[saved_feature_importance_type: 0]
[use_quantized_grad: 0]
[num_grad_quant_bins: 4]
[quant_train_renew_leaf: 0]
[stochastic_rounding: 1]
[linear_tree: 0]
[max_bin: 255]
[max_bin_by_feature: ]
[min_data_in_bin: 3]
[bin_construct_sample_cnt: 200000]
[data_random_seed: 5037]
[is_enable_sparse: 1]
[enable_bundle: 1]
[use_missing: 1]
[zero_as_missing: 0]
[feature_pre_filter: 1]
[pre_partition: 0]
[two_round: 0]
[header: 0]
[label_column: ]
[weight_column: ]
[group_column: ]
[ignore_column: ]
[categorical_feature: ]
[forcedbins_filename: ]
[precise_float_parser: 0]
[parser_config_file: ]
[objective_seed: 15411]
[num_class: 1]
[is_unbalance: 0]
[scale_pos_weight: 1]
[sigmoid: 1]
[boost_from_average: 1]
[reg_sqrt: 0]
[alpha: 0.9]
[fair_c: 1]
[poisson_max_delta_step: 0.7]
[tweedie_variance_power: 1.5]
[lambdarank_truncation_level: 30]
[lambdarank_norm: 1]
[label_gain: ]
[lambdarank_position_bias_regularization: 0]
[eval_at: ]
[multi_error_top_k: 1]
[auc_mu_weights: ]
[num_machines: 1]
[local_listen_port: 12400]
[time_out: 120]
[machine_list_filename: ]
[machines: ]
[gpu_platform_id: -1]
[gpu_device_id: -1]
[gpu_device_id_list: ]
[gpu_use_dp: 0]
[num_gpu: 1]

end of parameters

pandas_categorical:[]
