tree
version=v4
num_class=1
num_tree_per_iteration=1
label_index=0
max_feature_idx=84
objective=regression
feature_names=consumo_atual_kw consumo_lag_15m consumo_lag_30m consumo_lag_60m consumo_lag_120m consumo_lag_180m consumo_lag_360m consumo_lag_720m consumo_lag_1440m consumo_lag_10080m consumo_mean_60m consumo_min_60m consumo_max_60m consumo_std_60m consumo_mean_180m consumo_min_180m consumo_max_180m consumo_std_180m consumo_mean_360m consumo_min_360m consumo_max_360m consumo_std_360m consumo_mean_1440m consumo_min_1440m consumo_max_1440m consumo_std_1440m temperatura_externa_c_atual temperatura_externa_c_lag_15m temperatura_externa_c_lag_60m temperatura_externa_c_lag_180m temperatura_externa_c_lag_360m temperatura_externa_c_lag_720m temperatura_externa_c_lag_1440m temperatura_externa_c_media_60m temperatura_externa_c_media_180m temperatura_externa_c_media_360m temperatura_externa_c_media_1440m umidade_relativa_pct_atual umidade_relativa_pct_lag_15m umidade_relativa_pct_lag_60m umidade_relativa_pct_lag_180m umidade_relativa_pct_lag_360m umidade_relativa_pct_lag_720m umidade_relativa_pct_lag_1440m umidade_relativa_pct_media_60m umidade_relativa_pct_media_180m umidade_relativa_pct_media_360m umidade_relativa_pct_media_1440m origem_hora origem_dia_semana origem_fim_de_semana origem_mes origem_hora_sin origem_hora_cos origem_semana_sin origem_semana_cos consumo_diferenca_semana_atual consumo_razao_semana_atual consumo_diferenca_dia_atual tendencia_consumo_15m tendencia_consumo_60m tendencia_consumo_180m tendencia_consumo_360m correcao_semanal_media_60m correcao_semanal_std_60m correcao_semanal_media_180m correcao_semanal_std_180m correcao_semanal_media_360m correcao_semanal_std_360m correcao_semanal_media_1440m correcao_semanal_std_1440m temperatura_externa_c_diferenca_semana_atual temperatura_externa_c_tendencia_1h umidade_relativa_pct_diferenca_semana_atual umidade_relativa_pct_tendencia_1h alvo_hora alvo_dia_semana alvo_fim_de_semana alvo_mes alvo_hora_sin alvo_hora_cos alvo_semana_sin alvo_semana_cos consumo_alvo_dia_anterior consumo_alvo_semana_anterior
feature_infos=[22.399999999999999:324.71375799999998] [22.399999999999999:324.71375799999998] [22.399999999999999:324.71375799999998] [22.399999999999999:324.71375799999998] [22.399999999999999:324.71375799999998] [22.399999999999999:324.71375799999998] [22.399999999999999:324.71375799999998] [22.399999999999999:324.71375799999998] [22.399999999999999:324.71375799999998] [22.399999999999999:324.71375799999998] [22.399999999999999:321.24876725000001] [22.399999999999999:318.278571] [22.399999999999999:324.71375799999998] [0:82.540869055199337] [22.399999999999999:313.28577408333337] [22.399999999999999:302.53573799999998] [22.399999999999999:324.71375799999998] [0:92.970139865692389] [22.399999999999999:295.13563500000004] [22.399999999999999:249.29458700000001] [22.399999999999999:324.71375799999998] [0:116.53386463160022] [23.200000000000003:159.49963871874999] none [25.600000000000001:324.71375799999998] [1.3929144002343703:128.71471884334804] [15:33.700000000000003] [15:33.700000000000003] [15:33.700000000000003] [15:33.700000000000003] [15:33.700000000000003] [15:33.700000000000003] [15:33.700000000000003] [15:33.4375] [15:32.71875] [15.333333333333334:31.620833333333334] [16.439843749999998:27.283072916666669] [31:98] [31:98] [31:98] [31:98] [31:98] [31:98] [31:98] [32.5:95.625] [33.666666666666664:95.083333333333329] [37.041666666666664:94] [59.309895833333336:91.638020833333329] [0:23.75] [0:6] [0:1] [1:4] [-1:1] [-1:1] [-0.97492791218182362:0.97492791218182362] [-0.90096886790241903:1] [-72.635950000000008:77.445233000000002] [0.43630911779503978:2.09406877563422] [-291.363968:296.779246] [-121.30707899999999:153.05878799999999] [-124.27709300000001:153.05878799999999] [-180.63157299999997:268.16051600000003] [-299.363968:299.97924600000005] [-70.384351250000009:75.467424499999993] [0:44.359338508129341] [-67.777903583333341:70.921986416666655] [0:38.631403568061003] [-64.848194500000005:62.415354583333333] [0:37.083675449251288] [-34.945017510416669:27.905951093750001] [0:30.68446053870321] [-12:11.5] [-8:4.8000000000000007] [-49:48] [-30:40] [0:23.75] [0:6] [0:1] [1:4] [-1:1] [-1:1] [-0.97492791218182362:0.97492791218182362] [-0.90096886790241903:1] [22.399999999999999:324.71375799999998] [22.399999999999999:324.71375799999998]
tree_sizes=1420 1418 1421 1422 1433 1435 1432 1429 1432 1438 1442 1436 1422 1433 1443 1434 1449 1445 1438 1445 1434 1436 1441 1442 1451 1443 1449 1437 1438 1436 1444 1454 1432 1445 1445 1435 1447

Tree=0
num_leaves=15
num_cat=0
split_feature=71 84 71 84 71 69 84 84 69 69 24 83 58 49
split_gain=611603 452693 374614 239738 258994 66781.2 63263.7 54196.2 39891.1 34428.6 31065.8 28119 27546.5 26814.9
threshold=-1.0000000180025095e-35 103.090366 -2.5124999999999988 42.523274000000008 2.212499999999999 -26.30091713020833 287.58038500000004 272.35636400000004 -0.18351217708333298 11.840655182291668 281.72766850000005 258.94589250000007 -10.845522500000007 2.5000000000000004
decision_type=2 2 2 2 2 2 2 2 2 2 2 2 2 2
left_child=1 -1 5 -2 7 -3 12 8 10 13 -5 -7 -4 -6
right_child=3 2 6 4 9 11 -8 -9 -10 -11 -12 -13 -14 -15
leaf_value=-1.0091531426233653 -1.0014914623193085 -3.5117703962355322 -2.0544532218468037 -1.1695603606480289 0.27918965530266182 -2.5806958347304869 -2.9074431014348923 -1.6336116630100053 -0.40626021845191262 0.59081577010574948 -0.38784559034951138 -1.4249570379887497 -1.3096053824062364 -0.5251705706241494
leaf_weight=2961 2684 208 136 426 290 660 70 146 855 525 180 58 1342 164
leaf_count=2961 2684 208 136 426 290 660 70 146 855 525 180 58 1342 164
internal_value=-1.05418 -1.4263 -1.92537 -0.670417 -0.326949 -2.72035 -1.44905 -0.717873 -0.626028 0.313743 -0.936653 -2.48798 -1.37877 -0.00957093
internal_weight=10705 5435 2474 5270 2586 926 1548 1607 1461 979 606 718 1478 454
internal_count=10705 5435 2474 5270 2586 926 1548 1607 1461 979 606 718 1478 454
is_linear=0
shrinkage=1


Tree=1
num_leaves=15
num_cat=0
split_feature=71 84 71 84 71 24 84 84 31 31 69 8 70 67
split_gain=552138 408698 338164 216417 233818 60397.1 57228 48936.4 36858.6 41362.7 31066.2 30353.3 26447.2 25243.4
threshold=-1.0000000180025095e-35 103.090366 -2.5124999999999988 42.523274000000008 2.212499999999999 257.54432450000007 290.2148160000001 272.35636400000004 21.112500000000004 22.312500000000004 11.840655182291668 205.88845150000003 18.044551323038437 -2.4885673333333322
decision_type=2 2 2 2 2 2 2 2 2 2 2 2 2 2
left_child=1 -1 5 -2 7 -3 13 8 -5 12 -6 -7 -10 -4
right_child=3 2 6 4 10 11 -8 -9 9 -11 -12 -13 -14 -15
leaf_value=0.042777105599671988 0.050055921623826695 -1.9261308258330381 -0.57771632302280207 -0.020589641735274743 0.9925841093701977 -0.66376710932458471 -1.8640971914414437 -0.55065634199449809 0.88631886309653363 0.39344005569089707 1.5629031768415704 -1.5543624933142413 2.2737442828888117 -0.15253653134829526
leaf_weight=2961 2684 539 560 375 454 198 61 146 188 856 525 189 42 927
leaf_count=2961 2684 539 560 375 454 198 61 146 188 856 525 189 42 927
internal_value=-1.51291e-05 -0.353578 -0.82778 0.364615 0.69095 -1.5831 -0.375227 0.319512 0.406786 0.554244 1.29971 -1.10159 1.14842 -0.312939
internal_weight=10705 5435 2474 5270 2586 926 1548 1607 1461 1086 979 387 230 1487
internal_count=10705 5435 2474 5270 2586 926 1548 1607 1461 1086 979 387 230 1487
is_linear=0
shrinkage=0.05


Tree=2
num_leaves=15
num_cat=0
split_feature=71 84 71 84 71 84 69 84 69 69 84 51 67 22
split_gain=500178 417161 232358 153119 272848 60403.3 52728.8 44030.2 41347.1 28697.7 26796.2 26220.4 26089.4 23376
threshold=-0.88749999999999918 103.090366 -2.7999999999999985 42.523274000000008 2.0124999999999997 263.70710200000008 -26.462434338541666 292.35207400000007 -1.3059802708333337 11.840655182291668 285.86399050000006 3.5000000000000004 -2.4885673333333322 139.61285504687501
decision_type=2 2 2 2 2 2 2 2 2 2 2 2 2 2
left_child=1 -1 6 -2 5 8 -3 12 11 13 -7 -5 -4 -6
right_child=3 2 7 4 9 10 -8 -9 -10 -11 -12 -13 -14 -15
leaf_value=0.036471063087014539 0.047644030409269809 -2.3120605595906576 -0.69524798036055357 0.26852597488933588 1.1123117590293368 -0.19494448866929934 -1.3414417076948624 -2.0077563148074682 0.544784004320089 1.4774518054712558 -1.5449435722537157 -0.41684438312932648 -0.21519390304432917 0.22794206311828213
leaf_weight=2554 3042 179 480 390 375 360 682 44 1026 532 40 216 691 94
leaf_count=2554 3042 179 480 390 375 360 682 44 1026 532 40 216 691 94
internal_value=-1.95451e-05 -0.391464 -0.917695 0.298331 0.549664 0.216583 -1.54568 -0.471774 0.35152 1.22492 -0.33346 0.0239513 -0.412396 0.935923
internal_weight=10705 4630 2076 6075 3033 2032 861 1215 1632 1001 400 606 1171 469
internal_count=10705 4630 2076 6075 3033 2032 861 1215 1632 1001 400 606 1171 469
is_linear=0
shrinkage=0.05


Tree=3
num_leaves=15
num_cat=0
split_feature=71 84 71 84 71 84 69 69 84 51 65 84 58 31
split_gain=451612 382331 202068 134489 251690 55775.9 47810.1 40103.3 39295.5 28669.2 27368.1 23986.8 23936.3 23427.1
threshold=-0.9875000000000006 103.090366 -2.7999999999999985 42.523274000000008 2.0124999999999997 263.70710200000008 -26.30091713020833 -0.18351217708333298 292.35207400000007 3.5000000000000004 22.823637208333341 285.86399050000006 -11.200341999999997 18.012500000000003
decision_type=2 2 2 2 2 2 2 2 2 2 2 2 2 2
left_child=1 -1 6 -2 5 7 -3 9 12 -5 -6 -7 -4 -8
right_child=3 2 8 4 10 11 13 -9 -10 -11 -12 -13 -14 -15
leaf_value=0.033973644917156785 0.045274245575031576 -2.1311362827793832 -1.072595167360386 0.29763162127544179 1.0384681609185837 -0.1943664414331257 -2.1286882577623643 0.54550396789728706 -1.9095993502934776 -0.34357582876926074 1.7228338253367079 -1.4695805375168964 -0.32188556690209363 -1.1479039873628536
leaf_weight=2522 3071 208 118 453 820 372 69 931 44 282 181 40 1010 584
leaf_count=2522 3071 208 118 453 820 372 69 931 44 282 181 40 1010 584
internal_value=-4.19842e-05 -0.377353 -0.887383 0.27943 0.512886 0.198918 -1.46861 0.327716 -0.459503 0.0514848 1.16381 -0.321432 -0.401298 -1.25464
internal_weight=10705 4555 2033 6150 3079 2078 861 1666 1172 735 1001 412 1128 653
internal_count=10705 4555 2033 6150 3079 2078 861 1666 1172 735 1001 412 1128 653
is_linear=0
shrinkage=0.05


Tree=4
num_leaves=15
num_cat=0
split_feature=71 84 71 84 71 24 8 84 84 31 37 31 65 24
split_gain=409358 303041 250148 160608 170937 58963.5 40114.3 39710.3 37456.5 31888.1 38605.2 30650.6 26040.4 23979.4
threshold=-1.0000000180025095e-35 103.92004200000001 -2.1374999999999988 42.523274000000008 2.212499999999999 257.54432450000007 205.88845150000003 287.58038500000004 272.35636400000004 21.112500000000004 53.375000000000007 22.812500000000004 22.823637208333341 267.02599300000003
decision_type=2 2 2 2 2 2 2 2 2 2 2 2 2 2
left_child=1 -1 5 -2 8 -3 13 -4 9 -5 -11 -12 -6 -7
right_child=3 2 7 4 12 6 -8 -9 -10 10 11 -13 -14 -15
leaf_value=0.035526801393308438 0.042909877171507543 -1.6550697838107054 -0.23136271854553542 -0.043673604843702092 0.99194687061605613 -1.072161084960918 -1.3901762232642563 -1.525508838315164 -0.48385946311842221 1.5148643656425618 0.87600337502226466 0.24148207940148778 1.6667363308788687 -0.072407813315005162
leaf_weight=2971 2684 561 1374 375 802 97 216 61 146 84 255 747 177 155
leaf_count=2971 2684 561 1374 375 802 97 216 61 146 84 255 747 177 155
internal_value=-7.27404e-05 -0.304508 -0.714357 0.313892 0.595018 -1.30892 -0.891334 -0.287399 0.277426 0.353781 0.490937 0.403674 1.11552 -0.45995
internal_weight=10705 5435 2464 5270 2586 1029 468 1435 1607 1461 1086 1002 979 252
internal_count=10705 5435 2464 5270 2586 1029 468 1435 1607 1461 1086 1002 979 252
is_linear=0
shrinkage=0.05


Tree=5
num_leaves=15
num_cat=0
split_feature=71 84 71 84 71 84 69 69 84 69 24 49 58 83
split_gain=369969 313396 171009 110206 204650 47075.9 41673.3 35248.3 33637.2 25688.4 23432.9 21678 21097.9 20931.3
threshold=-0.9875000000000006 99.574944500000015 -2.7999999999999985 42.523274000000008 2.0124999999999997 263.70710200000008 -26.462434338541666 -1.3059802708333337 287.58038500000004 11.840655182291668 281.72766850000005 2.5000000000000004 -11.200341999999997 258.94589250000007
decision_type=2 2 2 2 2 2 2 2 2 2 2 2 2 2
left_child=1 -1 6 -2 5 7 -3 10 12 11 -5 -6 -4 -8
right_child=3 2 8 4 9 -7 13 -9 -10 -11 -12 -13 -14 -15
leaf_value=0.036978886493467464 0.040912979850933583 -2.0030019016056273 -0.95305034866333005 -0.1548187682457689 1.0330329234086819 -0.29695012854450537 -1.2216057366388744 0.47817302458624678 -1.4944127164669891 1.2897631372475393 0.59035976617249541 0.32281498948440834 -0.2634241945570352 -0.14668143390119076
leaf_weight=2485 3071 181 124 495 300 412 648 1038 66 532 133 169 1002 49
leaf_count=2485 3071 181 124 495 300 412 648 1038 66 532 133 169 1002 49
internal_value=-7.42657e-05 -0.341581 -0.795835 0.252877 0.464209 0.181096 -1.32503 0.299424 -0.405257 1.05116 0.00368537 0.778344 -0.340147 -1.14636
internal_weight=10705 4555 2070 6150 3079 2078 878 1666 1192 1001 628 469 1126 697
internal_count=10705 4555 2070 6150 3079 2078 878 1666 1192 1001 628 469 1126 697
is_linear=0
shrinkage=0.05


Tree=6
num_leaves=15
num_cat=0
split_feature=71 84 71 84 71 24 84 8 69 65 46 51 69 24
split_gain=335863 242669 226658 158706 105297 50736.6 42162.9 34955 26400 23110.4 22270.7 21184.1 19429.9 19336.5
threshold=1.0000000180025095e-35 107.20503200000002 -2.0499999999999985 42.523274000000008 2.212499999999999 257.54432450000007 282.33339050000006 205.88845150000003 -0.12570920833333388 22.823637208333341 82.848958333333357 3.5000000000000004 11.840655182291668 267.02599300000003
decision_type=2 2 2 2 2 2 2 2 2 2 2 2 2 2
left_child=1 -1 5 -2 8 -3 10 13 11 12 -4 -5 -6 -7
right_child=3 2 6 4 9 7 -8 -9 -10 -11 -12 -13 -14 -15
leaf_value=0.040773722247239179 0.038719194219680973 -1.5097938119083947 0.036489981868110456 0.28902179632160785 0.6288604173134632 -0.96510914700980099 -1.2267832455973999 -1.2752721536243075 0.51503110544213637 1.5262753127666002 -0.34256495736027925 -0.35676388749899579 1.1251289889130556 -0.075855790937273973
leaf_weight=3254 2494 554 686 350 380 97 101 213 727 177 889 198 422 163
leaf_count=3254 2494 554 686 350 380 97 101 213 727 177 889 198 422 163
internal_value=-8.33564e-05 -0.250099 -0.600152 0.313582 0.617559 -1.18469 -0.241471 -0.801539 0.317706 1.00735 -0.177547 0.0554656 0.891065 -0.410042
internal_weight=10705 5957 2703 4748 2254 1027 1676 473 1275 979 1575 548 802 260
internal_count=10705 5957 2703 4748 2254 1027 1676 473 1275 979 1575 548 802 260
is_linear=0
shrinkage=0.05


Tree=7
num_leaves=15
num_cat=0
split_feature=71 84 71 84 71 24 84 24 37 69 8 84 69 58
split_gain=304088 256969 139216 90731.5 165697 45196.4 40651.7 35680.3 36036.8 35155.4 32417.5 21712.9 21178.1 19869.5
threshold=-0.9875000000000006 99.574944500000015 -2.1374999999999988 42.523274000000008 2.0124999999999997 257.54432450000007 273.02215500000005 281.72766850000005 51.875000000000007 -0.76675163541666624 205.88845150000003 282.33339050000006 11.840655182291668 -2.1980815000000002
decision_type=2 2 2 2 2 2 2 2 2 2 2 2 2 2
left_child=1 -1 5 -2 6 13 7 9 -9 -5 -7 -4 -6 -3
right_child=3 2 11 4 12 10 -8 8 -10 -11 -12 -13 -14 -15
leaf_value=0.033092817588921339 0.036913372953616394 -2.2527510527408485 -0.2369933564409677 -0.19128813640898298 0.70145563463660632 -0.37391973522171612 -0.53109001433770908 1.6581013892636154 0.4176745590135873 0.3315819084519277 -1.1985451227136419 -1.1216990722219149 1.165769706683244 -1.3123278713163624
leaf_weight=2485 3071 65 941 601 469 255 189 65 534 689 225 74 532 510
leaf_count=2485 3071 65 941 601 469 255 189 65 534 689 225 74 532 510
internal_value=-8.64346e-05 -0.309698 -0.721029 0.22924 0.420993 -1.12299 0.166243 0.236257 0.554818 0.0880217 -0.762151 -0.302535 0.949141 -1.42236
internal_weight=10705 4555 2070 6150 3079 1055 2078 1889 599 1290 480 1015 1001 575
internal_count=10705 4555 2070 6150 3079 1055 2078 1889 599 1290 480 1015 1001 575
is_linear=0
shrinkage=0.05


Tree=8
num_leaves=15
num_cat=0
split_feature=71 84 71 84 71 69 84 31 69 63 46 51 69 24
split_gain=275300 199976 183636 130188 85126.5 41565.4 36109.5 22944.8 21840.5 20909.8 20810.7 18289.4 16564.4 18080.3
threshold=1.0000000180025095e-35 107.20503200000002 -2.0499999999999985 42.523274000000008 2.212499999999999 -26.30091713020833 292.35207400000007 18.012500000000003 -0.12570920833333388 23.254554000000009 82.848958333333357 3.5000000000000004 11.840655182291668 257.91047800000007
decision_type=2 2 2 2 2 2 2 2 2 2 2 2 2 2
left_child=1 -1 5 -2 8 -3 10 -7 11 12 -4 -5 13 -6
right_child=3 2 6 4 9 7 -8 -9 -10 -11 -12 -13 -14 -15
leaf_value=0.037598326310584074 0.034939081293786457 -1.7041466888326866 0.022288765529078162 0.26807980459903841 1.1559908590097538 -1.7660925474431779 -1.6188558925853838 -0.82496149970889088 0.46906661116390147 1.3291583149782991 -0.33810372267913902 -0.33196526850812402 1.0024837311772485 0.32423090680907429
leaf_weight=3254 2494 207 704 350 86 71 44 749 727 229 928 198 396 268
leaf_count=3254 2494 207 704 350 86 71 44 749 727 229 928 198 396 268
internal_value=-9.55394e-05 -0.226451 -0.544222 0.283885 0.559201 -1.07037 -0.221367 -0.908502 0.289589 0.909675 -0.182722 0.0510654 0.779994 0.528984
internal_weight=10705 5957 2703 4748 2254 1027 1676 820 1275 979 1632 548 750 354
internal_count=10705 5957 2703 4748 2254 1027 1676 820 1275 979 1632 548 750 354
is_linear=0
shrinkage=0.05


Tree=9
num_leaves=15
num_cat=0
split_feature=71 84 71 84 71 84 69 36 84 84 67 63 70 24
split_gain=250189 210829 114600 74790 134038 35744.1 31101.2 28324.6 24950.8 20124.4 19647.7 19055.2 18555.9 34664.8
threshold=-0.9875000000000006 99.574944500000015 -2.7999999999999985 42.523274000000008 2.0124999999999997 263.70710200000008 -26.462434338541666 20.954296875000004 292.35207400000007 93.662664000000021 -2.4885673333333322 28.110912375000009 8.1012924249459495 283.21306650000002
decision_type=2 2 2 2 2 2 2 2 2 2 2 2 2 2
left_child=1 -1 6 -2 5 7 -3 -5 10 -9 -4 -6 -11 -14
right_child=3 2 8 4 11 -7 -8 9 -10 12 -12 -13 13 -15
leaf_value=0.029559683146019641 0.033296946290647611 -1.6720030368029417 -0.5297451567380026 -0.23052891221366767 0.75837360750817062 -0.26366848135299387 -0.93255795500348637 0.98376635674189417 -1.4894760350386302 0.48351996719982993 -0.11100992311166701 1.3492945131767229 -0.22769726155987705 0.4891863995802308
leaf_weight=2485 3071 181 485 253 836 412 697 112 44 625 663 165 362 314
leaf_count=2485 3071 181 485 253 836 412 697 112 44 625 663 165 362 314
internal_value=-9.98217e-05 -0.280935 -0.653512 0.207912 0.382007 0.152881 -1.08672 0.255989 -0.333775 0.343203 -0.288222 0.857028 0.287345 0.105524
internal_weight=10705 4555 2070 6150 3079 2078 878 1666 1192 1413 1148 1001 1301 676
internal_count=10705 4555 2070 6150 3079 2078 878 1666 1192 1413 1148 1001 1301 676
is_linear=0
shrinkage=0.05


Tree=10
num_leaves=15
num_cat=0
split_feature=71 84 71 84 71 84 24 37 69 84 69 30 27 67
split_gain=225872 190559 96353 67519.9 120997 32915.5 28835.8 31716.7 28726.3 25488.2 20597.1 19049.3 18995.9 25603.5
threshold=-0.9875000000000006 107.20503200000002 -3.3625000000000003 42.523274000000008 2.0124999999999997 272.35636400000004 281.72766850000005 54.875000000000007 -0.76675163541666624 295.90254450000003 -14.779579244791664 22.112500000000004 19.012500000000003 -3.5801233541666702
decision_type=2 2 2 2 2 2 2 2 2 2 2 2 2 2
left_child=1 -1 10 -2 5 6 8 -8 -5 12 -3 -9 -4 -14
right_child=3 2 9 4 -6 -7 7 11 -10 -11 -12 -13 13 -15
leaf_value=0.017821556505071234 0.031632641097530723 -1.4811826392000682 -0.71857660234551446 -0.1757964928550646 0.81428134245389028 -0.46135259773536119 1.4455127795021256 0.70578602570121607 0.2982345822757404 -1.5054329806683111 -0.8837173690376714 0.093936070965465482 -0.56892375366820214 -0.06473035057962645
leaf_weight=2566 3071 280 296 599 1001 201 76 222 683 50 312 297 417 634
leaf_count=2566 3071 280 296 599 1001 201 76 222 683 50 312 297 417 634
internal_value=-0.000101039 -0.266939 -0.634133 0.197544 0.362961 0.145266 0.210438 0.497798 0.0767845 -0.407087 -1.16832 0.356506 -0.365231 -0.265127
internal_weight=10705 4555 1989 6150 3079 2078 1877 595 1282 1397 592 519 1347 1051
internal_count=10705 4555 1989 6150 3079 2078 1877 595 1282 1397 592 519 1347 1051
is_linear=0
shrinkage=0.05


Tree=11
num_leaves=15
num_cat=0
split_feature=71 84 71 84 71 24 84 8 65 24 46 69 17 58
split_gain=204855 149798 144416 97025.5 61675.3 33736.6 31884.1 28377.3 17978.8 17480.8 17178 17140.2 16814.3 16371.8
threshold=1.0000000180025095e-35 99.574944500000015 -2.1374999999999988 42.523274000000008 2.212499999999999 257.54432450000007 275.36804450000005 205.88845150000003 22.823637208333341 267.02599300000003 82.848958333333357 -0.12570920833333388 35.425119891435706 -2.1980815000000002
decision_type=2 2 2 2 2 2 2 2 2 2 2 2 2 2
left_child=1 -1 5 -2 11 13 10 9 -6 -7 12 -5 -4 -3
right_child=3 2 6 4 8 7 -8 -9 -10 -11 -12 -13 -14 -15
leaf_value=0.040853222423600677 0.029947649909403618 -1.9331420233755403 -0.017898184839692764 0.041743683184785239 0.67860391404752884 -0.77345921745409774 -0.77130255560422767 -1.019607390885332 1.237768430727419 0.076135003111623939 -0.25639598569926431 0.41203696963557779 0.70071274555744012 -1.0822092236517227
leaf_weight=3156 2494 65 607 548 802 97 202 225 177 158 844 727 93 510
leaf_count=3156 2494 65 607 548 802 97 202 225 177 158 844 727 93 510
internal_value=-0.000107444 -0.195366 -0.461444 0.24486 0.482537 -0.923031 -0.182166 -0.611486 0.780859 -0.248803 -0.104641 0.253041 0.0784378 -1.18159
internal_weight=10705 5957 2801 4748 2254 1055 1746 480 979 255 1544 1275 700 575
internal_count=10705 5957 2801 4748 2254 1055 1746 480 979 255 1544 1275 700 575
is_linear=0
shrinkage=0.05


Tree=12
num_leaves=15
num_cat=0
split_feature=71 84 71 84 71 84 24 37 70 36 84 30 73 69
split_gain=185491 156080 80845.6 55589.8 97975.9 30345.6 25815.6 30082.2 28853.4 30447.8 22217 19152.6 19128.1 17831.1
threshold=-0.9875000000000006 103.090366 -3.3625000000000003 42.523274000000008 2.212499999999999 285.86399050000006 281.72766850000005 54.875000000000007 8.1032710679429751 20.954296875000004 295.90254450000003 22.112500000000004 -10.624999999999998 -14.779579244791664
decision_type=2 2 2 2 2 2 2 2 2 2 2 2 2 2
left_child=1 -1 13 -2 5 6 8 -8 9 -5 -4 -9 -11 -3
right_child=3 2 10 4 -6 -7 7 11 -10 12 -12 -13 -14 -15
leaf_value=0.020882923429845893 0.028452211204178943 -1.3425812866578255 -0.32312644620907904 -0.2580825463551632 0.74191373177319386 -1.2107999996441168 1.3443245617911603 0.65009023019181189 -0.23634203063423881 -0.23854170398165786 -1.3871223447369596 0.062630301808943731 0.53121927875385377 -0.79385657400086485
leaf_weight=2522 3071 282 1375 234 979 40 77 230 559 95 50 348 517 326
leaf_count=2522 3071 282 1375 234 979 40 77 230 559 95 50 348 517 326
internal_value=-0.000114383 -0.241927 -0.567801 0.178994 0.329087 0.13637 0.163104 0.422083 0.0421555 0.226236 -0.361406 0.297114 0.411536 -1.05015
internal_weight=10705 4555 2033 6150 3079 2100 2060 655 1405 846 1425 578 612 608
internal_count=10705 4555 2033 6150 3079 2100 2060 655 1405 846 1425 578 612 608
is_linear=0
shrinkage=0.05


Tree=13
num_leaves=15
num_cat=0
split_feature=71 84 71 84 69 24 8 71 84 22 70 24 8 31
split_gain=167875 123575 112842 79558.8 52334.6 28912.3 32814.9 25501 25357.7 23961.9 23136 19677.9 23436.6 16460.1
threshold=1.0000000180025095e-35 107.20503200000002 -2.0499999999999985 42.523274000000008 11.840655182291668 266.90505200000007 200.46031700000003 3.7624999999999997 282.33339050000006 148.13106922916668 8.1012924249459495 283.21306650000002 209.58405150000002 20.012500000000003
decision_type=2 2 2 2 2 2 2 2 2 2 2 2 2 2
left_child=1 -1 5 -2 7 -3 -7 10 -4 -6 13 -12 -13 -5
right_child=3 2 8 4 9 6 -8 -9 -10 -11 11 12 -14 -15
leaf_value=0.030689670960726462 0.027028827442673736 -1.0366017215320731 -0.12403148841759933 -0.15681956993836552 1.0070363754959673 0.028173229144613822 -0.91982492405902316 0.86294648145422626 -0.93769703477657596 0.40585872637862908 -0.2188694862927687 -0.026467719620891977 1.2579129441508226 0.4707115325126221
leaf_weight=3254 2494 661 1575 123 457 170 196 162 101 263 419 97 55 678
leaf_count=3254 2494 661 1575 123 457 170 196 162 101 263 419 97 55 678
internal_value=-0.000119923 -0.176878 -0.426678 0.221638 0.436861 -0.839123 -0.480621 0.2715 -0.173595 0.788307 0.201086 -0.0420907 0.443459 0.374274
internal_weight=10705 5957 2703 4748 2254 1027 366 1534 1676 720 1372 571 152 801
internal_count=10705 5957 2703 4748 2254 1027 366 1534 1676 720 1372 571 152 801
is_linear=0
shrinkage=0.05


Tree=14
num_leaves=15
num_cat=0
split_feature=71 84 71 84 71 24 84 80 69 24 67 69 25 47
split_gain=152436 127958 71955.1 45777.9 80477.8 26345.4 26160.6 23586.1 22903 18315.2 17221.7 15718.7 17624.5 17047.3
threshold=-0.9875000000000006 99.574944500000015 -2.1374999999999988 42.523274000000008 2.0124999999999997 257.54432450000007 282.33339050000006 -0.58216583101416131 -0.22629248437500016 281.72766850000005 -3.191651499999999 11.840655182291668 100.73766235953788 77.319010416666671
decision_type=2 2 2 2 2 2 2 2 2 2 2 2 2 2
left_child=1 -1 5 -2 6 -3 8 -7 9 -5 -4 12 13 -6
right_child=3 2 10 4 11 7 -8 -9 -10 -11 -12 -13 -14 -15
leaf_value=0.022572143276972056 0.025644683230590701 -1.027013763934115 -0.4902416831450695 -0.14778377784947355 0.97357367552736762 -0.072140654003513716 -0.90812914825975888 -0.79529169285297396 0.31006469252685775 0.37166535571150111 -0.058096240565172354 0.85279048037825333 0.15849324809425341 -0.16056248952702779
leaf_weight=2485 3071 575 353 730 185 181 59 299 1069 220 662 532 244 40
leaf_count=2485 3071 575 353 730 185 181 59 299 1069 220 662 532 244 40
internal_value=-0.000110797 -0.219321 -0.50958 0.162257 0.298461 -0.798558 0.120919 -0.52332 0.151424 -0.027226 -0.208724 0.666537 0.453899 0.772131
internal_weight=10705 4555 2070 6150 3079 1055 2078 480 2019 950 1015 1001 469 225
internal_count=10705 4555 2070 6150 3079 1055 2078 480 2019 950 1015 1001 469 225
is_linear=0
shrinkage=0.05


Tree=15
num_leaves=15
num_cat=0
split_feature=71 84 71 84 69 69 84 71 22 70 24 8 31 46
split_gain=137847 102303 91051.6 65398.6 42762 24591.3 22948.1 21589.9 21075.7 20641.1 16957 21408.2 16952.8 15706.6
threshold=1.0000000180025095e-35 107.20503200000002 -2.0124999999999988 42.523274000000008 11.840655182291668 -26.462434338541666 292.35207400000007 3.5625000000000004 148.13106922916668 8.1012924249459495 283.21306650000002 209.58405150000002 18.012500000000003 82.171875000000014
decision_type=2 2 2 2 2 2 2 2 2 2 2 2 2 2
left_child=1 -1 5 -2 7 -3 13 9 -6 -5 -11 -12 -7 -4
right_child=3 2 6 4 8 12 -8 -9 -10 10 11 -13 -14 -15
leaf_value=0.028578129561529275 0.024396208580844628 -1.291732825255594 0.069677291687377241 0.34379025261330337 0.91875102239534856 -1.3811241729391945 -1.2736837626165816 0.77452028396344463 0.35513843928902961 -0.21402065648257218 -0.054968132274715524 1.1794290312166724 -0.57544236980483432 -0.2501345073684163
leaf_weight=3254 2494 178 618 796 457 71 44 171 263 418 94 55 781 1011
leaf_count=3254 2494 178 618 796 457 71 44 171 263 418 94 55 781 1011
internal_value=-0.000109668 -0.160281 -0.387566 0.200839 0.395971 -0.757184 -0.15969 0.246495 0.713654 0.17973 -0.0507898 0.405507 -0.644123 -0.128838
internal_weight=10705 5957 2703 4748 2254 1030 1673 1534 720 1363 567 149 852 1629
internal_count=10705 5957 2703 4748 2254 1030 1673 1534 720 1363 567 149 852 1629
is_linear=0
shrinkage=0.05


Tree=16
num_leaves=15
num_cat=0
split_feature=71 84 71 84 71 84 84 36 26 54 67 84 70 24
split_gain=125372 104813 60904.6 37737.1 66142.2 22897.9 21103.9 20684.2 19143.7 19940 19832.5 19074.3 20077.1 22470.2
threshold=-0.9875000000000006 99.574944500000015 -3.9875000000000003 42.523274000000008 2.0124999999999997 285.86399050000006 299.97504500000008 20.844531250000003 19.012500000000003 1.0000000180025095e-35 -2.1783726041666651 97.008338000000023 8.1012924249459495 283.21306650000002
decision_type=2 2 2 2 2 2 2 2 2 2 2 2 2 2
left_child=1 -1 -3 -2 5 7 8 -5 9 -4 -10 -9 -13 -14
right_child=3 2 6 4 -6 -7 -8 11 10 -11 -12 12 13 -15
leaf_value=0.02001565627810678 0.023104179271710261 -0.93367463415850982 -0.84834826454428625 -0.27445311249199289 0.6044910026208461 -1.0602368057864469 -1.3986502769381501 0.74299838993019007 -0.37750970603235617 -0.037145665989400029 0.035512647646459637 0.34001320130299745 -0.22525201993145322 0.28310639964985901
leaf_weight=2485 3071 513 243 269 1001 40 42 145 595 110 567 732 520 372
leaf_count=2485 3071 513 243 269 1001 40 42 145 595 110 567 732 520 372
internal_value=-0.000110475 -0.198911 -0.461611 0.147139 0.270804 0.10985 -0.305576 0.133324 -0.27437 -0.596385 -0.176117 0.195452 0.146137 -0.0131664
internal_weight=10705 4555 2070 6150 3079 2078 1557 2038 1515 353 1162 1769 1624 892
internal_count=10705 4555 2070 6150 3079 2078 1557 2038 1515 353 1162 1769 1624 892
is_linear=0
shrinkage=0.05


Tree=17
num_leaves=15
num_cat=0
split_feature=71 84 71 84 71 84 36 84 30 67 69 58 84 70
split_gain=113177 94949.4 49829.1 34059.6 59802.6 21084.5 20159.7 18551 16660.5 16574.2 19261.3 17294.3 16071.6 16372.2
threshold=-0.9875000000000006 107.20503200000002 -3.9875000000000003 42.523274000000008 2.212499999999999 273.02215500000005 20.954296875000004 299.97504500000008 20.762500000000003 -6.6336596041666693 -13.746666145833332 -11.200341999999997 93.662664000000021 8.1012924249459495
decision_type=2 2 2 2 2 2 2 2 2 2 2 2 2 2
left_child=1 -1 -3 -2 5 6 -5 8 -4 -10 -11 -12 -8 -14
right_child=3 2 7 4 -6 -7 12 -9 9 10 11 -13 13 -15
leaf_value=0.012003690322021544 0.021949345789228879 -0.88910406803539432 -0.45065111674817526 -0.23249362284982375 0.5797992171187486 -0.39001681381433284 0.7975949845031689 -1.3303440958954569 -0.57047849114818183 0.66402920007388655 -0.91986392170695952 -0.0096413271279623194 0.35812821677537532 0.028310930405217472
leaf_weight=2566 3071 484 704 282 979 193 113 42 156 93 58 452 702 810
leaf_count=2566 3071 484 704 282 979 193 113 42 156 93 58 452 702 810
internal_value=-0.000119457 -0.189004 -0.448199 0.139786 0.257271 0.106707 0.157156 -0.305909 -0.275611 -0.112876 0.00625704 -0.114754 0.224877 0.181576
internal_weight=10705 4555 1989 6150 3079 2100 1907 1505 1463 759 603 510 1625 1512
internal_count=10705 4555 1989 6150 3079 2100 1907 1505 1463 759 603 510 1625 1512
is_linear=0
shrinkage=0.05


Tree=18
num_leaves=15
num_cat=0
split_feature=71 84 71 84 69 24 8 84 22 71 70 36 46 36
split_gain=102756 76713.1 67364.5 48819.6 35241.1 20680.5 25528.6 19518.6 18133.9 17577.5 16663.7 17600.7 20720.4 17556.4
threshold=1.0000000180025095e-35 107.20503200000002 -2.0124999999999988 42.523274000000008 11.840655182291668 266.90505200000007 201.30429100000001 275.36804450000005 148.13106922916668 4.8500000000000005 8.1012924249459495 24.748307291666674 78.848958333333357 20.954296875000004
decision_type=2 2 2 2 2 2 2 2 2 2 2 2 2 2
left_child=1 -1 5 -2 9 -3 -7 -4 -6 10 11 12 -5 -14
right_child=3 2 7 4 8 6 -8 -9 -10 -11 -12 -13 13 -15
leaf_value=0.025128038293880897 0.0209251127309933 -0.82054446882531717 -0.076813322665920947 -0.11000365160898268 0.82055309409007249 0.088412499762539357 -0.74324219426026161 -0.60674263548465257 0.29798602887401077 0.90101296784746099 -0.032515138544916333 1.3213794289565668 -0.31223459495096534 0.54381629660361208
leaf_weight=3254 2494 661 1477 258 457 174 195 196 263 85 615 40 68 468
leaf_count=3254 2494 661 1477 258 457 174 195 196 263 85 615 40 68 468
internal_value=-0.00012437 -0.138414 -0.33523 0.173371 0.341965 -0.653156 -0.351901 -0.139222 0.630349 0.206286 0.164939 0.310409 0.25788 0.434834
internal_weight=10705 5957 2703 4748 2254 1030 369 1673 720 1534 1449 834 794 536
internal_count=10705 5957 2703 4748 2254 1030 369 1673 720 1534 1449 834 794 536
is_linear=0
shrinkage=0.05


Tree=19
num_leaves=15
num_cat=0
split_feature=71 84 71 62 63 84 84 69 84 84 24 25 49 47
split_gain=93023.5 77716.2 46514.6 28084.7 27589.8 20567.1 21604.3 36097.8 16661.7 16565.5 16204 25602.7 25504.2 20657.7
threshold=-0.9875000000000006 99.574944500000015 -3.9875000000000003 232.80492650000002 23.254554000000009 278.81235800000007 42.523274000000008 -1.0000000180025095e-35 97.008338000000023 299.97504500000008 278.11863750000003 110.56286130770555 3.5000000000000004 78.783854166666671
decision_type=2 2 2 2 2 2 2 2 2 2 2 2 2 2
left_child=1 -1 -3 5 -5 6 -2 -8 -9 10 12 13 -4 -12
right_child=3 2 9 4 -6 -7 7 8 -10 -11 11 -13 -14 -15
leaf_value=0.01715943726779532 0.019766849947336598 -0.8101017496400017 -0.22222165953673759 0.31689333919477597 1.3213934665567735 -0.64870700233585232 -0.037838555288608466 0.660466878681784 0.27246316822944572 -1.2295902008234068 0.68233571020756278 -0.62768329083203123 -0.85802339585203891 -0.16731761040360627
leaf_weight=2485 3071 513 937 355 84 90 901 352 1297 42 153 103 189 133
leaf_count=2485 3071 513 937 355 84 90 901 352 1297 42 153 103 189 133
internal_value=-0.000112001 -0.171355 -0.397563 0.126727 0.511665 0.0970524 0.109106 0.216649 0.355638 -0.261207 -0.233567 0.0445643 -0.329608 0.288011
internal_weight=10705 4555 2070 6150 439 5711 5621 2550 1649 1557 1515 389 1126 286
internal_count=10705 4555 2070 6150 439 5711 5621 2550 1649 1557 1515 389 1126 286
is_linear=0
shrinkage=0.05


Tree=20
num_leaves=15
num_cat=0
split_feature=71 84 71 84 69 69 84 22 63 70 36 34 51 31
split_gain=84924.2 63399.5 55061.5 40424.9 30188.4 18589.1 16630 15981.7 15410.4 18499.5 21587.4 16220.9 14739.3 14297.4
threshold=1.0000000180025095e-35 107.20503200000002 -2.0124999999999988 42.523274000000008 11.840655182291668 -26.462434338541666 292.35207400000007 148.13106922916668 19.108987500000008 8.2420240502277053 24.748307291666674 22.960416666666671 2.5000000000000004 18.012500000000003
decision_type=2 2 2 2 2 2 2 2 2 2 2 2 2 2
left_child=1 -1 5 -2 8 -3 -4 -6 9 10 11 12 -5 -7
right_child=3 2 6 4 7 13 -8 -9 -10 -11 -12 -13 -14 -15
leaf_value=0.022842881953988953 0.018891331101945026 -1.056597930226246 -0.10128934765326009 0.72819653290606456 0.75647933021692082 -1.16998347590367 -1.0758495021942591 0.26600016166710039 0.62862819157883365 -0.11040828482992214 1.2899922526612575 -0.14719622172577226 0.18057250312606149 -0.43117127723692938
leaf_weight=3254 2494 178 1629 177 457 71 44 263 173 507 48 229 400 781
leaf_count=3254 2494 178 1629 177 457 71 44 263 173 507 48 229 400 781
internal_value=-0.000112523 -0.125832 -0.304756 0.157613 0.311028 -0.592188 -0.127548 0.577936 0.185457 0.128705 0.270623 0.208393 0.34953 -0.494038
internal_weight=10705 5957 2703 4748 2254 1030 1673 720 1534 1361 854 806 577 852
internal_count=10705 5957 2703 4748 2254 1030 1673 720 1534 1361 854 806 577 852
is_linear=0
shrinkage=0.05


Tree=21
num_leaves=15
num_cat=0
split_feature=71 84 71 84 69 4 24 8 24 43 35 84 84 71
split_gain=76683.9 57348.3 54947.1 36504.4 27243.1 17187.9 16862.2 23688.2 14524 15065.3 14703.7 14441.5 14377.4 14067.3
threshold=1.0000000180025095e-35 99.574944500000015 -2.0124999999999988 42.523274000000008 11.840655182291668 263.85986050000002 266.90505200000007 205.88845150000003 299.02505250000007 78.375000000000014 23.084375000000001 275.36804450000005 256.81891500000006 4.8500000000000005
decision_type=2 2 2 2 2 2 2 2 2 2 2 2 2 2
left_child=1 -1 6 -2 13 11 -3 -8 9 10 -6 -4 -11 -5
right_child=3 2 5 4 8 -7 7 -9 -10 12 -12 -13 -14 -15
leaf_value=0.026585292835366765 0.017947142959118846 -0.71452884209580236 -0.086648301149061024 0.13928650389284153 1.3817146994449476 0.68824243479050129 0.11064681927497322 -0.6694280843024405 0.074467930376977853 0.58678292556616829 0.62881140195612995 -0.54267360565210054 -0.25095756328736363 0.7977459769609363
leaf_weight=3156 2494 684 1468 1449 107 64 184 205 132 246 171 196 64 85
leaf_count=3156 2494 684 1468 1449 107 64 184 205 132 246 171 196 64 85
internal_value=-0.000107835 -0.119572 -0.284205 0.14977 0.295556 -0.109576 -0.56507 -0.301109 0.54911 0.655355 0.922512 -0.140656 0.413579 0.176268
internal_weight=10705 5957 2801 4748 2254 1728 1073 389 720 588 278 1664 310 1534
internal_count=10705 5957 2801 4748 2254 1728 1073 389 720 588 278 1664 310 1534
is_linear=0
shrinkage=0.05


Tree=22
num_leaves=15
num_cat=0
split_feature=71 84 71 62 63 84 84 69 37 8 83 44 49 30
split_gain=69577.7 57407.8 35725.4 23199.6 22258.4 17500.7 17546.4 27892.8 14673.5 20353 16598.1 17943.8 16096.1 13616.9
threshold=-0.9875000000000006 99.574944500000015 -3.9875000000000003 232.80492650000002 23.254554000000009 276.10256350000003 42.523274000000008 -1.3059802708333337 53.375000000000007 257.68170650000008 138.05647000000002 89.156250000000014 3.5000000000000004 19.212500000000002
decision_type=2 2 2 2 2 2 2 2 2 2 2 2 2 2
left_child=1 -1 -3 5 -5 6 -2 -8 -4 10 -10 -12 -13 -9
right_child=3 2 8 4 -6 -7 7 13 9 -11 11 12 -14 -15
leaf_value=0.01383139549290772 0.016819272324695097 -0.70414621859846882 0.71103844239217484 0.28451880887157305 1.1867597462543669 -0.45591328759633359 -0.064285305999486606 -0.1273954820155562 -0.45460347411025204 -0.76052718674980624 0.011590203008444239 0.001381757398540119 -1.182909707352519 0.3477416024631203
leaf_weight=2485 3071 513 40 355 84 146 731 166 395 171 836 52 63 1597
leaf_count=2485 3071 513 40 355 84 146 731 166 395 171 836 52 63 1597
internal_value=-9.22244e-05 -0.148191 -0.342609 0.109604 0.459462 0.0826346 0.096843 0.195334 -0.223115 -0.248199 -0.182595 -0.0692563 -0.652009 0.302957
internal_weight=10705 4555 2070 6150 439 5711 5565 2494 1557 1517 1346 951 115 1763
internal_count=10705 4555 2070 6150 439 5711 5565 2494 1557 1517 1346 951 115 1763
is_linear=0
shrinkage=0.05


Tree=23
num_leaves=15
num_cat=0
split_feature=71 84 71 84 69 69 58 46 24 66 7 22 63 70
split_gain=63192.1 47586.9 40144.3 30125.7 23299.5 15634.3 15014.6 14621 13076.9 14185.5 12590.6 12539.8 12505.8 16216.7
threshold=1.0000000180025095e-35 107.20503200000002 -2.0124999999999988 42.523274000000008 11.840655182291668 -26.462434338541666 -10.845522500000007 82.171875000000014 299.02505250000007 2.8572886261265169 113.22984800000002 106.50620338020833 18.554911875000009 8.2420240502277053
decision_type=2 2 2 2 2 2 2 2 2 2 2 2 2 2
left_child=1 -1 5 -2 12 11 -4 -8 9 -6 -11 -3 13 -5
right_child=3 2 6 4 8 -7 7 -9 -10 10 -12 -13 -14 -15
leaf_value=0.020266262054187283 0.016209517900117175 -0.18572958194735378 -0.64401875913627749 0.23875083687564658 0.41880102214602499 -0.41904408920137048 0.12523589714147185 -0.19056237816192154 0.05265855374220843 1.3082193694530277 0.5267272599258469 -1.1701744398650002 0.54849640585440962 -0.11910326704537799
leaf_weight=3254 2494 43 122 851 378 852 592 959 132 108 102 135 180 503
leaf_count=3254 2494 43 122 851 378 852 592 959 132 108 102 135 180 503
internal_value=-9.31064e-05 -0.10854 -0.263554 0.135963 0.268401 -0.508982 -0.11224 -0.0700225 0.502882 0.603692 0.932933 -0.934725 0.158088 0.105821
internal_weight=10705 5957 2703 4748 2254 1030 1673 1551 720 588 210 178 1534 1354
internal_count=10705 5957 2703 4748 2254 1030 1673 1551 720 588 210 178 1534 1354
is_linear=0
shrinkage=0.05


Tree=24
num_leaves=15
num_cat=0
split_feature=71 84 71 62 68 44 67 70 24 84 71 24 84 69
split_gain=57157 47013.3 32877.3 19618.5 26253.3 18882.3 17312.9 17359.1 16184.5 14745.6 13760.8 13323.5 12892.5 21379.1
threshold=-0.9875000000000006 90.300388000000012 -3.9875000000000003 169.76704000000004 13.187913278254884 53.031250000000007 -3.191651499999999 6.005958402809825e-07 281.72766850000005 271.06198250000006 3.7125000000000008 290.18302650000004 42.523274000000008 -1.3059802708333337
decision_type=2 2 2 2 2 2 2 2 2 2 2 2 2 2
left_child=1 -1 -3 9 8 -4 -7 -8 10 12 -5 -10 -2 -14
right_child=3 2 5 4 -6 6 7 -9 11 -11 -12 -13 13 -15
leaf_value=0.018378086236547509 0.015130271546756072 -0.64765840002752484 0.76446990942955018 -0.067362950219036641 0.90386166006807367 -0.42994437621335835 -0.55694292119692967 0.0044268877583651424 0.71165342039548529 -0.34425976617305087 0.73207097307580415 -0.067888750081979907 -0.10216128383126014 0.27887489426691608
leaf_weight=2393 3071 524 49 457 154 616 165 808 201 214 60 75 496 1422
leaf_count=2393 3071 524 49 457 154 616 165 808 201 214 60 75 496 1422
internal_value=-8.59907e-05 -0.134317 -0.303257 0.0993377 0.308541 -0.192754 -0.222734 -0.0912435 0.191938 0.0612085 0.0266488 0.500341 0.0786663 0.180336
internal_weight=10705 4555 2162 6150 947 1638 1589 973 793 5203 517 276 4989 1918
internal_count=10705 4555 2162 6150 947 1638 1589 973 793 5203 517 276 4989 1918
is_linear=0
shrinkage=0.05


Tree=25
num_leaves=15
num_cat=0
split_feature=71 84 71 84 69 58 24 8 46 22 31 42 24 51
split_gain=51908.2 39374 32865.3 24772 19890.7 14357.6 13939.3 18032.3 12405.7 12215.7 11507.3 22056.5 16413.5 11369.7
threshold=1.0000000180025095e-35 111.59559400000002 -2.0124999999999988 42.523274000000008 11.840655182291668 -10.845522500000007 266.90505200000007 205.88845150000003 82.171875000000014 148.13106922916668 21.112500000000004 85.625000000000014 253.43744300000003 2.5000000000000004
decision_type=2 2 2 2 2 2 2 2 2 2 2 2 2 2
left_child=1 -1 6 -2 10 -4 -3 13 -7 -6 -5 12 -12 -8
right_child=3 2 5 4 9 8 7 -9 -10 -11 11 -13 -14 -15
leaf_value=0.016089283930788897 0.014643157721760279 -0.60712176643851401 -0.63521485901990182 -0.079311091762114608 0.61602543278121469 0.12307392931254829 0.72676091403291943 -0.55958443892432408 -0.17281470970987148 0.1875168014400653 0.51818351150641051 0.95493418229253679 0.045588016872294246 -0.13119544931376975
leaf_weight=3323 2494 643 117 426 457 564 56 186 949 263 240 94 774 119
leaf_count=3323 2494 643 117 426 457 564 56 186 949 263 240 94 774 119
internal_value=-7.60279e-05 -0.098365 -0.242709 0.123235 0.24333 -0.103981 -0.467609 -0.218123 -0.0625081 0.459978 0.141411 0.226268 0.157845 0.14592
internal_weight=10705 5957 2634 4748 2254 1630 1004 361 1513 720 1534 1108 1014 175
internal_count=10705 5957 2634 4748 2254 1630 1004 361 1513 720 1534 1108 1014 175
is_linear=0
shrinkage=0.05


Tree=26
num_leaves=15
num_cat=0
split_feature=71 84 71 84 61 44 67 54 24 22 8 69 84 84
split_gain=46953 38625.1 27918.7 17518.7 21182 16430.6 15743.1 18270.2 19245.8 14950.7 14254 11198.8 18163.7 15847.3
threshold=-0.9875000000000006 87.746388500000009 -3.9875000000000003 282.33339050000006 168.01043050000001 53.031250000000007 -2.4885673333333322 1.0000000180025095e-35 282.91039900000004 128.60093064062502 256.37658150000004 -6.3806897187500011 42.523274000000008 252.47833200000002
decision_type=2 2 2 2 2 2 2 2 2 2 2 2 2 2
left_child=1 -1 -3 4 11 -4 10 8 9 -8 -7 -2 -13 -14
right_child=3 2 5 -5 -6 6 7 -9 -10 -11 -12 12 13 -15
leaf_value=0.017469942182652944 -0.15635662252511909 -0.5916523553062053 0.70225017116619992 -0.71413565180611926 0.47825490215777156 -0.26075312594499062 -0.32947947714101411 0.16468091500096124 0.24337831337581434 -1.2208819137461353 -0.81194914186249179 0.013636117492097012 0.26848231342298318 -0.047843411513650333
leaf_weight=2380 475 524 51 66 346 547 278 445 125 56 149 2918 1841 504
leaf_count=2380 475 524 51 66 346 547 278 445 125 56 149 2918 1841 504
internal_value=-6.74745e-05 -0.121728 -0.273983 0.0900453 0.0988851 -0.172863 -0.201178 -0.0634273 -0.284455 -0.482134 -0.379749 0.0759299 0.0969201 0.200504
internal_weight=10705 4555 2175 6150 6084 1651 1600 904 459 334 696 5738 5263 2345
internal_count=10705 4555 2175 6150 6084 1651 1600 904 459 334 696 5738 5263 2345
is_linear=0
shrinkage=0.05


Tree=27
num_leaves=15
num_cat=0
split_feature=71 84 71 84 84 69 67 24 66 84 72 24 30 36
split_gain=42973.8 32829.2 26527.8 20398 18701.7 17613.4 11893.9 11058.5 12133 11108.3 10789.6 11455.5 19115.6 10685.9
threshold=1.0000000180025095e-35 111.59559400000002 -3.9875000000000003 42.523274000000008 299.97504500000008 11.840655182291668 3.3024458124999998 299.02505250000007 2.8572886261265169 257.27078450000005 2.1125000000000012 249.48173850000003 19.962500000000002 18.666666666666668
decision_type=2 2 2 2 2 2 2 2 2 2 2 2 2 2
left_child=1 -1 -3 -2 6 10 13 8 -7 -10 11 12 -5 -4
right_child=3 2 4 5 -6 7 -8 -9 9 -11 -12 -13 -14 -15
leaf_value=0.015004032050291913 0.013584054139907471 -0.5645286377182166 -0.88516174157460537 -0.24628773487769484 -1.0582828788323837 0.34686402458707388 0.47022999835970963 0.011241714061847083 0.99748633719152879 0.070086327467749759 0.8195529037051732 0.029026617264277851 0.62513569276865733 -0.12988573876396664
leaf_weight=3323 2494 463 47 88 54 378 80 132 170 40 53 1177 216 1990
leaf_count=3323 2494 463 47 88 54 378 80 132 170 40 53 1177 216 1990
internal_value=-7.45846e-05 -0.0895057 -0.221309 0.112124 -0.147885 0.221102 -0.124175 0.424966 0.517666 0.822008 0.125201 0.0998166 0.372901 -0.147738
internal_weight=10705 5957 2634 4748 2171 2254 2117 720 588 210 1534 1481 304 2037
internal_count=10705 5957 2634 4748 2171 2254 2117 720 588 210 1534 1481 304 2037
is_linear=0
shrinkage=0.05


Tree=28
num_leaves=15
num_cat=0
split_feature=71 84 71 84 44 36 66 84 84 67 49 83 46 31
split_gain=38802.5 29664.9 29822.6 18420.1 17269 16260.9 18271.9 15441.9 15422.4 14065.5 13118 12486.7 11868.5 23047.1
threshold=1.0000000180025095e-35 87.746388500000009 -3.3625000000000003 42.523274000000008 53.906250000000007 22.654296875000004 3.1875320319062999 272.35636400000004 299.97504500000008 2.1362732083333338 4.5000000000000009 243.76816550000004 82.848958333333357 22.162500000000005
decision_type=2 2 2 2 2 2 2 2 2 2 2 2 2 2
left_child=1 -1 10 -2 -4 -5 -7 -8 9 11 -3 -6 13 -13
right_child=3 2 4 5 8 6 7 -9 -10 -11 -12 12 -14 -15
leaf_value=0.025282768796853674 0.012905122560107399 -0.43147830032321632 0.57286720903251653 -0.02456058274830827 -0.25788324975117483 0.17419505102082986 0.62494992037482999 -0.1884700433365 -1.009763372063637 0.35280092434370763 -1.2560902802449352 1.0324306207643428 -0.14898763953491279 0.0018732358286262076
leaf_weight=3012 2494 584 87 556 1205 1155 477 66 49 145 52 70 523 230
leaf_count=3012 2494 584 87 556 1205 1155 477 66 49 145 52 70 523 230
internal_value=-6.84545e-05 -0.0850485 -0.19786 0.106546 -0.114246 0.210105 0.286915 0.525916 -0.141395 -0.121358 -0.500765 -0.155417 -0.00525999 0.244968
internal_weight=10705 5957 2945 4748 2309 2254 1698 543 2222 2173 636 2028 823 300
internal_count=10705 5957 2945 4748 2309 2254 1698 543 2222 2173 636 2028 823 300
is_linear=0
shrinkage=0.05


Tree=29
num_leaves=15
num_cat=0
split_feature=71 84 30 69 15 32 84 61 47 36 36 22 22 83
split_gain=35110.9 28703.9 23031.1 19459.9 16708.6 21731.4 14766 17185 11880 10689.4 16245.2 9994.01 18443.2 9745.13
threshold=-0.9875000000000006 81.513918500000003 20.012500000000003 -13.408790343750001 207.74984750000002 25.637500000000003 282.33339050000006 168.01043050000001 81.747395833333357 21.286979166666669 18.395963541666671 132.8343030729167 135.67468471354169 259.76202200000006
decision_type=2 2 2 2 2 2 2 2 2 2 2 2 2 2
left_child=1 -1 3 8 5 11 7 -2 -3 10 -5 -4 13 -13
right_child=6 2 4 9 -6 -7 -8 -9 -10 -11 -12 12 -14 -15
leaf_value=0.015676677913747498 0.065298026539430662 -0.88521021315088833 -0.26041828915510157 -0.86605968393128485 0.57555041861730627 -0.79867927240669179 -0.66043557013148702 0.42767849520287649 -0.312791597437242 -0.48936852811080106 0.032253466214828212 0.29675224740959466 -0.10702416956455918 1.1828926722208659
leaf_weight=2362 5738 251 348 57 90 108 66 346 144 264 380 123 387 41
leaf_count=2362 5738 251 348 57 90 108 66 346 144 264 380 123 387 41
internal_value=-6.74603e-05 -0.105273 -0.235491 -0.397496 -0.0734185 -0.131933 0.0778574 0.0859737 -0.677848 -0.238783 -0.0866276 -0.0510362 0.0814373 0.524114
internal_weight=10705 4555 2193 1096 1097 1007 6150 6084 395 701 437 899 551 164
internal_count=10705 4555 2193 1096 1097 1007 6150 6084 395 701 437 899 551 164
is_linear=0
shrinkage=0.05


Tree=30
num_leaves=15
num_cat=0
split_feature=71 84 71 84 84 69 24 49 25 47 58 69 71 70
split_gain=32327 24574.4 24063.1 16358.4 15355.9 15137.6 14727.5 23272.9 15933.4 14450.8 16219.4 11466.5 10659.1 10785
threshold=1.0000000180025095e-35 87.746388500000009 -3.9875000000000003 42.523274000000008 299.97504500000008 11.840655182291668 278.11863750000003 3.5000000000000004 109.2624300420939 78.319010416666671 -4.2924509999999918 7.5182977135416671 4.9875000000000016 8.1012924249459495
decision_type=2 2 2 2 2 2 2 2 2 2 2 2 2 2
left_child=1 -1 -3 -2 6 12 7 -4 9 10 -8 -10 13 -5
right_child=3 2 4 5 -6 -7 8 -9 11 -11 -12 -13 -14 -15
leaf_value=0.022781698852085096 0.0089965326728706132 -0.4872133444633801 -0.092763166000293329 0.19133321305480366 -0.93973414036360658 0.38381997954482072 1.1547996053499963 -0.60133517984761287 -0.80271283837332241 -0.090093756366580249 0.2701036834619685 0.013814028491792472 0.65360121358008616 -0.084229623275815776
leaf_weight=3012 2494 524 1432 834 54 720 66 266 68 188 233 114 83 617
leaf_count=3012 2494 524 1432 834 54 720 66 266 68 188 233 114 83 617
internal_value=-7.24183e-05 -0.0776381 -0.180315 0.0972399 -0.113717 0.194832 -0.0944833 -0.172741 0.104104 0.253172 0.468586 -0.293981 0.105936 0.07418
internal_weight=10705 5957 2945 4748 2421 2254 2367 1698 669 487 299 182 1534 1451
internal_count=10705 5957 2945 4748 2421 2254 2367 1698 669 487 299 182 1534 1451
is_linear=0
shrinkage=0.05


Tree=31
num_leaves=15
num_cat=0
split_feature=71 84 71 84 4 36 84 66 49 84 22 70 65 67
split_gain=29183.9 22184.6 21742.8 14767.6 14385.2 14358.1 16016.6 19782.2 12910.1 12769.6 10398.1 9129.68 8725.27 8469.97
threshold=1.0000000180025095e-35 87.746388500000009 -3.0124999999999988 42.523274000000008 263.85986050000002 22.654296875000004 274.29007000000007 3.1875320319062999 4.5000000000000009 299.97504500000008 50.070061156250013 16.522409811554002 -26.97695899999999 -2.4885673333333322
decision_type=2 2 2 2 2 2 2 2 2 2 2 2 2 2
left_child=1 -1 8 -2 9 11 7 10 12 13 -7 -5 -3 -4
right_child=3 2 4 5 -6 6 -8 -9 -10 -11 -12 -13 -14 -15
leaf_value=0.021642992062660456 0.0085468863646587529 -0.63252465839213046 -0.23854537373433576 0.030211843873678458 0.52033663384663065 0.63378990880683461 -0.33849459885848021 0.56122887510920361 -1.1445900695664544 -0.93677712032135507 0.12728987265003552 -0.65961984823334896 -0.22966277743307689 -0.029183907075723742
leaf_weight=3012 2494 192 747 504 90 112 105 489 55 46 992 52 450 1365
leaf_count=3012 2494 192 747 504 90 112 105 489 55 46 992 52 450 1365
internal_value=-7.06606e-05 -0.0737692 -0.171326 0.0923901 -0.0955869 0.185116 0.257292 0.29675 -0.415118 -0.121503 0.179201 -0.0353732 -0.350941 -0.103311
internal_weight=10705 5957 2945 4748 2248 2254 1698 1593 697 2158 1104 556 642 2112
internal_count=10705 5957 2945 4748 2248 2254 1698 1593 697 2158 1104 556 642 2112
is_linear=0
shrinkage=0.05


Tree=32
num_leaves=15
num_cat=0
split_feature=73 84 65 30 24 49 24 62 31 39 16 42 16 51
split_gain=26776.6 21971.9 20998 17239.3 15709.2 26860.9 24259.6 14829.7 23908.9 13300.4 9677.74 9284.65 10058.9 9053.21
threshold=0.37500000000000006 94.482010000000017 -4.9175147083333313 16.512500000000003 283.25600400000002 3.5000000000000004 297.26105400000006 38.952001500000001 21.162500000000005 51.125000000000007 270.70158950000001 85.375000000000014 264.18653100000006 2.5000000000000004
decision_type=2 2 2 2 2 2 2 2 2 2 2 2 2 2
left_child=3 -2 -3 -1 5 10 -6 -5 -9 -10 -4 13 -13 -11
right_child=1 2 4 7 6 -7 -8 8 9 11 -12 12 -14 -15
leaf_value=-0.87905270297159532 0.012527128416794887 -0.43589122599290864 -0.045593451721130045 0.032892198759316947 0.49178915557014868 -0.66971543037554715 -0.25327292980439958 -0.019551987694106317 0.82642617150518094 0.35629803830536 -0.81262167965949983 0.26516129286028445 1.1916650972196035 -0.042466560989204385
leaf_weight=46 2726 657 947 4084 240 238 199 633 141 419 42 63 55 215
leaf_count=46 2726 657 947 4084 240 238 199 633 141 419 42 63 55 215
internal_value=-7.78985e-05 -0.0837655 -0.19672 0.07463 -0.102196 -0.193996 0.154242 0.0826051 0.215542 0.382023 -0.0789549 0.29771 0.703391 0.221216
internal_weight=10705 5049 2323 5656 1666 1227 439 5610 1526 893 989 752 118 634
internal_count=10705 5049 2323 5656 1666 1227 439 5610 1526 893 989 752 118 634
is_linear=0
shrinkage=0.05


Tree=33
num_leaves=15
num_cat=0
split_feature=84 36 84 69 84 47 60 84 25 36 84 73 37 84
split_gain=25232 23725.4 22134.1 26076.4 15528.4 18794 15003.7 15337.9 10904.9 12407.8 9768.8 11244.9 8100.44 19894.6
threshold=287.58038500000004 22.479947916666671 87.746388500000009 -10.466263937499997 195.33364900000004 78.319010416666671 21.275099999999998 272.35636400000004 103.14478863480169 18.395963541666671 184.49820350000002 -8.1249999999999982 51.875000000000007 91.013866000000021
decision_type=2 2 2 2 2 2 2 2 2 2 2 2 2 2
left_child=1 2 -1 4 -4 -6 12 10 9 -5 11 -8 13 -3
right_child=-2 6 3 8 5 -7 7 -9 -10 -11 -12 -13 -14 -15
leaf_value=0.025770441541659174 -0.64839788143683508 0.030186610860035348 -0.70830018350657509 -0.7743424360568707 -0.62392912946985979 0.073008788925680246 0.58548912996465852 -0.17200160759364391 -0.44174431230144945 0.014992190711876841 0.58638420949073944 -0.11984917622741681 0.0255843086382357 0.72551281106005727
leaf_weight=2392 147 343 311 51 172 219 93 142 173 1169 324 141 4882 146
leaf_count=2392 147 343 311 51 172 219 93 142 173 1169 324 141 4882 146
internal_value=-7.39162e-05 0.00901331 -0.0781612 -0.196782 -0.445046 -0.234382 0.0734451 0.291007 -0.0714408 -0.0186117 0.408931 0.161776 0.0450415 0.238846
internal_weight=10705 10558 4487 2095 702 391 6071 700 1393 1220 558 234 5371 489
internal_count=10705 10558 4487 2095 702 391 6071 700 1393 1220 558 234 5371 489
is_linear=0
shrinkage=0.05


Tree=34
num_leaves=15
num_cat=0
split_feature=84 36 60 84 69 84 47 36 36 84 74 52 66 69
split_gain=23159.1 23246.6 21888.2 19421.5 24537.9 13386.9 18134.7 11280.5 11964.3 10349.4 9964.82 7742.98 9054.28 7426.06
threshold=275.36804450000005 22.479947916666671 47.75149600000001 87.746388500000009 -10.466263937499997 195.33364900000004 77.319010416666671 22.020963541666671 18.666666666666668 303.76010700000006 0.87500000000000011 0.13052619222005182 4.8041373271550709 2.9862958593750011
decision_type=2 2 2 2 2 2 2 2 2 2 2 2 2 2
left_child=1 3 -3 -1 5 -5 -7 8 -6 -2 -4 -10 -13 -9
right_child=9 2 10 4 7 6 -8 13 11 -11 -12 12 -14 -15
leaf_value=0.024482458121813849 -0.27422460575355218 0.048757207415224678 0.45474830700475127 -0.67299868532289298 -0.6294795240674701 -0.82065857221233718 -0.012286828094883297 -0.57674975886176794 -0.19556388886819137 -1.0925282916357351 -0.18036621448019863 0.04755826272153537 0.50418059626450906 0.036650327695150899
leaf_weight=2392 399 5302 495 311 69 93 265 155 251 42 70 660 129 72
leaf_count=2392 399 5302 495 311 69 93 265 155 251 42 70 660 129 72
internal_value=-7.68601e-05 0.0151822 0.0803184 -0.0717287 -0.186465 -0.433412 -0.223984 -0.0625757 0.00327371 -0.354454 0.375882 0.0458188 0.122759 -0.382884
internal_weight=10705 10264 5867 4397 2005 669 358 1336 1109 441 565 1040 789 227
internal_count=10705 10264 5867 4397 2005 669 358 1336 1109 441 565 1040 789 227
is_linear=0
shrinkage=0.05


Tree=35
num_leaves=15
num_cat=0
split_feature=67 84 62 47 58 36 84 60 63 45 69 69 42 37
split_gain=21988.3 19515.4 18532.7 16208.7 30100.8 13577.1 12809.7 12794.3 10612.1 10010.4 8430.72 8254.17 9938.05 8516.51
threshold=-2.4885673333333322 71.13744800000002 226.92036650000003 73.445312500000014 -14.716639499999998 23.375520833333336 274.29007000000007 72.692718000000013 23.254554000000009 60.177083333333336 -28.026467833333328 -13.493025630208331 83.125000000000014 78.875000000000014
decision_type=2 2 2 2 2 2 2 2 2 2 2 2 2 2
left_child=1 -1 6 4 -3 -6 7 10 -4 -7 -2 -5 13 -13
right_child=2 3 8 11 5 9 -8 -9 -10 -11 -12 12 -14 -15
leaf_value=0.0060260643492574279 -0.63254536986351018 -0.88550213986429682 0.24023544609398498 -0.47563804851317093 1.2194805066759995 0.79682741549854386 -0.2801338458266513 0.36885958925304929 0.8613335026991229 -0.057279358583947886 0.032600930495343926 0.1796223683291775 -0.41728479004249697 -0.26304361712572205
leaf_weight=1724 47 57 351 486 40 48 322 286 85 114 6379 205 332 229
leaf_count=1724 47 57 351 486 40 48 322 286 85 114 6379 205 332 229
internal_value=-8.86089e-05 -0.108961 0.0470685 -0.240074 0.119604 0.406188 0.0274359 0.0422307 0.363015 0.199125 0.0276384 -0.314517 -0.211804 -0.054018
internal_weight=10705 3235 7470 1511 259 202 7034 6712 436 162 6426 1252 766 434
internal_count=10705 3235 7470 1511 259 202 7034 6712 436 162 6426 1252 766 434
is_linear=0
shrinkage=0.05


Tree=36
num_leaves=15
num_cat=0
split_feature=84 30 84 69 60 84 84 73 42 70 71 84 65 58
split_gain=20299.3 18601.1 13040.9 12792.5 12418.8 10614.8 11339.1 12609.5 10029.7 9844.17 8920.17 14423.3 8179.53 13818.9
threshold=292.35207400000007 19.812500000000004 87.746388500000009 -12.816781651041664 21.275099999999998 270.38757000000004 163.56473950000003 -8.1249999999999982 83.375000000000014 4.8582336983195136 1.9500000000000013 42.523274000000008 22.823637208333341 20.067717500000004
decision_type=2 2 2 2 2 2 2 2 2 2 2 2 2 2
left_child=1 2 -1 -4 10 6 7 -6 9 -5 -3 -12 13 -13
right_child=-2 4 3 8 5 -7 -8 -9 -10 -11 11 12 -14 -15
leaf_value=0.030985710339832429 -0.68857089888374767 -0.01888213598279382 -0.47869462019908315 -0.23203267892021939 0.50359266342106956 -0.060890746277309109 0.48297320066422006 -0.19522003486161688 -0.34384389259477599 0.21649896398757715 0.0010055752921124433 0.24686297495542475 0.64584972742816493 -0.64619387218161772
leaf_weight=738 105 5337 373 220 102 261 402 172 317 273 1489 756 115 45
leaf_count=738 105 5337 373 220 102 261 402 172 317 273 1489 756 115 45
internal_value=-8.09394e-05 0.00680332 -0.133941 -0.236767 0.0379673 0.209789 0.314232 0.0658072 -0.124909 0.0162783 0.0171477 0.097077 0.253074 0.195948
internal_weight=10705 10600 1921 1183 8679 937 676 274 810 493 7742 2405 916 801
internal_count=10705 10600 1921 1183 8679 937 676 274 810 493 7742 2405 916 801
is_linear=0
shrinkage=0.05


end of trees

feature_importances:
consumo_alvo_semana_anterior=135
temperatura_externa_c_diferenca_semana_atual=86
correcao_semanal_media_1440m=51
consumo_max_1440m=36
temperatura_externa_c_media_1440m=18
correcao_semanal_std_1440m=14
consumo_lag_1440m=13
correcao_semanal_media_360m=13
temperatura_externa_c_lag_720m=12
consumo_mean_1440m=11
consumo_diferenca_dia_atual=11
temperatura_externa_c_lag_360m=8
umidade_relativa_pct_media_360m=8
origem_dia_semana=8
umidade_relativa_pct_atual=7
umidade_relativa_pct_media_1440m=7
origem_mes=7
correcao_semanal_media_60m=7
correcao_semanal_media_180m=7
tendencia_consumo_360m=5
correcao_semanal_std_180m=5
consumo_alvo_dia_anterior=5
consumo_std_1440m=4
umidade_relativa_pct_lag_720m=4
umidade_relativa_pct_media_60m=4
tendencia_consumo_60m=4
umidade_relativa_pct_diferenca_semana_atual=4
consumo_lag_120m=2
consumo_max_180m=2
origem_semana_sin=2
tendencia_consumo_180m=2
consumo_lag_720m=1
consumo_min_180m=1
consumo_std_180m=1
temperatura_externa_c_atual=1
temperatura_externa_c_lag_15m=1
temperatura_externa_c_lag_1440m=1
temperatura_externa_c_media_180m=1
temperatura_externa_c_media_360m=1
umidade_relativa_pct_lag_60m=1
umidade_relativa_pct_lag_1440m=1
umidade_relativa_pct_media_180m=1
origem_hora_sin=1
correcao_semanal_std_360m=1
temperatura_externa_c_tendencia_1h=1
umidade_relativa_pct_tendencia_1h=1
alvo_hora_cos=1

parameters:
[boosting: gbdt]
[objective: regression]
[metric: l1]
[tree_learner: serial]
[device_type: cpu]
[data_sample_strategy: bagging]
[data: ]
[valid: ]
[num_iterations: 400]
[learning_rate: 0.05]
[num_leaves: 15]
[num_threads: 2]
[seed: 20260905]
[deterministic: 1]
[force_col_wise: 1]
[force_row_wise: 0]
[histogram_pool_size: -1]
[max_depth: -1]
[min_data_in_leaf: 40]
[min_sum_hessian_in_leaf: 0.001]
[bagging_fraction: 1]
[pos_bagging_fraction: 1]
[neg_bagging_fraction: 1]
[bagging_freq: 0]
[bagging_seed: 23218]
[bagging_by_query: 0]
[feature_fraction: 1]
[feature_fraction_bynode: 1]
[feature_fraction_seed: 28090]
[extra_trees: 0]
[extra_seed: 14360]
[early_stopping_round: 0]
[early_stopping_min_delta: 0]
[first_metric_only: 0]
[max_delta_step: 0]
[lambda_l1: 0]
[lambda_l2: 1]
[linear_lambda: 0]
[min_gain_to_split: 0]
[drop_rate: 0.1]
[max_drop: 50]
[skip_drop: 0.5]
[xgboost_dart_mode: 0]
[uniform_drop: 0]
[drop_seed: 16970]
[top_rate: 0.2]
[other_rate: 0.1]
[min_data_per_group: 100]
[max_cat_threshold: 32]
[cat_l2: 10]
[cat_smooth: 10]
[max_cat_to_onehot: 4]
[top_k: 20]
[monotone_constraints: ]
[monotone_constraints_method: basic]
[monotone_penalty: 0]
[feature_contri: ]
[forcedsplits_filename: ]
[refit_decay_rate: 0.9]
[cegb_tradeoff: 1]
[cegb_penalty_split: 0]
[cegb_penalty_feature_lazy: ]
[cegb_penalty_feature_coupled: ]
[path_smooth: 0]
[interaction_constraints: ]
[verbosity: -1]
[saved_feature_importance_type: 0]
[use_quantized_grad: 0]
[num_grad_quant_bins: 4]
[quant_train_renew_leaf: 0]
[stochastic_rounding: 1]
[linear_tree: 0]
[max_bin: 255]
[max_bin_by_feature: ]
[min_data_in_bin: 3]
[bin_construct_sample_cnt: 200000]
[data_random_seed: 5037]
[is_enable_sparse: 1]
[enable_bundle: 1]
[use_missing: 1]
[zero_as_missing: 0]
[feature_pre_filter: 1]
[pre_partition: 0]
[two_round: 0]
[header: 0]
[label_column: ]
[weight_column: ]
[group_column: ]
[ignore_column: ]
[categorical_feature: ]
[forcedbins_filename: ]
[precise_float_parser: 0]
[parser_config_file: ]
[objective_seed: 15411]
[num_class: 1]
[is_unbalance: 0]
[scale_pos_weight: 1]
[sigmoid: 1]
[boost_from_average: 1]
[reg_sqrt: 0]
[alpha: 0.9]
[fair_c: 1]
[poisson_max_delta_step: 0.7]
[tweedie_variance_power: 1.5]
[lambdarank_truncation_level: 30]
[lambdarank_norm: 1]
[label_gain: ]
[lambdarank_position_bias_regularization: 0]
[eval_at: ]
[multi_error_top_k: 1]
[auc_mu_weights: ]
[num_machines: 1]
[local_listen_port: 12400]
[time_out: 120]
[machine_list_filename: ]
[machines: ]
[gpu_platform_id: -1]
[gpu_device_id: -1]
[gpu_device_id_list: ]
[gpu_use_dp: 0]
[num_gpu: 1]

end of parameters

pandas_categorical:[]
