tree
version=v4
num_class=1
num_tree_per_iteration=1
label_index=0
max_feature_idx=84
objective=regression
feature_names=consumo_atual_kw consumo_lag_15m consumo_lag_30m consumo_lag_60m consumo_lag_120m consumo_lag_180m consumo_lag_360m consumo_lag_720m consumo_lag_1440m consumo_lag_10080m consumo_mean_60m consumo_min_60m consumo_max_60m consumo_std_60m consumo_mean_180m consumo_min_180m consumo_max_180m consumo_std_180m consumo_mean_360m consumo_min_360m consumo_max_360m consumo_std_360m consumo_mean_1440m consumo_min_1440m consumo_max_1440m consumo_std_1440m temperatura_externa_c_atual temperatura_externa_c_lag_15m temperatura_externa_c_lag_60m temperatura_externa_c_lag_180m temperatura_externa_c_lag_360m temperatura_externa_c_lag_720m temperatura_externa_c_lag_1440m temperatura_externa_c_media_60m temperatura_externa_c_media_180m temperatura_externa_c_media_360m temperatura_externa_c_media_1440m umidade_relativa_pct_atual umidade_relativa_pct_lag_15m umidade_relativa_pct_lag_60m umidade_relativa_pct_lag_180m umidade_relativa_pct_lag_360m umidade_relativa_pct_lag_720m umidade_relativa_pct_lag_1440m umidade_relativa_pct_media_60m umidade_relativa_pct_media_180m umidade_relativa_pct_media_360m umidade_relativa_pct_media_1440m origem_hora origem_dia_semana origem_fim_de_semana origem_mes origem_hora_sin origem_hora_cos origem_semana_sin origem_semana_cos consumo_diferenca_semana_atual consumo_razao_semana_atual consumo_diferenca_dia_atual tendencia_consumo_15m tendencia_consumo_60m tendencia_consumo_180m tendencia_consumo_360m correcao_semanal_media_60m correcao_semanal_std_60m correcao_semanal_media_180m correcao_semanal_std_180m correcao_semanal_media_360m correcao_semanal_std_360m correcao_semanal_media_1440m correcao_semanal_std_1440m temperatura_externa_c_diferenca_semana_atual temperatura_externa_c_tendencia_1h umidade_relativa_pct_diferenca_semana_atual umidade_relativa_pct_tendencia_1h alvo_hora alvo_dia_semana alvo_fim_de_semana alvo_mes alvo_hora_sin alvo_hora_cos alvo_semana_sin alvo_semana_cos consumo_alvo_dia_anterior consumo_alvo_semana_anterior
feature_infos=[22.399999999999999:324.71375799999998] [22.399999999999999:324.71375799999998] [22.399999999999999:324.71375799999998] [22.399999999999999:324.71375799999998] [22.399999999999999:324.71375799999998] [22.399999999999999:324.71375799999998] [22.399999999999999:324.71375799999998] [22.399999999999999:324.71375799999998] [22.399999999999999:324.71375799999998] [22.399999999999999:324.71375799999998] [22.399999999999999:321.24876725000001] [22.399999999999999:318.278571] [22.399999999999999:324.71375799999998] [0:82.540869055199337] [22.399999999999999:313.28577408333337] [22.399999999999999:302.53573799999998] [22.399999999999999:324.71375799999998] [0:92.970139865692389] [22.399999999999999:295.13563500000004] [22.399999999999999:249.29458700000001] [22.399999999999999:324.71375799999998] [0:116.53386463160022] [23.200000000000003:159.49963871874999] none [25.600000000000001:324.71375799999998] [1.3929144002343703:128.71471884334804] [15:33.700000000000003] [15:33.700000000000003] [15:33.700000000000003] [15:33.700000000000003] [15:33.700000000000003] [15:33.700000000000003] [15:33.700000000000003] [15:33.4375] [15:32.71875] [15.333333333333334:31.620833333333334] [16.439843749999998:27.283072916666669] [31:98] [31:98] [31:98] [31:98] [31:98] [31:98] [31:98] [32.5:95.625] [33.666666666666664:95.083333333333329] [37.041666666666664:94] [59.309895833333336:91.638020833333329] [0:23.75] [0:6] [0:1] [1:4] [-1:1] [-1:1] [-0.97492791218182362:0.97492791218182362] [-0.90096886790241903:1] [-72.635950000000008:77.445233000000002] [0.43630911779503978:2.09406877563422] [-291.363968:296.779246] [-121.30707899999999:153.05878799999999] [-124.27709300000001:153.05878799999999] [-180.63157299999997:268.16051600000003] [-299.363968:299.97924600000005] [-70.384351250000009:75.467424499999993] [0:44.359338508129341] [-67.777903583333341:70.921986416666655] [0:38.631403568061003] [-64.848194500000005:62.415354583333333] [0:37.083675449251288] [-34.945017510416669:27.905951093750001] [0:30.68446053870321] [-12:11.5] [-8:4.8000000000000007] [-49:48] [-30:40] [0:23.75] [0:6] [0:1] [1:4] [-1:1] [-1:1] [-0.97492791218182362:0.97492791218182362] [-0.90096886790241903:1] [22.399999999999999:324.71375799999998] [22.399999999999999:324.71375799999998]
tree_sizes=1426 1429 1424 1432 1433 1434 1427 1427 1431 1429 1435 1437 1437 1445 1438 1441 1450 1435 1451 1426 1428 1427 1440 1435 1456 1443 1439 1456 1450 1451 1447 1461 1432 1439 1444 1442

Tree=0
num_leaves=15
num_cat=0
split_feature=71 84 71 84 71 69 84 84 69 83 69 24 58 76
split_gain=607618 452814 365390 238073 251487 68019.9 65445.4 56467.8 41241.2 35940.7 33962.1 31248.9 28934 27972.4
threshold=-1.0000000180025095e-35 103.15914250000002 -2.5124999999999988 42.523274000000008 2.212499999999999 -26.30091713020833 287.58038500000004 272.35636400000004 -0.18351217708333298 258.60530300000011 11.840655182291668 281.72766850000005 -10.845522500000007 2.5000000000000004
decision_type=2 2 2 2 2 2 2 2 2 2 2 2 2 2
left_child=1 -1 5 -2 7 -3 12 8 11 -7 13 -5 -4 -6
right_child=3 2 6 4 10 9 -8 -9 -10 -11 -12 -13 -14 -15
leaf_value=-1.0105672015934566 -1.0043351170181305 -3.5146146903652618 -2.0802943570251795 -1.1707319182088813 0.2751692484810937 -2.5852701265175071 -2.921826008707602 -1.6472077129989096 -0.39915148121176369 -1.2721403724871259 0.57581537599616994 -0.38545931303819603 -1.3171087290958994 -0.55176601208805065
leaf_weight=2959 2686 208 136 427 285 654 72 147 858 57 526 179 1349 162
leaf_count=2959 2686 208 136 427 285 654 72 147 858 57 526 179 1349 162
internal_value=-1.05717 -1.42808 -1.92685 -0.674663 -0.33213 -2.71693 -1.45974 -0.715845 -0.621988 -2.48045 0.302186 -0.938054 -1.38764 -0.0227283
internal_weight=10705 5435 2476 5270 2584 919 1557 1611 1464 711 973 606 1485 447
internal_count=10705 5435 2476 5270 2584 919 1557 1611 1464 711 973 606 1485 447
is_linear=0
shrinkage=1


Tree=1
num_leaves=15
num_cat=0
split_feature=71 84 71 84 71 24 84 84 69 63 8 51 69 58
split_gain=548538 408805 329835 214913 227041 61839.3 59290.3 50987.4 37219.1 31749.3 30220.5 28447.4 26342.5 25768
threshold=-1.0000000180025095e-35 103.15914250000002 -2.5124999999999988 42.523274000000008 2.212499999999999 257.54432450000007 290.2148160000001 272.35636400000004 -0.18351217708333298 23.254554000000009 205.88845150000003 3.5000000000000004 11.840655182291668 -10.845522500000007
decision_type=2 2 2 2 2 2 2 2 2 2 2 2 2 2
left_child=1 -1 5 -2 7 -3 13 8 11 12 -7 -5 -6 -4
right_child=3 2 6 4 9 10 -8 -9 -10 -11 -12 -13 -14 -15
leaf_value=0.044277390224255024 0.050198069468811626 -1.9221809094302633 -0.97233760026249583 0.36238254880068133 0.81719865880067089 -0.65773560177571699 -1.873314679786563 -0.56073121669123305 0.62515982808252502 1.8290754153019824 -1.5555385712782543 -0.35614840066969677 1.4133044143935833 -0.25231331419299075
leaf_weight=2959 2686 539 136 396 354 201 63 147 858 216 179 210 403 1358
leaf_count=2959 2686 539 136 396 354 201 63 147 858 216 179 210 403 1358
internal_value=-1.47224e-05 -0.352423 -0.826336 0.363425 0.688871 -1.577 -0.382539 0.324282 0.413468 1.29157 -1.08362 0.11321 1.13599 -0.318464
internal_weight=10705 5435 2476 5270 2584 919 1557 1611 1464 973 380 606 757 1494
internal_count=10705 5435 2476 5270 2584 919 1557 1611 1464 973 380 606 757 1494
is_linear=0
shrinkage=0.05


Tree=2
num_leaves=15
num_cat=0
split_feature=71 84 71 84 71 84 69 69 84 84 63 83 67 78
split_gain=495233 421703 220208 147164 272332 64617 53931.9 42596.2 41103 30785.8 28679.1 28388 27493.4 26433.7
threshold=-0.9875000000000006 103.15914250000002 -2.7999999999999985 42.523274000000008 2.0124999999999997 263.70710200000008 -26.462434338541666 -1.3059802708333337 287.58038500000004 285.86399050000006 23.254554000000009 258.60530300000011 -2.4885673333333322 3.5000000000000004
decision_type=2 2 2 2 2 2 2 2 2 2 2 2 2 2
left_child=1 -1 6 -2 5 7 -3 13 12 -7 -6 -8 -4 -5
right_child=3 2 8 4 10 9 11 -9 -10 -11 -12 -13 -14 -15
leaf_value=0.037996311886565381 0.047767652539682438 -2.3158717587007493 -0.70481572626356748 0.27171201954483709 1.0715944943731432 -0.19620083514062261 -1.4219553204300472 0.54755681161943526 -1.6992618947318108 -1.5950851364569232 1.7248965497450397 -0.16898667287826541 -0.2018847906611354 -0.40130554276963937
leaf_weight=2516 3072 178 469 398 776 375 631 1038 65 43 219 49 647 229
leaf_count=2516 3072 178 469 398 776 375 631 1038 65 43 219 49 647 229
internal_value=-2.80401e-05 -0.395142 -0.929364 0.29263 0.53692 0.211645 -1.53861 0.351155 -0.485817 -0.343569 1.21697 -1.33205 -0.413684 0.0256574
internal_weight=10705 4555 2039 6150 3078 2083 858 1665 1181 418 995 680 1116 627
internal_count=10705 4555 2039 6150 3078 2083 858 1665 1181 418 995 680 1116 627
is_linear=0
shrinkage=0.05


Tree=3
num_leaves=15
num_cat=0
split_feature=71 84 71 84 71 24 84 84 8 31 37 31 69 24
split_gain=448771 334410 269541 175907 184504 63031.9 43353.8 42293.9 40629.8 35200.8 39499.5 30341.6 28077.9 24640.3
threshold=-1.0000000180025095e-35 103.15914250000002 -2.1374999999999988 42.523274000000008 2.212499999999999 257.54432450000007 287.58038500000004 272.35636400000004 205.88845150000003 21.012500000000003 53.375000000000007 22.787500000000005 11.840655182291668 267.02599300000003
decision_type=2 2 2 2 2 2 2 2 2 2 2 2 2 2
left_child=1 -1 5 -2 7 -3 -4 9 13 -5 -11 -12 -6 -7
right_child=3 2 6 4 12 8 -8 -9 -10 10 11 -13 -14 -15
leaf_value=0.039989847201048527 0.04530160358105622 -1.7218058899546091 -0.24851412231560857 -0.059977283689692067 0.87141612529106038 -1.1224699774831535 -1.5801484653726221 -0.51158970288076522 -1.4513578679412604 1.5570048854464578 0.89157118194775498 0.2685781286849912 1.4150098644946287 -0.11866580420202993
leaf_weight=2959 2686 564 1385 352 447 99 63 147 207 83 262 767 526 158
leaf_count=2959 2686 564 1385 352 447 99 63 147 207 83 262 767 526 158
internal_value=-5.00041e-05 -0.318804 -0.747431 0.328682 0.623117 -1.3662 -0.307502 0.294449 -0.931177 0.375678 0.513513 0.427914 1.16643 -0.508197
internal_weight=10705 5435 2476 5270 2584 1028 1448 1611 464 1464 1112 1029 973 257
internal_count=10705 5435 2476 5270 2584 1028 1448 1611 464 1464 1112 1029 973 257
is_linear=0
shrinkage=0.05


Tree=4
num_leaves=15
num_cat=0
split_feature=71 84 71 84 71 84 69 36 84 84 63 69 58 83
split_gain=405742 345034 178811 120633 221378 54578 46992.9 37577.8 34806.1 26409.1 25879.1 24404.3 23908.8 23295.6
threshold=-0.9875000000000006 103.15914250000002 -2.7999999999999985 42.523274000000008 2.0124999999999997 263.70710200000008 -26.462434338541666 20.938671875000004 292.35207400000007 285.86399050000006 23.254554000000009 -2.481724385416666 -11.200341999999997 258.60530300000011
decision_type=2 2 2 2 2 2 2 2 2 2 2 2 2 2
left_child=1 -1 6 -2 5 7 -3 -5 12 -7 -6 -9 -4 -8
right_child=3 2 8 4 10 9 13 11 -10 -11 -12 -13 -14 -15
leaf_value=0.034098552265987063 0.043149064423554581 -2.1151157187349972 -1.0593712301063938 -0.24873871621091356 0.96125206199895352 -0.18102555503930026 -1.2787056013847455 0.09313049363222857 -1.8388571478599727 -1.4766587755896829 1.5812407407435505 0.55145644233506841 -0.30958232394776836 -0.14388413083553317
leaf_weight=2516 3072 178 118 246 776 375 631 408 42 43 219 1011 1021 49
leaf_count=2516 3072 178 118 246 776 375 631 408 42 43 219 1011 1021 49
internal_value=-5.55622e-05 -0.357692 -0.840917 0.264843 0.486019 0.192748 -1.38992 0.320964 -0.441226 -0.317515 1.09916 0.419834 -0.388121 -1.19726
internal_weight=10705 4555 2039 6150 3078 2083 858 1665 1181 418 995 1419 1139 680
internal_count=10705 4555 2039 6150 3078 2083 858 1665 1181 418 995 1419 1139 680
is_linear=0
shrinkage=0.05


Tree=5
num_leaves=15
num_cat=0
split_feature=71 84 71 84 71 24 84 8 69 69 22 51 46 24
split_gain=368103 265982 254832 174564 112880 53844.1 46559.4 36078.7 26730.7 25309.7 23990.6 21961.9 21409.2 21243.1
threshold=1.0000000180025095e-35 101.15203550000003 -2.1374999999999988 42.523274000000008 2.212499999999999 257.54432450000007 275.36804450000005 205.88845150000003 -0.12570920833333388 11.840655182291668 139.29893664062504 3.5000000000000004 82.848958333333357 267.02599300000003
decision_type=2 2 2 2 2 2 2 2 2 2 2 2 2 2
left_child=1 -1 5 -2 8 -3 12 13 11 10 -6 -5 -4 -7
right_child=3 2 6 4 9 7 -8 -9 -10 -11 -12 -13 -14 -15
leaf_value=0.051783706849403303 0.040879590594940049 -1.5633533388099445 0.0525392876755887 0.31132638817146036 0.96083203238080928 -1.0110531649440526 -0.95103665544436533 -1.3215837493483944 0.53574265495467033 1.2891870841196609 0.058042308973505145 -0.34795997537145712 -0.32188053613673073 -0.081506306464315295
leaf_weight=3167 2501 571 692 348 354 99 207 211 729 526 93 197 850 160
leaf_count=3167 2501 571 692 348 354 99 207 211 729 526 93 197 850 160
internal_value=-7.79467e-05 -0.261819 -0.617688 0.328297 0.648044 -1.2367 -0.248758 -0.837375 0.337921 1.05334 0.773552 0.0728147 -0.153928 -0.439338
internal_weight=10705 5957 2790 4748 2247 1041 1749 470 1274 973 447 545 1542 259
internal_count=10705 5957 2790 4748 2247 1041 1749 470 1274 973 447 545 1542 259
is_linear=0
shrinkage=0.05


Tree=6
num_leaves=15
num_cat=0
split_feature=71 84 71 84 71 84 69 24 37 69 84 67 69 84
split_gain=333477 282434 144717 99381.2 179168 46635.8 41007.2 34812.7 32961.1 31305.9 29875.8 23555 23217.3 23070.1
threshold=-0.9875000000000006 103.15914250000002 -2.7999999999999985 42.523274000000008 2.0124999999999997 264.02500350000008 -26.30091713020833 281.72766850000005 51.375000000000007 -0.76675163541666624 292.35207400000007 -2.4885673333333322 11.840655182291668 287.58038500000004
decision_type=2 2 2 2 2 2 2 2 2 2 2 2 2 2
left_child=1 -1 6 -2 5 7 -3 9 -9 -5 11 -4 -6 -7
right_child=3 2 10 4 12 13 -8 8 -10 -11 -12 -13 -14 -15
leaf_value=0.030159886852706003 0.03884769323164658 -1.8679644799118407 -0.61882339451082535 -0.15549865284892017 0.73011298581764716 -0.17599958463292442 -1.0568260930088018 1.7211397550145133 0.48401827008685561 0.37172731961788802 -1.6967526067134946 -0.15828274591451963 1.2179926651184647 -1.4271912057225298
leaf_weight=2516 3072 208 480 507 462 368 650 60 477 631 42 659 533 40
leaf_count=2516 3072 208 480 507 462 368 650 60 477 631 42 659 533 40
internal_value=-8.47819e-05 -0.324312 -0.76151 0.240068 0.440819 0.176982 -1.25541 0.293728 0.625186 0.136908 -0.40193 -0.352737 0.99242 -0.301855
internal_weight=10705 4555 2039 6150 3078 2083 858 1675 537 1138 1181 1139 995 408
internal_count=10705 4555 2039 6150 3078 2083 858 1675 537 1138 1181 1139 995 408
is_linear=0
shrinkage=0.05


Tree=7
num_leaves=15
num_cat=0
split_feature=71 84 71 84 71 24 84 8 63 69 46 24 51 58
split_gain=301867 218733 208263 143266 91151.1 45753.4 39993 32134 22982.6 22273.7 22170.8 19139 19074.7 18923
threshold=1.0000000180025095e-35 101.15203550000003 -2.1374999999999988 42.523274000000008 2.212499999999999 257.54432450000007 282.33339050000006 201.30429100000001 23.254554000000009 -0.12570920833333388 82.848958333333357 267.02599300000003 3.5000000000000004 -2.1980815000000002
decision_type=2 2 2 2 2 2 2 2 2 2 2 2 2 2
left_child=1 -1 5 -2 9 13 10 11 -6 12 -4 -7 -5 -3
right_child=3 2 6 4 8 7 -8 -9 -10 -11 -12 -13 -14 -15
leaf_value=0.047270018189223578 0.03689481926312168 -2.2680157614535972 0.04274851979429109 0.28854280546398298 0.81927021144542822 -0.91182132339477551 -1.1677689783556282 -1.2024670726823254 1.4074314729675377 0.48883403797059843 -0.32725938157043694 -0.026639056917798672 -0.32587900866396879 -1.3167600510496413
leaf_weight=3167 2501 60 719 348 757 99 105 214 216 729 925 157 197 511
leaf_count=3167 2501 60 719 348 757 99 105 214 216 729 925 157 197 511
internal_value=-9.25133e-05 -0.237118 -0.559835 0.297274 0.586942 -1.11944 -0.226312 -0.751426 0.951149 0.308256 -0.16551 -0.371172 0.066259 -1.42051
internal_weight=10705 5957 2790 4748 2247 1041 1749 470 973 1274 1644 256 545 571
internal_count=10705 5957 2790 4748 2247 1041 1749 470 973 1274 1644 256 545 571
is_linear=0
shrinkage=0.05


Tree=8
num_leaves=15
num_cat=0
split_feature=71 84 71 84 71 84 69 24 69 37 84 67 69 55
split_gain=274068 231197 116685 81874.2 144988 40701.2 35493.7 33656.9 32911 30995.5 25185.3 21076.3 20869.4 21913.8
threshold=-0.9875000000000006 103.93628150000002 -2.7999999999999985 42.523274000000008 2.0124999999999997 272.07054550000004 -26.462434338541666 281.72766850000005 -0.76675163541666624 54.875000000000007 292.35207400000007 -2.4885673333333322 11.840655182291668 -0.22252093395631442
decision_type=2 2 2 2 2 2 2 2 2 2 2 2 2 2
left_child=1 -1 6 -2 5 7 -3 8 -5 -9 11 -4 13 -6
right_child=3 2 10 4 12 -7 -8 9 -10 -11 -12 -13 -14 -15
leaf_value=0.02539355088761246 0.034965409105234491 -1.7651045662064793 -0.57539236903253099 -0.17751749738388314 0.18185565486776106 -0.47926118733757495 -0.9676755833815085 1.501390899181366 0.33147529782535617 0.4114472518472882 -1.556384648070779 -0.13859318133612475 1.1097630927974032 0.90240248015530433
leaf_weight=2525 3072 178 476 595 164 220 676 74 679 515 42 658 533 298
leaf_count=2525 3072 178 476 595 164 220 676 74 679 515 42 658 533 298
internal_value=-0.000108511 -0.29404 -0.691182 0.217604 0.399817 0.162475 -1.13575 0.238473 0.0938061 0.550697 -0.367646 -0.322286 0.896022 0.647569
internal_weight=10705 4555 2030 6150 3078 2083 854 1863 1274 589 1176 1134 995 462
internal_count=10705 4555 2030 6150 3078 2083 854 1863 1274 589 1176 1134 995 462
is_linear=0
shrinkage=0.05


Tree=9
num_leaves=15
num_cat=0
split_feature=71 84 71 84 71 84 69 36 84 84 31 58 63 84
split_gain=247433 209014 111283 73917.4 130879 37030.2 32026 27614 23372.2 21349.4 21313.8 20338.6 20271.2 19719.4
threshold=-0.9875000000000006 99.595038000000017 -2.7999999999999985 42.523274000000008 2.0124999999999997 263.70710200000008 -26.462434338541666 20.938671875000004 287.58038500000004 93.662664000000021 18.012500000000003 -11.200341999999997 23.254554000000009 287.58038500000004
decision_type=2 2 2 2 2 2 2 2 2 2 2 2 2 2
left_child=1 -1 6 -2 5 7 -3 -5 11 -9 -8 -4 -6 -7
right_child=3 2 8 4 12 13 10 9 -10 -11 -12 -13 -14 -15
leaf_value=0.030309939619129724 0.033217708221910988 -1.6743996127534311 -0.88825814195217634 -0.22832886211664571 0.72965605078550344 -0.15251117599612019 -1.74824450116762 0.98628882297447751 -1.2523420413786717 0.28586140179272723 -0.82672455601374772 -0.20934422564407154 1.2771957263079559 -1.3076654852890388
leaf_weight=2481 3072 180 123 246 776 378 70 118 65 1301 623 1013 219 40
leaf_count=2481 3072 180 123 246 776 378 70 118 65 1301 623 1013 219 40
internal_value=-0.000108507 -0.279392 -0.649707 0.206755 0.379887 0.154389 -1.07902 0.260002 -0.337 0.344761 -0.922192 -0.28357 0.851331 -0.265909
internal_weight=10705 4555 2074 6150 3078 2083 873 1665 1201 1419 693 1136 995 418
internal_count=10705 4555 2074 6150 3078 2083 873 1665 1201 1419 693 1136 995 418
is_linear=0
shrinkage=0.05


Tree=10
num_leaves=15
num_cat=0
split_feature=71 84 71 84 71 24 84 8 31 31 37 69 55 46
split_gain=225165 164065 148068 107030 65750.3 36970.6 31943.9 27270.1 19090.2 37893.8 20353.7 18559.2 20151.1 18254.4
threshold=1.0000000180025095e-35 105.77825250000002 -2.0499999999999985 42.523274000000008 2.212499999999999 257.54432450000007 295.90254450000003 205.88845150000003 21.112500000000004 22.787500000000005 54.375000000000007 11.840655182291668 -0.22252093395631442 82.848958333333357
decision_type=2 2 2 2 2 2 2 2 2 2 2 2 2 2
left_child=1 -1 5 -2 8 -3 13 -7 -5 -10 -11 12 -6 -4
right_child=3 2 6 4 11 7 -8 -9 9 10 -12 -13 -14 -15
leaf_value=0.036608456633645939 0.031643023024455347 -1.2392618064945531 0.021843209935884393 -0.080471989499942567 0.12432155152142516 -0.29913339628633079 -1.5824443037916975 -1.0660371398544253 0.91107215297111732 1.2778072054793197 0.13076809314463703 1.0181302938020067 0.82603941186489127 -0.31285709100995995
leaf_weight=3226 2501 557 713 297 159 266 40 206 247 40 690 526 288 949
leaf_count=3226 2501 557 713 297 159 266 40 206 247 40 690 526 288 949
internal_value=-0.000126179 -0.204835 -0.489951 0.256698 0.507067 -0.963152 -0.203464 -0.635388 0.270366 0.376991 0.195282 0.816398 0.57727 -0.169343
internal_weight=10705 5957 2731 4748 2247 1029 1702 472 1274 977 730 973 447 1662
internal_count=10705 5957 2731 4748 2247 1029 1702 472 1274 977 730 973 447 1662
is_linear=0
shrinkage=0.05


Tree=11
num_leaves=15
num_cat=0
split_feature=71 84 71 84 71 84 24 70 36 37 84 46 30 67
split_gain=203583 171623 84973.7 60956 105910 32551.7 28698.8 30637 31411.6 25846.5 25610.9 21927.9 21870.7 19483.3
threshold=-0.9875000000000006 107.21996850000001 -3.7624999999999988 42.523274000000008 2.0124999999999997 272.07054550000004 281.72766850000005 8.1032710679429751 20.938671875000004 51.375000000000007 299.97504500000008 79.177083333333357 20.812500000000004 -4.5676767916666661
decision_type=2 2 2 2 2 2 2 2 2 2 2 2 2 2
left_child=1 -1 -3 -2 5 6 7 8 -5 -8 12 -10 -4 -14
right_child=3 2 10 4 -6 -7 9 -9 11 -11 -12 -13 13 -15
leaf_value=0.017877780591691841 0.029929593745637247 -1.1667093784967251 -0.58249955847079893 -0.24171836039396971 0.76883698823089419 -0.43201118662144267 1.4738387557815333 -0.24035308770299599 0.0087493232889352627 0.38492764818815972 -1.6310637326467607 0.66990982264961085 -0.57805965725204034 -0.030593705149230495
leaf_weight=2557 3072 497 686 220 995 220 60 477 184 529 41 393 231 543
leaf_count=2557 3072 497 686 220 995 220 60 477 184 529 41 393 231 543
internal_value=-0.000120812 -0.253451 -0.600528 0.187519 0.344741 0.141889 0.209855 0.0762781 0.265844 0.498162 -0.412407 0.459452 -0.377091 -0.19452
internal_weight=10705 4555 1998 6150 3078 2083 1863 1274 797 589 1501 577 1460 774
internal_count=10705 4555 1998 6150 3078 2083 1863 1274 797 589 1501 577 1460 774
is_linear=0
shrinkage=0.05


Tree=12
num_leaves=15
num_cat=0
split_feature=71 84 71 84 69 24 8 84 71 22 70 24 8 31
split_gain=184407 135228 128005 87710.3 56659.9 31941.9 34351.1 29721.9 26663.3 25714.4 25537.1 22277.4 24685.9 17179.7
threshold=1.0000000180025095e-35 99.595038000000017 -2.1374999999999988 42.523274000000008 11.840655182291668 266.90505200000007 200.46031700000003 275.36804450000005 3.7624999999999997 148.13106922916668 8.1012924249459495 283.21306650000002 209.58405150000002 20.012500000000003
decision_type=2 2 2 2 2 2 2 2 2 2 2 2 2 2
left_child=1 -1 5 -2 8 -3 -7 -4 10 -6 13 -12 -13 -5
right_child=3 2 7 4 9 6 -8 -9 -10 -11 11 12 -14 -15
leaf_value=0.039436320706313775 0.028565622925710715 -1.0770175150032448 -0.10124637392757259 -0.16284499456948143 1.0530052265786862 0.027636342045358 -0.94158568753669014 -0.73788708214862986 0.90146724282752122 0.43164176115773145 -0.23137879047528542 0.0029145247293542132 1.3343369563420615 0.49134057732474945
leaf_weight=3151 2501 682 1550 117 454 169 198 207 157 266 415 98 53 687
leaf_count=3151 2501 682 1550 117 454 169 198 207 157 266 415 98 53 687
internal_value=-0.000122005 -0.185379 -0.437761 0.232298 0.458947 -0.874553 -0.496406 -0.176629 0.286222 0.824363 0.21511 -0.0421708 0.475939 0.396058
internal_weight=10705 5957 2806 4748 2247 1049 367 1757 1527 720 1370 566 151 804
internal_count=10705 5957 2806 4748 2247 1049 367 1757 1527 720 1370 566 151 804
is_linear=0
shrinkage=0.05


Tree=13
num_leaves=15
num_cat=0
split_feature=71 84 71 84 71 84 69 84 24 26 67 54 8 63
split_gain=167297 140594 70417.4 50249.7 86934.7 29242.6 26052.7 22163 19825.8 19229.3 24342 19728.3 17856.7 17451.5
threshold=-0.9875000000000006 107.21996850000001 -3.7624999999999988 42.523274000000008 2.212499999999999 285.86399050000006 -0.22629248437500016 299.97504500000008 281.72766850000005 19.012500000000003 -3.0762550208333326 1.0000000180025095e-35 256.80026200000003 23.254554000000009
decision_type=2 2 2 2 2 2 2 2 2 2 2 2 2 2
left_child=1 -1 -3 -2 5 6 8 9 -5 11 12 -4 -11 -6
right_child=3 2 7 4 13 -7 -8 -9 -10 10 -12 -13 -14 -15
leaf_value=0.015821135481943301 0.026904789099195206 -1.0593036385385852 -0.93139797393635748 -0.15580579196272823 0.58878654575081046 -1.1437401214783842 0.32582391394270838 -1.5062292643955777 0.37746067345469148 -0.32713942963256937 -0.030247447888518103 -0.11913291554831501 -1.0228671927822799 1.1001968978050118
leaf_weight=2557 3072 497 230 739 757 43 1096 41 227 376 621 111 122 216
leaf_count=2557 3072 497 230 739 757 43 1096 41 227 376 621 111 122 216
internal_value=-0.000110964 -0.229758 -0.543896 0.169987 0.312735 0.131942 0.159086 -0.372647 -0.0302329 -0.339804 -0.239248 -0.668116 -0.499287 0.703329
internal_weight=10705 4555 1998 6150 3078 2105 2062 1501 966 1460 1119 341 498 973
internal_count=10705 4555 1998 6150 3078 2105 2062 1501 966 1460 1119 341 498 973
is_linear=0
shrinkage=0.05


Tree=14
num_leaves=15
num_cat=0
split_feature=71 84 71 84 69 69 84 22 71 70 31 24 8 37
split_gain=151445 111765 104382 72095.7 48202.1 29034.3 25773.7 22645.6 22031.5 22953.3 22005.5 19451.3 22489 15442.8
threshold=1.0000000180025095e-35 99.595038000000017 -2.1374999999999988 42.523274000000008 11.840655182291668 -26.30091713020833 275.36804450000005 148.13106922916668 3.7624999999999997 8.1012924249459495 18.012500000000003 283.21306650000002 209.58405150000002 71.125000000000014
decision_type=2 2 2 2 2 2 2 2 2 2 2 2 2 2
left_child=1 -1 5 -2 8 -3 -4 -6 9 13 -7 -11 -13 -5
right_child=3 2 6 4 7 10 -8 -9 -10 11 -12 12 -14 -15
leaf_value=0.03637413999584603 0.025793211096577603 -1.3177440302676005 -0.091448114106586528 0.058506101616404273 0.96755992657371925 -1.4668771632305988 -0.68429425770166119 0.38461105564726022 0.81593558399737631 -0.22863307293714921 -0.57655614211482453 -0.018958448948376259 1.2516229817160855 0.52091680489087622
leaf_weight=3151 2501 210 1550 274 454 76 207 266 157 415 763 98 53 530
leaf_count=3151 2501 210 1550 274 454 76 207 266 157 415 763 98 53 530
internal_value=-0.000123446 -0.168009 -0.397453 0.210503 0.415989 -0.791888 -0.161643 0.753025 0.256684 0.192046 -0.658855 -0.0518529 0.432308 0.363598
internal_weight=10705 5957 2806 4748 2247 1049 1757 720 1527 1370 839 566 151 804
internal_count=10705 5957 2806 4748 2247 1049 1757 720 1527 1370 839 566 151 804
is_linear=0
shrinkage=0.05


Tree=15
num_leaves=15
num_cat=0
split_feature=71 84 71 84 71 84 24 70 36 8 84 26 67 54
split_gain=137509 115186 57943.7 41431.2 71391.2 25447.1 21831 23794 25991.2 23726 19456.8 18121.4 21215.2 18035.3
threshold=-0.9875000000000006 107.21996850000001 -3.8874999999999988 42.523274000000008 2.0124999999999997 284.32638350000008 281.72766850000005 8.1032710679429751 20.938671875000004 204.49254200000004 299.97504500000008 19.012500000000003 -3.0762550208333326 1.0000000180025095e-35
decision_type=2 2 2 2 2 2 2 2 2 2 2 2 2 2
left_child=1 -1 -3 -2 5 6 7 8 -5 -8 11 13 -13 -4
right_child=3 2 10 4 -6 -7 9 -9 -10 -11 -12 12 -14 -15
leaf_value=0.013964249397918547 0.024172444102374655 -0.96976757371763456 -0.86915554630581815 -0.25265907945909671 0.63190545145025756 -1.0089826114931886 0.1462105562481322 -0.22154996815919842 0.36930639013290301 0.77410259456030239 -1.4026456333342052 -0.45341357401114846 -0.016835098844939451 -0.099270393455450523
leaf_weight=2557 3072 482 238 230 995 48 394 552 616 243 41 502 623 112
leaf_count=2557 3072 482 238 230 995 48 394 552 616 243 41 502 623 112
internal_value=-0.000118783 -0.20832 -0.49266 0.154094 0.283713 0.117166 0.144212 0.0335816 0.200115 0.386574 -0.340428 -0.309971 -0.211876 -0.623777
internal_weight=10705 4555 1998 6150 3078 2083 2035 1398 846 637 1516 1475 1125 350
internal_count=10705 4555 1998 6150 3078 2083 2035 1398 846 637 1516 1475 1125 350
is_linear=0
shrinkage=0.05


Tree=16
num_leaves=15
num_cat=0
split_feature=71 84 71 84 71 84 69 24 24 81 51 78 30 67
split_gain=124135 104266 57067 37393.7 64496.4 23176.9 20952.9 19191.6 30789.4 30433 22198.4 18382.2 18349.3 16902.1
threshold=-0.9875000000000006 99.595038000000017 -3.8874999999999988 42.523274000000008 2.212499999999999 272.07054550000004 -0.76675163541666624 278.11863750000003 288.22990800000008 1.0000000180025095e-35 1.5000000000000002 3.5000000000000004 22.087500000000002 -3.5801233541666702
decision_type=2 2 2 2 2 2 2 2 2 2 2 2 2 2
left_child=1 -1 -3 -2 5 6 11 9 -9 10 -4 -5 -10 -11
right_child=3 2 7 4 -6 -7 -8 8 12 13 -12 -13 -14 -15
leaf_value=0.020794174103494087 0.022964216142243064 -0.9177881908168275 -0.11777425784680805 0.15538816813909104 0.60596626565870082 -0.36590186423249543 0.31346825862365812 0.43823390638037607 -0.84854195012878153 -0.47128555965399549 -0.91111127383394663 -0.34596941702198564 0.10607417184713015 0.027033964562766927
leaf_weight=2481 3072 511 117 509 973 224 1088 195 116 309 361 284 88 377
leaf_count=2481 3072 511 117 509 973 224 1088 195 116 309 361 284 88 377
internal_value=-0.000128417 -0.197946 -0.459495 0.146393 0.269535 0.113811 0.171102 -0.309172 -0.0098624 -0.411673 -0.717578 -0.0243745 -0.438238 -0.197787
internal_weight=10705 4555 2074 6150 3078 2105 1881 1563 399 1164 478 793 204 686
internal_count=10705 4555 2074 6150 3078 2105 1881 1563 399 1164 478 793 204 686
is_linear=0
shrinkage=0.05


Tree=17
num_leaves=15
num_cat=0
split_feature=71 84 71 84 69 69 84 22 63 70 36 37 31 46
split_gain=112606 84092.7 72360.3 53651.5 38875.3 24262 21116 19740.9 18476.7 24599.2 24317.8 17762.4 17613.1 15419
threshold=1.0000000180025095e-35 103.93628150000002 -2.1374999999999988 42.523274000000008 11.840655182291668 -26.462434338541666 295.90254450000003 148.13106922916668 19.108987500000008 8.1012924249459495 24.714192708333339 72.375000000000014 18.012500000000003 82.848958333333357
decision_type=2 2 2 2 2 2 2 2 2 2 2 2 2 2
left_child=1 -1 5 -2 8 -3 13 -6 9 10 11 -5 -7 -4
right_child=3 2 6 4 7 12 -8 -9 -10 -11 -12 -13 -14 -15
leaf_value=0.029187570411202984 0.022148174080226443 -1.2106846500125679 0.052236502317562085 -0.057533590409059268 0.86166604068641972 -1.3177212655544281 -1.2713847270826015 0.31769662626952716 0.72071450910283785 -0.10382982144076175 1.3980641155242921 0.44093105314717618 -0.49723698067450028 -0.25312934108598023
leaf_weight=3205 2501 178 721 281 454 71 40 266 161 547 49 489 775 967
leaf_count=3205 2501 178 721 281 454 71 40 266 161 547 49 489 775 967
internal_value=-0.000132684 -0.144899 -0.347579 0.181489 0.358752 -0.680434 -0.150053 0.661419 0.215702 0.155696 0.328945 0.259185 -0.56757 -0.122744
internal_weight=10705 5957 2752 4748 2247 1024 1728 720 1527 1366 819 770 846 1688
internal_count=10705 5957 2752 4748 2247 1024 1728 720 1527 1366 819 770 846 1688
is_linear=0
shrinkage=0.05


Tree=18
num_leaves=15
num_cat=0
split_feature=71 84 71 84 71 84 69 22 24 24 81 51 30 58
split_gain=102167 85334.7 47225.4 30873.1 52783 20800.3 18336.6 17176.8 16685.5 27942 26020.4 19320.5 16255.7 15623.4
threshold=-0.9875000000000006 99.595038000000017 -3.9875000000000003 42.523274000000008 1.9500000000000013 263.70710200000008 11.840655182291668 137.26212379166671 278.11863750000003 288.22990800000008 1.0000000180025095e-35 1.5000000000000002 22.112500000000004 -1.7172850000000037
decision_type=2 2 2 2 2 2 2 2 2 2 2 2 2 2
left_child=1 -1 -3 -2 5 -5 7 -6 10 -10 11 -4 -11 -12
right_child=3 2 8 4 6 -7 -8 -9 9 12 13 -13 -14 -15
leaf_value=0.018296092281067003 0.020643929893249726 -0.83693361503782104 -0.098464340217790366 0.1623652437573456 0.46510227045349395 -0.24962835529751751 0.69817982911814003 -0.13086789519435205 0.42546979404453728 -0.78457003696511185 -0.64427917674704871 -0.83797853169860437 0.11491452643926117 -0.057284300959582535
leaf_weight=2481 3072 504 117 1470 463 386 596 163 195 119 142 363 86 548
leaf_count=2481 3072 504 117 1470 463 386 596 163 195 119 142 363 86 548
internal_value=-0.000130109 -0.179592 -0.416209 0.132796 0.244687 0.0765929 0.499721 0.30996 -0.280702 -0.00189217 -0.375938 -0.658301 -0.408499 -0.178844
internal_weight=10705 4555 2074 6150 3078 1856 1222 626 1570 400 1170 480 205 690
internal_count=10705 4555 2074 6150 3078 1856 1222 626 1570 400 1170 480 205 690
is_linear=0
shrinkage=0.05


Tree=19
num_leaves=15
num_cat=0
split_feature=71 84 71 84 69 69 84 22 63 70 36 34 35 31
split_gain=92524.9 69515 58373.7 44117.5 31698.2 21351.5 18406.3 17329.7 15927.1 21554.8 21728.9 16149.6 17031 15555.7
threshold=1.0000000180025095e-35 104.92867150000002 -2.0499999999999985 42.523274000000008 11.840655182291668 -26.462434338541666 295.90254450000003 148.13106922916668 19.108987500000008 8.1012924249459495 24.714192708333339 22.960416666666671 18.688541666666669 18.012500000000003
decision_type=2 2 2 2 2 2 2 2 2 2 2 2 2 2
left_child=1 -1 5 -2 8 -3 -4 -6 9 10 11 12 -5 -7
right_child=3 2 6 4 7 13 -8 -9 -10 -11 -12 -13 -14 -15
leaf_value=0.026389948989421624 0.020009425146092805 -1.1126325569837616 -0.11127954050881841 -0.4847911112010479 0.78614149808238909 -1.2190850563452278 -1.1838131030885186 0.27662491210446821 0.66493946889668343 -0.1025663358268131 1.3131074266433718 -0.1308545746045032 0.46712879213808789 -0.44368547077106824
leaf_weight=3215 2501 177 1671 51 454 70 40 266 161 547 49 215 504 784
leaf_count=3215 2501 177 1671 51 454 70 40 266 161 547 49 215 504 784
internal_value=-0.000131706 -0.131357 -0.316257 0.1645 0.325244 -0.613272 -0.13703 0.598548 0.19607 0.140362 0.302539 0.23661 0.37894 -0.508594
internal_weight=10705 5957 2742 4748 2247 1031 1711 720 1527 1366 819 770 555 854
internal_count=10705 5957 2742 4748 2247 1031 1711 720 1527 1366 819 770 555 854
is_linear=0
shrinkage=0.05


Tree=20
num_leaves=15
num_cat=0
split_feature=71 84 71 84 69 22 84 36 24 84 36 32 81 6
split_gain=84105.9 69871.3 35392.3 25497.7 43344.9 21558.5 21530.7 20404.8 20665.6 14443.9 14142 13654.1 23771.1 14622.8
threshold=-0.9875000000000006 107.21996850000001 -3.9875000000000003 42.523274000000008 11.840655182291668 148.13106922916668 273.02215500000005 20.938671875000004 257.91047800000007 299.97504500000008 26.544531250000002 22.112500000000004 0.87837969732492682 82.580294000000023
decision_type=2 2 2 2 2 2 2 2 2 2 2 2 2 2
left_child=1 -1 -3 -2 6 11 7 -5 -9 -4 -7 -6 13 -13
right_child=3 2 9 4 5 10 -8 8 -10 -11 -12 12 -14 -15
leaf_value=0.010165262503652857 0.018552645048313873 -0.76089242052114692 -0.24047897878624669 -0.2371152112426177 0.53835154870161162 0.076908056694562535 -0.38581753090174514 0.56799106000968258 0.13896458754309662 -1.1816719651222229 0.96476135253906259 1.8135610881893116 0.051674880399260416 0.75021797667390544
leaf_weight=2557 3072 475 1482 280 278 266 197 346 1475 41 53 86 42 55
leaf_count=2557 3072 475 1482 280 278 266 197 346 1475 41 53 86 42 55
internal_value=-0.000130885 -0.162959 -0.384415 0.120475 0.222159 0.543977 0.112737 0.159646 0.220749 -0.266575 0.226974 0.762368 1.0979 1.40699
internal_weight=10705 4555 1998 6150 3078 780 2298 2101 1821 1523 319 461 183 141
internal_count=10705 4555 1998 6150 3078 780 2298 2101 1821 1523 319 461 183 141
is_linear=0
shrinkage=0.05


Tree=21
num_leaves=15
num_cat=0
split_feature=71 84 71 62 68 24 84 24 24 76 30 24 9 83
split_gain=75938.7 63266.1 35698.7 23273.2 32845.6 22047.2 19301.8 14739.9 24874.3 22969.5 14346.3 13934.8 13639.8 13468.7
threshold=-0.9875000000000006 99.595038000000017 -3.9875000000000003 169.76704000000004 13.418503889109045 281.72766850000005 282.33339050000006 278.11863750000003 288.22990800000008 3.5000000000000004 22.087500000000002 290.18302650000004 194.24203200000002 185.5640635
decision_type=2 2 2 2 2 2 2 2 2 2 2 2 2 2
left_child=1 -1 -3 6 5 12 -2 9 -9 13 -10 -7 -5 -4
right_child=3 2 7 4 -6 11 -8 8 10 -11 -12 -13 -14 -15
leaf_value=0.015554632935042612 0.082519853764720486 -0.72436201794128319 -0.41911220205763056 0.78965666802986612 1.05257742374921 0.79243946433521628 -0.89504523534400793 0.42439972175171187 -0.72286920762163098 -0.82139598978589279 0.11945416635593004 0.0071321067270598837 -0.05594416324014017 -0.047090613670556079
leaf_weight=2481 5153 504 478 52 138 204 50 195 117 197 88 78 475 495
leaf_count=2481 5153 504 478 52 138 204 50 195 117 197 88 78 475 495
internal_value=-0.000114415 -0.154835 -0.358571 0.114486 0.342346 0.220044 0.0729554 -0.240759 0.0212349 -0.330272 -0.362462 0.57602 0.0288303 -0.230094
internal_weight=10705 4555 2074 6150 947 809 5203 1570 400 1170 205 282 527 973
internal_count=10705 4555 2074 6150 947 809 5203 1570 400 1170 205 282 527 973
is_linear=0
shrinkage=0.05


Tree=22
num_leaves=15
num_cat=0
split_feature=71 84 71 84 69 69 84 22 71 70 24 8 36 46
split_gain=69574.5 52564.3 43696.5 34998.5 24884.5 18116.4 15159.8 14084.8 13931.2 14700.4 14718 18751.1 12815.1 12528.8
threshold=1.0000000180025095e-35 104.92867150000002 -2.0499999999999985 42.523274000000008 11.840655182291668 -14.462286713541664 295.90254450000003 148.13106922916668 3.7624999999999997 8.1012924249459495 283.21306650000002 209.58405150000002 25.921354166666671 82.848958333333357
decision_type=2 2 2 2 2 2 2 2 2 2 2 2 2 2
left_child=1 -1 5 -2 8 -3 13 -6 9 -5 -11 -12 -9 -4
right_child=3 2 6 4 7 -7 -8 12 -10 10 11 -13 -14 -15
leaf_value=0.023269466579870314 0.013957747435279125 -0.81113368853180612 0.06124659779572135 0.25729920753772423 0.69708165235643449 -0.37357817374658736 -1.0695998832129125 -0.14738316108821892 0.61602758666193935 -0.22886481028086006 -0.065496476239176718 1.09425470293672 0.54853594029271935 -0.21514510140213861
leaf_weight=3215 2501 371 719 804 454 660 40 119 157 415 98 53 147 952
leaf_count=3215 2501 371 719 804 454 660 40 119 157 415 98 53 147 952
internal_value=-0.000110572 -0.113903 -0.274687 0.142651 0.285821 -0.531664 -0.11962 0.527974 0.171372 0.120003 -0.0751361 0.346089 0.237818 -0.0962534
internal_weight=10705 5957 2742 4748 2247 1031 1711 720 1527 1370 566 151 266 1671
internal_count=10705 5957 2742 4748 2247 1031 1711 720 1527 1370 566 151 266 1671
is_linear=0
shrinkage=0.05


Tree=23
num_leaves=15
num_cat=0
split_feature=71 84 71 84 69 70 63 36 43 69 46 36 22 31
split_gain=62901.6 45659.2 36392.3 26482.4 30043.9 17054.1 23882.6 18385.7 17353.6 16491.9 16336 22676.5 14634.4 13658.1
threshold=-1.0000000180025095e-35 104.92867150000002 -2.0499999999999985 42.523274000000008 11.840655182291668 8.1012924249459495 19.108987500000008 24.714192708333339 60.375000000000007 -26.462434338541666 78.713541666666671 20.938671875000004 148.13106922916668 18.012500000000003
decision_type=2 2 2 2 2 2 2 2 2 2 2 2 2 2
left_child=1 -1 9 -2 5 7 8 10 -7 -3 -5 -12 -6 -11
right_child=3 2 -4 4 12 6 -8 -9 -10 13 11 -13 -14 -15
leaf_value=0.012157980784642567 0.013018055958378747 -0.94385267504480452 -0.1151494112053852 -0.10446811265900341 0.67830521934242416 0.47416191468744179 0.5708373616816419 1.1985114183425905 -0.26488627009380811 -1.0784871747795965 -0.29440927813150763 0.47198141924060782 0.22358536825322642 -0.35251456553163901
leaf_weight=2979 2686 177 1425 284 461 91 131 49 583 70 115 581 289 784
leaf_count=2979 2686 177 1425 284 461 91 131 49 583 70 115 581 289 784
internal_value=-0.000103174 -0.11944 -0.279001 0.122969 0.237211 0.128051 -0.0443178 0.26281 -0.164549 -0.505138 0.21485 0.34511 0.503618 -0.413212
internal_weight=10705 5435 2456 5270 2584 1834 805 1029 674 1031 980 696 750 854
internal_count=10705 5435 2456 5270 2584 1834 805 1029 674 1031 980 696 750 854
is_linear=0
shrinkage=0.05


Tree=24
num_leaves=15
num_cat=0
split_feature=71 84 71 84 69 84 24 8 36 42 84 44 47 49
split_gain=56910.5 43323.2 38826.6 28637.2 20289.9 18475.9 15493.4 18158.5 15231.4 16840.2 14460.7 13029.2 12839.6 12772.7
threshold=1.0000000180025095e-35 99.595038000000017 -2.0124999999999988 42.523274000000008 -0.12570920833333388 274.29007000000007 257.54432450000007 205.88845150000003 22.658854166666671 84.125000000000014 282.33339050000006 53.031250000000007 76.860677083333357 3.5000000000000004
decision_type=2 2 2 2 2 2 2 2 2 2 2 2 2 2
left_child=1 -1 6 -2 -5 8 13 12 -6 -10 11 -4 -8 -3
right_child=3 2 10 4 5 -7 7 -9 9 -11 -12 -13 -14 -15
leaf_value=0.024236494720396989 0.012609497483352201 -0.51469916669461624 0.75722006686190346 0.018297675569758032 0.071568708508679732 -0.50987401813268662 0.30890909147842621 -0.61782397900306441 0.39605564895523765 0.968968373771808 -0.66603030684702802 -0.087544564474132835 -0.3724565848838105 -1.0492016698468116
leaf_weight=3151 2501 420 46 632 310 59 148 217 1101 145 105 1588 128 154
leaf_count=3151 2501 420 46 632 310 59 148 217 1101 145 105 1588 128 154
internal_value=-9.57318e-05 -0.103012 -0.245863 0.129021 0.258528 0.352468 -0.483164 -0.276731 0.385472 0.46345 -0.100068 -0.0633144 -0.00729041 -0.659678
internal_weight=10705 5957 2806 4748 2247 1615 1067 493 1556 1246 1739 1634 276 574
internal_count=10705 5957 2806 4748 2247 1615 1067 493 1556 1246 1739 1634 276 574
is_linear=0
shrinkage=0.05


Tree=25
num_leaves=15
num_cat=0
split_feature=71 84 30 69 8 62 63 84 47 36 36 83 84 69
split_gain=51607.8 42425.1 23499.3 21837.5 18786 18350.2 20272.8 16931.9 16306.2 14862.8 17104.3 13905.3 13478.7 25139.3
threshold=-0.9875000000000006 110.40974350000002 20.012500000000003 -13.408790343750001 260.48309450000005 232.80492650000002 23.254554000000009 278.81235800000007 81.669270833333357 21.286979166666669 18.395963541666671 138.05647000000002 42.523274000000008 -1.3059802708333337
decision_type=2 2 2 2 2 2 2 2 2 2 2 2 2 2
left_child=1 -1 3 8 11 7 -7 12 -3 10 -5 -4 -2 -14
right_child=5 2 4 9 -6 6 -8 -9 -10 -11 -12 -13 13 -15
leaf_value=0.0046918298693940262 0.011332911743215424 -1.0303644727078514 -0.38157247521667781 -0.94305077171325691 -0.70936745154040481 0.23869010083000647 1.0995115833773335 -0.57785840650098497 -0.34004097786956355 -0.60054604459297045 0.054282436599948893 0.068677930768892601 -0.074383534053660008 0.26938218587555557
leaf_weight=2600 3072 236 233 49 123 355 84 98 136 231 306 641 757 1784
leaf_count=2600 3072 236 233 49 123 355 84 98 136 231 306 641 757 1784
internal_value=-9.68289e-05 -0.127645 -0.303556 -0.480288 -0.133425 0.0943773 0.405528 0.0703926 -0.779576 -0.289292 -0.08564 -0.0516534 0.0818116 0.166981
internal_weight=10705 4555 1955 958 997 6150 439 5711 372 586 355 874 5613 2541
internal_count=10705 4555 1955 958 997 6150 439 5711 372 586 355 874 5613 2541
is_linear=0
shrinkage=0.05


Tree=26
num_leaves=15
num_cat=0
split_feature=71 84 71 84 69 24 8 46 84 70 6 31 71 70
split_gain=46947.1 36079.2 31269.7 23633.1 18062.6 13693.7 19433.4 13609.2 12164.1 11574.2 19915.1 15665.7 11385.2 12394.5
threshold=1.0000000180025095e-35 99.595038000000017 -2.0124999999999988 42.523274000000008 11.840655182291668 266.90505200000007 201.91442500000002 82.171875000000014 287.58038500000004 17.347621184740525 77.743842000000015 22.712500000000002 4.9875000000000016 8.1012924249459495
decision_type=2 2 2 2 2 2 2 2 2 2 2 2 2 2
left_child=1 -1 5 -2 12 -3 -7 -4 -9 10 -6 -11 13 -5
right_child=3 2 7 4 9 6 -8 8 -10 11 -12 -13 -14 -15
leaf_value=0.022543738863837485 0.011412854656743871 -0.57139966406942644 0.085013168102343495 0.23056273056288989 1.234526695467177 0.16929427419196477 -0.54002043184638027 -0.16675187483588894 -0.98981720665667927 0.979697993474129 0.17329219208122829 0.21271470654043281 0.71808147680014378 -0.065283155454156125
leaf_weight=3151 2501 682 663 834 104 186 199 1030 46 77 77 462 79 614
leaf_count=3151 2501 682 663 834 104 186 199 1030 46 77 77 462 79 614
internal_value=-0.00010558 -0.0935797 -0.223942 0.117165 0.234814 -0.436903 -0.197788 -0.0930999 -0.202825 0.441117 0.786495 0.323895 0.137315 0.105156
internal_weight=10705 5957 2806 4748 2247 1067 385 1739 1076 720 181 539 1527 1448
internal_count=10705 5957 2806 4748 2247 1067 385 1739 1076 720 181 539 1527 1448
is_linear=0
shrinkage=0.05


Tree=27
num_leaves=15
num_cat=0
split_feature=71 84 30 69 15 8 61 83 84 84 69 81 73 36
split_gain=42409.7 35030.7 24055.5 21397.4 17771.7 22901.2 16792.2 16002.4 14750.3 16802.5 20658.3 12811.5 13346.4 15584.3
threshold=-0.9875000000000006 82.580294000000023 20.012500000000003 -13.408790343750001 207.74984750000002 258.94589250000007 168.01043050000001 196.19506050000004 263.70710200000008 42.523274000000008 -1.3059802708333337 0.87837969732492682 -8.8749999999999982 23.221354166666668
decision_type=2 2 2 2 2 2 2 2 2 2 2 2 2 2
left_child=1 -1 3 -3 5 7 8 -4 9 -2 -11 12 13 -12
right_child=6 2 4 -5 -6 -7 -8 -9 -10 10 11 -13 -14 -15
leaf_value=0.017956420999086582 0.010092581330449739 -0.72220568096322224 -0.32155690856040597 -0.25955418430967259 0.61307002880224371 -0.78333273611016696 0.41353385344513111 0.10799497585678491 -0.22552616995535057 -0.057256252266121854 -0.037373299302684293 -0.062546582166421213 0.25087528665919229 0.78652530971370394
leaf_weight=2361 3072 391 360 695 81 125 366 542 406 623 73 235 1109 266
leaf_count=2361 3072 391 360 695 81 125 366 542 406 623 73 235 1109 266
internal_value=-9.3279e-05 -0.115718 -0.259509 -0.426637 -0.0954634 -0.151888 0.0855489 -0.063611 0.0647268 0.0866767 0.188652 0.27966 0.335202 0.60952
internal_weight=10705 4555 2194 1086 1108 1027 6150 902 5784 5378 2306 1683 1448 339
internal_count=10705 4555 2194 1086 1108 1027 6150 902 5784 5378 2306 1683 1448 339
is_linear=0
shrinkage=0.05


Tree=28
num_leaves=15
num_cat=0
split_feature=71 84 71 84 44 67 36 84 66 84 83 46 31 49
split_gain=38654.4 29826.2 27862.2 19468.3 17333 16682.8 16066.7 18109.1 19263.6 14836.9 13195.8 13686.3 23495.8 12896.2
threshold=1.0000000180025095e-35 87.746388500000009 -3.3625000000000003 42.523274000000008 53.906250000000007 2.1362732083333338 22.654296875000004 274.29007000000007 2.8572886261265169 299.97504500000008 243.76816550000004 82.848958333333357 22.437500000000004 4.5000000000000009
decision_type=2 2 2 2 2 2 2 2 2 2 2 2 2 2
left_child=1 -1 13 -2 -4 9 -5 8 -8 10 -6 12 -12 -3
right_child=3 2 4 6 5 -7 7 -9 -10 -11 11 -13 -14 -15
leaf_value=0.025908978177516903 0.010338012904500505 -0.42170249090446127 0.61493700215449698 -0.022577961985987143 -0.26355099987094194 0.36992423626770443 0.20870259186175413 -0.34153672507790001 0.57849213297653812 -1.0581181630175165 1.0518619524108039 -0.15800250799341653 0.016255200035546136 -1.2197374675955093
leaf_weight=3007 2501 571 77 547 1224 147 1068 106 526 46 71 530 229 55
leaf_count=3007 2501 571 77 547 1224 147 1068 106 526 46 71 530 229 55
internal_value=-8.98717e-05 -0.0849075 -0.197836 0.106321 -0.117976 -0.143354 0.213101 0.288903 0.331015 -0.179442 -0.159259 -0.00532681 0.264029 -0.493651
internal_weight=10705 5957 2950 4748 2324 2247 2247 1700 1594 2100 2054 830 300 626
internal_count=10705 5957 2950 4748 2324 2247 2247 1700 1594 2100 2054 830 300 626
is_linear=0
shrinkage=0.05


Tree=29
num_leaves=15
num_cat=0
split_feature=71 84 71 84 84 44 67 69 32 26 31 41 47 24
split_gain=34890.7 26922.8 25424.2 17571.8 16360.2 15149.3 14671.7 14592.2 12407.9 13232.4 13544.8 14620.1 11127.6 10799.3
threshold=1.0000000180025095e-35 87.746388500000009 -3.9875000000000003 42.523274000000008 299.97504500000008 53.906250000000007 2.1362732083333338 11.840655182291668 22.512500000000003 19.012500000000003 23.162500000000005 82.625000000000014 77.768229166666671 299.02505250000007
decision_type=2 2 2 2 2 2 2 2 2 2 2 2 2 2
left_child=1 -1 -3 -2 5 -4 8 -5 9 -7 11 -11 -8 -9
right_child=3 2 4 7 -6 6 12 13 -10 10 -12 -13 -14 -15
leaf_value=0.02461395995812788 0.0098213190792037636 -0.507184950608073 0.58458433751112382 0.11482979976571335 -0.98113192297794205 -0.30473074936241312 0.083029251122026748 0.47863542941901616 -0.36383397731813177 0.66311535092592244 -0.15622977048922609 0.044938632337408357 1.0482322052830744 -0.024531416993460245
leaf_weight=3007 2501 514 77 1527 53 488 104 590 541 124 600 408 41 130
leaf_count=3007 2501 514 77 1527 53 488 104 590 541 124 600 408 41 130
internal_value=-8.82222e-05 -0.0806709 -0.187962 0.101009 -0.120425 -0.100879 -0.124011 0.202455 -0.156723 -0.087377 0.00650947 0.189999 0.361259 0.387878
internal_weight=10705 5957 2950 4748 2436 2383 2306 2247 2161 1620 1132 532 145 720
internal_count=10705 5957 2950 4748 2436 2383 2306 2247 2161 1620 1132 532 145 720
is_linear=0
shrinkage=0.05


Tree=30
num_leaves=15
num_cat=0
split_feature=71 84 67 35 5 84 61 69 84 84 71 83 69 70
split_gain=31709.1 25743.7 19754.1 15050.2 14953.4 14651.3 15907.6 9597.92 13998.7 15528.9 13781.5 10114.2 9313.71 12962.7
threshold=-0.9875000000000006 82.580294000000023 -3.191651499999999 19.946354166666669 265.12121400000007 282.33339050000006 168.01043050000001 -6.3806897187500011 42.523274000000008 96.187470500000018 3.837499999999999 108.43858550000002 -10.293456088541664 6.320390302425472
decision_type=2 2 2 2 2 2 2 2 2 2 2 2 2 2
left_child=1 -1 4 12 -3 6 7 -2 -9 11 -11 -10 -4 -14
right_child=5 2 3 -5 -6 -7 -8 8 9 10 -12 -13 13 -15
leaf_value=0.0145339033800626 -0.15289770068185984 -0.41876300950492901 -0.60843409252939407 0.065539334875726302 0.55730200395351503 -0.65595470526639155 0.40937949141860008 0.0083328201072632637 0.1887715576531947 0.066363807121955762 0.4841031161842726 0.69444676322324028 -0.41524836947751603 0.25716071109840177
leaf_weight=2361 475 1003 161 697 40 67 349 2912 188 1727 222 210 171 122
leaf_count=2361 475 1003 161 697 40 67 349 2912 188 1727 222 210 171 122
internal_value=-8.04757e-05 -0.10006 -0.223326 -0.0803922 -0.380832 0.0739733 0.0821195 0.0621329 0.0815801 0.172418 0.11417 0.456657 -0.304084 -0.135347
internal_weight=10705 4555 2194 1151 1043 6150 6083 5734 5259 2347 1949 398 454 293
internal_count=10705 4555 2194 1151 1043 6150 6083 5734 5259 2347 1949 398 454 293
is_linear=0
shrinkage=0.05


Tree=31
num_leaves=15
num_cat=0
split_feature=71 84 58 24 84 36 84 66 22 47 65 56 24 47
split_gain=28726.5 22395.1 20025.9 16780.6 14343.7 13573.6 15486.3 17014.8 11809.4 10370.7 18261.1 15916.5 15859.3 9668.32
threshold=1.0000000180025095e-35 111.64609200000002 -10.038873500000006 247.91118100000003 42.523274000000008 22.654296875000004 274.29007000000007 2.8572886261265169 50.070061156250013 76.860677083333357 1.0000000180025095e-35 -2.9484619999999988 256.69117850000004 78.365885416666671
decision_type=2 2 2 2 2 2 2 2 2 2 2 2 2 2
left_child=1 -1 -3 13 -2 -6 7 8 -7 11 12 -5 -11 -4
right_child=4 2 3 9 5 6 -8 -9 -10 10 -12 -13 -14 -15
leaf_value=0.013272126260698716 0.0092716203271437422 -0.54315381433981569 -0.55662697298664943 0.46651078010551061 -0.033287278434982269 0.65117138905657668 -0.32994831577639716 0.52450003079783725 0.11861392633807684 0.19881439699273973 0.75919304701919654 -0.047533215479984979 -0.33283280414559752 -0.17598481610566752
leaf_weight=3318 2501 334 288 207 547 116 106 526 952 179 50 545 638 398
leaf_count=3318 2501 334 288 207 547 116 106 526 952 179 50 545 638 398
internal_value=-7.41416e-05 -0.0731929 -0.181869 -0.129305 0.0916592 0.183315 0.252988 0.291936 0.177012 -0.0414158 -0.159187 0.0943972 -0.216251 -0.336366
internal_weight=10705 5957 2639 2305 4748 2247 1700 1594 1068 1619 867 752 817 686
internal_count=10705 5957 2639 2305 4748 2247 1700 1594 1068 1619 867 752 817 686
is_linear=0
shrinkage=0.05


Tree=32
num_leaves=15
num_cat=0
split_feature=67 84 47 58 62 68 64 58 84 84 30 69 69 36
split_gain=26847.1 25057.5 20279.2 27721.1 19728 16480.9 13713.8 12714.2 12681.7 11731.7 14203.2 11065.5 10806.6 10224.7
threshold=-2.4885673333333322 71.13744800000002 74.014322916666671 -14.716639499999998 168.05712150000002 13.418503889109045 1.4878447964535428 15.437057499999996 275.02512300000006 253.85570750000002 21.112500000000004 -13.493025630208331 -28.026467833333328 24.459765625000006
decision_type=2 2 2 2 2 2 2 2 2 2 2 2 2 2
left_child=1 -1 3 -3 8 7 -5 9 12 10 -6 -4 -2 -9
right_child=4 2 11 6 5 -7 -8 13 -10 -11 -12 -13 -14 -15
leaf_value=0.0094412392165656046 -0.70983916819095616 -0.82870275827704887 -0.54353831523044061 0.12511461448230887 0.1702614494559602 0.78052875329978277 0.99936542510986337 0.031234790518280722 -0.30113396374089807 -0.1296902358531952 0.75891724829207707 -0.23557384173667073 0.043271916079555446 -0.84089358692819427
leaf_weight=1730 47 60 482 157 233 136 62 142 288 120 183 744 6278 43
leaf_count=1730 47 60 482 157 233 136 62 142 288 120 183 744 6278 43
internal_value=-6.70628e-05 -0.120368 -0.269492 0.114919 0.0520404 0.27761 0.376037 0.181796 0.0227705 0.305008 0.430412 -0.356994 0.0375644 -0.174907
internal_weight=10705 3235 1505 279 7470 857 219 721 6613 536 416 1226 6325 185
internal_count=10705 3235 1505 279 7470 857 219 721 6613 536 416 1226 6325 185
is_linear=0
shrinkage=0.05


Tree=33
num_leaves=15
num_cat=0
split_feature=84 36 84 69 84 47 60 84 25 36 58 47 14 43
split_gain=25830.1 23856 23002 26730 15974.6 19783.3 12338.9 14779.4 11743.3 13149.9 8639.58 8523.78 7848.7 7429.24
threshold=292.35207400000007 22.479947916666671 90.300388000000012 -10.466263937499997 195.33364900000004 78.319010416666671 21.275099999999998 274.29007000000007 103.31378196793989 18.395963541666671 -14.974237 75.063802083333357 170.06321095833337 56.625000000000007
decision_type=2 2 2 2 2 2 2 2 2 2 2 2 2 2
left_child=1 2 -1 4 -4 -6 -3 10 9 -5 -8 -11 -12 -13
right_child=-2 6 3 8 5 -7 7 -9 -10 11 12 13 -14 -15
leaf_value=0.025712323145402428 -0.77670627222308575 0.046074579876644345 -0.72001759385947628 -0.79157289379047902 -0.64273389018418503 0.073229891655815615 -0.0066058457609478056 -0.23147043559827934 -0.47402614938716098 -0.66139330999718782 0.63741233430547295 -0.54359987137767563 0.22472766180017698 0.068234802870856551
leaf_weight=2410 105 5377 310 52 170 221 122 123 161 44 276 51 200 1083
leaf_count=2410 105 5377 310 52 170 221 122 123 161 44 276 51 200 1083
internal_value=-6.68444e-05 0.00769882 -0.0795897 -0.200853 -0.452387 -0.238904 0.0721442 0.266231 -0.073857 -0.0211346 0.368816 0.0135171 0.46485 0.0402637
internal_weight=10705 10600 4502 2092 701 391 6098 721 1391 1230 598 1178 476 1134
internal_count=10705 10600 4502 2092 701 391 6098 721 1391 1230 598 1178 476 1134
is_linear=0
shrinkage=0.05


Tree=34
num_leaves=15
num_cat=0
split_feature=73 84 84 67 16 58 29 6 68 58 42 51 84 24
split_gain=23635.7 19367.1 15125.3 18802.7 23906.4 14852.6 14804.9 13689.5 11559.5 12574.4 10503.8 10481.8 10495.1 10085.9
threshold=0.87500000000000011 303.76010700000006 94.482010000000017 1.8767478958333339 278.07656250000008 -1.7172850000000037 16.512500000000003 24.000000000000004 13.069659977910991 -16.000932500000001 71.125000000000014 3.5000000000000004 248.28803400000001 266.28453700000006
decision_type=2 2 2 2 2 2 2 2 2 2 2 2 2 2
left_child=6 2 -2 5 -5 10 -1 8 11 -10 -4 13 -13 -8
right_child=1 -3 3 4 -6 -7 7 -9 9 -11 -12 12 -14 -15
leaf_value=-0.76326742903241573 0.0090131110831797017 -1.1369594860215519 0.28227831929583441 0.51676102386535827 -0.72600996120243666 -0.1396631862000707 0.060635131098034672 0.0083380268556337064 0.010035137916427284 0.77996017203039059 -0.53110400720112982 0.069409985498401466 -0.42266456908450051 0.30566649783259403
leaf_weight=52 2673 42 43 184 48 1505 781 3227 83 146 440 428 144 909
leaf_count=52 2673 42 43 184 48 1505 781 3227 83 146 440 428 144 909
internal_value=-8.11224e-05 -0.0804075 -0.0711079 -0.167539 0.257624 -0.21726 0.0686229 0.0763203 0.16435 0.502161 -0.458257 0.129944 -0.0549904 0.192533
internal_weight=10705 4935 4893 2220 232 1988 5770 5718 2491 229 483 2262 572 1690
internal_count=10705 4935 4893 2220 232 1988 5770 5718 2491 229 483 2262 572 1690
is_linear=0
shrinkage=0.05


Tree=35
num_leaves=15
num_cat=0
split_feature=84 36 84 69 84 47 60 84 25 36 47 24 70 74
split_gain=21626.9 20358.3 19599 23249.2 14288.6 17572.2 10692.1 13071 10367.6 11144.9 7665.7 7369.89 7996.94 8453.29
threshold=292.35207400000007 22.479947916666671 90.300388000000012 -10.466263937499997 195.33364900000004 78.319010416666671 21.275099999999998 274.29007000000007 103.21753417306967 18.395963541666671 75.063802083333357 302.47829650000006 18.044551323038437 0.87500000000000011
decision_type=2 2 2 2 2 2 2 2 2 2 2 2 2 2
left_child=1 2 -1 4 -4 -6 -3 11 9 -5 -11 12 13 -8
right_child=-2 6 3 8 5 -7 7 -9 -10 10 -12 -13 -14 -15
leaf_value=0.023585992733619984 -0.71073110297954878 0.042287184133013599 -0.6732363818303182 -0.72592746896563842 -0.59885895464634686 0.075886070865797947 0.37973300219841344 -0.22081227223839492 -0.43668628177231927 -0.62467145880063379 0.04078843519169903 -0.19426861415649285 0.79105797498223351 -0.33830860143770347
leaf_weight=2410 105 5377 310 52 170 221 391 123 166 44 1129 57 105 45
leaf_count=2410 105 5377 310 52 170 221 391 123 166 44 1129 57 105 45
internal_value=-8.49004e-05 0.0070209 -0.0736151 -0.185549 -0.420135 -0.218261 0.0665548 0.247226 -0.0671121 -0.0167157 0.0153158 0.343702 0.400637 0.305019
internal_weight=10705 10600 4502 2092 701 391 6098 721 1391 1225 1173 598 541 436
internal_count=10705 10600 4502 2092 701 391 6098 721 1391 1225 1173 598 541 436
is_linear=0
shrinkage=0.05


end of trees

feature_importances:
consumo_alvo_semana_anterior=128
temperatura_externa_c_diferenca_semana_atual=81
correcao_semanal_media_1440m=49
consumo_max_1440m=34
temperatura_externa_c_media_1440m=22
consumo_lag_1440m=15
temperatura_externa_c_lag_720m=13
consumo_diferenca_dia_atual=12
correcao_semanal_media_360m=12
correcao_semanal_std_1440m=12
consumo_mean_1440m=10
umidade_relativa_pct_media_1440m=10
correcao_semanal_media_60m=10
umidade_relativa_pct_media_360m=9
consumo_alvo_dia_anterior=8
temperatura_externa_c_lag_360m=7
umidade_relativa_pct_atual=7
origem_mes=6
alvo_semana_sin=4
consumo_lag_360m=3
temperatura_externa_c_atual=3
umidade_relativa_pct_media_60m=3
tendencia_consumo_360m=3
correcao_semanal_std_360m=3
consumo_std_1440m=2
temperatura_externa_c_lag_1440m=2
temperatura_externa_c_media_360m=2
umidade_relativa_pct_lag_720m=2
umidade_relativa_pct_lag_1440m=2
origem_dia_semana=2
origem_semana_sin=2
origem_semana_cos=2
tendencia_consumo_60m=2
tendencia_consumo_180m=2
correcao_semanal_std_180m=2
umidade_relativa_pct_diferenca_semana_atual=2
alvo_dia_semana=2
alvo_mes=2
consumo_lag_180m=1
consumo_lag_10080m=1
consumo_mean_180m=1
consumo_min_180m=1
consumo_max_180m=1
temperatura_externa_c_lag_180m=1
temperatura_externa_c_media_180m=1
umidade_relativa_pct_lag_360m=1
consumo_diferenca_semana_atual=1
correcao_semanal_std_60m=1
correcao_semanal_media_180m=1
umidade_relativa_pct_tendencia_1h=1

parameters:
[boosting: gbdt]
[objective: regression]
[metric: l1]
[tree_learner: serial]
[device_type: cpu]
[data_sample_strategy: bagging]
[data: ]
[valid: ]
[num_iterations: 400]
[learning_rate: 0.05]
[num_leaves: 15]
[num_threads: 2]
[seed: 20260905]
[deterministic: 1]
[force_col_wise: 1]
[force_row_wise: 0]
[histogram_pool_size: -1]
[max_depth: -1]
[min_data_in_leaf: 40]
[min_sum_hessian_in_leaf: 0.001]
[bagging_fraction: 1]
[pos_bagging_fraction: 1]
[neg_bagging_fraction: 1]
[bagging_freq: 0]
[bagging_seed: 23218]
[bagging_by_query: 0]
[feature_fraction: 1]
[feature_fraction_bynode: 1]
[feature_fraction_seed: 28090]
[extra_trees: 0]
[extra_seed: 14360]
[early_stopping_round: 0]
[early_stopping_min_delta: 0]
[first_metric_only: 0]
[max_delta_step: 0]
[lambda_l1: 0]
[lambda_l2: 1]
[linear_lambda: 0]
[min_gain_to_split: 0]
[drop_rate: 0.1]
[max_drop: 50]
[skip_drop: 0.5]
[xgboost_dart_mode: 0]
[uniform_drop: 0]
[drop_seed: 16970]
[top_rate: 0.2]
[other_rate: 0.1]
[min_data_per_group: 100]
[max_cat_threshold: 32]
[cat_l2: 10]
[cat_smooth: 10]
[max_cat_to_onehot: 4]
[top_k: 20]
[monotone_constraints: ]
[monotone_constraints_method: basic]
[monotone_penalty: 0]
[feature_contri: ]
[forcedsplits_filename: ]
[refit_decay_rate: 0.9]
[cegb_tradeoff: 1]
[cegb_penalty_split: 0]
[cegb_penalty_feature_lazy: ]
[cegb_penalty_feature_coupled: ]
[path_smooth: 0]
[interaction_constraints: ]
[verbosity: -1]
[saved_feature_importance_type: 0]
[use_quantized_grad: 0]
[num_grad_quant_bins: 4]
[quant_train_renew_leaf: 0]
[stochastic_rounding: 1]
[linear_tree: 0]
[max_bin: 255]
[max_bin_by_feature: ]
[min_data_in_bin: 3]
[bin_construct_sample_cnt: 200000]
[data_random_seed: 5037]
[is_enable_sparse: 1]
[enable_bundle: 1]
[use_missing: 1]
[zero_as_missing: 0]
[feature_pre_filter: 1]
[pre_partition: 0]
[two_round: 0]
[header: 0]
[label_column: ]
[weight_column: ]
[group_column: ]
[ignore_column: ]
[categorical_feature: ]
[forcedbins_filename: ]
[precise_float_parser: 0]
[parser_config_file: ]
[objective_seed: 15411]
[num_class: 1]
[is_unbalance: 0]
[scale_pos_weight: 1]
[sigmoid: 1]
[boost_from_average: 1]
[reg_sqrt: 0]
[alpha: 0.9]
[fair_c: 1]
[poisson_max_delta_step: 0.7]
[tweedie_variance_power: 1.5]
[lambdarank_truncation_level: 30]
[lambdarank_norm: 1]
[label_gain: ]
[lambdarank_position_bias_regularization: 0]
[eval_at: ]
[multi_error_top_k: 1]
[auc_mu_weights: ]
[num_machines: 1]
[local_listen_port: 12400]
[time_out: 120]
[machine_list_filename: ]
[machines: ]
[gpu_platform_id: -1]
[gpu_device_id: -1]
[gpu_device_id_list: ]
[gpu_use_dp: 0]
[num_gpu: 1]

end of parameters

pandas_categorical:[]
