tree
version=v4
num_class=1
num_tree_per_iteration=1
label_index=0
max_feature_idx=84
objective=regression
feature_names=consumo_atual_kw consumo_lag_15m consumo_lag_30m consumo_lag_60m consumo_lag_120m consumo_lag_180m consumo_lag_360m consumo_lag_720m consumo_lag_1440m consumo_lag_10080m consumo_mean_60m consumo_min_60m consumo_max_60m consumo_std_60m consumo_mean_180m consumo_min_180m consumo_max_180m consumo_std_180m consumo_mean_360m consumo_min_360m consumo_max_360m consumo_std_360m consumo_mean_1440m consumo_min_1440m consumo_max_1440m consumo_std_1440m temperatura_externa_c_atual temperatura_externa_c_lag_15m temperatura_externa_c_lag_60m temperatura_externa_c_lag_180m temperatura_externa_c_lag_360m temperatura_externa_c_lag_720m temperatura_externa_c_lag_1440m temperatura_externa_c_media_60m temperatura_externa_c_media_180m temperatura_externa_c_media_360m temperatura_externa_c_media_1440m umidade_relativa_pct_atual umidade_relativa_pct_lag_15m umidade_relativa_pct_lag_60m umidade_relativa_pct_lag_180m umidade_relativa_pct_lag_360m umidade_relativa_pct_lag_720m umidade_relativa_pct_lag_1440m umidade_relativa_pct_media_60m umidade_relativa_pct_media_180m umidade_relativa_pct_media_360m umidade_relativa_pct_media_1440m origem_hora origem_dia_semana origem_fim_de_semana origem_mes origem_hora_sin origem_hora_cos origem_semana_sin origem_semana_cos consumo_diferenca_semana_atual consumo_razao_semana_atual consumo_diferenca_dia_atual tendencia_consumo_15m tendencia_consumo_60m tendencia_consumo_180m tendencia_consumo_360m correcao_semanal_media_60m correcao_semanal_std_60m correcao_semanal_media_180m correcao_semanal_std_180m correcao_semanal_media_360m correcao_semanal_std_360m correcao_semanal_media_1440m correcao_semanal_std_1440m temperatura_externa_c_diferenca_semana_atual temperatura_externa_c_tendencia_1h umidade_relativa_pct_diferenca_semana_atual umidade_relativa_pct_tendencia_1h alvo_hora alvo_dia_semana alvo_fim_de_semana alvo_mes alvo_hora_sin alvo_hora_cos alvo_semana_sin alvo_semana_cos consumo_alvo_dia_anterior consumo_alvo_semana_anterior
feature_infos=[22.399999999999999:324.71375799999998] [22.399999999999999:324.71375799999998] [22.399999999999999:324.71375799999998] [22.399999999999999:324.71375799999998] [22.399999999999999:324.71375799999998] [22.399999999999999:324.71375799999998] [22.399999999999999:324.71375799999998] [22.399999999999999:324.71375799999998] [22.399999999999999:324.71375799999998] [22.399999999999999:324.71375799999998] [22.399999999999999:321.24876725000001] [22.399999999999999:318.278571] [22.399999999999999:324.71375799999998] [0:82.540869055199337] [22.399999999999999:313.28577408333337] [22.399999999999999:302.53573799999998] [22.399999999999999:324.71375799999998] [0:92.970139865692389] [22.399999999999999:295.13563500000004] [22.399999999999999:249.29458700000001] [22.399999999999999:324.71375799999998] [0:116.53386463160022] [23.200000000000003:159.49963871874999] none [25.600000000000001:324.71375799999998] [1.3929144002343703:128.71471884334804] [15:33.700000000000003] [15:33.700000000000003] [15:33.700000000000003] [15:33.700000000000003] [15:33.700000000000003] [15:33.700000000000003] [15:33.700000000000003] [15:33.4375] [15:32.71875] [15.333333333333334:31.620833333333334] [16.439843749999998:27.283072916666669] [31:98] [31:98] [31:98] [31:98] [31:98] [31:98] [31:98] [32.5:95.625] [33.666666666666664:95.083333333333329] [37.041666666666664:94] [59.309895833333336:91.638020833333329] [0:23.75] [0:6] [0:1] [1:4] [-1:1] [-1:1] [-0.97492791218182362:0.97492791218182362] [-0.90096886790241903:1] [-72.635950000000008:77.445233000000002] [0.43630911779503978:2.09406877563422] [-291.363968:296.779246] [-121.30707899999999:153.05878799999999] [-124.27709300000001:153.05878799999999] [-180.63157299999997:268.16051600000003] [-299.363968:299.97924600000005] [-70.384351250000009:75.467424499999993] [0:44.359338508129341] [-67.777903583333341:70.921986416666655] [0:38.631403568061003] [-64.848194500000005:62.415354583333333] [0:37.083675449251288] [-34.945017510416669:27.905951093750001] [0:30.68446053870321] [-12:11.5] [-8:4.8000000000000007] [-49:48] [-30:40] [0:23.75] [0:6] [0:1] [1:4] [-1:1] [-1:1] [-0.97492791218182362:0.97492791218182362] [-0.90096886790241903:1] [22.399999999999999:324.71375799999998] [22.399999999999999:324.71375799999998]
tree_sizes=1428 1423 1435 1425 1433 1433 1426 1435 1426 1440 1438 1427 1438 1438 1447 1447 1444 1439 1429 1450 1446 1443 1426 1445 1437 1440 1434 1448 1439 1446 1446 1449 1434 1425 1448 1449 1440 1435 1429 1449 1442 1445 1420 1449 1415 1443 1431 1442 1439 1440 1439 1445 1447 1431 1445

Tree=0
num_leaves=15
num_cat=0
split_feature=71 84 71 84 71 84 24 69 69 24 73 70 44 67
split_gain=630122 456467 425368 246911 269568 67129.2 55031.7 53322.7 35371.2 30392 24240.3 23448.4 23211.3 23259.8
threshold=-1.0000000180025095e-35 102.95950600000002 -2.8499999999999992 42.523274000000008 2.1000000000000001 287.58038500000004 257.54432450000007 -0.12570920833333388 11.840655182291668 281.72766850000005 -6.8749999999999991 12.286321722767662 53.031250000000007 -2.4885673333333322
decision_type=2 2 2 2 2 2 2 2 2 2 2 2 2 2
left_child=1 -1 6 -2 7 12 11 9 -6 -5 -9 -3 -4 -14
right_child=3 2 5 4 8 -7 -8 10 -10 -11 -12 -13 13 -15
leaf_value=-1.0042412014056685 -0.9909544943878893 -2.5654932047763697 -0.49720916166210538 -1.2547036343649864 0.015403360949120204 -2.8831281329078542 -2.3294224058398258 0.056811525019482056 0.60269912757944288 -0.51405828703919776 -0.5987712245730874 -3.3400569794341495 -1.6741404678811589 -1.2467246875245379
leaf_weight=2976 2673 145 75 503 516 74 386 178 529 190 681 372 487 920
leaf_count=2976 2673 145 75 503 516 74 386 178 529 190 681 372 487 920
internal_value=-1.04309 -1.4208 -1.92474 -0.653559 -0.306443 -1.42332 -2.78739 -0.724803 0.313993 -1.05117 -0.461802 -3.12618 -1.34924 -1.39501
internal_weight=10705 5435 2459 5270 2597 1556 903 1552 1045 693 859 517 1482 1407
internal_count=10705 5435 2459 5270 2597 1556 903 1552 1045 693 859 517 1482 1407
is_linear=0
shrinkage=1


Tree=1
num_leaves=15
num_cat=0
split_feature=71 84 71 84 71 84 69 69 69 24 84 67 72 71
split_gain=568857 412101 384021 222896 243355 60685.4 50402.2 49393.7 31401 27773.6 22408 22010.1 21845.4 21812.9
threshold=-1.0000000180025095e-35 102.95950600000002 -2.8499999999999992 42.523274000000008 2.212499999999999 287.58038500000004 -26.30091713020833 -0.12570920833333388 11.840655182291668 284.15934500000009 272.35636400000004 2.8346152500000001 0.93750000000000011 4.6625000000000023
decision_type=2 2 2 2 2 2 2 2 2 2 2 2 2 2
left_child=1 -1 6 -2 7 11 -3 9 13 -5 -9 -4 -10 -6
right_child=3 2 5 4 8 -7 -8 10 12 -11 -12 -13 -14 -15
leaf_value=0.036906502675922041 0.0495291964746538 -2.3438425447381852 -0.33542380204228478 -0.12115080075480369 0.82058903862504673 -1.7492634468078614 -1.4488510915741926 0.62497710620350633 1.3533551112018729 0.84793611814578385 -0.4117892312152045 0.53880201610981637 2.0745459655920668 1.5911910695414391
leaf_weight=2976 2673 208 1407 616 380 74 695 816 369 83 55 75 155 123
leaf_count=2976 2673 208 1407 616 380 74 695 816 369 83 55 75 155 123
internal_value=-1.20375e-05 -0.358888 -0.837718 0.370098 0.699902 -0.361286 -1.65737 0.308098 1.29798 -0.00503344 0.559112 -0.290848 1.57023 1.01181
internal_weight=10705 5435 2459 5270 2597 1556 903 1570 1027 699 871 1482 524 503
internal_count=10705 5435 2459 5270 2597 1556 903 1570 1027 699 871 1482 524 503
is_linear=0
shrinkage=0.05


Tree=2
num_leaves=15
num_cat=0
split_feature=71 84 71 84 71 84 24 69 69 67 58 32 24 58
split_gain=515620 355038 378986 237576 170717 59888.2 46497.4 34865.5 28348.6 24491.1 27751.2 24969.4 21262.2 21074.1
threshold=1.0000000180025095e-35 107.70596550000002 -2.8499999999999992 42.523274000000008 2.212499999999999 287.58038500000004 257.54432450000007 -0.12570920833333388 11.840655182291668 2.1362732083333338 -17.340518500000012 27.237500000000004 284.15934500000009 -3.9286859999999986
decision_type=2 2 2 2 2 2 2 2 2 2 2 2 2 2
left_child=1 -1 6 -2 7 9 13 12 -6 10 -4 -12 -5 -3
right_child=3 2 5 4 8 -7 -8 -9 -10 -11 11 -13 -14 -15
leaf_value=0.036605807118201321 0.047052115943976985 -2.6620718049414367 -1.1910070041815439 -0.041605107412573415 0.96145854770900707 -1.6481579814428167 -1.1582626474281554 0.59551848099312998 1.492044610009307 0.46248405402188553 -0.30649439716189941 0.57134122789165998 0.96280722203901259 -1.7529482982147522
leaf_weight=3300 2457 80 83 492 503 80 372 714 524 110 1420 85 58 427
leaf_count=3300 2457 80 83 492 503 80 372 714 524 110 1420 85 58 427
internal_value=-4.30434e-06 -0.309783 -0.739851 0.388638 0.754794 -0.319619 -1.58855 0.365289 1.23336 -0.256093 -0.306128 -0.256569 0.0658699 -1.90136
internal_weight=10705 5957 2657 4748 2291 1778 879 1264 1027 1698 1588 1505 550 507
internal_count=10705 5957 2657 4748 2291 1778 879 1264 1027 1698 1588 1505 550 507
is_linear=0
shrinkage=0.05


Tree=3
num_leaves=15
num_cat=0
split_feature=71 84 71 84 71 69 69 84 84 24 69 73 43 72
split_gain=466394 396889 228227 139854 261674 46795.8 42870.8 39917.5 31982 30063.1 25952.3 21951.3 23382.1 20083.4
threshold=-0.9875000000000006 102.95950600000002 -2.8499999999999992 42.523274000000008 2.1000000000000001 -0.12570920833333388 -26.30091713020833 287.58038500000004 277.88047750000004 281.72766850000005 11.840655182291668 -6.8749999999999991 52.375000000000007 0.93750000000000011
decision_type=2 2 2 2 2 2 2 2 2 2 2 2 2 2
left_child=1 -1 6 -2 5 9 -3 -4 11 -5 -6 12 -7 -12
right_child=3 2 7 4 10 8 -8 -9 -10 -11 13 -13 -14 -15
leaf_value=0.031733731548565458 0.044974809863661355 -2.1306240410325628 -0.3516818432825623 -0.20411245260415323 0.9088915774451003 2.0181970953941346 -1.305554610120411 -1.6298314780455372 -0.89936523437500004 0.46378694832652673 1.2061722389277927 0.37092387765476853 0.65982557358085248 1.8932257282885776
leaf_weight=2543 3068 208 1045 765 516 41 695 64 43 215 373 836 137 156
leaf_count=2543 3068 208 1045 765 516 41 695 64 43 215 373 836 137 156
internal_value=-2.10458e-05 -0.383458 -0.90798 0.283988 0.521823 0.191629 -1.49775 -0.426845 0.422223 -0.0572601 1.16467 0.479097 0.982236 1.41197
internal_weight=10705 4555 2012 6150 3082 2037 903 1109 1057 980 1045 1014 178 529
internal_count=10705 4555 2012 6150 3082 2037 903 1109 1057 980 1045 1014 178 529
is_linear=0
shrinkage=0.05


Tree=4
num_leaves=15
num_cat=0
split_feature=71 84 71 84 71 84 24 69 67 69 58 32 71 58
split_gain=422493 291704 313936 194828 138009 49808.9 40805.7 28515.3 25059.9 23116.1 21163.7 21516.9 19811.3 19396.6
threshold=1.0000000180025095e-35 102.95950600000002 -2.8499999999999992 42.523274000000008 2.212499999999999 287.58038500000004 257.54432450000007 -0.12570920833333388 2.1362732083333338 11.840655182291668 -16.395701000000013 27.237500000000004 4.6625000000000023 -3.9286859999999986
decision_type=2 2 2 2 2 2 2 2 2 2 2 2 2 2
left_child=1 -1 6 -2 7 8 13 -5 10 12 -4 -12 -6 -3
right_child=3 2 5 4 9 -7 -8 -9 -10 -11 11 -13 -14 -15
leaf_value=0.041083610197572437 0.04245264048591875 -2.4432210215815791 -0.98327397674322126 0.062362004290529266 0.68639523952299841 -1.4956422972458381 -1.0292158543919177 0.54136116774062382 0.47079706407617777 1.3472485716342926 -0.27953493307373822 0.50564901589626265 1.4195098322245383 -1.5758732408112912
leaf_weight=3230 2457 80 99 550 380 80 386 714 119 524 1434 92 123 437
leaf_count=3230 2457 80 99 550 380 80 386 714 119 524 1434 92 123 437
internal_value=-1.49659e-05 -0.280427 -0.661117 0.351785 0.683366 -0.283335 -1.42305 0.33315 -0.226899 1.11366 -0.27825 -0.231897 0.868127 -1.71454
internal_weight=10705 5957 2727 4748 2291 1824 903 1264 1744 1027 1625 1526 503 517
internal_count=10705 5957 2727 4748 2291 1824 903 1264 1744 1027 1625 1526 503 517
is_linear=0
shrinkage=0.05


Tree=5
num_leaves=15
num_cat=0
split_feature=71 84 71 84 71 69 24 84 84 24 69 7 71 72
split_gain=382644 324509 184697 114858 212263 38837.5 36856.3 32600.7 28637.6 27033.4 21114.9 19237.1 18247.3 18224.6
threshold=-0.9875000000000006 102.95950600000002 -2.8499999999999992 42.523274000000008 2.1000000000000001 -1.0000000180025095e-35 257.54432450000007 287.58038500000004 266.04154000000005 281.72766850000005 11.840655182291668 83.971849500000019 3.9875000000000012 0.93750000000000011
decision_type=2 2 2 2 2 2 2 2 2 2 2 2 2 2
left_child=1 -1 6 -2 5 9 -3 -4 -7 -5 12 -8 -6 -12
right_child=3 2 7 4 10 8 11 -9 -10 -11 13 -13 -14 -15
leaf_value=0.028094293099810493 0.040618489906507432 -1.6292039994653817 -0.32086169081455163 -0.18801555075112822 0.5947424176934083 0.49364915023557843 -1.2175918996952615 -1.4759619310727488 -0.25334986360122763 0.44242898021491439 1.0792735153216841 -0.45350257530202714 1.217155749988269 1.732490656254398
leaf_weight=2543 3068 517 1045 772 330 899 264 64 149 217 373 122 186 156
leaf_count=2543 3068 517 1045 772 330 899 264 64 149 217 373 122 186 156
internal_value=-2.67815e-05 -0.347335 -0.821624 0.257222 0.472758 0.175366 -1.35218 -0.388792 0.387304 -0.0493803 1.05174 -0.977888 0.821021 1.27481
internal_weight=10705 4555 2012 6150 3082 2037 903 1109 1048 989 1045 386 516 529
internal_count=10705 4555 2012 6150 3082 2037 903 1109 1048 989 1045 386 516 529
is_linear=0
shrinkage=0.05


Tree=6
num_leaves=15
num_cat=0
split_feature=71 84 71 84 71 84 69 69 69 46 70 30 31 73
split_gain=346561 240001 250846 159969 111333 38579.5 38253.3 23458.5 20017.3 19697.4 18615.6 21626.7 18277 18207.3
threshold=1.0000000180025095e-35 107.70596550000002 -2.5124999999999988 42.523274000000008 2.212499999999999 282.33339050000006 -26.30091713020833 -0.12570920833333388 -4.2333288020833324 82.848958333333357 11.07252721283376 23.487500000000004 18.012500000000003 8.1250000000000018
decision_type=2 2 2 2 2 2 2 2 2 2 2 2 2 2
left_child=1 -1 6 -2 7 9 -3 -5 -6 13 -10 -12 -8 -4
right_child=3 2 5 4 8 -7 12 -9 10 -11 11 -13 -14 -15
leaf_value=0.030804066473795327 0.03830077466535995 -1.8592031506391671 0.13962323421586559 0.058882004345096176 0.10139582652156637 -1.153608719717472 -1.7889257215318226 0.49334305660707972 0.77909354908863704 -0.34285927469284205 1.4884059015980791 0.86883309706140632 -0.99622871960281167 -0.46767713794852517
leaf_weight=3300 2457 207 576 550 58 108 83 714 374 862 349 246 665 156
leaf_count=3300 2457 207 576 550 58 108 83 714 374 862 349 246 665 156
internal_value=-2.50214e-05 -0.253992 -0.607587 0.318596 0.619053 -0.24339 -1.25572 0.304493 1.00553 -0.181035 1.05949 1.23413 -1.08646 0.0097371
internal_weight=10705 5957 2657 4748 2291 1702 955 1264 1027 1594 969 595 748 732
internal_count=10705 5957 2657 4748 2291 1702 955 1264 1027 1594 969 595 748 732
is_linear=0
shrinkage=0.05


Tree=7
num_leaves=15
num_cat=0
split_feature=71 84 71 84 71 84 69 84 47 24 37 69 67 24
split_gain=314110 265930 151205 94326.2 172177 33871.2 32049.9 31041.3 27936.7 27209.2 19754.7 18156 18133.8 23540.4
threshold=-0.9875000000000006 102.95950600000002 -3.0124999999999988 42.523274000000008 2.1000000000000001 272.35636400000004 -6.0566992656249985 290.2148160000001 73.075520833333357 257.54432450000007 51.875000000000007 -4.2333288020833324 -3.7711683541666656 242.57118500000004
decision_type=2 2 2 2 2 2 2 2 2 2 2 2 2 2
left_child=1 -1 9 -2 5 6 8 10 -5 -3 -4 -6 -12 -14
right_child=3 2 7 4 11 -7 -8 -9 -10 -11 12 -13 13 -15
leaf_value=0.025150535030161625 0.036748436455541732 -1.5702447017088637 0.53315356086939569 0.99441931247711191 0.11080245858719272 -0.45084792560916026 0.33004907080385903 -1.4369084807804653 -0.36594317782009322 -0.94948983063013892 -0.70448316966109747 1.0016615833156757 -0.81574503129607523 -0.13456824749198612
leaf_weight=2543 3068 430 59 42 61 203 1483 69 309 311 340 984 157 646
leaf_count=2543 3068 430 59 42 61 203 1483 69 309 311 340 984 157 646
internal_value=-3.59603e-05 -0.314708 -0.74406 0.233039 0.428363 0.160519 0.228398 -0.41256 -0.200802 -1.31134 -0.352613 0.949815 -0.398761 -0.268599
internal_weight=10705 4555 2012 6150 3082 2037 1834 1271 351 741 1202 1045 1143 803
internal_count=10705 4555 2012 6150 3082 2037 1834 1271 351 741 1202 1045 1143 803
is_linear=0
shrinkage=0.05


Tree=8
num_leaves=15
num_cat=0
split_feature=71 84 71 84 71 84 69 68 69 67 58 32 65 69
split_gain=284476 197497 204626 131439 89705.9 32930 32437.2 20302.7 18944.2 17207.2 18192 18609.1 17198 17193.6
threshold=1.0000000180025095e-35 107.70596550000002 -2.5124999999999988 42.523274000000008 2.212499999999999 292.35207400000007 -26.462434338541666 12.984523312653595 -0.12570920833333388 4.8948084791666666 -17.340518500000012 27.237500000000004 26.411032750000007 11.840655182291668
decision_type=2 2 2 2 2 2 2 2 2 2 2 2 2 2
left_child=1 -1 6 -2 7 9 -3 8 -5 10 -4 -12 13 -6
right_child=3 2 5 4 12 -7 -8 -9 -10 -11 11 -13 -14 -15
leaf_value=0.028202344633365756 0.03454984022142249 -1.7364801015542903 -0.94843673036422271 0.0037476138577037079 0.58138837397408982 -1.4996336194933679 -0.99196153242492824 1.0448292079255168 0.40583168473631459 0.57237733962635207 -0.22224579007742135 0.53137346414485198 1.3521799815880073 1.0351218257377917
leaf_weight=3300 2457 183 80 530 419 48 772 80 654 71 1417 86 181 427
leaf_count=3300 2457 183 80 530 419 48 772 80 654 71 1417 86 181 427
internal_value=-5.00217e-05 -0.230146 -0.550906 0.288624 0.560974 -0.221967 -1.1363 0.278609 0.226 -0.184004 -0.218269 -0.1788 0.907891 0.811352
internal_weight=10705 5957 2657 4748 2291 1702 955 1264 1184 1654 1583 1503 1027 846
internal_count=10705 5957 2657 4748 2291 1702 955 1264 1184 1654 1583 1503 1027 846
is_linear=0
shrinkage=0.05


Tree=9
num_leaves=15
num_cat=0
split_feature=71 84 71 84 71 84 69 84 24 30 24 54 32 58
split_gain=257651 217734 124766 77389.4 139635 29730.3 27508.8 25695.4 21276 21218.3 19429.7 17226.1 16876 16658.2
threshold=-0.9875000000000006 102.95950600000002 -3.3625000000000003 42.523274000000008 2.1000000000000001 272.35636400000004 -1.0000000180025095e-35 292.35207400000007 281.72766850000005 20.587500000000002 257.54432450000007 1.0000000180025095e-35 28.275000000000002 0.83083999999999503
decision_type=2 2 2 2 2 2 2 2 2 2 2 2 2 2
left_child=1 -1 10 -2 5 6 8 9 -5 11 -3 -4 -8 -11
right_child=3 2 7 4 -6 -7 12 -9 -10 13 -12 -13 -14 -15
leaf_value=0.022483938984695893 0.033247870971069703 -1.447539915911632 -0.8696131106350542 -0.12800522296740729 0.85756115899692853 -0.42601411124581801 0.32950035997331267 -1.4041407910486063 0.46760184573048219 -0.26141074416703142 -0.8955373494821981 -0.32615100285174914 1.0846416922585096 0.40848004656197789
leaf_weight=2543 3068 403 257 671 1045 203 891 59 192 567 276 340 80 110
leaf_count=2543 3068 403 257 671 1045 203 891 59 192 567 276 340 80 110
internal_value=-4.66296e-05 -0.285039 -0.67354 0.211045 0.387966 0.146757 0.210353 -0.392029 0.00489311 -0.344092 -1.22481 -0.561167 0.392768 -0.152124
internal_weight=10705 4555 2012 6150 3082 2037 1834 1333 863 1274 679 597 971 677
internal_count=10705 4555 2012 6150 3082 2037 1834 1333 863 1274 679 597 971 677
is_linear=0
shrinkage=0.05


Tree=10
num_leaves=15
num_cat=0
split_feature=71 84 71 84 71 84 24 68 7 46 83 73 35 69
split_gain=233653 163050 174556 108088 72214.8 29953 26324.1 18120.2 17890.5 17007.7 18211.7 19014.9 18975.4 16084.1
threshold=1.0000000180025095e-35 100.98133500000002 -2.7624999999999988 42.523274000000008 2.212499999999999 282.33339050000006 257.54432450000007 12.984523312653595 83.971849500000019 82.848958333333357 251.52175600000004 8.1250000000000018 24.063020833333336 -4.9730651718749987
decision_type=2 2 2 2 2 2 2 2 2 2 2 2 2 2
left_child=1 -1 6 -2 7 9 -3 -5 -8 10 11 12 -4 -6
right_child=3 2 5 4 13 -7 8 -9 -10 -11 -12 -13 -14 -15
leaf_value=0.034477468374231282 0.031161333323494994 -1.2763811747606537 -0.19998351849020035 0.20549455014965204 -0.082087488697531324 -0.96814113078018027 -0.96470162079756649 0.97902739541030237 -0.25167189422454544 -0.2986977932545487 0.36550575359196957 -0.67882635763817234 0.53963667527446901 0.86309813527792301
leaf_weight=3197 2457 531 293 1184 47 119 277 80 130 906 255 127 122 980
leaf_count=3197 2457 531 293 1184 47 119 277 80 130 906 255 127 122 980
internal_value=-5.623e-05 -0.208588 -0.49005 0.261564 0.508539 -0.204518 -1.04387 0.255188 -0.738128 -0.150622 0.0178695 -0.146058 0.0182215 0.819805
internal_weight=10705 5957 2760 4748 2291 1822 938 1264 407 1703 797 542 415 1027
internal_count=10705 5957 2760 4748 2291 1822 938 1264 407 1703 797 542 415 1027
is_linear=0
shrinkage=0.05


Tree=11
num_leaves=15
num_cat=0
split_feature=71 84 71 84 71 32 70 36 24 84 24 30 47 71
split_gain=211167 178029 102947 63494.4 113242 26662.8 23341.5 26741.2 24833.1 22150 19052.4 18421.9 17918.5 16036.4
threshold=-0.9875000000000006 102.95950600000002 -3.0124999999999988 42.523274000000008 2.1000000000000001 28.137500000000003 8.1032710679429751 20.954296875000004 282.91039900000004 295.90254450000003 257.54432450000007 21.787500000000005 70.747395833333357 5.1000000000000005
decision_type=2 2 2 2 2 2 2 2 2 2 2 2 2 2
left_child=1 -1 10 -2 5 6 7 -5 -8 -4 -3 -10 -7 -6
right_child=3 2 9 4 13 12 8 -9 11 -11 -12 -13 -14 -15
leaf_value=0.020006029276212433 0.029995450348332016 -1.2940233104087611 -0.29424791345399409 -0.22912650234602427 0.68483254049651232 1.3513543487009076 -0.29520290802912885 0.40230022753135136 1.0160397199252922 -1.3902807796994845 -0.77481108861258974 0.07085825345356489 0.20256516563169882 1.2120021442657825
leaf_weight=2543 3068 430 1224 216 870 71 577 740 61 47 311 307 65 175
leaf_count=2543 3068 430 1224 216 870 71 577 740 61 47 311 307 65 175
internal_value=-6.13699e-05 -0.258068 -0.609365 0.191042 0.351295 0.134074 0.0854761 0.259544 -0.0907066 -0.335839 -1.07745 0.229861 0.807787 0.774189
internal_weight=10705 4555 2012 6150 3082 2037 1901 956 945 1271 741 368 136 1045
internal_count=10705 4555 2012 6150 3082 2037 1901 956 945 1271 741 368 136 1045
is_linear=0
shrinkage=0.05


Tree=12
num_leaves=15
num_cat=0
split_feature=71 84 71 84 71 84 69 69 67 42 36 72 31 24
split_gain=191712 134225 143272 88786.2 58182 25596 23026.5 15831.2 15506.7 16139.3 15042.6 15527 14329 13732.9
threshold=1.0000000180025095e-35 100.98133500000002 -2.7624999999999988 42.523274000000008 2.212499999999999 282.33339050000006 -26.462434338541666 -0.12570920833333388 4.8948084791666666 87.125000000000014 22.937109375000002 0.93750000000000011 18.012500000000003 284.15934500000009
decision_type=2 2 2 2 2 2 2 2 2 2 2 2 2 2
left_child=1 -1 6 -2 7 8 -3 13 9 -4 -6 -12 -8 -5
right_child=3 2 5 4 10 -7 12 -9 -10 -11 11 -13 -14 -15
leaf_value=0.031589525670373465 0.028104736892986922 -1.4471609114318766 -0.098259455790315614 -0.054717170215130576 0.39497986929453149 -0.89153426600620156 -1.4177437241872153 0.38848896963176666 0.55777381414716898 -0.52164344013565123 0.69033932860712266 1.1695347904609334 -0.73922094895427393 0.75247494320432518
leaf_weight=3197 2457 185 1358 492 244 119 89 714 76 269 529 254 664 58
leaf_count=3197 2457 185 1358 492 244 119 89 714 76 269 529 254 664 58
internal_value=-5.49741e-05 -0.188946 -0.444319 0.236924 0.460764 -0.185636 -0.94606 0.233352 -0.135816 -0.168537 0.740157 0.847081 -0.821192 0.0316161
internal_weight=10705 5957 2760 4748 2291 1822 938 1264 1703 1627 1027 783 753 550
internal_count=10705 5957 2760 4748 2291 1822 938 1264 1703 1627 1027 783 753 550
is_linear=0
shrinkage=0.05


Tree=13
num_leaves=15
num_cat=0
split_feature=71 84 71 84 71 24 69 58 47 84 51 47 73 43
split_gain=173199 127803 109435 65071.4 72609.9 27095.1 22912.9 20692 18061.3 17888.1 17795.1 17120.6 15649.6 18848.7
threshold=-0.21249999999999855 103.72645050000001 -2.0999999999999992 42.523274000000008 2.1000000000000001 247.91118100000003 -0.12570920833333388 -5.162619999999996 77.040364583333357 290.2148160000001 3.5000000000000004 79.269531250000014 -6.8749999999999991 52.375000000000007
decision_type=2 2 2 2 2 2 2 2 2 2 2 2 2 2
left_child=1 -1 5 -2 6 11 10 -7 -9 -4 -5 -3 13 -8
right_child=3 2 9 4 -6 7 12 8 -10 -11 -12 -13 -14 -15
leaf_value=0.017426419792809397 0.02682089696069391 -1.4986777583348383 -0.12515361420286925 0.16526159527627668 0.69906112668108922 -0.92810536951479472 1.6844141437893823 0.057978273801454885 -0.67951548607864731 -1.1629611095716788 -0.32888271750635123 -0.86707272909958544 0.23176977358779408 0.46743385659503761
leaf_weight=2928 2728 193 1227 443 1045 310 41 146 191 42 308 256 710 137
leaf_count=2928 2728 193 1227 443 1045 310 41 146 191 42 308 256 710 137
internal_value=-5.7628e-05 -0.203404 -0.476696 0.198818 0.37356 -0.842449 0.165726 -0.633619 -0.360782 -0.160391 -0.0375646 -1.14129 0.337502 0.755594
internal_weight=10705 5293 2365 5412 2684 1096 1639 647 337 1269 751 449 888 178
internal_count=10705 5293 2365 5412 2684 1096 1639 647 337 1269 751 449 888 178
is_linear=0
shrinkage=0.05


Tree=14
num_leaves=15
num_cat=0
split_feature=71 84 71 84 71 84 69 47 58 47 22 67 65 71
split_gain=156928 132118 75693.1 47238.2 82661.1 23986.9 20725.8 20990.1 19052.2 16593.8 17635.1 16600 14999.7 14481.5
threshold=-0.9875000000000006 107.08922050000001 -3.3625000000000003 42.523274000000008 2.0124999999999997 272.35636400000004 -6.2117165312500005 73.075520833333357 -12.292575499999982 73.075520833333357 41.172908354166672 -2.4885673333333322 -4.9175147083333313 5.1000000000000005
decision_type=2 2 2 2 2 2 2 2 2 2 2 2 2 2
left_child=1 -1 -3 -2 5 6 7 -5 -4 12 -11 -12 -10 -6
right_child=3 2 8 4 13 -7 -8 -9 9 10 11 -13 -14 -15
leaf_value=0.012624083241204351 0.025768127722824077 -0.96615733972878448 -0.82142333673313273 0.87127746826126473 0.57793848585506735 -0.40391169842146335 0.25371171158338224 -0.32180439295622187 0.92227620184421544 -0.88837678548498245 -0.50336540564841759 -0.049571822998537261 -0.072501092081426813 1.0777660036628898
leaf_weight=2585 3068 662 159 41 879 199 1486 302 49 121 351 472 156 175
leaf_count=2585 3068 662 159 41 879 199 1486 302 49 121 351 472 156 175
internal_value=-6.52091e-05 -0.222482 -0.530834 0.164677 0.302902 0.116103 0.172872 -0.177073 -0.309939 -0.238507 -0.326999 -0.243486 0.168598 0.66187
internal_weight=10705 4555 1970 6150 3082 2028 1829 343 1308 1149 944 823 205 1054
internal_count=10705 4555 1970 6150 3082 2028 1829 343 1308 1149 944 823 205 1054
is_linear=0
shrinkage=0.05


Tree=15
num_leaves=15
num_cat=0
split_feature=71 84 71 84 71 69 84 70 73 36 31 24 49 25
split_gain=142558 100781 105547 66130.3 42642.1 25731.1 21284.9 19426.1 14771.2 18016.4 16713.2 14621.6 22186.6 15418
threshold=1.0000000180025095e-35 100.98133500000002 -2.8499999999999992 42.523274000000008 3.7624999999999997 -1.0000000180025095e-35 292.35207400000007 10.637316565348664 -8.6249999999999982 23.030078125000003 22.862500000000004 278.56941200000006 3.5000000000000004 109.00154112320878
decision_type=2 2 2 2 2 2 2 2 2 2 2 2 2 2
left_child=1 -1 7 -2 5 -5 11 -3 9 -7 -11 12 -4 -13
right_child=3 2 6 4 -6 8 -8 -9 -10 10 -12 13 -14 -15
leaf_value=0.028146927829644293 0.024071692255233923 -0.45200186068765247 -0.14678821719570823 0.032720425951577981 0.84135975750613978 0.0023166853323823115 -1.1083911534527253 -0.96568946155371449 0.33560585121873615 1.8086625772217912 0.72600846592532964 0.32042991199663712 -0.78643758881885517 -0.25306136499178444
leaf_weight=3197 2457 259 1140 630 437 60 57 660 966 47 151 300 153 191
leaf_count=3197 2457 259 1140 630 437 60 57 660 966 47 151 300 153 191
internal_value=-6.32826e-05 -0.162949 -0.384231 0.20429 0.397471 0.292446 -0.165593 -0.821567 0.425993 0.761816 0.990799 -0.134866 -0.223027 0.0972797
internal_weight=10705 5957 2760 4748 2291 1854 1841 919 1224 258 198 1784 1293 491
internal_count=10705 5957 2760 4748 2291 1854 1841 919 1224 258 198 1784 1293 491
is_linear=0
shrinkage=0.05


Tree=16
num_leaves=15
num_cat=0
split_feature=71 84 71 84 71 84 84 36 58 24 49 31 68 70
split_gain=128857 108306 62834.4 38859.1 67940.2 21028.2 19875.3 18767.4 17048.5 19909.3 15631.5 15383.1 14802.5 17868.7
threshold=-0.9875000000000006 107.08922050000001 -3.7624999999999988 42.523274000000008 2.0124999999999997 272.35636400000004 299.97504500000008 20.954296875000004 -16.000932500000001 283.25600400000002 4.5000000000000009 22.762500000000003 12.984523312653595 7.7766569847183202
decision_type=2 2 2 2 2 2 2 2 2 2 2 2 2 2
left_child=1 -1 -3 -2 5 7 8 -5 -4 10 -10 -11 13 -9
right_child=3 2 6 4 -6 -7 -8 12 9 11 -12 -13 -14 -15
leaf_value=0.011263814109989083 0.023236383561806014 -0.92405753459499884 -0.78407311054392603 -0.22922185672645906 0.60003047197094961 -0.38164228085055951 -1.3122217249363028 0.38542594738963187 -0.25425246953428648 0.88952903469964384 -1.1458636769881616 -0.034055517952754556 0.93018805703646701 0.037114186690600577
leaf_weight=2585 3068 568 141 266 1054 199 46 658 938 61 51 165 70 835
leaf_count=2585 3068 568 141 266 1054 199 46 658 938 61 51 165 70 835
internal_value=-5.82182e-05 -0.201603 -0.480787 0.149225 0.274592 0.105242 -0.300672 0.158396 -0.265415 -0.20463 -0.301341 0.218051 0.224467 0.190779
internal_weight=10705 4555 1970 6150 3082 2028 1402 1829 1356 1215 989 226 1563 1493
internal_count=10705 4555 1970 6150 3082 2028 1402 1829 1356 1215 989 226 1563 1493
is_linear=0
shrinkage=0.05


Tree=17
num_leaves=15
num_cat=0
split_feature=71 84 71 84 71 69 84 36 37 70 24 32 67 47
split_gain=116812 83067.1 87110 54236.7 36308.2 22289.8 21591.8 21306.3 19491.8 19456.9 17010.3 20828.2 16182.4 14692.6
threshold=1.0000000180025095e-35 100.98133500000002 -3.3625000000000003 42.523274000000008 3.7624999999999997 11.532673921875002 292.35207400000007 24.459765625000006 53.375000000000007 8.1012924249459495 283.21306650000002 24.087500000000002 1.0000000180025095e-35 76.986979166666671
decision_type=2 2 2 2 2 2 2 2 2 2 2 2 2 2
left_child=1 -1 -3 -2 5 9 12 -7 -9 -5 -11 -12 13 -4
right_child=3 2 6 4 -6 7 -8 8 -10 10 11 -13 -14 -15
leaf_value=0.025979924378037134 0.021707250216659053 -0.83360012018781637 -0.055806550961056627 0.32386230455337628 0.76945477759542125 0.98100488467940272 -1.0490814931690693 1.3152530681796191 0.14498917875477138 -0.22424024454093339 -0.22009895208138452 0.89978419916534969 0.20712583384542876 -0.34758483597591017
leaf_weight=3197 2457 692 811 770 437 181 69 40 272 426 78 87 266 922
leaf_count=3197 2457 692 811 770 437 181 69 40 272 426 78 87 266 922
internal_value=-6.55283e-05 -0.147511 -0.348408 0.184916 0.359866 0.26296 -0.185727 0.550709 0.298746 0.1584 -0.0573605 0.372248 -0.155417 -0.211151
internal_weight=10705 5957 2760 4748 2291 1854 2068 493 312 1361 591 165 1999 1733
internal_count=10705 5957 2760 4748 2291 1854 2068 493 312 1361 591 165 1999 1733
is_linear=0
shrinkage=0.05


Tree=18
num_leaves=15
num_cat=0
split_feature=71 84 71 84 71 24 67 32 70 36 24 30 58 47
split_gain=105994 88876.1 51703 32035.3 55380.6 20656.2 20539.7 19428.3 17506.2 18458 17052.3 15419 15173.6 14599.8
threshold=-0.9875000000000006 107.08922050000001 -2.0999999999999992 42.523274000000008 2.1000000000000001 257.54432450000007 -6.1704868958333323 28.137500000000003 8.1032710679429751 20.954296875000004 282.91039900000004 21.787500000000005 -3.9286859999999986 70.747395833333357
decision_type=2 2 2 2 2 2 2 2 2 2 2 2 2 2
left_child=1 -1 5 -2 7 12 -7 8 9 -5 -10 -12 -3 -9
right_child=3 2 -4 4 -6 6 -8 13 10 -11 11 -13 -14 -15
leaf_value=0.0099844660125932121 0.020947400996392931 -1.4907290858783941 -0.15361201455928866 -0.19942589205076 0.54490677929869769 -0.73525375314596775 -0.10507589401335134 1.1628784259574283 -0.26622167258671642 0.32514715545940215 0.88811526115262707 0.023570707877009336 -0.76521227251659885 0.12702574215152049
leaf_weight=2585 3068 86 891 216 1045 275 244 71 577 740 61 307 474 65
leaf_count=2585 3068 86 891 216 1045 275 244 71 577 740 61 307 474 65
internal_value=-5.31054e-05 -0.182846 -0.435751 0.13534 0.249169 -0.668373 -0.439757 0.0972602 0.0557862 0.20654 -0.0967793 0.168897 -0.87909 0.672343
internal_weight=10705 4555 1970 6150 3082 1079 519 2037 1901 956 945 368 560 136
internal_count=10705 4555 1970 6150 3082 1079 519 2037 1901 956 945 368 560 136
is_linear=0
shrinkage=0.05


Tree=19
num_leaves=15
num_cat=0
split_feature=71 84 71 84 71 69 84 67 58 47 24 16 31 84
split_gain=95773.8 68600.1 73142.6 44520.3 30914.6 19759.8 19157.4 14476.7 13738 15425.8 28926.2 13931.3 13415.1 12404.3
threshold=1.0000000180025095e-35 99.397065000000012 -3.3625000000000003 42.523274000000008 3.7624999999999997 -1.0000000180025095e-35 292.35207400000007 1.0000000180025095e-35 -14.974237 76.986979166666671 258.25111550000003 261.60709800000006 23.062500000000004 273.02215500000005
decision_type=2 2 2 2 2 2 2 2 2 2 2 2 2 2
left_child=1 -1 -3 -2 5 -5 7 8 -4 10 -10 -11 -12 -7
right_child=3 2 6 4 -6 13 -8 -9 9 11 12 -13 -14 -15
leaf_value=0.025058608630631099 0.01957538472056583 -0.75882020108092341 -0.69422529467514593 0.0089664675169159463 0.70388674018181629 0.38878831665425512 -0.97996833779982162 0.201110480186146 -0.48863738149083691 -0.22029235561326976 0.44409718733426734 -0.82829639795753696 -0.048798870709074169 -0.36186351341934042
leaf_weight=3179 2457 695 125 630 437 1167 69 271 208 752 280 107 271 57
leaf_count=3179 2457 695 125 630 437 1167 69 271 208 752 280 107 271 57
internal_value=-5.33118e-05 -0.133562 -0.315024 0.167444 0.32595 0.236536 -0.166656 -0.138319 -0.191179 -0.151911 0.012359 -0.296903 0.202025 0.353565
internal_weight=10705 5957 2778 4748 2291 1854 2083 2014 1743 1618 759 859 551 1224
internal_count=10705 5957 2778 4748 2291 1854 2083 2014 1743 1618 759 859 551 1224
is_linear=0
shrinkage=0.05


Tree=20
num_leaves=15
num_cat=0
split_feature=71 84 71 62 44 56 67 69 84 24 33 84 84 22
split_gain=86919.9 73244.9 52145.3 27891.3 24432.3 22968.4 21305.4 18314.3 32006.6 18890.7 15937.2 14573.9 12694.2 10916.9
threshold=-0.9875000000000006 87.746388500000009 -3.9875000000000003 230.22416750000002 53.031250000000007 2.9366575000000243 -3.7711683541666656 11.840655182291668 42.523274000000008 299.02505250000007 19.065625000000004 256.81891500000006 273.02215500000005 135.20423319270836
decision_type=2 2 2 2 2 2 2 2 2 2 2 2 2 2
left_child=1 -1 -3 7 -4 -5 13 12 -9 11 -8 -10 -2 -6
right_child=3 2 4 5 6 -7 10 8 9 -11 -12 -13 -14 -15
leaf_value=0.024662382646407108 0.055873360302163104 -0.77484053706987799 0.65003658862490399 0.006855414118270696 -0.35250620856672898 0.74494316791925319 -0.46482246579588254 0.018686355804431374 0.75479074654697775 0.031749567068953273 -0.010310396073955 -0.063283303119833517 -0.45950053801866081 -0.83368222240417722
leaf_weight=2397 4184 595 75 160 321 308 263 715 437 162 716 62 122 188
leaf_count=2397 4184 595 75 160 321 308 263 715 437 162 716 62 122 188
internal_value=-6.27399e-05 -0.165593 -0.376832 0.122544 -0.224921 0.493158 -0.269428 0.0919369 0.250665 0.501188 -0.132761 0.653223 0.0411682 -0.531516
internal_weight=10705 4555 2158 6150 1563 468 1488 5682 1376 661 979 499 4306 509
internal_count=10705 4555 2158 6150 1563 468 1488 5682 1376 661 979 499 4306 509
is_linear=0
shrinkage=0.05


Tree=21
num_leaves=15
num_cat=0
split_feature=71 84 71 84 71 24 31 38 36 70 14 47 58 84
split_gain=78730.7 56592.1 59277.8 37383.7 26785.8 18209.2 16622.9 23425.6 19816.3 18674.4 15892.3 14015.3 13644.2 13267.8
threshold=1.0000000180025095e-35 107.70596550000002 -2.0499999999999985 42.523274000000008 3.7624999999999997 247.91118100000003 21.112500000000004 51.625000000000007 24.348177083333336 18.167968678904138 263.13291866666674 79.673177083333357 -5.162619999999996 268.65182900000008
decision_type=2 2 2 2 2 2 2 2 2 2 2 2 2 2
left_child=1 -1 5 -2 6 11 -5 -8 9 13 -10 -3 -7 -9
right_child=3 2 -4 4 -6 12 7 8 10 -11 -12 -13 -14 -15
leaf_value=0.017182556753715751 0.016302982582562915 -1.1426138670245807 -0.096641068860371937 -0.047864114127923046 0.64883669788893916 -0.64888896363799609 1.049357152292409 0.38989049102384737 0.083693569965900924 1.2051669536214886 -0.92100321941597518 -0.57163575487285856 -0.18644691508614999 -0.37585410931177682
leaf_weight=3300 2457 194 1573 457 437 303 96 669 464 65 42 249 338 61
leaf_count=3300 2457 194 1573 457 437 303 96 669 464 65 42 249 338 61
internal_value=-6.27373e-05 -0.121111 -0.292814 0.151802 0.297049 -0.57713 0.213825 0.299404 0.243302 0.398825 -0.00135232 -0.823691 -0.405713 0.325477
internal_weight=10705 5957 2657 4748 2291 1084 1854 1397 1301 795 506 443 641 730
internal_count=10705 5957 2657 4748 2291 1084 1854 1397 1301 795 506 443 641 730
is_linear=0
shrinkage=0.05


Tree=22
num_leaves=15
num_cat=0
split_feature=71 84 71 62 44 56 67 69 84 22 22 47 7 47
split_gain=71359.9 60293.8 43629.9 24315.2 21675.9 19836.5 18886.4 15681.7 26830.4 16439.5 14341.3 12330.5 15290.8 11843.8
threshold=-0.9875000000000006 87.746388500000009 -3.9875000000000003 230.22416750000002 53.031250000000007 2.9366575000000243 -3.7711683541666656 11.840655182291668 42.523274000000008 145.39469607812504 25.207277937500006 69.141927083333357 235.07812900000002 76.259114583333343
decision_type=2 2 2 2 2 2 2 2 2 2 2 2 2 2
left_child=1 -1 -3 7 -4 -5 -6 -2 -9 11 -8 12 -10 -11
right_child=3 2 4 5 6 -7 10 8 9 13 -12 -13 -14 -15
leaf_value=0.022571008392159919 0.035474928056646947 -0.70576303821032083 0.6213402760656257 0.005143176981751223 -0.49143065896857641 0.69105767823611075 -0.56952595930118621 0.016935893112803971 1.445582873068358 0.10227186013440617 -0.035297341717827495 0.39843014704191504 0.34924209779500964 0.7703699837449719
leaf_weight=2397 4306 595 75 160 509 308 147 715 94 304 832 130 49 84
leaf_count=2397 4306 595 75 160 509 308 147 715 94 304 832 130 49 84
internal_value=-6.23121e-05 -0.150046 -0.341702 0.11103 -0.20275 0.457068 -0.244676 0.0824525 0.22933 0.458703 -0.116013 0.755426 1.07495 0.24852
internal_weight=10705 4555 2158 6150 1563 468 1488 5682 1376 661 979 273 143 388
internal_count=10705 4555 2158 6150 1563 468 1488 5682 1376 661 979 273 143 388
is_linear=0
shrinkage=0.05


Tree=23
num_leaves=15
num_cat=0
split_feature=71 84 71 84 71 24 8 84 31 38 36 32 14 84
split_gain=64889.2 46816.9 48464.7 31237.4 22956.3 16171 15953.9 15392.4 17432.6 18673.4 17659.5 17080.8 15524.9 12935.4
threshold=1.0000000180025095e-35 110.19518750000002 -2.0499999999999985 42.523274000000008 3.7624999999999997 257.54432450000007 200.46031700000003 278.29070450000006 21.112500000000004 51.625000000000007 24.348177083333336 21.062500000000004 263.13291866666674 290.2148160000001
decision_type=2 2 2 2 2 2 2 2 2 2 2 2 2 2
left_child=1 -1 5 -2 7 -3 -7 8 -5 -10 11 -11 -12 -4
right_child=3 2 13 4 -6 6 -8 -9 9 10 12 -13 -14 -15
leaf_value=0.014017448691165514 0.013963659476879848 -0.71688137239217764 -0.064075345074567677 -0.047491197430994364 0.59626098966149443 -0.01697197981210875 -0.57616039808904917 -0.53422718682459425 0.98107887067131161 0.19351960976187574 0.10953851331526676 0.66773613187825309 -0.8867920115936635 -0.89797862431344899
leaf_weight=3343 2457 549 1503 449 437 231 284 69 96 422 430 346 42 47
leaf_count=3343 2457 549 1503 449 437 231 284 69 96 422 430 346 42 47
internal_value=-4.67906e-05 -0.109941 -0.268413 0.137824 0.270594 -0.528101 -0.325859 0.193553 0.221969 0.312496 0.259986 0.407755 0.0191946 -0.0899241
internal_weight=10705 5957 2614 4748 2291 1064 515 1854 1785 1336 1240 768 472 1550
internal_count=10705 5957 2614 4748 2291 1064 515 1854 1785 1336 1240 768 472 1550
is_linear=0
shrinkage=0.05


Tree=24
num_leaves=15
num_cat=0
split_feature=71 84 84 62 24 49 57 69 84 24 73 47 36 51
split_gain=58841.7 66207.4 28942.3 30100 21306.5 16949.9 15863 15781.5 24310.2 19100.5 14227.2 15199.7 13913.4 10019.2
threshold=-2.0124999999999988 90.300388000000012 275.36804450000005 230.22416750000002 273.57706450000006 3.5000000000000004 1.06119984663653 11.840655182291668 42.523274000000008 299.02505250000007 10.875000000000002 72.497395833333357 18.666666666666668 2.5000000000000004
decision_type=2 2 2 2 2 2 2 2 2 2 2 2 2 2
left_child=1 -1 3 7 5 12 -5 -2 -9 -10 11 -6 -3 -14
right_child=2 4 -4 6 10 -7 -8 8 9 -11 -12 -13 13 -15
leaf_value=0.019602400604894349 0.02513865253571522 -0.82765575435803962 -0.42652103384401197 0.26065293509294718 1.1102208327956316 -0.95856321491932472 0.87146543891328143 0.015627059186464991 0.59567407577666864 -0.0089511293752325902 -0.38665086405972643 -0.094667987892888994 -0.58229466189519252 -0.13170026183413919
leaf_weight=1510 5831 192 284 306 40 235 163 744 482 179 164 72 217 286
leaf_count=1510 5831 192 284 306 40 235 163 744 482 179 164 72 217 286
internal_value=-4.98898e-05 -0.201055 0.0683019 0.0865937 -0.477122 -0.591511 0.474342 0.0613998 0.211765 0.432174 -0.0909354 0.341666 -0.466201 -0.326862
internal_weight=10705 2716 7989 7705 1206 930 469 7236 1405 661 276 112 695 503
internal_count=10705 2716 7989 7705 1206 930 469 7236 1405 661 276 112 695 503
is_linear=0
shrinkage=0.05


Tree=25
num_leaves=15
num_cat=0
split_feature=71 84 71 84 69 73 37 36 66 84 84 83 51 30
split_gain=53915.2 40021.2 39113 21466.6 29270.4 20135.9 18850.2 17396.8 17769.6 16790.1 15984.8 14663.6 14106.1 13861.6
threshold=-0.21249999999999855 79.608916500000007 -3.9875000000000003 42.523274000000008 -0.12570920833333388 -8.8749999999999982 51.875000000000007 23.030078125000003 1.7272608502426772 266.04154000000005 299.97504500000008 247.36838000000003 3.5000000000000004 22.937500000000004
decision_type=2 2 2 2 2 2 2 2 2 2 2 2 2 2
left_child=1 -1 -3 -2 12 7 -4 -6 -9 -7 11 -8 -5 -10
right_child=3 2 6 4 5 9 10 8 13 -11 -12 -13 -14 -15
leaf_value=0.02042595963948432 0.012121993521710988 -0.60826126412923143 0.52903997323342733 0.12422944461265445 -0.047257311544988467 0.27672789197439623 -0.26620879792078334 0.32131349127118569 1.3436535722063494 -0.33135736215830086 -1.0386808120979454 0.026738291663842735 -0.29510758307245044 0.6155893260666303
leaf_weight=2716 2728 599 97 551 91 1158 1150 178 128 125 52 679 314 139
leaf_count=2716 2728 599 97 551 91 1158 1150 178 128 125 52 679 314 139
internal_value=-4.98166e-05 -0.113504 -0.25461 0.11091 0.211275 0.325087 -0.14726 0.582274 0.710827 0.217271 -0.182399 -0.1575 -0.0281573 0.968335
internal_weight=10705 5293 2577 5412 2684 1819 1978 536 445 1283 1881 1829 865 267
internal_count=10705 5293 2577 5412 2684 1819 1978 536 445 1283 1881 1829 865 267
is_linear=0
shrinkage=0.05


Tree=26
num_leaves=15
num_cat=0
split_feature=67 84 12 73 84 74 37 47 69 70 69 63 30 84
split_gain=48890.5 46184.9 28406.4 24078.3 17552.8 14377.3 15011.3 12284.4 17765.2 14132.9 12270.7 11844.4 10338.7 10300.7
threshold=-2.6006390416666663 77.844594000000015 252.87840800000001 13.875000000000002 273.02215500000005 -5.8749999999999991 51.125000000000007 73.179687500000014 -0.66454532812499967 13.693501098974814 -20.992930640624994 6.0132217500000058 19.812500000000004 273.38934050000006
decision_type=2 2 2 2 2 2 2 2 2 2 2 2 2 2
left_child=1 -1 4 7 10 13 11 8 9 -3 -2 -7 -5 -4
right_child=2 3 5 12 -6 6 -8 -9 -10 -11 -12 -13 -14 -15
leaf_value=0.018018638780940687 -0.46512956051316501 -0.052208346390398223 0.67505115832992646 -0.92677200852700004 -0.37544958781737553 1.0706227593628379 0.0684996708809361 -0.3161724536199374 -0.81862607307550384 0.88358076436179034 0.054169416236111816 0.28658632844934862 -0.43747080082498624 -0.17680108838873665
leaf_weight=1675 115 95 290 211 259 71 676 889 40 69 5899 149 227 40
leaf_count=1675 115 95 290 211 259 71 676 889 40 69 5899 149 227 40
internal_value=-4.41368e-05 -0.163436 0.0698221 -0.361839 0.0267816 0.289844 0.18556 -0.23594 0.113537 0.344477 0.0441637 0.543316 -0.674759 0.571574
internal_weight=10705 3206 7499 1531 6273 1226 896 1093 204 164 6014 220 438 330
internal_count=10705 3206 7499 1531 6273 1226 896 1093 204 164 6014 220 438 330
is_linear=0
shrinkage=0.05


Tree=27
num_leaves=15
num_cat=0
split_feature=71 84 71 84 68 69 24 8 47 58 70 7 51 58
split_gain=45538.7 33153.3 33238.4 23177.8 18571.8 14315.8 12291.6 12927.7 11584.6 11525.3 11297.3 11287.3 12587.2 10942.5
threshold=1.0000000180025095e-35 111.37656100000002 -2.0499999999999985 42.523274000000008 10.496317830151206 -0.66454532812499967 257.54432450000007 200.46031700000003 77.584635416666671 -3.9286859999999986 8.2420240502277053 109.40739650000002 1.5000000000000002 -11.200341999999997
decision_type=2 2 2 2 2 2 2 2 2 2 2 2 2 2
left_child=1 -1 6 -2 5 10 9 8 -8 -3 -5 12 -6 -4
right_child=3 2 13 4 11 -7 7 -9 -10 -11 -12 -13 -14 -15
leaf_value=0.011745624193776869 0.0087636861310016884 -1.1401949244876242 -0.5243700752892192 0.16966323617838852 0.061875735454518223 0.24799606166161514 0.3155219989933018 -0.49190777737535013 -0.39769280309026894 -0.5058997326838276 -0.28903642339534613 0.22068696880187746 0.89997330906115625 -0.038100668163204961
leaf_weight=3356 2457 85 125 268 57 1294 133 281 98 462 267 194 211 1417
leaf_count=3356 2457 85 125 268 57 1294 133 281 98 462 267 194 211 1417
internal_value=-4.43216e-05 -0.0921056 -0.226055 0.115454 0.229821 0.158105 -0.441602 -0.264736 0.012536 -0.606366 -0.0593701 0.51278 0.722614 -0.0778337
internal_weight=10705 5957 2601 4748 2291 1829 1059 512 231 547 535 462 268 1542
internal_count=10705 5957 2601 4748 2291 1829 1059 512 231 547 535 462 268 1542
is_linear=0
shrinkage=0.05


Tree=28
num_leaves=15
num_cat=0
split_feature=71 84 71 84 65 31 39 84 31 47 71 24 47 84
split_gain=41114.1 29935.1 30015.2 20923.6 17046.7 14127.8 16356.2 13821.5 12006.6 14194.9 11824.4 11154.5 11232 11151.4
threshold=1.0000000180025095e-35 111.37656100000002 -2.0124999999999988 42.523274000000008 22.823637208333341 21.112500000000004 47.375000000000007 278.29070450000006 22.437500000000004 69.990885416666671 2.0124999999999997 247.91118100000003 79.207031250000014 84.599854500000006
decision_type=2 2 2 2 2 2 2 2 2 2 2 2 2 2
left_child=1 -1 11 -2 5 13 -7 8 9 -8 -10 12 -3 -5
right_child=3 2 -4 4 -6 6 7 -9 10 -11 -12 -13 -14 -15
leaf_value=0.011158518201266775 0.0083256801083362673 -0.9000526782978947 -0.073505835967468833 0.72646847756511379 0.58178980379980783 1.0821540709052768 1.386518432262422 -0.54622567578636372 0.020749360180783334 0.38326909181826463 0.3523975939322892 -0.28265724634129058 -0.38728097839123243 -0.13423298418700436
leaf_weight=3356 2457 191 1538 40 282 55 40 57 621 265 473 625 247 458
leaf_count=3356 2457 191 1538 40 282 55 40 57 621 265 473 625 247 458
internal_value=-4.8882e-05 -0.0875236 -0.214806 0.109695 0.218359 0.16708 0.243161 0.210747 0.241957 0.518944 0.164331 -0.418984 -0.612428 -0.063783
internal_weight=10705 5957 2601 4748 2291 2009 1511 1456 1399 305 1094 1063 438 498
internal_count=10705 5957 2601 4748 2291 2009 1511 1456 1399 305 1094 1063 438 498
is_linear=0
shrinkage=0.05


Tree=29
num_leaves=15
num_cat=0
split_feature=67 84 62 73 84 30 36 71 71 84 69 47 70 84
split_gain=38414.5 36262.6 22452.9 19751.2 19561.1 13693.1 11024.4 10900.7 10810 17968.3 9902.32 16182.1 12095.4 9873.67
threshold=-2.6006390416666663 77.844594000000015 127.13975050000001 13.875000000000002 273.02215500000005 18.962500000000002 18.666666666666668 5.1000000000000005 1.8125000000000002 42.523274000000008 -0.34611059375000075 73.445312500000014 13.693501098974814 107.70596550000002
decision_type=2 2 2 2 2 2 2 2 2 2 2 2 2 2
left_child=1 -1 8 6 5 -4 -3 -7 13 -10 11 12 -8 -2
right_child=2 3 4 -5 -6 7 10 -9 9 -11 -12 -13 -14 -15
leaf_value=0.01591733900323368 0.039728845192132593 -0.81871095083761913 -0.22745097810402515 -0.60407443670789318 -0.24782428539260046 0.37465770747487376 -0.022943805839615659 1.0429669574792706 0.0079920911616134706 0.29759289081433515 -0.58433547037383249 -0.21110934988417968 0.82156540014677581 -0.11885687028202863
leaf_weight=1675 2556 68 87 438 151 738 103 66 1466 843 123 728 71 1592
leaf_count=1675 2556 68 87 438 151 738 103 66 1466 843 123 728 71 1592
internal_value=-3.60284e-05 -0.144868 0.0618942 -0.320672 0.277148 0.366295 -0.206655 0.430746 0.0271199 0.113806 -0.165292 -0.107566 0.32438 -0.0211502
internal_weight=10705 3206 7499 1531 1042 891 1093 804 6457 2309 1025 902 174 4148
internal_count=10705 3206 7499 1531 1042 891 1093 804 6457 2309 1025 902 174 4148
is_linear=0
shrinkage=0.05


Tree=30
num_leaves=15
num_cat=0
split_feature=67 84 62 84 73 73 70 36 60 69 24 84 69 62
split_gain=34679.6 32736.6 20507.4 18988.9 17828.5 15347.4 12668 9968.55 9658.75 10403.9 15367.6 9489.65 9448.71 8370.66
threshold=-2.6006390416666663 77.844594000000015 57.116915499999998 277.88047750000004 13.875000000000002 -8.8749999999999982 8.0129088345045254 18.666666666666668 1.4843924999999987 -0.34611059375000075 282.91039900000004 42.523274000000008 -20.992930640624994 230.22416750000002
decision_type=2 2 2 2 2 2 2 2 2 2 2 2 2 2
left_child=1 -1 12 5 7 6 -4 -3 -9 10 -10 -8 -2 -7
right_child=2 4 3 -5 -6 13 11 8 9 -11 -12 -13 -14 -15
leaf_value=0.015121946383827771 -0.41166297827781301 -0.77836866421975959 0.11773545019088252 -0.40270630385212858 -0.57393951552001454 0.071610431643400863 0.00073012591914293611 -0.33909573161148165 -0.044290795087775531 -0.61016304826035217 0.83809703515334566 0.77449891637307366 0.024370789160071172 0.39802827475386326
leaf_weight=1675 126 68 154 115 438 787 46 425 479 67 54 285 5725 261
leaf_count=1675 126 68 154 115 438 787 46 425 479 67 54 285 5725 261
internal_value=-3.5324e-05 -0.137647 0.0588073 0.214547 -0.304685 0.261084 0.493395 -0.19636 -0.157027 -0.0277127 0.0465089 0.667292 0.0149122 0.153205
internal_weight=10705 3206 7499 1648 1531 1533 485 1093 1025 600 533 331 5851 1048
internal_count=10705 3206 7499 1648 1531 1533 485 1093 1025 600 533 331 5851 1048
is_linear=0
shrinkage=0.05


Tree=31
num_leaves=15
num_cat=0
split_feature=84 36 84 70 84 84 71 44 58 31 67 70 43 29
split_gain=31899.5 28632.7 26526.2 24003.2 17753 14286.8 22149.4 23619 15118.5 19521.9 16702.8 16529.5 13601.9 12047.5
threshold=287.58038500000004 22.479947916666671 90.300388000000012 13.282359788870467 195.29075750000001 42.523274000000008 1.5874999999999988 53.031250000000007 -14.716639499999998 22.762500000000003 -11.225767770833333 18.044551323038437 76.625000000000014 22.012500000000003
decision_type=2 2 2 2 2 2 2 2 2 2 2 2 2 2
left_child=1 2 -1 -4 -5 -3 7 -7 -9 10 -10 -12 -6 -8
right_child=-2 5 3 4 12 6 13 8 9 -11 11 -13 -14 -15
leaf_value=0.028824086223532743 -0.72900653885098532 0.007810207527720524 -0.084053595876943901 -0.69796213691794129 -0.66902327357989844 0.64903899261451059 0.55647558223050797 -0.37874668932093325 -0.36877197739870654 -0.074297876333130591 0.35139557099791391 1.4032621189605359 -0.047835267539541926 0.21624349460312742
leaf_weight=2377 147 3183 1317 350 121 147 385 237 68 911 296 42 318 806
leaf_count=2377 147 3183 1317 350 121 147 385 237 68 911 296 42 318 806
internal_value=-3.78544e-05 0.0101797 -0.085661 -0.21483 -0.432741 0.0809071 0.161329 0.0454852 -0.0119884 0.0542487 0.342161 0.485855 -0.220182 0.326601
internal_weight=10705 10558 4483 2106 789 6075 2892 1701 1554 1317 406 338 439 1191
internal_count=10705 10558 4483 2106 789 6075 2892 1701 1554 1317 406 338 439 1191
is_linear=0
shrinkage=0.05


Tree=32
num_leaves=15
num_cat=0
split_feature=71 84 84 62 57 69 84 24 72 47 70 25 58 9
split_gain=29386.1 32829.5 19169.1 17324.5 10316.5 9017.31 13140 12930.3 8511.18 8481.95 9590.84 8137.97 8008.19 6489.08
threshold=-2.0124999999999988 118.84574550000001 282.33339050000006 230.22416750000002 1.0689193591312962 11.840655182291668 42.523274000000008 299.02505250000007 0.15000000000000038 69.381510416666671 9.1135518613839199 8.837670951308537 -11.908277999999994 272.53009250000008
decision_type=2 2 2 2 2 2 2 2 2 2 2 2 2 2
left_child=1 -1 3 5 13 -2 -7 12 -9 -3 11 -11 -8 -5
right_child=2 9 -4 4 -6 6 7 8 -10 10 -12 -13 -14 -15
leaf_value=-0.0088086162391336313 0.011639150465311863 0.33823916141579796 -0.55871237738610946 0.27550449282831813 0.68271511189349288 0.0071896269482454207 0.92517563988630835 0.23372683745121289 -0.46374009585892351 -0.56206064135178757 -0.50161556880452707 0.015430705474644172 0.35840575103415734 -0.35048817768692975
leaf_weight=1711 5941 40 127 305 153 744 73 106 73 86 675 204 420 47
leaf_count=1711 5941 40 127 305 153 744 73 106 73 86 675 204 420 47
internal_value=-3.51988e-05 -0.142083 0.0482683 0.0581431 0.341144 0.0386735 0.152011 0.312101 -0.0517111 -0.368748 -0.398373 -0.157168 0.444032 0.191164
internal_weight=10705 2716 7989 7862 505 7357 1416 672 179 1005 965 290 493 352
internal_count=10705 2716 7989 7862 505 7357 1416 672 179 1005 965 290 493 352
is_linear=0
shrinkage=0.05


Tree=33
num_leaves=15
num_cat=0
split_feature=84 67 84 62 71 47 58 49 30 70 71 84 84 22
split_gain=27539 24644.7 23334.5 21008.6 12321.9 11939.4 23692.3 10861.7 9955.36 8050.6 7740.6 13044.5 7649.01 8686.54
threshold=292.35207400000007 -3.4530720208333308 82.580294000000023 127.13975050000001 5.1000000000000005 73.919270833333357 -14.974237 4.5000000000000009 18.962500000000002 13.407945051863544 1.8125000000000002 42.523274000000008 75.408333500000012 74.888007442708343
decision_type=2 2 2 2 2 2 2 2 2 2 2 2 2 2
left_child=1 2 -1 10 8 6 -4 -7 -5 -8 -3 -12 -13 -14
right_child=-2 3 5 4 -6 7 9 -9 -10 -11 11 12 13 -15
leaf_value=0.01299072297034398 -0.80195088420977001 -0.018424180168045184 -0.68112441084782294 -0.29560829251581294 0.87409282648249675 -0.30614469323435922 0.073687887253860634 -1.1096027214418758 0.26164256923016582 0.78302339901254614 0.0052684295564141203 0.76863077260328072 0.65573606053465294 0.1453103146642479
leaf_weight=1617 105 4244 74 87 75 1056 89 43 916 72 1478 65 94 690
leaf_count=1617 105 4244 74 87 75 1056 89 43 916 72 1478 65 94 690
internal_value=-3.15589e-05 0.00798688 -0.114732 0.0553411 0.259818 -0.269445 0.0538487 -0.338561 0.21306 0.393782 0.0217613 0.0950283 0.251099 0.207267
internal_weight=10705 10600 2951 7649 1078 1334 235 1099 1003 161 6571 2327 849 784
internal_count=10705 10600 2951 7649 1078 1334 235 1099 1003 161 6571 2327 849 784
is_linear=0
shrinkage=0.05


Tree=34
num_leaves=15
num_cat=0
split_feature=84 36 84 69 61 24 84 73 36 36 36 66 84 39
split_gain=24948 22551 20848.2 19484.6 13206.7 10914.1 12014.5 10909.5 12930.9 9826.42 9860.74 13805.3 9460.08 9518.31
threshold=282.33339050000006 22.479947916666671 89.094115000000016 -15.137669088541662 60.202034000000005 316.47486500000008 272.35636400000004 11.375000000000002 18.666666666666668 21.826562500000005 20.954296875000004 4.6251717552184865e-07 196.85550000000003 82.875000000000014
decision_type=2 2 2 2 2 2 2 2 2 2 2 2 2 2
left_child=1 2 -1 12 -3 6 -6 8 -5 10 -10 -12 -4 -14
right_child=-2 4 3 7 5 -7 -8 -9 9 -11 11 -13 13 -15
leaf_value=0.02753197402323946 -0.51287415421503624 0.042772177461119013 -0.72064753076364829 -0.71915240767209432 0.3754451019968838 -0.35364854218438269 -0.14366715890778736 -0.4020555078507142 -0.073769108577462758 -0.22614722520158131 -0.16692593478462625 0.45697216550394409 -0.66075613680449163 -0.0083168174076366091
leaf_weight=2369 231 5091 214 68 729 69 131 265 507 391 130 275 90 145
leaf_count=2369 231 5091 214 68 729 69 131 265 507 391 130 275 90 145
internal_value=-2.82645e-05 0.0113302 -0.0739545 -0.189222 0.0744314 0.247694 0.296296 -0.109002 -0.0521056 -0.0167695 0.073146 0.256791 -0.480627 -0.259928
internal_weight=10705 10474 4454 2085 6020 929 860 1636 1371 1303 912 405 449 235
internal_count=10705 10474 4454 2085 6020 929 860 1636 1371 1303 912 405 449 235
is_linear=0
shrinkage=0.05


Tree=35
num_leaves=15
num_cat=0
split_feature=67 84 62 73 84 24 84 24 63 58 24 16 69 47
split_gain=23394.9 22471.5 14064.9 12662.2 12436 10122 11843.1 19036.9 13991.1 7772.81 7868.87 10306.2 7515.05 14606.4
threshold=-2.9400345000000003 77.844594000000015 230.22416750000002 14.375000000000002 272.07054550000004 274.65417650000006 42.523274000000008 276.63258750000006 -1.0000000180025095e-35 35.884488000000012 278.84935850000005 273.13806300000005 -0.66454532812499967 73.445312500000014
decision_type=2 2 2 2 2 2 2 2 2 2 2 2 2 2
left_child=1 -1 4 12 5 -2 -7 -8 -9 10 -10 -12 13 -3
right_child=2 3 -4 -5 -6 6 7 8 9 -11 11 -13 -14 -15
leaf_value=0.011029213408902963 -0.0022761765095329254 0.30894988212621577 0.32373573063370614 -0.49415840385959903 -0.2839813603609615 0.0035113249029735064 1.1994889402762057 0.74914437181809379 -0.1335356133228712 -0.32502183726146106 0.14369855930472344 0.53619625319337627 -0.53892704257741575 -0.20924851470933326
leaf_weight=1654 4311 164 433 408 300 1137 47 101 177 83 785 212 119 774
leaf_count=1654 4311 164 433 408 300 1137 47 101 177 83 785 212 119 774
internal_value=-4.126e-05 -0.115295 0.0473544 -0.257826 0.030581 0.0443909 0.123504 0.220536 0.185797 0.139973 0.173096 0.227612 -0.166221 -0.118414
internal_weight=10705 3119 7586 1465 7153 6853 2542 1405 1358 1257 1174 997 1057 938
internal_count=10705 3119 7586 1465 7153 6853 2542 1405 1358 1257 1174 997 1057 938
is_linear=0
shrinkage=0.05


Tree=36
num_leaves=15
num_cat=0
split_feature=84 30 84 69 61 84 37 24 84 58 36 36 69 84
split_gain=22613.4 19490.3 14698 15122.5 12645.1 13736.2 12842.2 14901.6 12927.5 10241.9 9125.76 8293.2 8204.14 9311.04
threshold=292.35207400000007 19.762500000000003 90.300388000000012 -12.816781651041664 74.012692500000014 271.06198250000006 47.375000000000007 281.04792900000001 91.013866000000021 -8.8124470000000041 18.666666666666668 19.000651041666668 11.840655182291668 42.523274000000008
decision_type=2 2 2 2 2 2 2 2 2 2 2 2 2 2
left_child=1 2 -1 -4 6 9 7 -3 -9 -6 -5 -12 -8 -14
right_child=-2 4 3 10 5 -7 12 8 -10 -11 11 -13 13 -15
leaf_value=0.041107336072808157 -0.72670754640240154 -0.014514968297415715 -0.50978681817215021 -0.69225659151489927 0.016056927638326553 -0.07820293907927979 -0.019796684033968621 0.11391958712571951 1.0252498556916811 0.45048462001700895 0.59183016128160737 -0.11616315356110361 0.0042913415163058528 0.28024874492451396
leaf_weight=708 105 162 373 64 187 292 6170 65 97 494 43 692 726 527
leaf_count=708 105 162 373 64 187 292 6170 65 97 494 43 692 726 527
internal_value=-3.31789e-05 0.00723288 -0.138741 -0.247329 0.0387167 0.208517 0.0173662 0.325007 0.662535 0.331391 -0.124322 -0.0739953 0.00389626 0.120487
internal_weight=10705 10600 1880 1172 8720 973 7747 324 162 681 799 735 7423 1253
internal_count=10705 10600 1880 1172 8720 973 7747 324 162 681 799 735 7423 1253
is_linear=0
shrinkage=0.05


Tree=37
num_leaves=15
num_cat=0
split_feature=84 67 84 62 65 73 47 69 31 30 69 8 84 83
split_gain=20429 17904.7 16802.5 15723.9 10712.2 8919.63 7308.07 8956.03 7369.55 7140.79 6470.58 6442.86 6117.32 8708.35
threshold=292.35207400000007 -3.4530720208333308 77.844594000000015 127.13975050000001 29.21847691666667 14.875000000000002 72.708333333333357 -4.3761332291666655 22.562500000000004 18.962500000000002 -28.026467833333328 143.87696050000002 263.70710200000008 259.76202200000006
decision_type=2 2 2 2 2 2 2 2 2 2 2 2 2 2
left_child=1 2 -1 10 9 6 7 8 -4 -5 -3 -7 13 -12
right_child=-2 3 5 4 -6 11 -8 -9 -10 -11 12 -13 -14 -15
leaf_value=0.011028782923902766 -0.6907149523110041 -0.54282313331085097 0.94133215904517409 -0.24369398435253814 0.74668779479132763 -0.043408798081118888 -0.20653459520922574 -0.37810692520317984 0.069649901567843925 0.21920263203186241 0.018444391368191732 -0.54873318299715823 -0.15768974762556309 0.24449601744346064
leaf_weight=1612 105 50 42 91 89 81 825 48 56 898 5623 287 438 460
leaf_count=1612 105 50 42 91 89 81 825 48 56 898 5623 287 438 460
internal_value=-2.98114e-05 0.00687639 -0.0977245 0.0472391 0.224138 -0.228561 -0.148845 0.176327 0.448963 0.176407 0.0181884 -0.437926 0.0225725 0.0355759
internal_weight=10705 10600 2951 7649 1078 1339 971 146 98 989 6571 368 6521 6083
internal_count=10705 10600 2951 7649 1078 1339 971 146 98 989 6571 368 6521 6083
is_linear=0
shrinkage=0.05


Tree=38
num_leaves=15
num_cat=0
split_feature=84 30 84 69 61 22 37 24 84 84 41 36 36 56
split_gain=18455.3 16427.6 12452.3 12998.2 10722.3 13446.9 11310.6 13164 11380.7 9366.9 8825.61 8266.11 7521.72 7273.27
threshold=292.35207400000007 19.762500000000003 90.300388000000012 -12.816781651041664 74.012692500000014 135.42694607812504 47.375000000000007 281.04792900000001 91.013866000000021 264.81060550000001 82.875000000000014 18.666666666666668 19.000651041666668 12.126064000000001
decision_type=2 2 2 2 2 2 2 2 2 2 2 2 2 2
left_child=1 2 -1 -4 6 10 7 -3 -9 -7 -6 -5 -13 -14
right_child=-2 4 3 11 5 9 -8 8 -10 -11 -12 12 13 -15
leaf_value=0.038057417252006759 -0.65650502295004876 -0.014617079250697343 -0.47075498655518111 -0.65390727873031906 0.75486364763884151 0.23651583682745697 0.0031362240126907577 0.10697910217568279 0.96205490984174669 -0.16235425951310586 0.24858943861383756 0.5685796532779932 -0.15111519061360279 0.46940661435033759
leaf_weight=708 105 162 373 64 130 299 7423 65 97 288 256 43 642 50
leaf_count=708 105 162 373 64 130 299 7423 65 97 288 256 43 642 50
internal_value=-3.09405e-05 0.00653318 -0.127482 -0.227431 0.0354376 0.191796 0.0157773 0.304491 0.62173 0.0408748 0.420606 -0.113392 -0.0655025 -0.105667
internal_weight=10705 10600 1880 1172 8720 973 7747 324 162 587 386 799 735 692
internal_count=10705 10600 1880 1172 8720 973 7747 324 162 587 386 799 735 692
is_linear=0
shrinkage=0.05


Tree=39
num_leaves=15
num_cat=0
split_feature=67 84 62 73 84 24 84 24 63 58 17 41 15 4
split_gain=17359.3 16119.1 10665.4 9812.12 9643.94 7242.64 8936.34 17037 11198.4 7364.56 6733.27 9121.41 8827.19 7233.58
threshold=-2.6006390416666663 77.844594000000015 226.92036650000003 14.375000000000002 272.07054550000004 274.65417650000006 42.523274000000008 276.63258750000006 -1.0000000180025095e-35 35.884488000000012 24.963181518856349 82.875000000000014 104.66256450000002 267.04686300000009
decision_type=2 2 2 2 2 2 2 2 2 2 2 2 2 2
left_child=1 -1 4 10 5 -2 -7 -8 -9 -10 13 12 -12 -3
right_child=2 3 -4 -5 -6 6 7 8 9 -11 11 -13 -14 -15
leaf_value=0.0098146071357470277 -0.0011629841016516851 -0.36289920517674568 0.28044978496195244 -0.42090941099916768 -0.25926078108695499 0.0014725344973974376 1.1164723576201747 0.6869003941495252 0.15037350416673262 -0.33449473728736245 0.77076366561775411 -0.14128052668711319 0.0091028468097959243 0.2460826700553298
leaf_weight=1675 4254 390 439 418 282 1133 47 92 1169 83 59 505 104 55
leaf_count=1675 4254 390 439 418 282 1133 47 92 1169 83 59 505 104 55
internal_value=-2.34202e-05 -0.0973842 0.041608 -0.214596 0.0267189 0.0386537 0.105735 0.190598 0.157414 0.117988 -0.136804 -0.0363024 0.287815 -0.287249
internal_weight=10705 3206 7499 1531 7060 6778 2524 1391 1344 1252 1113 668 163 445
internal_count=10705 3206 7499 1531 7060 6778 2524 1391 1344 1252 1113 668 163 445
is_linear=0
shrinkage=0.05


Tree=40
num_leaves=15
num_cat=0
split_feature=84 71 84 62 49 83 58 57 58 36 84 47 69 84
split_gain=16332.9 14410.6 13338.2 9395.27 9243.67 9681.61 7145.63 7029.64 6820.58 6339.6 6065.2 5630.96 5503.56 9940.5
threshold=282.33339050000006 -1.2375000000000005 114.32580700000001 230.22416750000002 4.5000000000000009 231.24862100000004 200.75034000000002 1.0689193591312962 -12.634897500000006 21.44947916666667 303.76010700000006 72.796875000000014 -1.3059802708333337 42.523274000000008
decision_type=2 2 2 2 2 2 2 2 2 2 2 2 2 2
left_child=1 2 -1 12 5 6 -4 -5 -7 -6 -2 -10 -3 -14
right_child=10 3 4 7 9 8 -8 -9 11 -11 -12 -13 13 -15
leaf_value=0.0032093972532851733 -0.29114451982914225 -0.042178053958205619 -0.2936168722599512 0.13247743131323431 -0.84163653264785643 -0.37684325957167392 0.18782919953728833 0.54487374006202083 0.69565665537402754 -0.12293404760409375 -0.95244875307693055 0.073684334639962629 0.0016026347386839616 0.14897336844707643
leaf_weight=2283 189 1657 766 317 86 73 85 153 41 48 42 275 2711 1979
leaf_count=2283 189 1657 766 317 86 73 85 153 41 48 42 275 2711 1979
internal_value=-1.407e-05 0.00917634 -0.0708854 0.0521298 -0.193912 -0.150993 -0.245365 0.267597 0.0555591 -0.587008 -0.414969 0.156323 0.0361346 0.0638059
internal_weight=10705 10474 3657 6817 1374 1240 851 470 389 134 231 316 6347 4690
internal_count=10705 10474 3657 6817 1374 1240 851 470 389 134 231 316 6347 4690
is_linear=0
shrinkage=0.05


Tree=41
num_leaves=15
num_cat=0
split_feature=84 36 84 49 36 36 36 47 24 37 24 84 9 62
split_gain=14784.9 13388.5 14049.8 15649.1 10292.2 12077.2 12677 9368.72 9579.36 9292.61 9219.21 9788.01 8881.76 10391.4
threshold=292.35207400000007 22.479947916666671 89.094115000000016 4.5000000000000009 18.666666666666668 21.826562500000005 20.954296875000004 75.490885416666671 272.16657050000009 47.375000000000007 281.04792900000001 91.013866000000021 273.77944250000002 192.46307300000004
decision_type=2 2 2 2 2 2 2 2 2 2 2 2 2 2
left_child=1 2 -1 4 -4 6 -6 -8 -9 10 -3 -12 13 -11
right_child=-2 9 3 -5 5 -7 7 8 -10 12 11 -13 -14 -15
leaf_value=0.024278949032142713 -0.58759606342833004 0.028621684928699365 -0.46084800588034591 -0.62825798980135006 -0.12734324163162516 -0.26498419919059329 -0.50846050312785918 0.35529192987667774 -0.27478160234824034 0.032099445931765461 0.070196798271736346 0.88794485133886336 -0.25445536807032154 0.27503643895719682
leaf_weight=2369 105 138 192 159 688 574 42 408 70 5078 58 99 244 481
leaf_count=2369 105 138 192 159 688 574 42 408 70 5078 58 99 244 481
internal_value=-1.86556e-05 0.00585657 -0.0595355 -0.152591 -0.113979 -0.0763681 0.0134008 0.199503 0.262641 0.0541357 0.327414 0.588203 0.0401894 0.0531656
internal_weight=10705 10600 4502 2133 1974 1782 1208 520 478 6098 295 157 5803 5559
internal_count=10705 10600 4502 2133 1974 1782 1208 520 478 6098 295 157 5803 5559
is_linear=0
shrinkage=0.05


Tree=42
num_leaves=15
num_cat=0
split_feature=67 84 84 62 68 73 24 30 4 30 69 47 70 84
split_gain=13881.9 13884 8674.44 13743.4 8815.55 8102.72 8064.1 10077.4 8195.15 7316.78 7249.32 9651.65 7045.48 6096.52
threshold=-3.4530720208333308 82.580294000000023 273.02215500000005 127.13975050000001 9.2432191394661078 13.875000000000002 291.63912650000003 21.662500000000005 258.92182250000008 18.962500000000002 -0.66454532812499967 73.445312500000014 13.693501098974814 215.79805650000003
decision_type=2 2 2 2 2 2 2 2 2 2 2 2 2 2
left_child=1 -1 3 -2 6 10 7 8 9 -5 11 12 -3 -9
right_child=2 5 -4 4 -6 -7 -8 13 -10 -11 -12 -13 -14 -15
leaf_value=0.0083575590360608666 0.02133273587293856 -0.0091416310923902889 -0.20002675292918318 -0.24590331746674166 0.46275058231122207 -0.39196317501124356 -0.38126395595925194 0.79418670993584861 -0.38330839228417196 0.29521342178411558 -0.5335502279508445 -0.15917263981630872 0.67232923946701562 0.1679696905293635
leaf_weight=1617 6399 91 371 81 277 415 69 90 83 263 98 718 64 69
leaf_count=1617 6399 91 371 81 277 415 69 90 83 263 98 718 64 69
internal_value=-2.44165e-05 -0.0911919 0.0355289 0.0474753 0.226752 -0.207255 0.126394 0.186718 0.0597532 0.167456 -0.12799 -0.0819048 0.274746 0.52518
internal_weight=10705 3003 7702 7331 932 1386 655 586 427 344 971 873 155 159
internal_count=10705 3003 7702 7331 932 1386 655 586 427 344 971 873 155 159
is_linear=0
shrinkage=0.05


Tree=43
num_leaves=15
num_cat=0
split_feature=73 36 84 67 84 69 84 83 31 51 31 16 56 65
split_gain=12973.6 11262.4 9734.25 14120.3 8234.56 12528.3 12000.5 11459.6 10699.8 9220.27 9004.48 9017.94 7760.1 7615.3
threshold=0.37500000000000006 17.625651041666668 96.976633000000007 -5.9982033541666651 42.523274000000008 -6.7174127135416635 252.47833200000002 229.38491700000003 22.212500000000002 3.5000000000000004 21.262500000000003 272.70666550000004 -5.6909425000000047 5.0940865416666625
decision_type=2 2 2 2 2 2 2 2 2 2 2 2 2 2
left_child=1 -1 -2 -4 -3 12 7 10 -9 -8 -7 13 -6 -12
right_child=2 4 3 -5 5 6 9 8 -10 -11 11 -13 -14 -15
leaf_value=-0.4967510526189986 0.0057168604092855202 0.00046335455597909785 -0.33025516355779905 -0.056172859204242587 0.14978835200574123 -0.055855471549459745 0.07917293655210296 0.72199082988016494 0.25309935435365288 -0.38241817970924519 0.19816952780046895 0.52446743361962345 -0.30857277570374642 -0.42890425512813168
leaf_weight=91 2730 2794 654 1665 146 368 528 196 323 135 566 209 248 52
leaf_count=91 2730 2794 654 1665 146 368 528 196 323 135 566 209 248 52
internal_value=-2.26452e-05 0.0519791 -0.0582749 -0.133578 0.0610397 0.122097 0.165377 0.235215 0.431224 -0.0152506 0.149797 0.241266 -0.138774 0.144798
internal_weight=10705 5656 5049 2319 5565 2771 2377 1714 519 663 1195 827 394 618
internal_count=10705 5656 5049 2319 5565 2771 2377 1714 519 663 1195 827 394 618
is_linear=0
shrinkage=0.05


Tree=44
num_leaves=15
num_cat=0
split_feature=84 69 47 84 84 43 69 84 24 84 16 43 68 48
split_gain=12671.2 11095.3 12971.4 14925.5 11507.9 12166.4 7348.43 9363 12751 7630.5 7666.74 10351.4 7682.07 6593.81
threshold=303.76010700000006 -12.816781651041664 69.514322916666671 84.599854500000006 192.5505325 74.875000000000014 11.840655182291668 42.523274000000008 299.02505250000007 256.81891500000006 284.68449300000003 77.125000000000014 5.157222302555045 5.1250000000000009
decision_type=2 2 2 2 2 2 2 2 2 2 2 2 2 2
left_child=1 2 -1 -4 -5 -6 -3 -8 9 10 11 12 -9 -10
right_child=-2 6 3 4 5 -7 7 8 13 -11 -12 -13 -14 -15
leaf_value=0.62208266538278822 -0.8566082097763239 0.0048130682919017998 0.0083157051383268895 -0.51314545407224876 -0.57355657624255896 0.014321539345396201 -0.0019725480439331559 0.3560928426044328 0.35485714973221522 -0.06787228654609638 -0.11427114757529476 0.29793714732393795 1.023578402448873 -0.25784630304214301
leaf_weight=57 42 7376 845 340 116 355 763 69 60 88 56 261 121 156
leaf_count=57 42 7376 845 340 116 355 763 69 60 88 56 261 121 156
internal_value=-2.21017e-05 0.00343188 -0.113112 -0.138778 -0.29186 -0.131372 0.0257482 0.123788 0.241962 0.361256 0.435727 0.504121 0.784309 -0.0867999
internal_weight=10705 10663 1713 1656 811 471 8950 1574 811 595 507 451 190 216
internal_count=10705 10663 1713 1656 811 471 8950 1574 811 595 507 451 190 216
is_linear=0
shrinkage=0.05


Tree=45
num_leaves=15
num_cat=0
split_feature=84 36 84 49 36 36 36 37 24 84 61 84 46 83
split_gain=11722 9850.82 10026.7 13313 8498.39 10532.2 11712.7 7324.07 7447.52 8046.26 7151.27 7324.55 6986.68 6817.73
threshold=282.33339050000006 22.479947916666671 89.094115000000016 4.5000000000000009 18.666666666666668 21.826562500000005 20.954296875000004 47.375000000000007 281.04792900000001 91.013866000000021 125.08308350000003 272.35636400000004 88.802083333333357 107.30231450000001
decision_type=2 2 2 2 2 2 2 2 2 2 2 2 2 2
left_child=1 2 -1 4 12 6 -6 8 -3 -10 -9 -12 -4 -8
right_child=-2 7 3 -5 5 -7 13 10 9 -11 11 -13 -14 -15
leaf_value=0.021778715541915388 -0.35155632893859956 0.023469141133195762 -0.56079919224763231 -0.56684147331397983 -0.11063885282422557 -0.23664403415343785 -0.029795765528494184 0.020979225396956291 0.056863775350532289 0.79815989891439676 0.35422316215233879 -0.11627567168325187 0.17762521861529934 0.3468951694557772
leaf_weight=2369 231 138 152 159 667 554 191 5295 58 99 319 111 40 322
leaf_count=2369 231 138 152 159 667 554 191 5295 58 99 319 111 40 322
internal_value=-1.96108e-05 0.00776622 -0.0486008 -0.128539 -0.0920796 -0.0570132 0.027451 0.0494715 0.292004 0.526398 0.0369253 0.232781 -0.406838 0.206861
internal_weight=10705 10474 4454 2085 1926 1734 1180 6020 295 157 5725 430 192 513
internal_count=10705 10474 4454 2085 1926 1734 1180 6020 295 157 5725 430 192 513
is_linear=0
shrinkage=0.05


Tree=46
num_leaves=15
num_cat=0
split_feature=84 67 84 62 71 25 47 31 70 49 30 47 20 47
split_gain=10985.8 9700.61 8963.04 8272.03 8202.12 7911.26 10650.7 8704.24 7477.17 6176.27 4776.81 6762.69 9795.54 5455.4
threshold=303.76010700000006 -3.4530720208333308 77.844594000000015 127.13975050000001 5.1000000000000005 109.03423916388498 72.708333333333357 24.212500000000002 14.649925055686952 4.5000000000000009 18.962500000000002 75.938802083333357 274.06945200000007 74.087239583333357
decision_type=2 2 2 2 2 2 2 2 2 2 2 2 2 2
left_child=1 2 -1 -3 10 6 7 8 -4 -8 -5 13 -13 -12
right_child=-2 3 5 4 -6 -7 9 -9 -10 -11 11 12 -14 -15
leaf_value=0.0067314764429018395 -0.79760482983533731 0.011782191749944472 0.14321855632462413 -0.22975859837606549 0.66150345261159704 -0.85151789708108439 -0.1745786083854157 -0.37416408699612291 0.96506626241736948 -0.76635904195516014 0.13620620096819394 0.2235933832011667 0.99496453329920775 -0.22400336361279455
leaf_weight=1612 42 6584 73 87 75 40 1130 42 44 45 451 297 47 136
leaf_count=1612 42 6584 73 87 75 40 1130 42 44 45 451 297 47 136
internal_value=-1.94364e-05 0.00319664 -0.0732568 0.0329392 0.160257 -0.167037 -0.145891 0.237107 0.457849 -0.197875 0.122716 0.155865 0.331563 0.0525115
internal_weight=10705 10663 2986 7677 1093 1374 1334 159 117 1175 1018 931 344 587
internal_count=10705 10663 2986 7677 1093 1374 1334 159 117 1175 1018 931 344 587
is_linear=0
shrinkage=0.05


Tree=47
num_leaves=15
num_cat=0
split_feature=84 36 61 84 49 36 36 36 24 54 37 24 84 68
split_gain=10074 9231.95 8759.93 8702.08 11696.2 7530.86 10522.4 10300.1 7128.79 7372.06 6950.44 6611.86 7176.76 6527.9
threshold=275.36804450000005 22.479947916666671 125.08308350000003 89.094115000000016 4.5000000000000009 18.666666666666668 21.826562500000005 20.954296875000004 272.16657050000009 0.6078576107927941 47.375000000000007 281.04792900000001 91.013866000000021 10.589133946516682
decision_type=2 2 2 2 2 2 2 2 2 2 2 2 2 2
left_child=1 3 10 -1 5 -5 7 -7 9 -9 11 -3 -13 -8
right_child=-2 2 -4 4 -6 6 13 8 -10 -11 -12 12 -14 -15
leaf_value=0.020277878349499075 -0.23374486201657702 0.019712470349748518 0.28967627944202884 -0.38138737408299522 -0.53118890259996998 -0.099620128441717332 -0.29088561668426255 0.07525145709514619 -0.25328482755434678 0.48737947515856095 0.022090423570228251 0.053199000479811333 0.75590161974636882 0.34658837049183522
leaf_weight=2369 441 138 360 192 159 645 478 221 73 213 5218 58 97 43
leaf_count=2369 441 138 360 192 159 645 478 221 73 213 5218 58 97 43
internal_value=-1.97483e-05 0.0100442 0.0510593 -0.0447693 -0.120877 -0.0856295 -0.0514797 0.0328771 0.201303 0.278172 0.0354222 0.271963 0.494981 -0.237709
internal_weight=10705 10264 5871 4393 2024 1865 1673 1152 507 434 5511 293 155 521
internal_count=10705 10264 5871 4393 2024 1865 1673 1152 507 434 5511 293 155 521
is_linear=0
shrinkage=0.05


Tree=48
num_leaves=15
num_cat=0
split_feature=84 73 29 84 69 84 83 84 51 31 31 42 25 49
split_gain=9642.11 8596.58 8787.63 6537.99 11145.2 9352.57 9531.51 9442.05 8364.94 8098.98 7160.43 7520.55 6216.89 6019.34
threshold=303.76010700000006 0.37500000000000006 16.512500000000003 42.523274000000008 -6.7174127135416635 252.47833200000002 229.38491700000003 92.696872000000013 3.5000000000000004 22.212500000000002 21.262500000000003 86.625000000000014 84.979337353204713 1.5000000000000002
decision_type=2 2 2 2 2 2 2 2 2 2 2 2 2 2
left_child=1 2 -1 -4 -5 6 10 -8 12 -9 -6 13 -7 -12
right_child=-2 -3 3 4 5 8 7 9 -10 -11 11 -13 -14 -15
leaf_value=-0.59556588700462909 -0.74723658693391226 -0.044670309503334123 -0.0024070601181764772 -0.13449860906083752 -0.053117301867264821 0.375815828407014 0.9158665046299973 0.59752238834043969 -0.35727824409820624 0.14776966454028481 0.3546488937952082 0.73336470671929421 -0.020863827942389494 0.062655350836165288
leaf_weight=52 42 5012 2815 411 366 131 72 151 138 296 276 63 392 488
leaf_count=52 42 5012 2815 411 366 131 72 151 138 296 276 63 392 488
internal_value=-1.74534e-05 0.00299553 0.0452719 0.0513289 0.105644 0.147276 0.208924 0.387633 -0.0124675 0.300694 0.130919 0.212333 0.0790233 0.168466
internal_weight=10705 10663 5651 5599 2784 2373 1712 519 661 447 1193 827 523 764
internal_count=10705 10663 5651 5599 2784 2373 1712 519 661 447 1193 827 523 764
is_linear=0
shrinkage=0.05


Tree=49
num_leaves=15
num_cat=0
split_feature=84 69 70 84 71 17 37 24 41 22 84 22 51 7
split_gain=8801.73 7810.64 7489.11 9462.34 10399.7 10069 8448.5 8639.89 7496.84 7833.48 7402.68 11432.5 10434.4 8651.98
threshold=292.35207400000007 11.840655182291668 8.1012924249459495 94.482010000000017 4.512500000000002 36.342124054708215 51.375000000000007 283.21306650000002 82.875000000000014 135.9634828697917 42.523274000000008 145.39469607812504 3.5000000000000004 266.52725100000004
decision_type=2 2 2 2 2 2 2 2 2 2 2 2 2 2
left_child=1 2 -1 -4 5 6 7 -5 9 -7 -3 -12 13 -13
right_child=-2 10 3 4 -6 8 -8 -9 -10 -11 11 12 -14 -15
leaf_value=0.038080790236842813 -0.45336807100980914 -0.0045547608762241398 0.0088653475343060187 -0.16016407941710462 0.50549298531952358 0.69019615466638307 -0.22474243160136945 0.67040932091799654 -0.077811580397153524 -0.060675885601610441 0.45298469273634379 -0.1991541019720644 0.49926374152712871 0.31764303031418706
leaf_weight=3962 105 763 2756 72 62 81 1715 54 264 60 306 285 108 112
leaf_count=3962 105 763 2756 72 62 81 1715 54 264 60 306 285 108 112
internal_value=-1.08269e-05 0.00452232 -0.0134043 -0.0536851 -0.128348 -0.146063 -0.195699 0.198272 0.0794945 0.372499 0.107265 0.212342 0.0659196 -0.0529257
internal_weight=10705 10600 9026 5064 2308 2246 1841 126 405 141 1574 811 505 397
internal_count=10705 10600 9026 5064 2308 2246 1841 126 405 141 1574 811 505 397
is_linear=0
shrinkage=0.05


Tree=50
num_leaves=15
num_cat=0
split_feature=84 67 84 25 47 31 62 65 70 69 24 51 83 47
split_gain=8188.64 7399.53 6895.18 7201.61 8740.89 7421.9 6375.32 6310.03 6248.12 5353.94 6044.69 5151.26 6053.3 5097.75
threshold=303.76010700000006 -3.4530720208333308 77.844594000000015 109.03423916388498 72.708333333333357 24.212500000000002 165.35995600000004 23.872059416666676 14.649925055686952 -12.816781651041664 270.47923350000002 3.5000000000000004 112.67596250000001 78.904947916666671
decision_type=2 2 2 2 2 2 2 2 2 2 2 2 2 2
left_child=1 2 -1 4 5 8 -3 -8 -4 13 11 12 -11 -6
right_child=-2 6 3 -5 9 -7 7 -9 -10 10 -12 -13 -14 -15
leaf_value=0.0061598267493376564 -0.68860240557859109 0.011908696447323164 0.13697792829291242 -0.79924814141378175 -0.44351586017027611 -0.34361404402311457 0.10012561218388052 0.48243132868409155 0.88837253352006285 -0.021327828183179586 -0.26643353229402189 -0.26048371757449024 0.44150581026656766 -0.1155611232133969
leaf_weight=1612 42 6755 73 40 272 42 798 124 44 204 273 108 107 211
leaf_count=1612 42 6755 73 40 272 42 798 124 44 204 273 108 107 211
internal_value=-9.33565e-07 0.00277569 -0.0639972 -0.146251 -0.126087 0.220861 0.0287522 0.152009 0.424688 -0.173184 -0.0838169 0.0355183 0.138815 -0.300783
internal_weight=10705 10663 2986 1374 1334 159 7677 922 117 1175 692 419 311 483
internal_count=10705 10663 2986 1374 1334 159 7677 922 117 1175 692 419 311 483
is_linear=0
shrinkage=0.05


Tree=51
num_leaves=15
num_cat=0
split_feature=84 61 58 31 69 84 84 22 39 84 83 18 84 33
split_gain=7629.83 7615.67 8110.56 9862.07 7297.17 10291.3 9139.3 6446.05 6373.98 5627.02 15960 10063.2 6777.16 5887.81
threshold=275.36804450000005 74.012692500000014 -8.4936504999999993 19.762500000000003 -12.816781651041664 84.599854500000006 182.25340350000002 135.42694607812504 69.375000000000014 203.15107550000002 199.41051700000003 176.74494010416672 224.90418100000002 21.940625000000004
decision_type=2 2 2 2 2 2 2 2 2 2 2 2 2 2
left_child=1 4 -3 -4 5 -1 -7 -5 -8 10 -6 -11 -13 -12
right_child=-2 2 3 7 9 6 8 -9 -10 11 13 12 -14 -15
leaf_value=0.0064447238650281874 -0.20341009337526678 -0.097512619285140753 -0.13896538819761792 0.46525571107342367 0.0098035016921976786 -0.44474259394178023 -0.59672957730169107 0.1462048121817387 0.029005446013952815 -0.036606847541907461 0.51424769067219389 -0.21304416825112546 -0.97776008422176042 0.16175447719349645
leaf_weight=854 441 277 156 313 5975 324 47 322 267 1115 200 75 47 292
leaf_count=854 441 277 156 313 5975 324 47 322 267 1115 200 75 47 292
internal_value=-4.95619e-06 0.00875345 0.135069 0.216536 -0.00592956 -0.1071 -0.258859 0.303954 -0.0662526 0.0136751 0.032366 -0.083988 -0.513202 0.305797
internal_weight=10705 10264 1068 791 9196 1492 638 635 314 7704 6467 1237 122 492
internal_count=10705 10264 1068 791 9196 1492 638 635 314 7704 6467 1237 122 492
is_linear=0
shrinkage=0.05


Tree=52
num_leaves=15
num_cat=0
split_feature=30 84 65 51 37 24 81 9 83 61 22 51 67 58
split_gain=7219.77 6112.69 7104.83 5716.2 5112.4 8880.74 7409.62 4934.31 8341.15 5264.44 11826.7 8057.86 6245.85 4497.07
threshold=19.762500000000003 90.300388000000012 7.8398370416666614 2.5000000000000004 51.125000000000007 280.08090150000004 1.0000000180025095e-35 273.33104300000008 127.79213400000002 67.641862000000032 135.42694607812504 1.5000000000000002 15.35188404166667 -12.634897500000006
decision_type=2 2 2 2 2 2 2 2 2 2 2 2 2 2
left_child=1 -1 3 -3 5 -2 -7 9 -9 -6 11 -11 13 -12
right_child=4 2 -4 -5 7 6 -8 8 -10 10 12 -13 -14 -15
leaf_value=0.027969539266017932 -0.030454972152513821 -0.41478357139974831 0.36420485281175186 -0.13052339804580518 0.00088736715928996145 0.086927106791614181 0.59435578390475241 0.0018190792786251559 -0.51498741373544987 -0.054236728726130612 -0.32574147065583198 0.45026223105568219 0.56614152726738953 0.012741296828552419
leaf_weight=708 297 219 61 912 6816 135 154 227 118 105 123 318 42 470
leaf_count=708 297 219 61 912 6816 135 154 227 118 105 123 318 42 470
internal_value=-1.11349e-05 -0.0883793 -0.157451 -0.185884 0.0190654 0.161621 0.358439 0.008883 -0.175921 0.0170015 0.120716 0.325199 -0.0157967 -0.057897
internal_weight=10705 1900 1192 1131 8805 586 289 8219 345 7874 1058 423 635 593
internal_count=10705 1900 1192 1131 8805 586 289 8219 345 7874 1058 423 635 593
is_linear=0
shrinkage=0.05


Tree=53
num_leaves=15
num_cat=0
split_feature=69 70 84 71 84 22 51 47 7 7 25 37 17 41
split_gain=6907.5 7131.55 9214.76 8808.93 6233.04 9850.58 8929.44 7916.18 11898.2 7759.19 7010.27 5645.54 6031.18 7421.28
threshold=11.840655182291668 8.1012924249459495 94.482010000000017 4.512500000000002 42.523274000000008 145.39469607812504 3.5000000000000004 70.903645833333357 235.07812900000002 251.11174300000002 110.42468640835845 45.625000000000007 36.342124054708215 82.875000000000014
decision_type=2 2 2 2 2 2 2 2 2 2 2 2 2 2
left_child=1 -1 -3 11 -2 7 9 8 -6 -7 -8 -4 -13 -14
right_child=4 2 3 -5 5 6 10 -9 -10 -11 -12 12 13 -15
leaf_value=0.033623861610387829 -0.0059084856265263531 0.0068856737951291285 0.38323678934574129 0.45657747338215515 0.84377207518037833 -0.20588339660939897 0.02206552057873969 0.047959172137081625 0.024034263503092988 0.26460386886762882 0.82722889669870936 -0.19580615218724928 0.28453563816367966 -0.13427711147523952
leaf_weight=3976 763 2756 49 62 143 268 50 99 64 129 58 1812 157 319
leaf_count=3976 763 2756 49 62 143 268 50 99 64 129 58 1812 157 319
internal_value=-7.61464e-06 -0.016686 -0.0554885 -0.127118 0.0966952 0.193115 0.0572089 0.416486 0.591661 -0.0527239 0.45809 -0.142792 -0.15422 0.00416762
internal_weight=10705 9131 5155 2399 1574 811 505 306 207 397 108 2337 2288 476
internal_count=10705 9131 5155 2399 1574 811 505 306 207 397 108 2337 2288 476
is_linear=0
shrinkage=0.05


Tree=54
num_leaves=15
num_cat=0
split_feature=84 69 70 84 71 17 37 36 84 24 72 84 16 43
split_gain=6788.62 5905.65 5756.04 7111.92 7719.53 6617.62 6430.64 5973.91 5632.02 9212.16 5631.94 5544.07 6441.28 7153.27
threshold=303.76010700000006 11.840655182291668 8.1012924249459495 94.482010000000017 4.9875000000000016 36.342124054708215 54.125000000000007 24.632291666666671 42.523274000000008 299.02505250000007 0.099999999999999659 249.14793600000004 284.68449300000003 77.375000000000014
decision_type=2 2 2 2 2 2 2 2 2 2 2 2 2 2
left_child=1 2 -1 -4 5 6 7 -5 -3 11 -11 12 13 -10
right_child=-2 8 3 4 -6 -7 -8 -9 9 10 -12 -13 -14 -15
leaf_value=0.032193269459476807 -0.6269734799861908 -0.0056134480142274353 0.0065415151194706637 -0.17904428220013294 0.46334034884185127 0.047238060477296222 -0.19652901291738586 0.41608751912483544 0.66011792671353753 0.14303596599734034 -0.36645810731125117 -0.015485893523063116 -0.13905178789506878 0.24239221875202555
leaf_weight=3973 42 763 2756 81 56 445 1692 86 186 115 101 122 56 231
leaf_count=3973 42 763 2756 81 56 445 1692 86 186 115 101 122 56 231
internal_value=5.1551e-06 0.00253329 -0.0129545 -0.0480149 -0.111701 -0.125873 -0.167315 0.128083 0.0919182 0.183571 -0.0957906 0.284977 0.362344 0.429849
internal_weight=10705 10663 9089 5116 2360 2304 1859 167 1574 811 216 595 473 417
internal_count=10705 10663 9089 5116 2360 2304 1859 167 1574 811 216 595 473 417
is_linear=0
shrinkage=0.05


end of trees

feature_importances:
consumo_alvo_semana_anterior=183
temperatura_externa_c_diferenca_semana_atual=94
correcao_semanal_media_1440m=60
consumo_max_1440m=52
temperatura_externa_c_media_1440m=36
umidade_relativa_pct_media_1440m=32
correcao_semanal_media_360m=26
consumo_diferenca_dia_atual=24
correcao_semanal_std_1440m=22
umidade_relativa_pct_diferenca_semana_atual=19
temperatura_externa_c_lag_720m=18
tendencia_consumo_360m=16
temperatura_externa_c_lag_360m=15
umidade_relativa_pct_atual=13
consumo_mean_1440m=11
origem_mes=11
origem_dia_semana=10
consumo_alvo_dia_anterior=10
temperatura_externa_c_lag_1440m=8
consumo_lag_720m=7
tendencia_consumo_180m=7
correcao_semanal_media_180m=7
correcao_semanal_std_360m=7
consumo_std_1440m=6
umidade_relativa_pct_lag_1440m=6
temperatura_externa_c_tendencia_1h=6
consumo_max_180m=5
consumo_std_180m=4
umidade_relativa_pct_lag_360m=4
umidade_relativa_pct_media_60m=4
consumo_diferenca_semana_atual=4
consumo_lag_1440m=3
consumo_lag_10080m=3
umidade_relativa_pct_lag_60m=3
umidade_relativa_pct_media_360m=3
consumo_razao_semana_atual=3
correcao_semanal_media_60m=3
consumo_lag_120m=2
consumo_mean_180m=2
temperatura_externa_c_lag_180m=2
temperatura_externa_c_media_60m=2
umidade_relativa_pct_lag_15m=2
umidade_relativa_pct_lag_720m=2
origem_semana_sin=2
correcao_semanal_std_180m=2
consumo_max_60m=1
consumo_min_180m=1
consumo_mean_360m=1
consumo_max_360m=1
temperatura_externa_c_media_360m=1
origem_hora=1
tendencia_consumo_60m=1
umidade_relativa_pct_tendencia_1h=1
alvo_semana_sin=1

parameters:
[boosting: gbdt]
[objective: regression]
[metric: l1]
[tree_learner: serial]
[device_type: cpu]
[data_sample_strategy: bagging]
[data: ]
[valid: ]
[num_iterations: 400]
[learning_rate: 0.05]
[num_leaves: 15]
[num_threads: 2]
[seed: 20260905]
[deterministic: 1]
[force_col_wise: 1]
[force_row_wise: 0]
[histogram_pool_size: -1]
[max_depth: -1]
[min_data_in_leaf: 40]
[min_sum_hessian_in_leaf: 0.001]
[bagging_fraction: 1]
[pos_bagging_fraction: 1]
[neg_bagging_fraction: 1]
[bagging_freq: 0]
[bagging_seed: 23218]
[bagging_by_query: 0]
[feature_fraction: 1]
[feature_fraction_bynode: 1]
[feature_fraction_seed: 28090]
[extra_trees: 0]
[extra_seed: 14360]
[early_stopping_round: 0]
[early_stopping_min_delta: 0]
[first_metric_only: 0]
[max_delta_step: 0]
[lambda_l1: 0]
[lambda_l2: 1]
[linear_lambda: 0]
[min_gain_to_split: 0]
[drop_rate: 0.1]
[max_drop: 50]
[skip_drop: 0.5]
[xgboost_dart_mode: 0]
[uniform_drop: 0]
[drop_seed: 16970]
[top_rate: 0.2]
[other_rate: 0.1]
[min_data_per_group: 100]
[max_cat_threshold: 32]
[cat_l2: 10]
[cat_smooth: 10]
[max_cat_to_onehot: 4]
[top_k: 20]
[monotone_constraints: ]
[monotone_constraints_method: basic]
[monotone_penalty: 0]
[feature_contri: ]
[forcedsplits_filename: ]
[refit_decay_rate: 0.9]
[cegb_tradeoff: 1]
[cegb_penalty_split: 0]
[cegb_penalty_feature_lazy: ]
[cegb_penalty_feature_coupled: ]
[path_smooth: 0]
[interaction_constraints: ]
[verbosity: -1]
[saved_feature_importance_type: 0]
[use_quantized_grad: 0]
[num_grad_quant_bins: 4]
[quant_train_renew_leaf: 0]
[stochastic_rounding: 1]
[linear_tree: 0]
[max_bin: 255]
[max_bin_by_feature: ]
[min_data_in_bin: 3]
[bin_construct_sample_cnt: 200000]
[data_random_seed: 5037]
[is_enable_sparse: 1]
[enable_bundle: 1]
[use_missing: 1]
[zero_as_missing: 0]
[feature_pre_filter: 1]
[pre_partition: 0]
[two_round: 0]
[header: 0]
[label_column: ]
[weight_column: ]
[group_column: ]
[ignore_column: ]
[categorical_feature: ]
[forcedbins_filename: ]
[precise_float_parser: 0]
[parser_config_file: ]
[objective_seed: 15411]
[num_class: 1]
[is_unbalance: 0]
[scale_pos_weight: 1]
[sigmoid: 1]
[boost_from_average: 1]
[reg_sqrt: 0]
[alpha: 0.9]
[fair_c: 1]
[poisson_max_delta_step: 0.7]
[tweedie_variance_power: 1.5]
[lambdarank_truncation_level: 30]
[lambdarank_norm: 1]
[label_gain: ]
[lambdarank_position_bias_regularization: 0]
[eval_at: ]
[multi_error_top_k: 1]
[auc_mu_weights: ]
[num_machines: 1]
[local_listen_port: 12400]
[time_out: 120]
[machine_list_filename: ]
[machines: ]
[gpu_platform_id: -1]
[gpu_device_id: -1]
[gpu_device_id_list: ]
[gpu_use_dp: 0]
[num_gpu: 1]

end of parameters

pandas_categorical:[]
