tree
version=v4
num_class=1
num_tree_per_iteration=1
label_index=0
max_feature_idx=84
objective=regression
feature_names=consumo_atual_kw consumo_lag_15m consumo_lag_30m consumo_lag_60m consumo_lag_120m consumo_lag_180m consumo_lag_360m consumo_lag_720m consumo_lag_1440m consumo_lag_10080m consumo_mean_60m consumo_min_60m consumo_max_60m consumo_std_60m consumo_mean_180m consumo_min_180m consumo_max_180m consumo_std_180m consumo_mean_360m consumo_min_360m consumo_max_360m consumo_std_360m consumo_mean_1440m consumo_min_1440m consumo_max_1440m consumo_std_1440m temperatura_externa_c_atual temperatura_externa_c_lag_15m temperatura_externa_c_lag_60m temperatura_externa_c_lag_180m temperatura_externa_c_lag_360m temperatura_externa_c_lag_720m temperatura_externa_c_lag_1440m temperatura_externa_c_media_60m temperatura_externa_c_media_180m temperatura_externa_c_media_360m temperatura_externa_c_media_1440m umidade_relativa_pct_atual umidade_relativa_pct_lag_15m umidade_relativa_pct_lag_60m umidade_relativa_pct_lag_180m umidade_relativa_pct_lag_360m umidade_relativa_pct_lag_720m umidade_relativa_pct_lag_1440m umidade_relativa_pct_media_60m umidade_relativa_pct_media_180m umidade_relativa_pct_media_360m umidade_relativa_pct_media_1440m origem_hora origem_dia_semana origem_fim_de_semana origem_mes origem_hora_sin origem_hora_cos origem_semana_sin origem_semana_cos consumo_diferenca_semana_atual consumo_razao_semana_atual consumo_diferenca_dia_atual tendencia_consumo_15m tendencia_consumo_60m tendencia_consumo_180m tendencia_consumo_360m correcao_semanal_media_60m correcao_semanal_std_60m correcao_semanal_media_180m correcao_semanal_std_180m correcao_semanal_media_360m correcao_semanal_std_360m correcao_semanal_media_1440m correcao_semanal_std_1440m temperatura_externa_c_diferenca_semana_atual temperatura_externa_c_tendencia_1h umidade_relativa_pct_diferenca_semana_atual umidade_relativa_pct_tendencia_1h alvo_hora alvo_dia_semana alvo_fim_de_semana alvo_mes alvo_hora_sin alvo_hora_cos alvo_semana_sin alvo_semana_cos consumo_alvo_dia_anterior consumo_alvo_semana_anterior
feature_infos=[22.399999999999999:324.71375799999998] [22.399999999999999:324.71375799999998] [22.399999999999999:324.71375799999998] [22.399999999999999:324.71375799999998] [22.399999999999999:324.71375799999998] [22.399999999999999:324.71375799999998] [22.399999999999999:324.71375799999998] [22.399999999999999:324.71375799999998] [22.399999999999999:324.71375799999998] [22.399999999999999:324.71375799999998] [22.399999999999999:321.24876725000001] [22.399999999999999:318.278571] [22.399999999999999:324.71375799999998] [0:82.540869055199337] [22.399999999999999:313.28577408333337] [22.399999999999999:302.53573799999998] [22.399999999999999:324.71375799999998] [0:92.970139865692389] [22.399999999999999:295.13563500000004] [22.399999999999999:249.29458700000001] [22.399999999999999:324.71375799999998] [0:116.53386463160022] [23.200000000000003:159.49963871874999] none [25.600000000000001:324.71375799999998] [1.3929144002343703:128.71471884334804] [15:33.700000000000003] [15:33.700000000000003] [15:33.700000000000003] [15:33.700000000000003] [15:33.700000000000003] [15:33.700000000000003] [15:33.700000000000003] [15:33.4375] [15:32.71875] [15.333333333333334:31.620833333333334] [16.439843749999998:27.283072916666669] [31:98] [31:98] [31:98] [31:98] [31:98] [31:98] [31:98] [32.5:95.625] [33.666666666666664:95.083333333333329] [37.041666666666664:94] [59.309895833333336:91.638020833333329] [0:23.75] [0:6] [0:1] [1:4] [-1:1] [-1:1] [-0.97492791218182362:0.97492791218182362] [-0.90096886790241903:1] [-72.635950000000008:77.445233000000002] [0.43630911779503978:2.09406877563422] [-291.363968:296.779246] [-121.30707899999999:153.05878799999999] [-124.27709300000001:153.05878799999999] [-180.63157299999997:268.16051600000003] [-299.363968:299.97924600000005] [-70.384351250000009:75.467424499999993] [0:44.359338508129341] [-67.777903583333341:70.921986416666655] [0:38.631403568061003] [-64.848194500000005:62.415354583333333] [0:37.083675449251288] [-34.945017510416669:27.905951093750001] [0:30.68446053870321] [-12:11.5] [-8:4.8000000000000007] [-49:48] [-30:40] [0:23.75] [0:6] [0:1] [1:4] [-1:1] [-1:1] [-0.97492791218182362:0.97492791218182362] [-0.90096886790241903:1] [22.399999999999999:324.71375799999998] [22.399999999999999:324.71375799999998]
tree_sizes=1420 1433 1415 1431 1430 1442 1427 1440 1427 1432 1429 1438 1444 1439 1437 1443 1440 1438 1458 1447 1435 1435 1438 1465 1429 1444 1454 1441 1453 1436 1432 1450 1456 1450 1433 1450 1448 1439 1444 1449 1431 1436 1447 1442 1434 1448 1447 1452 1423 1441

Tree=0
num_leaves=15
num_cat=0
split_feature=71 84 71 56 84 24 71 69 84 84 36 71 84 46
split_gain=719347 571196 300993 263591 173935 58740.2 51851.8 48051.3 113489 41608.1 31696 26594.3 24678.4 22621.4
threshold=-0.9875000000000006 101.26607300000002 -3.2375000000000003 16.209390000000003 42.523274000000008 248.07883750000005 3.9875000000000012 11.840655182291668 42.523274000000008 283.32550850000001 24.714192708333339 -2.8499999999999992 272.31349600000004 60.359375000000007
decision_type=2 2 2 2 2 2 2 2 2 2 2 2 2 2
left_child=1 -1 5 7 -5 -3 13 12 -9 10 11 -4 -2 -6
right_child=3 2 9 4 6 -7 -8 8 -10 -11 -12 -13 -14 -15
leaf_value=-0.99323959337122081 -0.88291297626477439 -3.3144437827185786 -2.1869929771317236 -0.9745018378330077 -0.72437837855533016 -2.4717433488696909 0.77280226154903708 -0.9744566481462642 0.20413749397047676 -2.6629416198778575 -0.5588623149139873 -1.4839619728585118 -1.4741000181618389 0.15744663301625428
leaf_weight=2496 3871 363 159 348 89 503 394 503 343 85 79 870 184 418
leaf_count=2496 3871 363 159 348 89 503 394 503 343 85 79 870 184 418
internal_value=-1.02564 -1.50183 -2.11809 -0.672921 -0.024793 -2.82721 0.341557 -0.838265 -0.495723 -1.60226 -1.51948 -1.59362 -0.909843 0.0035467
internal_weight=10705 4555 2059 6150 1249 866 901 4901 846 1193 1108 1029 4055 507
internal_count=10705 4555 2059 6150 1249 866 901 4901 846 1193 1108 1029 4055 507
is_linear=0
shrinkage=1


Tree=1
num_leaves=15
num_cat=0
split_feature=71 84 71 84 71 24 69 84 56 67 24 69 71 37
split_gain=650229 453694 372608 263951 251710 65579.5 51027 41342.6 32491.2 24643 24345.9 21787.3 21511.9 20570.4
threshold=-1.0000000180025095e-35 101.26607300000002 -2.9875000000000003 42.523274000000008 2.212499999999999 248.07883750000005 -1.0000000180025095e-35 287.58038500000004 28.185099000000026 0.11729499999999772 284.15934500000009 -3.4807346510416655 -5.2249999999999988 54.375000000000007
decision_type=2 2 2 2 2 2 2 2 2 2 2 2 2 2
left_child=1 -1 5 -2 6 12 10 13 11 -7 -5 -6 -3 -4
right_child=3 2 7 4 8 9 -8 -9 -10 -11 -12 -13 -14 -15
leaf_value=0.035151515814829455 0.045519365835655204 -2.5318806276764985 0.29858156212139875 -0.09674259518554594 0.26212844977922301 -1.3649706408168589 0.59709571111782822 -1.5696420550346375 1.6978691781686646 -0.18042635263837115 0.82187938730732157 1.2148794939283938 -1.7784018352097677 -0.36731536696994915
leaf_weight=2953 2663 171 127 598 67 559 837 67 393 48 81 631 252 1258
leaf_count=2953 2663 171 127 598 67 559 837 67 393 48 81 631 252 1258
internal_value=-1.01951e-05 -0.383696 -0.881841 0.395687 0.753221 -1.60877 0.336066 -0.365428 1.33204 -1.27175 0.0138901 1.12393 -2.08825 -0.306083
internal_weight=10705 5435 2482 5270 2607 1030 1516 1452 1091 607 679 698 423 1385
internal_count=10705 5435 2482 5270 2607 1030 1516 1452 1091 607 679 698 423 1385
is_linear=0
shrinkage=0.05


Tree=2
num_leaves=15
num_cat=0
split_feature=71 84 71 56 84 24 71 69 84 84 36 24 84 46
split_gain=589288 467357 246237 215563 142301 47559.9 43512.6 40652.6 95156.7 34656.9 27828 21602.1 21405 19904.4
threshold=-0.9875000000000006 101.26607300000002 -3.2375000000000003 16.209390000000003 42.523274000000008 248.07883750000005 3.9875000000000012 11.840655182291668 42.523274000000008 283.32550850000001 24.714192708333339 246.93019750000005 272.31349600000004 60.359375000000007
decision_type=2 2 2 2 2 2 2 2 2 2 2 2 2 2
left_child=1 -1 5 7 -5 -3 13 12 -9 10 11 -4 -2 -6
right_child=3 2 9 4 6 -7 -8 8 -10 -11 -12 -13 -14 -15
leaf_value=0.029021062591241084 0.12893915692597344 -2.068306853073639 -1.033491690589126 0.046317518124607715 0.24487965727845828 -1.3099446366821965 1.6316932682146001 0.046396877244114877 1.1256102873358962 -1.4899150617593944 0.45362747754901656 -0.4137419669999387 -0.42164122231506013 1.0714635835200335
leaf_weight=2496 3871 363 168 348 89 503 394 503 343 85 79 861 184 418
leaf_count=2496 3871 363 168 348 89 503 394 503 343 85 79 861 184 418
internal_value=-2.3309e-05 -0.431027 -0.988458 0.319218 0.905333 -1.62985 1.2367 0.169695 0.484763 -0.5219 -0.446362 -0.515831 0.103858 0.927131
internal_weight=10705 4555 2059 6150 1249 866 901 4901 846 1193 1108 1029 4055 507
internal_count=10705 4555 2059 6150 1249 866 901 4901 846 1193 1108 1029 4055 507
is_linear=0
shrinkage=0.05


Tree=3
num_leaves=15
num_cat=0
split_feature=71 84 71 84 71 24 84 69 67 71 67 71 69 22
split_gain=535843 352303 338118 251167 164396 53882.7 37962.8 28929.4 26908.9 26217 22667.9 18974.4 18092.1 17787
threshold=1.0000000180025095e-35 103.50602100000002 -2.9875000000000003 42.523274000000008 2.212499999999999 248.07883750000005 287.58038500000004 -1.0000000180025095e-35 2.1362732083333338 5.2625000000000002 -8.3892958541666633 -5.2249999999999988 11.840655182291668 72.238962473958352
decision_type=2 2 2 2 2 2 2 2 2 2 2 2 2 2
left_child=1 -1 5 -2 7 11 8 -5 -4 12 -7 -3 13 -6
right_child=3 2 6 4 9 10 -8 -9 -10 -11 -12 -13 -14 -15
leaf_value=0.032520374681446633 0.038218968395271891 -2.3155979352838854 -0.31429135613292097 0.094524521624961347 1.4643387312474458 -1.3960067935709684 -1.3582826946252657 0.58146015387552408 0.38971038255095486 1.631219995953801 -0.75858352502551063 -1.6037050948693203 1.3230938511576884 0.67590596782786483
leaf_weight=3272 2412 169 1440 535 91 370 80 710 149 282 231 246 373 345
leaf_count=3272 2412 169 1440 535 91 370 80 710 149 282 231 246 373 345
internal_value=-3.1294e-05 -0.315827 -0.740184 0.396159 0.765571 -1.45888 -0.302071 0.372459 -0.248074 1.21342 -1.15267 -1.89848 1.06595 0.843439
internal_weight=10705 5957 2685 4748 2336 1016 1669 1245 1589 1091 601 415 809 436
internal_count=10705 5957 2685 4748 2336 1016 1669 1245 1589 1091 601 415 809 436
is_linear=0
shrinkage=0.05


Tree=4
num_leaves=15
num_cat=0
split_feature=71 84 71 56 84 24 71 84 71 69 84 44 24 43
split_gain=483834 383105 200974 176926 116761 37909.9 35525.9 34640.9 94425.2 41082 32922.9 27850.6 20396.6 19798.1
threshold=-0.9875000000000006 101.26607300000002 -3.3625000000000003 16.209390000000003 42.523274000000008 248.07883750000005 3.9875000000000012 42.523274000000008 2.212499999999999 -1.0000000180025095e-35 292.35207400000007 53.031250000000007 246.93019750000005 48.625000000000007
decision_type=2 2 2 2 2 2 2 2 2 2 2 2 2 2
left_child=1 -1 5 7 -5 -3 -6 -2 9 -9 11 -4 -13 -11
right_child=3 2 10 4 6 -7 -8 8 -10 13 -12 12 -14 -15
leaf_value=0.025945223449413475 0.035249568548157133 -1.8925225656479598 0.44144881073166342 0.042109336040081477 0.8406591501935774 -1.2016734669441957 1.4773080226288569 -0.085997161411950546 0.98422511102794452 1.4071773990340857 -1.6852485088868576 -0.97401524016316587 -0.40022075209950519 0.33836820679038049
leaf_weight=2496 2731 351 84 348 507 480 394 926 411 45 54 187 903 788
leaf_count=2496 2731 351 84 348 507 480 394 926 411 45 54 187 903 788
internal_value=-3.68067e-05 -0.390577 -0.895268 0.289233 0.82023 -1.4954 1.12039 0.153771 0.302848 0.143172 -0.488267 -0.431822 -0.499463 0.397725
internal_weight=10705 4555 2059 6150 1249 831 901 4901 2170 1759 1228 1174 1090 833
internal_count=10705 4555 2059 6150 1249 831 901 4901 2170 1759 1228 1174 1090 833
is_linear=0
shrinkage=0.05


Tree=5
num_leaves=15
num_cat=0
split_feature=71 84 71 84 71 24 84 69 67 69 70 67 71 16
split_gain=440000 289958 275668 206400 133082 43655.2 32144.9 24198.9 23309.3 23150.3 20118.6 18981.5 17521.6 17355.8
threshold=1.0000000180025095e-35 105.17723800000002 -2.9875000000000003 42.523274000000008 2.212499999999999 248.07883750000005 282.33339050000006 -3.4807346510416655 1.0000000180025095e-35 -1.0000000180025095e-35 11.387429605871679 -8.3892958541666633 -4.3124999999999991 277.29195150000004
decision_type=2 2 2 2 2 2 2 2 2 2 2 2 2 2
left_child=1 -1 5 -2 9 12 8 -6 -4 -5 13 -7 -3 -9
right_child=3 2 6 4 7 11 -8 10 -10 -11 -12 -13 -14 -15
leaf_value=0.026943026849943583 0.034498736138814129 -2.0404845948613022 -0.30045112195094731 0.091505691423358876 0.2387294879804055 -1.2736732093546843 -1.0805609389625748 0.75270369688302963 0.23604598600106935 0.52711510714707577 1.3436986283794825 -0.68697671375253755 -1.3635437734813118 1.731897873248694
leaf_weight=3299 2412 217 1300 535 77 369 115 351 239 710 611 227 191 52
leaf_count=3299 2412 217 1300 535 77 369 115 351 239 710 611 227 191 52
internal_value=-3.79868e-05 -0.286201 -0.674726 0.358976 0.693852 -1.32788 -0.277692 1.0968 -0.217036 0.340149 1.16166 -1.05174 -1.72769 0.883025
internal_weight=10705 5957 2658 4748 2336 1004 1654 1091 1539 1245 1014 596 408 403
internal_count=10705 5957 2658 4748 2336 1004 1654 1091 1539 1245 1014 596 408 403
is_linear=0
shrinkage=0.05


Tree=6
num_leaves=15
num_cat=0
split_feature=71 84 71 56 84 71 24 69 84 84 44 84 70 19
split_gain=397377 314940 160999 145525 100858 36513.8 30418.5 29524.2 64515.7 27432.7 24269.9 16902.2 16620.3 15703.6
threshold=-0.9875000000000006 107.46168150000001 -3.3625000000000003 12.469554000000004 42.523274000000008 4.4125000000000023 248.07883750000005 11.840655182291668 42.523274000000008 292.35207400000007 53.031250000000007 270.95899200000002 21.231464633960698 104.46489600000001
decision_type=2 2 2 2 2 2 2 2 2 2 2 2 2 2
left_child=1 -1 6 7 -5 12 -3 11 -9 10 -4 -2 13 -6
right_child=3 2 9 4 5 -7 -8 8 -10 -11 -12 -13 -14 -15
leaf_value=0.012112110854247328 0.093902505592295613 -1.7404463796740151 0.41618764861708596 0.037426226956832814 0.83540483686350753 1.3809784070478608 -1.108377494467861 0.038771406129463434 0.95474398721266418 -1.548269013491544 -0.46813472961865249 -0.3780504179976415 1.3532101623337678 0.29504246307680243
leaf_weight=2566 3694 334 83 413 391 346 466 484 318 54 1052 199 98 207
leaf_count=2566 3694 334 83 413 391 346 466 484 318 54 1052 199 98 207
internal_value=-4.43213e-05 -0.353975 -0.826032 0.26211 0.698839 0.960705 -1.37411 0.126645 0.402699 -0.456421 -0.403157 0.0696866 0.750094 0.649161
internal_weight=10705 4555 1989 6150 1455 1042 800 4695 802 1189 1135 3893 696 598
internal_count=10705 4555 1989 6150 1455 1042 800 4695 802 1189 1135 3893 696 598
is_linear=0
shrinkage=0.05


Tree=7
num_leaves=15
num_cat=0
split_feature=71 84 71 84 71 24 84 67 69 69 16 70 9 24
split_gain=361468 237836 231136 172149 110319 36947.7 27445.9 20893.8 20681.9 19367.3 17353.9 17254.3 16168 16117.2
threshold=1.0000000180025095e-35 101.26607300000002 -2.9875000000000003 42.523274000000008 2.212499999999999 257.54432450000007 282.33339050000006 1.0000000180025095e-35 -3.4807346510416655 -1.0000000180025095e-35 277.29195150000004 13.035708839423913 249.30390550000001 284.15934500000009
decision_type=2 2 2 2 2 2 2 2 2 2 2 2 2 2
left_child=1 -1 5 -2 9 11 7 -4 -6 13 12 -3 -10 -5
right_child=3 2 6 4 8 -7 -8 -9 10 -11 -12 -13 -14 -15
leaf_value=0.029920285700292228 0.029027952235909951 -0.97853095404047896 -0.26768188881806709 -0.01918251309753051 0.20504801957271038 -0.87283721160335637 -0.98609623549313385 0.23168684004480583 1.0131875785218545 0.48016502059047783 1.3913480708023886 -1.641005758047104 0.28650151888808506 0.82632564573432321
leaf_weight=3240 2412 137 1324 472 77 484 115 248 641 710 285 409 88 63
leaf_count=3240 2412 137 1324 472 77 484 115 248 641 710 285 409 88 63
internal_value=-4.12882e-05 -0.259413 -0.604324 0.325361 0.631191 -1.19416 -0.243706 -0.188804 0.998063 0.309156 1.05802 -1.47687 0.92598 0.0817379
internal_weight=10705 5957 2717 4748 2336 1030 1687 1572 1091 1245 1014 546 729 535
internal_count=10705 5957 2717 4748 2336 1030 1687 1572 1091 1245 1014 546 729 535
is_linear=0
shrinkage=0.05


Tree=8
num_leaves=15
num_cat=0
split_feature=71 84 56 71 84 39 71 69 84 25 84 47 56 84
split_gain=326676 280715 132711 98235.2 81643.6 32926.1 31472 26499.4 48739.3 25508.5 19591 19061.6 17128 16043.4
threshold=-1.1874999999999998 97.333011500000012 12.469554000000004 -3.6499999999999999 42.523274000000008 51.625000000000007 4.4125000000000023 11.840655182291668 42.523274000000008 103.12748604246853 273.02215500000005 79.756510416666671 -37.211869499999978 284.32638350000008
decision_type=2 2 2 2 2 2 2 2 2 2 2 2 2 2
left_child=1 -1 7 9 -4 -5 -6 10 -9 12 -2 13 -3 -7
right_child=2 3 4 5 6 11 -8 8 -10 -11 -12 -13 -14 -15
leaf_value=0.028963503936302006 0.067137706317071333 -1.6761250835165755 0.034123991526753071 0.79599026355971692 0.66925105247832306 -0.34345847859584949 1.2540857398673164 0.03549634883821131 0.81413432333629432 -0.60357338490218604 -0.43065599840908231 -0.90357917821705613 -1.1483847841842187 -1.2855430348795289
leaf_weight=2047 4379 278 414 46 701 614 346 496 337 131 206 285 377 48
leaf_count=2047 4379 278 414 46 701 614 346 496 337 131 206 285 377 48
internal_value=-4.04967e-05 -0.370346 0.205942 -0.829568 0.628689 -0.49822 0.863532 0.0918502 0.351102 -1.24701 0.0446832 -0.561859 -1.37459 -0.413603
internal_weight=10705 3826 6879 1779 1461 993 1047 5418 833 786 4585 947 655 662
internal_count=10705 3826 6879 1779 1461 993 1047 5418 833 786 4585 947 655 662
is_linear=0
shrinkage=0.05


Tree=9
num_leaves=15
num_cat=0
split_feature=71 84 71 84 71 24 84 67 36 67 69 24 69 71
split_gain=298771 193198 187551 146578 87814.5 31206.1 23092.3 18732.9 18030 17358.1 16118.9 14372 13289 13228.2
threshold=0.16249999999999967 105.17723800000002 -2.9875000000000003 42.523274000000008 2.212499999999999 248.07883750000005 287.58038500000004 2.1362732083333338 23.255598958333341 0.11729499999999772 -1.0000000180025095e-35 284.15934500000009 -3.4807346510416655 -4.3124999999999991
decision_type=2 2 2 2 2 2 2 2 2 2 2 2 2 2
left_child=1 -1 5 -2 10 13 7 -4 12 -7 11 -5 -6 -3
right_child=3 2 6 4 8 9 -8 -9 -10 -11 -12 -13 -14 -15
leaf_value=0.021731912227085707 0.024823383318902065 -1.6974113162504425 -0.23939674033531705 -0.017504871891624415 -0.053289719887318156 -0.93019766277004889 -1.0496715721524792 0.3406630538984553 1.0538933171031635 0.11023025536401705 0.44882974216638694 0.79371824751217523 0.75452089466056549 -1.1110501445752259
leaf_weight=3336 2379 217 1457 457 61 553 80 153 727 43 687 61 303 191
leaf_count=3336 2379 217 1457 457 61 553 80 153 727 43 687 61 303 191
internal_value=-5.10436e-05 -0.232618 -0.547473 0.299909 0.584803 -1.08839 -0.225666 -0.184096 0.90962 -0.855074 0.290206 0.0793705 0.619371 -1.4263
internal_weight=10705 6030 2694 4675 2296 1004 1690 1610 1091 596 1205 518 364 408
internal_count=10705 6030 2694 4675 2296 1004 1690 1610 1091 596 1205 518 364 408
is_linear=0
shrinkage=0.05


Tree=10
num_leaves=15
num_cat=0
split_feature=71 84 71 84 71 24 69 84 67 24 69 43 84 53
split_gain=269926 188062 152789 114456 105633 31301.2 24168 18910.9 17994.9 16523.5 16325.1 13388.1 12697.4 15974.9
threshold=-0.062499999999999993 97.333011500000012 -2.8499999999999992 42.523274000000008 2.212499999999999 248.07883750000005 -1.0000000180025095e-35 287.58038500000004 0.11729499999999772 284.15934500000009 11.840655182291668 48.625000000000007 244.74919200000002 -0.72947329433276253
decision_type=2 2 2 2 2 2 2 2 2 2 2 2 2 2
left_child=1 -1 5 -2 6 -3 9 -4 -7 -5 -6 -8 13 -12
right_child=3 2 7 4 10 8 11 -9 -10 -11 12 -13 -14 -15
leaf_value=0.027663104532136197 0.023349631498171715 -1.3428787015156325 -0.1896003243316369 -0.087963077962456365 0.68238681800777712 -0.87125952832018716 1.2222406029701234 -1.0626098269682664 0.073427663806692842 0.66383024009550562 1.6801639487763413 0.3516343100257171 0.48719923929483805 0.98624523795850871
leaf_weight=2886 2668 435 1391 611 586 584 46 64 55 82 118 792 80 307
leaf_count=2886 2668 435 1391 611 586 584 46 64 55 82 118 792 80 307
internal_value=-5.57317e-05 -0.248191 -0.562871 0.253941 0.48848 -1.01495 0.220337 -0.228704 -0.789961 0.00182206 0.864219 0.400824 1.07345 1.1824
internal_weight=10705 5415 2529 5290 2622 1074 1531 1455 639 693 1091 838 505 425
internal_count=10705 5415 2529 5290 2622 1074 1531 1455 639 693 1091 838 505 425
is_linear=0
shrinkage=0.05


Tree=11
num_leaves=15
num_cat=0
split_feature=71 84 71 56 84 84 73 84 71 44 69 32 31 24
split_gain=244647 194686 99191.7 89211.9 59731.8 21838.4 21225.9 20937.2 47876.8 19814.7 17738.3 16980.2 16655.4 14359
threshold=-0.9875000000000006 107.46168150000001 -3.6499999999999999 17.861913499999996 42.523274000000008 292.35207400000007 -7.6249999999999991 42.523274000000008 1.4500000000000013 53.031250000000007 -15.137669088541662 29.137500000000003 21.012500000000003 245.28664100000003
decision_type=2 2 2 2 2 2 2 2 2 2 2 2 2 2
left_child=1 -1 10 7 -5 9 -6 -2 11 -4 -3 -9 -10 -11
right_child=3 2 5 4 6 -7 -8 8 12 13 -12 -13 -14 -15
leaf_value=0.010083634993710846 0.02087749183405695 -1.3914747058227659 0.41080149663889431 0.030876676384751146 1.0740322694067637 -1.3174665959204659 0.56784231579132216 0.026084286721028183 0.20209187510689453 -0.7892053362143201 -0.89029169518696172 0.95479017462143134 0.70237760743442568 -0.30578890483961291
leaf_weight=2566 2747 319 83 332 421 58 416 1411 244 184 418 50 529 927
leaf_count=2566 2747 319 83 332 421 58 416 1411 244 184 418 50 529 927
internal_value=-4.05971e-05 -0.277748 -0.648896 0.205655 0.598559 -0.377493 0.823427 0.113342 0.226979 -0.330768 -1.10881 0.0584988 0.544926 -0.386488
internal_weight=10705 4555 1989 6150 1169 1252 837 4981 2234 1194 737 1461 773 1111
internal_count=10705 4555 1989 6150 1169 1252 837 4981 2234 1194 737 1461 773 1111
is_linear=0
shrinkage=0.05


Tree=12
num_leaves=15
num_cat=0
split_feature=56 56 84 56 84 71 84 69 52 71 19 47 22 36
split_gain=223191 115807 86020.7 63930 53866.5 32300.5 34030.9 31790.9 31344.7 34269.3 30039.2 27096 31443.2 19206.8
threshold=-9.1773025000000015 12.469554000000004 90.290784500000015 -25.228240999999993 42.523274000000008 0.4124999999999997 42.523274000000008 -1.0000000180025095e-35 0.72947329433276253 -2.5999999999999992 205.72067600000003 71.131510416666671 144.3220852135417 24.593229166666671
decision_type=2 2 2 2 2 2 2 2 2 2 2 2 2 2
left_child=2 5 -1 10 -3 8 -7 -8 -2 -10 -4 12 -6 -13
right_child=1 4 3 -5 11 6 7 -9 9 -11 -12 13 -14 -15
leaf_value=0.037637180951210339 0.026315783198359317 0.028597779256793174 -1.1458783570158635 -0.36995518061789634 1.3671725506326593 0.019986242903322377 0.043759936483523915 0.58378422815863673 -0.75031380655335178 -0.13185797754343753 0.26208088172645105 0.59326686044915489 0.42778654768534585 -0.31405329167842866
leaf_weight=544 3010 415 617 689 250 1884 456 677 285 1036 40 598 140 64
leaf_count=544 3010 415 617 689 250 1884 456 677 285 1036 40 598 140 64
internal_value=-4.18109e-05 0.105685 -0.492948 -0.707258 0.511123 0.0246821 0.150258 0.36667 -0.0628092 -0.265754 -1.05989 0.701265 1.03191 0.505209
internal_weight=10705 8815 1890 1346 1467 7348 3017 1133 4331 1321 657 1052 390 662
internal_count=10705 8815 1890 1346 1467 7348 3017 1133 4331 1321 657 1052 390 662
is_linear=0
shrinkage=0.05


Tree=13
num_leaves=15
num_cat=0
split_feature=71 84 56 84 24 84 43 56 71 71 84 70 31 46
split_gain=202287 187273 94478.1 48523.3 40603.2 34500.7 21332.5 19510.2 19112.8 18487.3 33008.3 18290.3 17257.1 16282.9
threshold=-2.1874999999999996 81.513918500000003 17.861913499999996 42.523274000000008 273.57706450000006 273.90393550000005 47.125000000000007 -37.211869499999978 3.837499999999999 0.4124999999999997 42.523274000000008 16.669096937163683 21.012500000000003 60.359375000000007
decision_type=2 2 2 2 2 2 2 2 2 2 2 2 2 2
left_child=1 -1 5 -4 7 6 11 -3 13 -8 -11 -2 -12 -5
right_child=2 4 3 8 -6 -7 9 -9 -10 10 12 -13 -14 -15
leaf_value=0.035411628719937104 0.3119575493585538 -1.2935014029024501 0.027930797547280437 -0.14477054197818806 -0.30549933749881969 -0.49308712355311735 -0.021879661026188234 -0.81111997967023308 0.99511608487668546 0.019124960890131062 0.086720660226487223 1.4607467804817444 0.48410093046794017 0.65273604893150772
leaf_weight=1337 135 310 333 77 309 276 3275 681 394 1938 412 46 813 369
leaf_count=1337 135 310 333 77 309 276 3275 681 394 1938 412 46 813 369
internal_value=-3.65506e-05 -0.380131 0.124228 0.538859 -0.8072 0.0536217 0.0764895 -0.963168 0.741131 0.0613883 0.147584 0.610337 0.350631 0.515034
internal_weight=10705 2637 8068 1173 1300 6895 6619 991 840 6438 3163 181 1225 446
internal_count=10705 2637 8068 1173 1300 6895 6619 991 840 6438 3163 181 1225 446
is_linear=0
shrinkage=0.05


Tree=14
num_leaves=15
num_cat=0
split_feature=56 56 84 71 84 69 84 46 47 22 70 84 49 36
split_gain=183111 94726 70807.1 54729.3 43950.6 27853.8 32863.4 26613.6 24406.3 28708.4 18580.6 40924.4 25948.1 18124.8
threshold=-9.1773025000000015 12.126064000000001 90.290784500000015 -3.9875000000000003 42.523274000000008 5.8223991614583346 42.523274000000008 55.869791666666679 71.131510416666671 144.3220852135417 8.1032710679429751 90.922290000000018 4.5000000000000009 24.593229166666671
decision_type=2 2 2 2 2 2 2 2 2 2 2 2 2 2
left_child=2 5 -1 -4 -3 10 -7 -5 9 -6 -2 -12 -13 -10
right_child=1 4 3 7 8 6 -8 -9 13 -11 11 12 -14 -15
leaf_value=0.034892448591529783 0.04388900987784089 0.025858366305468661 -0.98413894727515672 0.73589507453846492 1.2617137603785682 0.023066473991792895 0.46769827532773728 -0.42891324800744074 0.53135592040514235 0.3679250154276969 0.027559577122701868 -0.32214248420982944 -1.288654048819291 -0.33690230555053968
leaf_weight=544 3272 420 623 52 252 1069 679 671 609 141 1404 828 75 66
leaf_count=544 3272 420 623 52 252 1069 679 671 609 141 1404 828 75 66
internal_value=-3.00352e-05 0.0957341 -0.446491 -0.640928 0.459302 0.0218466 0.19595 -0.344237 0.629573 0.942789 -0.0327283 -0.141366 -0.403754 0.446087
internal_weight=10705 8815 1890 1346 1488 7327 1748 723 1068 393 5579 2307 903 675
internal_count=10705 8815 1890 1346 1488 7327 1748 723 1068 393 5579 2307 903 675
is_linear=0
shrinkage=0.05


Tree=15
num_leaves=15
num_cat=0
split_feature=71 84 71 12 84 71 32 84 9 45 69 84 79 24
split_gain=168821 137503 68135.1 64814.1 30221.3 60626.8 22692.8 21356.5 17387.1 17301.7 15844.7 15615.2 15468.7 15385.5
threshold=-0.9875000000000006 107.46168150000001 -3.9875000000000003 274.50906300000003 42.523274000000008 1.8125000000000002 28.137500000000003 299.97504500000008 249.30390550000001 53.552083333333336 -5.6817130104166624 272.64255600000007 -0.93540483100319605 248.07883750000005
decision_type=2 2 2 2 2 2 2 2 2 2 2 2 2 2
left_child=1 -1 13 4 -2 10 12 9 -7 -4 -6 -12 -5 -3
right_child=3 2 7 6 5 8 -8 -9 -10 -11 11 -13 -14 -15
leaf_value=0.01117519429240145 0.017636953372986045 -1.2273884729444238 0.44996259670603922 -0.11021321296071014 -0.22559330281692669 0.63556652842175276 1.1306836874077437 -1.4145614721558311 0.069412259706928409 -0.33872889629975367 0.20636225134676095 -0.38481670677363877 0.68745489890638156 -0.74152692533180486
leaf_weight=2566 3079 287 73 89 384 868 202 43 161 1191 1054 124 189 395
leaf_count=2566 3079 287 73 89 384 868 202 43 161 1191 1054 124 189 395
internal_value=-2.77905e-05 -0.230719 -0.542634 0.170843 0.123546 0.249348 0.728121 -0.330817 0.547138 -0.29286 0.0529473 0.143859 0.432607 -0.947485
internal_weight=10705 4555 1989 6150 5670 2591 480 1307 1029 1264 1562 1178 278 682
internal_count=10705 4555 1989 6150 5670 2591 480 1307 1029 1264 1562 1178 278 682
is_linear=0
shrinkage=0.05


Tree=16
num_leaves=15
num_cat=0
split_feature=71 84 56 84 24 84 43 25 69 73 58 71 84 31
split_gain=153323 142988 71319.7 36203.8 28992.6 28725.5 18188 16784.4 16628.4 16577.5 15993.2 14619.5 24707 13775.6
threshold=-2.3625000000000003 81.513918500000003 17.861913499999996 42.523274000000008 248.07883750000005 273.90393550000005 47.125000000000007 105.41539964256184 1.421810458333332 -5.8749999999999991 -16.000932500000001 0.20000000000000109 42.523274000000008 21.012500000000003
decision_type=2 2 2 2 2 2 2 2 2 2 2 2 2 2
left_child=1 -1 5 -4 -3 6 7 -2 10 -5 -6 -8 -13 -14
right_child=2 4 3 9 8 -7 11 -9 -10 -11 -12 12 13 -15
leaf_value=0.031575099553994623 0.087211478088283917 -1.0346051854247689 0.024371151229043209 0.83280613575159268 -0.97171284632838306 -0.44617151494717577 -0.024330590021744467 1.0383770142282758 -0.0032243335068225863 0.38230591456604468 -0.45278529586084626 0.01570109040400346 0.067609985661587574 0.41143083165569555
leaf_weight=1275 95 464 333 480 229 285 3219 90 124 360 430 2020 441 860
leaf_count=1275 95 464 333 480 229 285 3219 90 124 360 430 2020 441 860
internal_value=-3.21662e-05 -0.340804 0.105023 0.4657 -0.721265 0.0446117 0.0654739 0.553036 -0.534499 0.640419 -0.63431 0.0515996 0.125183 0.295027
internal_weight=10705 2522 8183 1173 1247 7010 6725 185 783 840 659 6540 3321 1301
internal_count=10705 2522 8183 1173 1247 7010 6725 185 783 840 659 6540 3321 1301
is_linear=0
shrinkage=0.05


Tree=17
num_leaves=15
num_cat=0
split_feature=71 84 12 71 39 71 84 73 31 67 49 24 84 79
split_gain=139366 123587 54925.9 43620.9 23812.1 22646.2 50665.9 22235.1 21990.3 16461.1 16209.1 13789 13224.7 13090.7
threshold=-1.1874999999999998 90.290784500000015 272.35636400000004 -3.9875000000000003 51.625000000000007 1.1125000000000009 42.523274000000008 -5.6249999999999991 21.262500000000003 -0.58649964583333214 3.5000000000000004 248.07883750000005 295.90254450000003 -0.93540483100319605
decision_type=2 2 2 2 2 2 2 2 2 2 2 2 2 2
left_child=1 -1 5 11 -5 -2 -7 8 -4 -8 13 -3 -6 -9
right_child=2 3 7 4 12 6 9 10 -10 -11 -12 -13 -14 -15
leaf_value=0.028804103179320167 -0.0015433458054068549 -1.0920174487367753 0.23508975230552981 0.75260229287669067 -0.34870995890093531 0.016736878171452328 -0.016071157799118517 -0.45593975012501081 1.0746831523894353 0.51173750449335953 1.002536810989733 -0.65014796464075886 -1.2179114515366762 0.33907505523551396
leaf_weight=2006 3274 309 112 47 990 1747 172 83 261 1043 53 429 45 134
leaf_count=2006 3274 309 112 47 990 1747 172 83 261 1043 53 429 45 134
internal_value=-3.07515e-05 -0.2419 0.134509 -0.540121 -0.337461 0.0890934 0.189244 0.574139 0.823883 0.437067 0.227355 -0.836386 -0.38764 0.0342945
internal_weight=10705 3826 6879 1820 1082 6236 2962 643 373 1215 270 738 1035 217
internal_count=10705 3826 6879 1820 1082 6236 2962 643 373 1215 270 738 1035 217
is_linear=0
shrinkage=0.05


Tree=18
num_leaves=15
num_cat=0
split_feature=56 71 84 84 84 71 25 69 84 71 66 83 69 31
split_gain=126173 74688.1 74782.1 58102.6 22460.3 22098.9 15377.6 15370.6 25788.3 33083.5 14557.2 14124.5 13980.4 13348.5
threshold=-23.553458499999994 1.1125000000000009 42.523274000000008 115.95147100000001 275.36804450000005 3.837499999999999 103.88651708931739 0.50978088020833356 87.746388500000009 -2.0999999999999992 1.9884283018599305 246.65161950000001 -0.18351217708333298 20.262500000000003
decision_type=2 2 2 2 2 2 2 2 2 2 2 2 2 2
left_child=3 4 -3 -1 7 12 -5 8 -2 10 -10 -11 -4 -7
right_child=1 2 5 6 -6 13 -8 -9 9 11 -12 -13 -14 -15
leaf_value=-0.069723019983431847 0.02686086003860734 0.015900513230134611 0.070573255734737314 -0.93073860366495131 -0.45930957270268435 0.2859017231625815 -0.17676830972674529 0.091616001708770295 -0.83155477187081961 -0.20742740226691492 -0.24735046162373489 0.15968382435691658 0.46630793171600582 0.89174074499957978
leaf_weight=416 2350 1747 305 535 312 119 78 1921 267 864 179 375 835 402
leaf_count=416 2350 1747 305 535 312 119 78 1921 267 864 179 375 835 402
internal_value=-2.83787e-05 0.0559689 0.244325 -0.526131 -0.0464654 0.484422 -0.835245 -0.0247654 -0.0801817 -0.229397 -0.598165 -0.0962771 0.360586 0.754176
internal_weight=10705 9676 3408 1029 6268 1661 613 5956 4035 1685 446 1239 1140 521
internal_count=10705 9676 3408 1029 6268 1661 613 5956 4035 1685 446 1239 1140 521
is_linear=0
shrinkage=0.05


Tree=19
num_leaves=15
num_cat=0
split_feature=71 84 71 12 84 71 32 84 29 9 69 79 54 69
split_gain=114729 95397.9 46642.5 45999.6 20272.9 42622.1 17784.5 17340.6 17929.6 15796.2 14496.1 12578.1 12159.5 11665.7
threshold=-0.9875000000000006 107.46168150000001 -4.4750000000000005 274.50906300000003 42.523274000000008 2.0124999999999997 28.137500000000003 299.97504500000008 19.012500000000003 251.74328650000004 -6.0566992656249985 -0.9103761370219875 1.0000000180025095e-35 -15.479756260416666
decision_type=2 2 2 2 2 2 2 2 2 2 2 2 2 2
left_child=1 -1 13 4 -2 10 11 8 12 -7 -6 -5 -4 -3
right_child=3 2 7 6 5 9 -8 -9 -10 -11 -12 -13 -14 -15
leaf_value=0.011275297809097617 0.014242674795934907 -1.1325241086343263 -0.81768208293882627 -0.10635563673056436 -0.21695519927087137 0.5831143880942411 0.96658283075033291 -1.2287783739518146 -0.16773313532507714 -0.098680359186585423 0.13837229811368562 0.59596588891848545 -0.21580308895584543 -0.6515443059470919
leaf_weight=2566 3079 218 212 98 359 720 202 48 1057 96 1416 180 140 314
leaf_count=2566 3079 218 212 98 359 720 202 48 1057 96 1416 180 140 314
internal_value=-3.12291e-05 -0.190207 -0.450013 0.14083 0.100986 0.204021 0.610305 -0.303338 -0.270962 0.502881 0.0664244 0.348891 -0.579588 -0.850393
internal_weight=10705 4555 1989 6150 5670 2591 480 1457 1409 816 1775 278 352 532
internal_count=10705 4555 1989 6150 5670 2591 480 1457 1409 816 1775 278 352 532
is_linear=0
shrinkage=0.05


Tree=20
num_leaves=15
num_cat=0
split_feature=71 84 56 69 84 71 43 25 71 84 46 47 69 54
split_gain=104275 96429.2 43076.8 28970.8 24822.5 18983.2 15065.3 15952.4 13693.9 13526.8 13472.3 13216.3 14188.1 10385.9
threshold=-1.7375000000000005 90.290784500000015 18.240221500000022 0.96902710937499925 42.523274000000008 -4.737499999999998 47.125000000000007 105.44105271275394 4.012500000000002 282.33339050000006 60.359375000000007 72.708333333333357 -5.0450263385416667 1.0000000180025095e-35
decision_type=2 2 2 2 2 2 2 2 2 2 2 2 2 2
left_child=1 -1 6 5 -4 -3 7 -2 10 -8 -6 12 -7 -13
right_child=2 3 4 -5 8 11 9 -9 -10 -11 -12 13 -14 -15
leaf_value=0.025276245910380454 0.12870618535534425 -0.84723260411334866 0.020613693006067392 0.0039922752142190305 -0.22988869705823839 0.59652113621604863 0.049151638414649 1.1343912703715837 0.77571861625414851 -0.60139198625161328 0.47843582458243106 -0.73084168367799418 -0.5142947496911674 -0.36073763103403872
leaf_weight=1761 101 491 331 234 80 57 5940 64 341 80 400 355 56 414
leaf_count=1761 101 491 331 234 80 57 5940 64 341 80 400 355 56 414
internal_value=-4.05335e-05 -0.230325 0.105687 -0.510263 0.386272 -0.597846 0.0533722 0.523274 0.533489 0.0404081 0.360149 -0.458213 0.0463458 -0.532319
internal_weight=10705 3368 7337 1607 1152 1373 6185 165 821 6020 480 882 113 769
internal_count=10705 3368 7337 1607 1152 1373 6185 165 821 6020 480 882 113 769
is_linear=0
shrinkage=0.05


Tree=21
num_leaves=15
num_cat=0
split_feature=71 84 71 84 71 84 47 57 12 24 37 37 9 32
split_gain=96209.8 66631.2 56824.9 49188.9 30747.3 14103.3 14214.5 11298.6 11159 18324.8 17287.2 10204.3 10601.7 10049.3
threshold=0.16249999999999967 105.17723800000002 -3.3625000000000003 42.523274000000008 2.2375000000000012 292.35207400000007 79.141927083333357 0.689827914331132 280.08090150000004 278.64649100000008 56.875000000000007 40.875000000000007 250.49878250000003 28.275000000000002
decision_type=2 2 2 2 2 2 2 2 2 2 2 2 2 2
left_child=1 -1 7 -2 13 6 8 -3 9 -4 -11 -6 -13 -5
right_child=3 2 5 4 11 -7 -8 -9 -10 10 -12 12 -14 -15
leaf_value=0.017358063926853594 0.010824508686714314 -1.4004451478719711 -0.13924350269595417 0.12079440831954205 1.2959425290425619 -0.88464992967518885 -0.34864993797998417 -0.61840941459994381 -0.81982437186253565 1.1229839163568787 0.13967877403884532 0.57676062780804482 0.17903973598138623 0.67305483895071438
leaf_weight=3336 2379 49 873 1121 41 65 564 759 44 52 288 835 211 88
leaf_count=3336 2379 49 873 1121 41 65 564 759 44 52 288 835 211 88
internal_value=-3.88414e-05 -0.132013 -0.316918 0.170178 0.335216 -0.166444 -0.140336 -0.667507 -0.0466658 -0.0179683 0.292919 0.528086 0.49678 0.161515
internal_weight=10705 6030 2694 4675 2296 1886 1821 808 1257 1213 340 1087 1046 1209
internal_count=10705 6030 2694 4675 2296 1886 1821 808 1257 1213 340 1087 1046 1209
is_linear=0
shrinkage=0.05


Tree=22
num_leaves=15
num_cat=0
split_feature=71 84 71 84 71 24 67 46 70 31 71 84 32 44
split_gain=86862.5 60189.2 55405 44410.8 27759.2 14700.1 11923.2 11914.4 9639.92 9468.87 12865.3 9101.43 9082.4 10843.4
threshold=0.16249999999999967 94.942058500000016 -2.8499999999999992 42.523274000000008 2.2375000000000012 248.07883750000005 3.1851879791666664 89.151041666666671 7.8207851708806606 20.212500000000002 5.7750000000000012 287.58038500000004 28.275000000000002 84.843750000000014
decision_type=2 2 2 2 2 2 2 2 2 2 2 2 2 2
left_child=1 -1 5 -2 12 -3 11 8 -7 -6 -11 -4 13 -5
right_child=3 2 6 4 9 7 -8 -9 -10 10 -12 -13 -14 -15
leaf_value=0.024615653878041446 0.010283510666497115 -0.79815668093564862 -0.13284092433317832 0.044527725452988436 0.16712458707579522 0.089150274470996327 0.30075773090825647 -1.1265442635525358 -0.44633539529494581 0.4714303581436079 0.94177943308149337 -0.68334749464087097 0.63978021656780437 0.45903385175293998
leaf_weight=3170 2379 436 1547 932 178 101 153 54 491 726 183 78 88 189
leaf_count=3170 2379 436 1547 932 178 101 153 54 491 726 183 78 88 189
internal_value=-3.72486e-05 -0.125436 -0.291703 0.1617 0.318517 -0.573646 -0.119902 -0.421118 -0.354981 0.501776 0.567052 -0.159669 0.153472 0.11476
internal_weight=10705 6030 2860 4675 2296 1082 1778 646 592 1087 909 1625 1209 1121
internal_count=10705 6030 2860 4675 2296 1082 1778 646 592 1087 909 1625 1209 1121
is_linear=0
shrinkage=0.05


Tree=23
num_leaves=15
num_cat=0
split_feature=56 71 84 84 84 69 54 21 25 43 69 84 71 66
split_gain=79122.9 46972.1 47777.1 37522.6 16221.7 14475.1 15317.9 11271.3 11174.2 10705.9 10514.9 21190.6 18469.5 10231.1
threshold=-23.553458499999994 1.1125000000000009 42.523274000000008 118.61266000000002 275.36804450000005 -1.2722573854166674 0.87837969732492682 96.94079758253001 103.88651708931739 51.375000000000007 0.50978088020833356 87.746388500000009 -2.0999999999999992 1.9884283018599305
decision_type=2 2 2 2 2 2 2 2 2 2 2 2 2 2
left_child=3 4 -3 -1 7 6 -4 10 -5 -7 11 -2 13 -13
right_child=1 2 5 8 -6 9 -8 -9 -10 -11 -12 12 -14 -15
leaf_value=-0.068414030608386814 0.020998388759238051 0.011102805827324464 -0.11781044789303692 -0.76038825988082348 -0.38777987295374894 0.78679943591356283 0.81761406803572623 0.43664455039608746 -0.097930029155434792 0.39372144354578664 0.069258015385764787 -0.68421358682576627 -0.11138245703151384 -0.18509466219583207
leaf_weight=442 2350 1747 230 514 312 204 53 132 73 1174 1858 267 1181 168
leaf_count=442 2350 1747 230 514 312 204 53 132 73 1174 1858 267 1181 168
internal_value=-3.55666e-05 0.0443085 0.193682 -0.416655 -0.0369258 0.385592 0.0596371 -0.0184846 -0.678311 0.452441 -0.0288732 -0.0748518 -0.214165 -0.492317
internal_weight=10705 9676 3408 1029 6268 1661 283 5956 587 1378 5824 3966 1616 435
internal_count=10705 9676 3408 1029 6268 1661 283 5956 587 1378 5824 3966 1616 435
is_linear=0
shrinkage=0.05


Tree=24
num_leaves=15
num_cat=0
split_feature=71 84 71 12 32 36 22 31 69 84 84 22 57 47
split_gain=71651.1 59641.5 31752.7 31679.8 15998.2 14841.3 13485.9 13959.2 13032.6 25509.9 12371.1 11364 10571.6 9745.44
threshold=-0.9875000000000006 87.746388500000009 -3.9875000000000003 272.35636400000004 28.237500000000004 24.714192708333339 149.2937468697917 21.262500000000003 11.840655182291668 42.523274000000008 292.35207400000007 133.23735208854171 0.689827914331132 68.756510416666671
decision_type=2 2 2 2 2 2 2 2 2 2 2 2 2 2
left_child=1 -1 12 8 6 10 7 -5 -2 -10 13 -11 -3 -4
right_child=3 2 5 4 -6 -7 -8 -9 9 11 -12 -13 -14 -15
leaf_value=0.022495051393671524 0.031978101169287947 -1.3530450248718262 -0.96950083331363968 0.0096477944452267195 0.78068861712155679 0.42724039413680492 -0.56222559481859213 0.6593024237619507 0.01755910507148371 1.2734514224820022 -0.94561349441607789 0.4049250447725305 -0.55679181964290769 -0.18538350819871763
leaf_weight=2382 4278 44 40 153 231 87 44 179 715 40 59 510 694 1249
leaf_count=2382 4278 44 40 153 231 87 44 179 715 40 59 510 694 1249
internal_value=-3.32135e-05 -0.150323 -0.339685 0.111285 0.453914 -0.202381 0.251618 0.360841 0.0736895 0.214613 -0.243303 0.470287 -0.606032 -0.210449
internal_weight=10705 4555 2173 6150 607 1435 376 332 5543 1265 1348 550 738 1289
internal_count=10705 4555 2173 6150 607 1435 376 332 5543 1265 1348 550 738 1289
is_linear=0
shrinkage=0.05


Tree=25
num_leaves=15
num_cat=0
split_feature=71 84 71 84 71 84 26 73 27 57 66 84 58 47
split_gain=65287.9 45274 39673.5 34484.6 21141.4 14148.2 14030.1 14925.2 16414.3 11452.6 13620.5 10713.1 9299.91 8426.49
threshold=0.20000000000000109 105.17723800000002 -4.4750000000000005 42.523274000000008 2.4875000000000012 299.97504500000008 19.012500000000003 10.875000000000002 26.012500000000003 0.98141788124940466 1.8384426005994599 169.27523600000004 -49.971406499999986 63.057291666666679
decision_type=2 2 2 2 2 2 2 2 2 2 2 2 2 2
left_child=1 -1 12 -2 -5 6 11 9 -9 -8 -11 -4 -3 -6
right_child=3 2 5 4 13 -7 7 8 -10 10 -12 -13 -14 -15
leaf_value=0.014794441670951076 0.0073538236041108089 -1.3536832415780358 -0.92343697257070656 0.14454964724092428 0.97878018768740371 -1.0046124363432127 -0.081121937858622206 -0.1901279188141238 -0.98007129686089556 0.87010685039891134 0.078279909982675935 -0.27877999692590855 -0.58056467757588315 0.41102184907187223
leaf_weight=3354 2364 42 82 1273 70 48 1035 336 81 71 222 296 498 933
leaf_count=3354 2364 42 82 1273 70 48 1035 336 81 71 222 296 498 933
internal_value=-3.59672e-05 -0.108032 -0.25994 0.14112 0.279993 -0.164386 -0.144925 -0.0849812 -0.345548 -0.00296329 0.272463 -0.420694 -0.643087 0.451581
internal_weight=10705 6065 2711 4640 2276 2171 2123 1745 417 1328 293 378 540 1003
internal_count=10705 6065 2711 4640 2276 2171 2123 1745 417 1328 293 378 540 1003
is_linear=0
shrinkage=0.05


Tree=26
num_leaves=15
num_cat=0
split_feature=56 71 84 84 84 62 71 19 54 31 84 69 49 73
split_gain=59634.9 35743.4 38024.1 28968.3 13807.3 10680 10323.1 10153.9 9419.77 9412.99 9385.79 17981.3 15962.6 15260.7
threshold=-23.553458499999994 1.4000000000000006 42.523274000000008 118.61266000000002 275.36804450000005 226.92036650000003 3.837499999999999 205.15531050000001 1.0000000180025095e-35 20.262500000000003 104.15578250000002 0.53624460416666653 4.5000000000000009 11.875000000000002
decision_type=2 2 2 2 2 2 2 2 2 2 2 2 2 2
left_child=3 4 -3 -1 5 10 8 -5 -4 -8 -2 12 13 -12
right_child=1 2 6 7 -6 -7 9 -9 -10 -11 11 -13 -14 -15
leaf_value=-0.05576893926995468 0.019829804391439498 0.0090263223276660972 0.38473315448158935 -0.65219035224552613 -0.34944104173162488 0.28309204031511681 0.14256651400898895 0.11918418683270192 0.07501067380976599 0.65009272903083792 -0.097300495021619596 0.10387873658740805 -0.89382597575952971 -0.55599713152343477
leaf_weight=442 3772 1664 613 541 319 290 119 46 410 402 1134 658 80 215
leaf_count=442 3772 1664 613 541 319 290 119 46 410 402 1134 658 80 215
internal_value=-4.76545e-05 0.03845 0.174877 -0.361739 -0.0292315 -0.0125655 0.353496 -0.591642 0.260796 0.534665 -0.0272453 -0.112297 -0.21184 -0.170764
internal_weight=10705 9676 3208 1029 6468 6149 1544 587 1023 521 5859 2087 1429 1349
internal_count=10705 9676 3208 1029 6468 6149 1544 587 1023 521 5859 2087 1429 1349
is_linear=0
shrinkage=0.05


Tree=27
num_leaves=15
num_cat=0
split_feature=71 84 71 84 69 68 84 43 84 70 44 25 83 45
split_gain=53888.5 39492.6 31494.8 24741.6 23936.7 16446.9 15875.4 13911 11335.3 11243.5 10155.6 12374.1 11067.8 9652.99
threshold=-0.062499999999999993 87.746388500000009 -3.9875000000000003 42.523274000000008 -0.12570920833333388 11.137614778014253 274.29007000000007 47.625000000000007 299.97504500000008 7.707720604428558 53.906250000000007 105.41539964256184 246.65161950000001 88.343750000000014
decision_type=2 2 2 2 2 2 2 2 2 2 2 2 2 2
left_child=1 -1 -3 -2 5 9 7 -6 10 -5 11 -4 -12 -14
right_child=3 2 8 4 6 -7 -8 -9 -10 -11 12 -13 13 -15
leaf_value=0.01905016862102725 0.0062312600576628404 -0.52746905849456371 -0.081333990969283926 0.1279846513847662 0.82824669423662911 0.83512268304824833 -0.398471233223195 0.31236720063955425 -0.93490049839019784 -0.25322115694140906 -0.25231624763786542 0.94314635278036207 0.06805241018267047 -0.66253257421206457
leaf_weight=2811 2668 738 76 392 142 54 72 1582 43 380 1068 47 584 48
leaf_count=2811 2668 738 76 392 142 54 72 1582 43 380 1068 47 584 48
internal_value=-4.90879e-05 -0.110919 -0.251173 0.11344 0.222486 -0.000299329 0.32489 0.355314 -0.141675 -0.0597404 -0.122462 0.314583 -0.15425 0.0116059
internal_weight=10705 5415 2604 5290 2622 826 1796 1724 1866 772 1823 123 1700 632
internal_count=10705 5415 2604 5290 2622 826 1796 1724 1866 772 1823 123 1700 632
is_linear=0
shrinkage=0.05


Tree=28
num_leaves=15
num_cat=0
split_feature=56 71 84 84 84 62 47 22 68 84 69 49 73 43
split_gain=49315.1 29533.2 31397.8 24402.8 11825.7 9465.8 9362.22 8820.54 8470.77 7906.66 14774.9 14252.5 13082.6 11890.2
threshold=-23.553458499999994 1.4000000000000006 42.523274000000008 118.61266000000002 275.36804450000005 226.92036650000003 63.057291666666679 140.30559494791669 17.440646893457735 104.15578250000002 0.53624460416666653 4.5000000000000009 11.875000000000002 48.625000000000007
decision_type=2 2 2 2 2 2 2 2 2 2 2 2 2 2
left_child=3 4 -3 -1 5 9 -4 -5 -8 -2 11 12 -11 -12
right_child=1 2 6 7 -6 -7 8 -9 -10 10 13 -13 -14 -15
leaf_value=-0.048138722927050986 0.01825064770201517 0.0082639012716195972 0.82916074811026119 -0.59573697936215175 -0.32290123473620042 0.26720823475777389 0.26555195199097675 0.13010789350323057 0.86398925185203557 -0.086428569413184109 0.76400287389755261 -0.83765126069386808 -0.51112448175230785 0.025676958878835046
leaf_weight=442 3772 1664 85 542 319 290 1398 45 61 1134 59 80 215 599
leaf_count=442 3772 1664 85 542 319 290 1398 45 61 1134 59 80 215 599
internal_value=-4.64936e-05 0.0349621 0.158972 -0.328957 -0.0265596 -0.0111358 0.321283 -0.539966 0.291147 -0.0249561 -0.103019 -0.193251 -0.154444 0.0929383
internal_weight=10705 9676 3208 1029 6468 6149 1544 587 1459 5859 2087 1429 1349 658
internal_count=10705 9676 3208 1029 6468 6149 1544 587 1459 5859 2087 1429 1349 658
is_linear=0
shrinkage=0.05


Tree=29
num_leaves=15
num_cat=0
split_feature=71 84 12 36 67 47 22 36 37 70 84 83 84 33
split_gain=44798.8 42401.2 21749.9 18941.7 15185.6 14148.8 13667.2 13621.4 11381.1 13380.1 10804.4 13006.7 10613.5 9774.35
threshold=-1.6125000000000005 75.408333500000012 272.35636400000004 24.714192708333339 -10.019770395833328 64.023437500000014 148.5701428385417 23.030078125000003 56.375000000000007 18.044551323038437 269.67323000000005 243.76816550000004 252.40251800000001 19.065625000000004
decision_type=2 2 2 2 2 2 2 2 2 2 2 2 2 2
left_child=1 -1 10 4 -3 -4 7 -7 -9 -10 11 -2 -13 -6
right_child=2 3 5 -5 13 6 -8 8 9 -11 -12 12 -14 -15
leaf_value=0.020891804663931143 0.025079501165976986 -0.537399781744475 0.97158591083333468 0.67068142424459043 -0.45263929137693987 -0.081794478866591386 -0.35524297595212734 0.82282793696015433 -0.019513181425158829 0.81429318939654594 -0.24305949067371704 0.35945970422795254 0.037387011385637152 -0.10920703703252484
leaf_weight=1771 5264 687 78 45 314 133 78 161 141 72 314 584 455 608
leaf_count=1771 5264 687 78 45 314 133 78 161 141 72 314 584 455 608
internal_value=-4.05718e-05 -0.149138 0.0701159 -0.331099 -0.359515 0.342924 0.257587 0.352382 0.506588 0.264825 0.0427338 0.0570076 0.218589 -0.226531
internal_weight=10705 3425 7280 1654 1609 663 585 507 374 213 6617 6303 1039 922
internal_count=10705 3425 7280 1654 1609 663 585 507 374 213 6617 6303 1039 922
is_linear=0
shrinkage=0.05


Tree=30
num_leaves=15
num_cat=0
split_feature=71 84 84 71 24 71 73 57 66 49 24 43 46 84
split_gain=41215 25272.2 25154.4 30423.4 14214.1 11108.8 10634 10527.7 14116.2 8350.26 9050.58 8209.52 10239 10814.9
threshold=0.95000000000000118 42.523274000000008 94.942058500000016 -2.3625000000000003 273.57706450000006 3.837499999999999 17.875000000000004 0.98041328011523976 1.3769630923293046 3.5000000000000004 219.74102000000002 45.625000000000007 81.505208333333357 254.523042
decision_type=2 2 2 2 2 2 2 2 2 2 2 2 2 2
left_child=2 -2 -1 4 9 11 7 -5 -9 10 -4 -3 -13 -14
right_child=1 5 3 6 -6 -7 -8 8 -10 -11 -12 12 13 -15
leaf_value=0.016351814260081143 0.0049988342995985662 0.78930640408286346 -0.65011457261879269 -0.10923167760118094 -0.057489250250426782 0.45477549510711796 -0.74007013159042057 0.9259792110267675 0.067127302589054888 -0.70337913593728896 -0.25289043523983179 0.065758692078825717 0.48239803600098408 -0.15087595565044987
leaf_weight=3552 2033 53 204 1361 279 521 54 52 494 263 486 921 349 83
leaf_count=3552 2033 53 204 1361 279 521 54 52 494 263 486 921 349 83
internal_value=-2.95605e-05 0.127992 -0.0751993 -0.177017 -0.37163 0.257682 -0.0546241 -0.0348368 0.150466 -0.463442 -0.371101 0.184377 0.160115 0.36066
internal_weight=10705 3960 6745 3193 1232 1927 1961 1907 546 953 690 1406 1353 432
internal_count=10705 3960 6745 3193 1232 1927 1961 1907 546 953 690 1406 1353 432
is_linear=0
shrinkage=0.05


Tree=31
num_leaves=15
num_cat=0
split_feature=71 84 84 73 57 67 66 24 49 71 36 25 6 31
split_gain=37208.9 22816.2 22707.8 28204.9 18294.5 16879.5 11143.5 10869.2 12282.5 10025.8 9195.52 8585.64 8456.11 7643.72
threshold=0.95000000000000118 42.523274000000008 94.942058500000016 11.625000000000002 0.98041328011523976 -4.9843997916666671 1.3769630923293046 275.10399300000006 3.5000000000000004 3.837499999999999 18.666666666666668 108.52350230529724 237.00254650000002 20.512500000000003
decision_type=2 2 2 2 2 2 2 2 2 2 2 2 2 2
left_child=2 -2 -1 4 7 12 -6 8 10 -3 -4 -9 -5 -11
right_child=1 9 3 5 6 -7 -8 11 -10 13 -12 -13 -14 -15
leaf_value=0.015534453517096479 0.0047490152226928222 0.17519987945047069 -0.60056910898004268 -0.68918740449671223 0.87957906149900877 -0.10851825024368929 0.10740032617718205 0.22187789250869319 -0.55890593449917758 0.095568992743311931 -0.10971383728076377 -0.26309373493313343 -0.25493876269431254 0.54116118025001581
leaf_weight=3552 2033 1406 104 413 51 303 465 290 223 128 1056 132 156 393
leaf_count=3552 2033 1406 104 413 51 303 465 290 223 128 1056 132 156 393
internal_value=-2.74166e-05 0.121614 -0.0714505 -0.16819 -0.0770287 -0.410468 0.185274 -0.152075 -0.219814 0.24484 -0.154201 0.0699173 -0.570788 0.43208
internal_weight=10705 3960 6745 3193 2321 872 516 1805 1383 1927 1160 422 569 521
internal_count=10705 3960 6745 3193 2321 872 516 1805 1383 1927 1160 422 569 521
is_linear=0
shrinkage=0.05


Tree=32
num_leaves=15
num_cat=0
split_feature=71 84 84 71 67 84 47 24 22 84 58 80 69 68
split_gain=33588.5 20595.4 20499 25841.9 11850.2 9727.26 10758.5 10731.9 10492 9518.77 9809.41 9345.51 9343.76 9300.73
threshold=0.95000000000000118 42.523274000000008 94.259901000000028 -4.737499999999998 1.4133323125000004 299.97504500000008 76.986979166666671 264.18653100000006 136.48103394270836 205.70871850000003 -11.908277999999994 -0.68322629814330815 -0.18351217708333298 11.137614778014253
decision_type=2 2 2 2 2 2 2 2 2 2 2 2 2 2
left_child=2 -2 -1 -4 5 6 7 -5 -9 -10 -11 -8 13 -3
right_child=1 12 3 4 -6 -7 11 8 9 10 -12 -13 -14 -15
leaf_value=0.0149549318897641 0.0045116813115399215 -0.036522950533390892 -0.47962762423467598 -0.25265761542036597 0.18708036673401862 -0.86378100991249096 -0.099043175510907147 0.36367642685736723 0.23934563458832173 -0.77915111606319742 -0.067721469682736665 -0.37501185537485238 0.29520461478682242 0.69107621009556619
leaf_weight=3544 2033 423 526 308 323 44 696 247 196 59 253 549 1456 48
leaf_count=3544 2033 423 526 308 323 44 696 247 196 59 253 549 1456 48
internal_value=-2.85856e-05 0.115543 -0.0678881 -0.159584 -0.0964964 -0.135503 -0.121251 -0.00439726 0.0970801 -0.0330044 -0.204314 -0.220939 0.232619 0.0389343
internal_weight=10705 3960 6745 3201 2675 2352 2308 1063 755 508 312 1245 1927 471
internal_count=10705 3960 6745 3201 2675 2352 2308 1063 755 508 312 1245 1927 471
is_linear=0
shrinkage=0.05


Tree=33
num_leaves=15
num_cat=0
split_feature=71 84 84 30 84 56 43 56 39 84 54 44 8 25
split_gain=30323.2 18884.4 18591.6 14645.3 17642.8 12420.1 9089.26 9361.44 15096.2 9217.59 7926.95 7741.87 12684.8 10718.7
threshold=0.95000000000000118 292.35207400000007 42.523274000000008 19.962500000000002 97.333011500000012 -40.700866499999997 51.125000000000007 29.441422500000005 70.875000000000014 257.55997250000001 0.87837969732492682 53.906250000000007 280.82143000000002 105.54290539137678
decision_type=2 2 2 2 2 2 2 2 2 2 2 2 2 2
left_child=1 3 -2 4 -1 -6 -4 8 10 -10 -8 13 -13 -5
right_child=2 -3 6 11 5 -7 7 -9 9 -11 -12 12 -14 -15
leaf_value=0.016392266641427886 0.0042862081016764603 -0.72663818628720522 0.5191531277797391 0.069457155623087227 -0.74244585220391557 -0.24075318182104227 -0.13587014076688772 0.42187174480060963 0.33459469640998762 -0.14639096886683733 0.4542270980309695 -0.012206721698886753 -0.62505211184277787 0.87991221251764484
leaf_weight=684 2033 105 225 151 143 879 514 326 683 116 63 4643 85 55
leaf_count=684 2033 105 225 151 143 879 514 326 683 116 63 4643 85 55
internal_value=-3.25629e-05 -0.0645093 0.109778 -0.0539311 -0.180168 -0.311608 0.221013 0.181318 0.124061 0.264669 -0.0707657 -0.0102553 -0.0233543 0.289046
internal_weight=10705 6745 3960 6640 1706 1022 1927 1702 1376 799 577 4934 4728 206
internal_count=10705 6745 3960 6640 1706 1022 1927 1702 1376 799 577 4934 4728 206
is_linear=0
shrinkage=0.05


Tree=34
num_leaves=15
num_cat=0
split_feature=56 71 84 84 84 62 19 47 6 73 47 47 57 43
split_gain=28080.5 17211.1 19085.4 15219.1 8083.23 9373.82 8023.33 7098.49 6768.09 8727.74 7307.8 12502.6 9806.51 6253.34
threshold=-25.228240999999993 1.8125000000000002 42.523274000000008 119.30378800000001 273.02215500000005 232.80492650000002 205.15531050000001 62.804687500000007 189.88963700000002 -25.874999999999996 65.707031250000014 71.131510416666671 1.1100384184488339 76.875000000000014
decision_type=2 2 2 2 2 2 2 2 2 2 2 2 2 2
left_child=3 4 -3 -1 5 -2 13 -4 -9 -10 -11 -12 -13 -5
right_child=1 2 7 6 -6 -7 -8 8 9 10 11 12 -14 -15
leaf_value=-0.032928997362163703 -0.014496410334705175 0.0056864451969915082 0.73974348196910844 -0.6156432498076394 -0.23164279007678293 0.34200789286902078 0.22656415266223082 0.31235670150596773 0.54989961195541059 -0.62179343597368997 0.57750840512690726 -0.42112776872916868 0.2855575159168508 -0.24026186956114504
leaf_weight=425 6239 1523 73 329 414 189 42 893 75 46 80 129 78 170
leaf_count=425 6239 1523 73 329 414 189 42 893 75 46 80 129 78 170
internal_value=-3.06053e-05 0.025483 0.12761 -0.257014 -0.0177711 -0.00396268 -0.432666 0.262652 0.235335 0.0664027 -0.0438134 0.0506619 -0.154748 -0.488494
internal_weight=10705 9739 2897 966 6842 6428 541 1374 1301 408 333 287 207 499
internal_count=10705 9739 2897 966 6842 6428 541 1374 1301 408 333 287 207 499
is_linear=0
shrinkage=0.05


Tree=35
num_leaves=15
num_cat=0
split_feature=71 84 12 71 31 22 61 68 69 80 84 3 69 36
split_gain=25642.3 22876.7 14761.3 13880.1 10299.2 18118.3 7800.84 7342.32 7330.18 7575.63 10399 9403.23 7391.8 10670.5
threshold=-0.9875000000000006 113.88367950000001 272.35636400000004 -4.737499999999998 21.112500000000004 148.27345940104172 48.179213000000011 1.7936555780494026 -13.408790343750001 -0.19509032201612839 252.40251800000001 250.23162800000003 12.278951276041669 24.199218750000004
decision_type=2 2 2 2 2 2 2 2 2 2 2 2 2 2
left_child=1 -1 8 -3 -4 -6 -5 -8 -2 10 11 12 -10 -14
right_child=2 3 4 6 5 -7 7 -9 9 -11 -12 -13 13 -15
leaf_value=0.0055571708909525168 -0.29479176216847941 -0.45786354725402023 -0.0059271279683238585 -0.25485394486174812 0.61311880414365627 -0.1794844469035505 0.62645287375624592 -0.063505184833092587 0.0889734348936667 -0.0034479973451315114 -0.05792915798251478 0.61242823966674453 0.71370634955508039 0.15777674477970427
leaf_weight=2639 157 468 189 761 326 92 40 647 1300 2935 638 115 126 272
leaf_count=2639 157 468 189 761 326 92 40 647 1300 2935 638 115 126 272
internal_value=-2.50521e-05 -0.0899325 0.0665687 -0.221389 0.300447 0.438658 -0.144697 -0.0224808 0.0409078 0.0507462 0.115617 0.176687 0.146832 0.335122
internal_weight=10705 4555 6150 1916 607 418 1448 687 5543 5386 2451 1813 1698 398
internal_count=10705 4555 6150 1916 607 418 1448 687 5543 5386 2451 1813 1698 398
is_linear=0
shrinkage=0.05


Tree=36
num_leaves=15
num_cat=0
split_feature=56 71 84 84 19 84 37 19 56 47 83 16 84 58
split_gain=23413.7 14200.6 15904.5 12716.6 7254.17 7165.1 6589.94 9114.33 8875.73 7009.15 5737.7 12187.1 10618.5 12085.7
threshold=-25.228240999999993 1.8125000000000002 42.523274000000008 119.30378800000001 205.15531050000001 282.33339050000006 45.375000000000007 80.875725000000017 29.441422500000005 66.546875000000014 247.36838000000003 275.10399300000006 213.32473200000001 -2.6749685000000052
decision_type=2 2 2 2 2 2 2 2 2 2 2 2 2 2
left_child=3 5 -3 -1 -5 10 -4 -8 -9 -10 12 -12 -2 -14
right_child=1 2 6 4 -6 -7 7 8 9 -11 11 -13 13 -15
leaf_value=-0.029841742856961465 -0.0033559515596015771 0.0047463343530988666 0.6091797028307443 -0.44833321108389645 0.23134546575331411 -0.35661190831355305 0.30503605691419589 -0.19026833877834526 -0.29914469573232866 0.40481295964536479 0.060251961423790183 0.88285995623532765 -0.71320162406824172 -0.12494157350836049
leaf_weight=425 4888 1523 110 499 42 150 822 231 44 167 1078 46 102 578
leaf_count=425 4888 1523 110 499 42 150 822 231 44 167 1078 46 102 578
internal_value=-1.6793e-05 0.0232804 0.116046 -0.234676 -0.395238 -0.0160091 0.239322 0.206679 0.0234872 0.257297 -0.00832241 0.0946723 -0.029127 -0.214098
internal_weight=10705 9739 2897 966 541 6842 1374 1264 442 211 6692 1124 5568 680
internal_count=10705 9739 2897 966 541 6842 1374 1264 442 211 6692 1124 5568 680
is_linear=0
shrinkage=0.05


Tree=37
num_leaves=15
num_cat=0
split_feature=71 84 36 3 24 46 70 80 84 62 22 83 69 84
split_gain=21434 21796 14192.7 12349.3 8865.23 10677.4 9691.77 8403.82 7730.8 10217.2 7539.15 10260.4 6933.77 11043.5
threshold=-1.6125000000000005 63.145266500000005 24.714192708333339 272.47519300000005 248.07883750000005 90.546875000000014 7.8989148047799835 -0.77259657388510605 270.29937850000005 233.77775500000001 148.92231267708334 189.18084100000002 11.840655182291668 42.523274000000008
decision_type=2 2 2 2 2 2 2 2 2 2 2 2 2 2
left_child=1 -1 4 8 -3 6 -6 -8 9 12 11 -5 -2 -14
right_child=3 2 -4 10 5 -7 7 -9 -10 -11 -12 -13 13 -15
leaf_value=0.019043597319833429 0.0042881873167401659 -0.42580023213995655 0.63351171146268426 0.26097108067601527 0.12477175021069307 -0.93906121484257954 0.035663898250577364 -0.33014980782080205 -0.20506053155901413 0.34486387133115426 -0.16475629798991429 0.91590310215950022 0.010539287016007199 0.31207437075584987
leaf_weight=1767 4986 528 45 303 254 43 216 572 327 269 72 74 730 519
leaf_count=1767 4986 528 45 303 254 43 216 572 327 269 72 74 730 519
internal_value=-1.44004e-05 -0.103145 -0.2333 0.0485129 -0.257861 -0.175818 -0.143452 -0.229958 0.0317947 0.0437327 0.302224 0.391608 0.0306876 0.135986
internal_weight=10705 3425 1658 7280 1613 1085 1042 788 6831 6504 449 377 6235 1249
internal_count=10705 3425 1658 7280 1613 1085 1042 788 6831 6504 449 377 6235 1249
is_linear=0
shrinkage=0.05


Tree=38
num_leaves=15
num_cat=0
split_feature=67 84 12 73 43 69 22 81 69 73 20 32 83 30
split_gain=19421.3 19079.7 16658.5 13130.9 11122.2 9366.23 7933.44 7518.46 7109.74 6906.72 9019.81 8100.21 7228.98 6865.02
threshold=-4.8474843541666663 121.16471900000001 256.21186050000006 11.625000000000002 47.625000000000007 -6.0566992656249985 149.2937468697917 -0.8783796973249266 -3.0135332604166658 21.875000000000004 277.29195150000004 26.387500000000003 189.18084100000002 20.937500000000004
decision_type=2 2 2 2 2 2 2 2 2 2 2 2 2 2
left_child=1 -1 5 8 -4 7 9 -2 -3 10 13 -12 -13 -6
right_child=2 3 4 -5 6 -7 -8 -9 -10 -11 11 12 -14 -15
leaf_value=-0.0025528915121826113 -0.49871617439549881 -0.03305405135942778 0.60245237883691694 -0.46679818973035703 0.34614746777144467 0.031112127431021444 -0.27521063808609941 -0.083137342193077654 -0.43924487639164583 -0.37968386224671907 0.16831126005652583 0.42854927951201366 1.0995714190850656 -0.0038798829440825754
leaf_weight=1533 124 492 152 493 203 5767 100 847 137 50 172 129 59 447
leaf_count=1533 124 492 152 493 203 5767 100 847 137 50 172 129 59 447
internal_value=-1.0893e-05 -0.117254 0.0386672 -0.273829 0.201595 0.00691716 0.148595 -0.136667 -0.122082 0.188799 0.217289 0.417738 0.64384 0.1058
internal_weight=10705 2655 8050 1122 1312 6738 1160 971 629 1060 1010 360 188 650
internal_count=10705 2655 8050 1122 1312 6738 1160 971 629 1060 1010 360 188 650
is_linear=0
shrinkage=0.05


Tree=39
num_leaves=15
num_cat=0
split_feature=24 37 84 70 8 58 61 18 30 25 41 80 24 16
split_gain=17754.6 17383.8 16185.6 20253.9 11952.2 8828.69 10813.8 8253.81 7273.29 7336.28 7176.53 7097.6 13108.9 11066.6
threshold=274.65417650000006 51.125000000000007 95.971877500000019 8.1032710679429751 299.02505250000007 -4.8056804999999789 72.035592000000008 204.74431087500002 19.812500000000004 103.88651708931739 79.375000000000014 -0.3520614488341256 275.84149600000006 281.03721150000007
decision_type=2 2 2 2 2 2 2 2 2 2 2 2 2 2
left_child=2 7 -1 8 11 10 -7 -2 -4 -10 -5 12 -3 -14
right_child=1 4 3 5 -6 6 -8 -9 9 -11 -12 -13 13 -15
leaf_value=0.015433579699503276 -0.0069410743050115275 0.97691944176529322 -0.13910063704871367 -0.14522157760008295 -0.73834462761878972 -0.26184441009923015 0.097816116126499472 0.53790406746422359 0.18241314383957424 -0.2537895335832186 -0.53874769905308884 0.0030262389174360482 0.088338286750570136 0.75464777839228958
leaf_weight=4357 91 46 451 169 46 818 280 293 626 113 374 1849 1127 65
leaf_count=4357 91 46 451 169 46 818 280 293 626 113 374 1849 1127 65
internal_value=-8.04182e-06 0.0920322 -0.0450487 -0.138105 0.0530517 -0.251938 -0.170122 0.409104 0.0189484 0.115461 -0.416761 0.0650797 0.157682 0.125274
internal_weight=10705 3517 7188 2831 3133 1641 1098 384 1190 739 543 3087 1238 1192
internal_count=10705 3517 7188 2831 3133 1641 1098 384 1190 739 543 3087 1238 1192
is_linear=0
shrinkage=0.05


Tree=40
num_leaves=15
num_cat=0
split_feature=71 84 30 16 37 30 24 70 36 32 56 84 41 36
split_gain=16346.2 15352.1 11571.8 9768.27 11321.2 10714.2 12117.2 8962.3 9750.14 8475.66 7666.61 7479.22 6879.24 7507.3
threshold=-0.9875000000000006 77.844594000000015 19.962500000000002 275.10399300000006 51.375000000000007 22.262500000000003 286.87046450000008 7.8989148047799835 24.714192708333339 26.937500000000004 -40.700866499999997 136.94203650000003 83.125000000000014 20.565364583333338
decision_type=2 2 2 2 2 2 2 2 2 2 2 2 2 2
left_child=1 -1 10 -2 -5 6 -6 -4 9 12 -3 -7 13 -9
right_child=3 2 7 4 5 11 -8 8 -10 -11 -12 -13 -14 -15
leaf_value=0.016857877727108197 0.030633550569077156 -0.6388367775998085 0.11516863215410658 0.57101284102433258 0.16869116636036441 0.10425054846723941 1.2177118738795201 -0.5926392264533461 0.32921270075375619 -0.55487583461403855 -0.24338230415244438 -0.40502513458854272 -0.38312169258082074 0.01341990416432139
leaf_weight=2357 5454 152 411 179 85 298 40 56 91 149 632 94 214 493
leaf_count=2357 5454 152 411 179 85 298 40 56 91 149 632 94 214 493
internal_value=-4.96583e-06 -0.0717886 -0.166812 0.0531646 0.229425 0.110284 0.511378 -0.0812837 -0.161819 -0.211121 -0.320768 -0.0185915 -0.143354 -0.0493655
internal_weight=10705 4555 2198 6150 696 517 125 1414 1003 912 784 392 763 549
internal_count=10705 4555 2198 6150 696 517 125 1414 1003 912 784 392 763 549
is_linear=0
shrinkage=0.05


Tree=41
num_leaves=15
num_cat=0
split_feature=84 24 37 56 8 62 80 24 16 9 70 46 25 49
split_gain=15541.1 14499.1 15168.8 10067.4 9728.37 8445.95 7921.29 11279.2 10699.6 7890.04 7747.44 8506.06 8328.77 6305.25
threshold=282.33339050000006 274.65417650000006 51.125000000000007 -37.211869499999978 299.02505250000007 59.056351499999998 -0.3520614488341256 275.84149600000006 281.03721150000007 269.85915400000005 19.426429174060541 73.869791666666671 108.0147368726637 3.5000000000000004
decision_type=2 2 2 2 2 2 2 2 2 2 2 2 2 2
left_child=1 3 9 5 6 -1 7 -4 10 13 12 -12 -9 -3
right_child=-2 2 4 -5 -6 -7 -8 8 -10 -11 11 -13 -14 -15
leaf_value=-0.11998723184503013 -0.40477691206374566 0.43839550223977614 0.92733373743422498 -0.016801604432076494 -0.6655386887166812 -0.59857359438231494 0.0023974617839382928 0.14066773744424996 0.78654295612126601 0.82379654999597973 0.054842674874757628 0.71761591851941708 -0.18987003276813844 -0.047629447893049681
leaf_weight=308 231 191 46 6584 45 131 1847 610 59 82 97 96 276 102
leaf_count=308 231 191 46 6584 45 131 1847 610 59 82 97 96 276 102
internal_value=-5.88955e-06 0.00895897 0.0928654 -0.0322788 0.0562009 -0.263836 0.0671323 0.168029 0.13655 0.392663 0.100312 0.386512 0.0376031 0.269613
internal_weight=10705 10474 3451 7023 3076 439 3031 1184 1138 375 1079 193 886 293
internal_count=10705 10474 3451 7023 3076 439 3031 1184 1138 375 1079 193 886 293
is_linear=0
shrinkage=0.05


Tree=42
num_leaves=15
num_cat=0
split_feature=84 69 84 84 24 69 8 53 26 84 61 69 68 51
split_gain=14201 12882.7 9355.71 12700.9 9917.99 13694.5 10638.6 9632.4 8678.59 10316.7 15613.7 12609.4 9098.87 7854.59
threshold=287.58038500000004 -0.18351217708333298 42.523274000000008 250.21199250000004 303.53637200000009 11.973163848958334 74.40643900000002 -0.72947329433276253 29.475000000000005 81.513918500000003 72.790737499999992 -15.137669088541662 9.6348653762377676 3.5000000000000004
decision_type=2 2 2 2 2 2 2 2 2 2 2 2 2 2
left_child=1 8 -3 4 5 -4 -6 -7 9 -1 11 -11 -10 -12
right_child=-2 2 3 -5 6 7 -8 -9 12 10 13 -13 -14 -15
leaf_value=0.015129591422750456 -0.48637678266779799 0.0012220212480957239 0.14403550219597944 -0.05688038887035915 0.2844699556628863 0.77624966118852667 -0.44856491285092803 0.30318535475603853 -0.062703158602118489 -0.44635614156591236 0.19825815802731483 -0.13552412034419178 0.90467256846216826 -0.16377663996197811
leaf_weight=2259 147 3195 1143 664 86 161 114 328 49 423 440 1423 47 226
leaf_count=2259 147 3195 1143 664 86 161 114 328 49 423 440 1423 47 226
internal_value=3.03764e-06 0.00682037 0.057892 0.130403 0.198277 0.238994 -0.133513 0.460205 -0.0528975 -0.0624044 -0.132108 -0.206953 0.415352 0.0753442
internal_weight=10705 10558 5691 2496 1832 1632 200 489 4867 4771 2512 1846 96 666
internal_count=10705 10558 5691 2496 1832 1632 200 489 4867 4771 2512 1846 96 666
is_linear=0
shrinkage=0.05


Tree=43
num_leaves=15
num_cat=0
split_feature=67 84 12 73 43 30 71 56 69 69 58 47 47 81
split_gain=13042 13458.1 11662.6 9836.61 8236.02 7037.01 6669.08 7147.67 6570.54 6379.66 7499.15 6320 6144.79 6075.54
threshold=-4.8474843541666663 121.16471900000001 256.21186050000006 11.625000000000002 47.625000000000007 21.212500000000002 -2.6374999999999988 -42.873081999999975 -6.0566992656249985 -4.5217758802083328 -8.8124470000000041 72.123697916666686 64.023437500000014 -0.8783796973249266
decision_type=2 2 2 2 2 2 2 2 2 2 2 2 2 2
left_child=1 -1 8 9 -4 -6 7 -5 13 11 -11 -3 -7 -2
right_child=2 3 4 6 5 12 -8 -9 -10 10 -12 -13 -14 -15
leaf_value=0.00026075960154556504 -0.44057107610702517 0.54618530040979385 0.51296278344455115 -0.70324991213924748 0.2941820001796947 0.41518124521419564 -0.96983384404979334 -0.22580475358281757 0.025401407403915985 -0.89902324324304406 -0.1664519316035098 -0.053227861372447796 -0.018317951437446824 -0.0670155240607751
leaf_weight=1533 124 49 152 101 393 92 45 347 5767 43 173 364 675 847
leaf_count=1533 124 49 152 101 393 92 45 347 5767 43 173 364 675 847
internal_value=6.74794e-06 -0.0960702 0.0317022 -0.227571 0.168027 0.122426 -0.394583 -0.33477 0.00513648 -0.0962517 -0.315759 0.0190365 0.0341522 -0.115124
internal_weight=10705 2655 8050 1122 1312 1160 493 448 6738 629 216 413 767 971
internal_count=10705 2655 8050 1122 1312 1160 493 448 6738 629 216 413 767 971
is_linear=0
shrinkage=0.05


Tree=44
num_leaves=15
num_cat=0
split_feature=84 24 37 80 84 24 16 56 62 9 70 46 24 84
split_gain=12626 11895.6 12367.3 9553.27 12269.8 9549.32 9962.84 8188.1 8086.47 6610.27 6338.05 7065.31 6911.85 5999.25
threshold=277.88047750000004 274.65417650000006 51.125000000000007 -0.3520614488341256 228.19951850000004 275.84149600000006 281.03721150000007 -37.211869499999978 59.056351499999998 269.85915400000005 19.426429174060541 73.869791666666671 322.54412650000006 303.76010700000006
decision_type=2 2 2 2 2 2 2 2 2 2 2 2 2 2
left_child=1 7 9 5 -5 -4 10 8 -1 -3 12 -12 -7 -2
right_child=13 2 3 4 -6 6 -8 -9 -10 -11 11 -13 -14 -15
leaf_value=-0.099786929199593033 -0.21550604445812638 0.24590530332966917 0.86569553333077032 0.0070430911125779379 -0.73162924847726174 0.076176693640409576 0.78122649339207439 -0.013403980555470131 -0.57728351836204528 0.75672760917918724 0.054443127066285041 0.66171803711001409 -0.57442581771418111 -0.84677553163018338
leaf_weight=307 315 287 46 1829 57 807 56 6521 124 81 95 96 42 42
leaf_count=307 315 287 46 1829 57 807 56 6521 124 81 95 96 42 42
internal_value=-1.75912e-06 0.0100969 0.0867848 0.0534617 -0.0156575 0.167525 0.13746 -0.0273717 -0.238182 0.360088 0.102078 0.361527 0.0433535 -0.291931
internal_weight=10705 10348 3396 3028 1886 1142 1096 6952 431 368 1040 191 849 357
internal_count=10705 10348 3396 3028 1886 1142 1096 6952 431 368 1040 191 849 357
is_linear=0
shrinkage=0.05


Tree=45
num_leaves=15
num_cat=0
split_feature=84 69 84 24 69 61 43 49 30 84 21 70 73 22
split_gain=11413.6 10695.8 9245.39 9602.51 10383.3 8566.36 8321.62 10536.4 7189.69 9416.08 7418.09 7102.58 6275.27 6138.97
threshold=278.29070450000006 0.71973328124999869 42.523274000000008 299.02505250000007 11.840655182291668 0.62102350000000694 51.625000000000007 1.5000000000000002 19.762500000000003 80.564241500000009 80.074405547597195 6.4077123946415417 14.875000000000002 134.98539607812504
decision_type=2 2 2 2 2 2 2 2 2 2 2 2 2 2
left_child=1 8 -3 4 11 -5 -6 -8 9 -1 -10 -4 -11 -9
right_child=-2 2 3 5 6 -7 7 13 10 12 -12 -13 -14 -15
leaf_value=0.024835153288285065 -0.28636577752894149 -0.00094942878660265898 0.36714028832063361 0.18139648080122339 0.72946095234010278 -0.35692966754745803 -0.40684025665888424 0.88234883023736388 -0.01561965774227512 -0.15436020234402428 0.2813667516936274 0.047330550643762577 -0.46124465774416423 0.27828347336853015
leaf_weight=627 336 2203 211 133 122 164 51 47 4326 726 220 961 216 362
leaf_count=627 336 2203 211 133 122 164 51 47 4326 726 220 961 216 362
internal_value=1.50946e-07 0.00930635 0.070182 0.146548 0.191056 -0.116061 0.363529 0.265106 -0.0330474 -0.125295 -0.00118852 0.105171 -0.225143 0.349682
internal_weight=10705 10369 4254 2051 1754 297 582 460 6115 1569 4546 1172 942 409
internal_count=10705 10369 4254 2051 1754 297 582 460 6115 1569 4546 1172 942 409
is_linear=0
shrinkage=0.05


Tree=46
num_leaves=15
num_cat=0
split_feature=84 24 37 84 69 25 8 61 71 36 24 9 69 53
split_gain=10817.2 9931.17 10265.7 9195.94 13590.3 9716.75 8226.3 7887.06 7559.51 7391.98 6448.79 6259.51 5873.12 10912.2
threshold=303.76010700000006 274.65417650000006 51.125000000000007 89.094115000000016 -14.462286713541664 103.31378196793989 299.02505250000007 74.012692500000014 -1.9875000000000005 20.709635416666671 225.57054350000001 269.85915400000005 -10.861934890624998 1.0000000180025095e-35
decision_type=2 2 2 2 2 2 2 2 2 2 2 2 2 2
left_child=1 3 11 -1 7 8 12 -5 10 -10 -6 -3 13 -4
right_child=-2 2 6 4 5 -7 -8 -9 9 -11 -12 -13 -14 -15
leaf_value=0.016084866874484904 -0.79143607630286106 0.2086111385569808 1.0503742497141768 -0.39882987960963562 -0.45275344175637749 -0.24264124456111522 -0.62145094537864565 0.044474272910637533 -0.13416822336561293 0.16084310149139283 -0.049856755600850233 0.69885558219892641 0.040397550249338672 -0.070003933253440453
leaf_weight=4272 42 297 40 488 121 480 45 126 281 860 536 83 2988 46
leaf_count=4272 42 297 40 488 121 480 45 126 281 860 536 83 2988 46
internal_value=5.32629e-06 0.00319662 0.0722305 -0.0305259 -0.09936 -0.0430316 0.0422874 -0.307934 0.0103621 0.0881353 -0.124634 0.317244 0.0522027 0.457186
internal_weight=10705 10663 3499 7164 2892 2278 3119 614 1798 1141 657 380 3074 86
internal_count=10705 10663 3499 7164 2892 2278 3119 614 1798 1141 657 380 3074 86
is_linear=0
shrinkage=0.05


Tree=47
num_leaves=15
num_cat=0
split_feature=84 69 84 84 24 83 8 69 26 84 61 69 51 16
split_gain=9861.14 8685.4 6654.62 10992.3 7972.24 10664.9 8848.04 6785.12 6636.77 7141.25 11800.6 9382.91 5968.72 5696.92
threshold=292.35207400000007 -0.18351217708333298 42.523274000000008 250.21199250000004 303.53637200000009 238.53379400000003 74.40643900000002 12.437129489583334 30.162500000000005 80.564241500000009 72.790737499999992 -14.462286713541664 3.5000000000000004 285.75061850000003
decision_type=2 2 2 2 2 2 2 2 2 2 2 2 2 2
left_child=1 8 -3 4 5 -4 -6 -7 9 -1 11 -11 -12 -5
right_child=-2 2 3 13 6 7 -8 -9 -10 10 12 -13 -14 -15
leaf_value=0.015152674918358254 -0.47986357342100372 -0.0011079365740228884 0.12758820521882441 -0.10192027524216321 0.25500359988032745 0.24070548186129012 -0.41351916397395344 0.62923989835665517 0.56732950434088714 -0.35987237819537676 0.17896109283103179 -0.10515026794854206 -0.13522883472523015 0.49944272249759669
leaf_weight=2270 105 3195 1173 634 86 258 114 201 43 484 448 1426 227 41
leaf_count=2270 105 3195 1173 634 86 258 114 201 43 484 448 1426 227 41
internal_value=2.53134e-06 0.00480074 0.0467446 0.107706 0.171232 0.207739 -0.126216 0.411846 -0.0440278 -0.0495582 -0.106367 -0.169852 0.0732564 -0.0647083
internal_weight=10705 10600 5702 2507 1832 1632 200 459 4898 4855 2585 1910 675 675
internal_count=10705 10600 5702 2507 1832 1632 200 459 4898 4855 2585 1910 675 675
is_linear=0
shrinkage=0.05


Tree=48
num_leaves=15
num_cat=0
split_feature=73 84 62 84 59 24 24 31 7 62 8 7 9 57
split_gain=9226.18 10616.4 8109.25 7840.46 11257.7 7441.93 7060.02 5133.63 5224.05 4944.18 4685.27 4361.78 4226.35 3666.98
threshold=11.125000000000002 136.94203650000003 225.41628950000003 274.29007000000007 0.27063449999999994 307.83665100000002 274.65417650000006 21.012500000000003 128.33493900000005 230.22416750000002 260.90748600000006 119.25786850000001 256.17617500000006 0.97292880054575914
decision_type=2 2 2 2 2 2 2 2 2 2 2 2 2 2
left_child=3 -2 11 4 -1 6 9 12 13 10 -6 -3 -8 -9
right_child=1 2 -4 -5 5 -7 7 8 -10 -11 -12 -13 -14 -15
leaf_value=0.0013006665813200553 -0.0065409543664953539 -0.37927065737122001 0.13377143081871251 -0.20850180385936073 0.055038719342955379 -0.3818490773468064 0.19049688746142235 0.8406796462833882 -0.05011436537512251 0.33864522333656044 -0.37468405978488073 0.060409945499122847 -0.32062028177759866 0.35961086966504813
leaf_weight=6818 1090 518 111 357 675 64 152 43 73 139 69 63 54 479
leaf_count=6818 1090 518 111 357 675 64 152 43 73 139 69 63 54 479
internal_value=6.6862e-06 -0.10383 -0.256844 0.0207531 0.0303308 0.143496 0.163677 0.271081 0.345461 0.0660505 0.014736 -0.331573 0.0556131 0.400771
internal_weight=10705 1782 692 8923 8566 1748 1684 801 595 883 744 581 206 522
internal_count=10705 1782 692 8923 8566 1748 1684 801 595 883 744 581 206 522
is_linear=0
shrinkage=0.05


Tree=49
num_leaves=15
num_cat=0
split_feature=84 24 37 84 70 58 8 67 5 68 35 69 53 32
split_gain=8848.28 7870.1 8415.49 7424.5 11155.2 8183.62 7112.98 6479.64 5839.38 5754.34 5638.14 5234.43 9632.31 5041.6
threshold=303.76010700000006 274.65417650000006 51.125000000000007 89.094115000000016 8.0129088345045254 1.6295634999999751 299.02505250000007 -4.8474843541666663 254.31454550000004 18.572547281715249 19.376041666666669 -10.861934890624998 0.06540312923014284 28.512500000000003
decision_type=2 2 2 2 2 2 2 2 2 2 2 2 2 2
left_child=1 3 8 -1 10 9 11 -7 -3 -6 -5 12 -4 -10
right_child=-2 2 6 4 5 7 -8 -9 13 -11 -12 -13 -14 -15
leaf_value=0.014755268992297552 -0.71579189300537116 0.024767857035149592 0.97342856441225334 -0.16464526435917839 -0.22514416782920157 -0.12103762896939273 -0.57995072577310647 0.26418298324387446 0.13386061370045274 -0.80324306911892362 0.086687658273878462 0.035314533420633044 -0.077821267137061001 0.60673674031027724
leaf_weight=4272 42 137 41 293 1098 380 45 152 90 44 925 2988 45 153
leaf_count=4272 42 137 41 293 1098 380 45 152 90 44 925 2988 45 153
internal_value=7.55881e-06 0.00289385 0.0643481 -0.0271261 -0.088976 -0.172701 0.0372377 -0.0106854 0.286186 -0.248101 0.026142 0.0464583 0.428784 0.432864
internal_weight=10705 10663 3499 7164 2892 1674 3119 532 380 1142 1218 3074 86 243
internal_count=10705 10663 3499 7164 2892 1674 3119 532 380 1142 1218 3074 86 243
is_linear=0
shrinkage=0.05


end of trees

feature_importances:
consumo_alvo_semana_anterior=162
temperatura_externa_c_diferenca_semana_atual=102
correcao_semanal_media_1440m=53
consumo_max_1440m=44
consumo_diferenca_semana_atual=30
correcao_semanal_media_360m=17
umidade_relativa_pct_media_1440m=16
correcao_semanal_std_1440m=15
temperatura_externa_c_media_1440m=14
umidade_relativa_pct_lag_1440m=14
umidade_relativa_pct_diferenca_semana_atual=14
consumo_mean_1440m=12
consumo_std_1440m=11
temperatura_externa_c_lag_720m=11
umidade_relativa_pct_atual=11
umidade_relativa_pct_media_360m=10
consumo_max_60m=9
temperatura_externa_c_lag_1440m=9
consumo_lag_1440m=8
consumo_lag_10080m=8
consumo_max_180m=8
origem_dia_semana=8
tendencia_consumo_360m=8
temperatura_externa_c_lag_360m=7
consumo_razao_semana_atual=7
consumo_diferenca_dia_atual=7
consumo_alvo_dia_anterior=7
consumo_min_360m=6
umidade_relativa_pct_media_60m=6
tendencia_consumo_180m=6
correcao_semanal_std_360m=6
alvo_hora_cos=6
origem_semana_sin=5
correcao_semanal_std_180m=5
origem_hora_cos=4
temperatura_externa_c_atual=3
umidade_relativa_pct_lag_60m=3
alvo_hora_sin=3
consumo_lag_60m=2
consumo_lag_360m=2
consumo_lag_720m=2
consumo_std_360m=2
umidade_relativa_pct_lag_360m=2
umidade_relativa_pct_media_180m=2
origem_mes=2
alvo_semana_sin=2
consumo_lag_180m=1
consumo_mean_360m=1
consumo_max_360m=1
temperatura_externa_c_lag_15m=1
temperatura_externa_c_lag_180m=1
temperatura_externa_c_media_60m=1
temperatura_externa_c_media_360m=1
origem_hora_sin=1
tendencia_consumo_15m=1

parameters:
[boosting: gbdt]
[objective: regression]
[metric: l1]
[tree_learner: serial]
[device_type: cpu]
[data_sample_strategy: bagging]
[data: ]
[valid: ]
[num_iterations: 400]
[learning_rate: 0.05]
[num_leaves: 15]
[num_threads: 2]
[seed: 20260905]
[deterministic: 1]
[force_col_wise: 1]
[force_row_wise: 0]
[histogram_pool_size: -1]
[max_depth: -1]
[min_data_in_leaf: 40]
[min_sum_hessian_in_leaf: 0.001]
[bagging_fraction: 1]
[pos_bagging_fraction: 1]
[neg_bagging_fraction: 1]
[bagging_freq: 0]
[bagging_seed: 23218]
[bagging_by_query: 0]
[feature_fraction: 1]
[feature_fraction_bynode: 1]
[feature_fraction_seed: 28090]
[extra_trees: 0]
[extra_seed: 14360]
[early_stopping_round: 0]
[early_stopping_min_delta: 0]
[first_metric_only: 0]
[max_delta_step: 0]
[lambda_l1: 0]
[lambda_l2: 1]
[linear_lambda: 0]
[min_gain_to_split: 0]
[drop_rate: 0.1]
[max_drop: 50]
[skip_drop: 0.5]
[xgboost_dart_mode: 0]
[uniform_drop: 0]
[drop_seed: 16970]
[top_rate: 0.2]
[other_rate: 0.1]
[min_data_per_group: 100]
[max_cat_threshold: 32]
[cat_l2: 10]
[cat_smooth: 10]
[max_cat_to_onehot: 4]
[top_k: 20]
[monotone_constraints: ]
[monotone_constraints_method: basic]
[monotone_penalty: 0]
[feature_contri: ]
[forcedsplits_filename: ]
[refit_decay_rate: 0.9]
[cegb_tradeoff: 1]
[cegb_penalty_split: 0]
[cegb_penalty_feature_lazy: ]
[cegb_penalty_feature_coupled: ]
[path_smooth: 0]
[interaction_constraints: ]
[verbosity: -1]
[saved_feature_importance_type: 0]
[use_quantized_grad: 0]
[num_grad_quant_bins: 4]
[quant_train_renew_leaf: 0]
[stochastic_rounding: 1]
[linear_tree: 0]
[max_bin: 255]
[max_bin_by_feature: ]
[min_data_in_bin: 3]
[bin_construct_sample_cnt: 200000]
[data_random_seed: 5037]
[is_enable_sparse: 1]
[enable_bundle: 1]
[use_missing: 1]
[zero_as_missing: 0]
[feature_pre_filter: 1]
[pre_partition: 0]
[two_round: 0]
[header: 0]
[label_column: ]
[weight_column: ]
[group_column: ]
[ignore_column: ]
[categorical_feature: ]
[forcedbins_filename: ]
[precise_float_parser: 0]
[parser_config_file: ]
[objective_seed: 15411]
[num_class: 1]
[is_unbalance: 0]
[scale_pos_weight: 1]
[sigmoid: 1]
[boost_from_average: 1]
[reg_sqrt: 0]
[alpha: 0.9]
[fair_c: 1]
[poisson_max_delta_step: 0.7]
[tweedie_variance_power: 1.5]
[lambdarank_truncation_level: 30]
[lambdarank_norm: 1]
[label_gain: ]
[lambdarank_position_bias_regularization: 0]
[eval_at: ]
[multi_error_top_k: 1]
[auc_mu_weights: ]
[num_machines: 1]
[local_listen_port: 12400]
[time_out: 120]
[machine_list_filename: ]
[machines: ]
[gpu_platform_id: -1]
[gpu_device_id: -1]
[gpu_device_id_list: ]
[gpu_use_dp: 0]
[num_gpu: 1]

end of parameters

pandas_categorical:[]
