tree
version=v4
num_class=1
num_tree_per_iteration=1
label_index=0
max_feature_idx=84
objective=regression
feature_names=consumo_atual_kw consumo_lag_15m consumo_lag_30m consumo_lag_60m consumo_lag_120m consumo_lag_180m consumo_lag_360m consumo_lag_720m consumo_lag_1440m consumo_lag_10080m consumo_mean_60m consumo_min_60m consumo_max_60m consumo_std_60m consumo_mean_180m consumo_min_180m consumo_max_180m consumo_std_180m consumo_mean_360m consumo_min_360m consumo_max_360m consumo_std_360m consumo_mean_1440m consumo_min_1440m consumo_max_1440m consumo_std_1440m temperatura_externa_c_atual temperatura_externa_c_lag_15m temperatura_externa_c_lag_60m temperatura_externa_c_lag_180m temperatura_externa_c_lag_360m temperatura_externa_c_lag_720m temperatura_externa_c_lag_1440m temperatura_externa_c_media_60m temperatura_externa_c_media_180m temperatura_externa_c_media_360m temperatura_externa_c_media_1440m umidade_relativa_pct_atual umidade_relativa_pct_lag_15m umidade_relativa_pct_lag_60m umidade_relativa_pct_lag_180m umidade_relativa_pct_lag_360m umidade_relativa_pct_lag_720m umidade_relativa_pct_lag_1440m umidade_relativa_pct_media_60m umidade_relativa_pct_media_180m umidade_relativa_pct_media_360m umidade_relativa_pct_media_1440m origem_hora origem_dia_semana origem_fim_de_semana origem_mes origem_hora_sin origem_hora_cos origem_semana_sin origem_semana_cos consumo_diferenca_semana_atual consumo_razao_semana_atual consumo_diferenca_dia_atual tendencia_consumo_15m tendencia_consumo_60m tendencia_consumo_180m tendencia_consumo_360m correcao_semanal_media_60m correcao_semanal_std_60m correcao_semanal_media_180m correcao_semanal_std_180m correcao_semanal_media_360m correcao_semanal_std_360m correcao_semanal_media_1440m correcao_semanal_std_1440m temperatura_externa_c_diferenca_semana_atual temperatura_externa_c_tendencia_1h umidade_relativa_pct_diferenca_semana_atual umidade_relativa_pct_tendencia_1h alvo_hora alvo_dia_semana alvo_fim_de_semana alvo_mes alvo_hora_sin alvo_hora_cos alvo_semana_sin alvo_semana_cos consumo_alvo_dia_anterior consumo_alvo_semana_anterior
feature_infos=[22.399999999999999:324.71375799999998] [22.399999999999999:324.71375799999998] [22.399999999999999:324.71375799999998] [22.399999999999999:324.71375799999998] [22.399999999999999:324.71375799999998] [22.399999999999999:324.71375799999998] [22.399999999999999:324.71375799999998] [22.399999999999999:324.71375799999998] [22.399999999999999:324.71375799999998] [22.399999999999999:324.71375799999998] [22.399999999999999:321.24876725000001] [22.399999999999999:318.278571] [22.399999999999999:324.71375799999998] [0:82.540869055199337] [22.399999999999999:313.28577408333337] [22.399999999999999:302.53573799999998] [22.399999999999999:324.71375799999998] [0:92.970139865692389] [22.399999999999999:295.13563500000004] [22.399999999999999:249.29458700000001] [22.399999999999999:324.71375799999998] [0:116.53386463160022] [23.200000000000003:159.49963871874999] none [25.600000000000001:324.71375799999998] [1.3929144002343703:128.71471884334804] [15:33.700000000000003] [15:33.700000000000003] [15:33.700000000000003] [15:33.700000000000003] [15:33.700000000000003] [15:33.700000000000003] [15:33.700000000000003] [15:33.4375] [15:32.71875] [15.333333333333334:31.620833333333334] [16.439843749999998:27.283072916666669] [31:98] [31:98] [31:98] [31:98] [31:98] [31:98] [31:98] [32.5:95.625] [33.666666666666664:95.083333333333329] [37.041666666666664:94] [59.309895833333336:91.638020833333329] [0:23.75] [0:6] [0:1] [1:4] [-1:1] [-1:1] [-0.97492791218182362:0.97492791218182362] [-0.90096886790241903:1] [-72.635950000000008:77.445233000000002] [0.43630911779503978:2.09406877563422] [-291.363968:296.779246] [-121.30707899999999:153.05878799999999] [-124.27709300000001:153.05878799999999] [-180.63157299999997:268.16051600000003] [-299.363968:299.97924600000005] [-70.384351250000009:75.467424499999993] [0:44.359338508129341] [-67.777903583333341:70.921986416666655] [0:38.631403568061003] [-64.848194500000005:62.415354583333333] [0:37.083675449251288] [-34.945017510416669:27.905951093750001] [0:30.68446053870321] [-12:11.5] [-8:4.8000000000000007] [-49:48] [-30:40] [0:23.75] [0:6] [0:1] [1:4] [-1:1] [-1:1] [-0.97492791218182362:0.97492791218182362] [-0.90096886790241903:1] [22.399999999999999:324.71375799999998] [22.399999999999999:324.71375799999998]
tree_sizes=1420 1431 1437 1428 1426 1436 1435 1447 1430 1436 1448 1443 1443 1447 1432 1442 1431 1429 1444 1445 1451 1452 1444 1444 1443 1449 1452 1453 1438 1448 1439

Tree=0
num_leaves=15
num_cat=0
split_feature=71 84 71 84 69 25 84 51 24 25 24 25 69 75
split_gain=559778 408281 283335 280616 149401 144130 86370.7 59470.7 49638.4 35730.4 63094.4 33622.1 32995.3 29775.8
threshold=1.0000000180025095e-35 103.85360150000001 -2.8499999999999992 42.523274000000008 11.26756466666667 98.894297547537505 287.58038500000004 3.5000000000000004 253.43744300000003 108.0147368726637 277.22543400000006 103.78067124249111 -26.30091713020833 15.125000000000002
decision_type=2 2 2 2 2 2 2 2 2 2 2 2 2 2
left_child=1 -1 5 -2 7 12 9 -5 -9 10 11 -4 -3 -11
right_child=3 2 6 4 -6 -7 -8 8 -10 13 -12 -13 -14 -15
leaf_value=-1.0610775052849071 -1.0745220089780285 -3.5937276198911414 -1.4317692393621777 -0.39440022395333674 0.28191514037469556 -1.4914160268918875 -3.0946905748841247 -0.41540179791980658 -1.541923176377471 -1.6236151873523139 -0.74758511569999708 -2.0306897171873501 -2.7934693469287462 -2.7891635430841846
leaf_weight=3135 2607 197 1107 1006 724 195 88 158 253 141 288 297 419 90
leaf_count=3135 2607 197 1107 1006 724 195 88 158 253 141 288 297 419 90
internal_value=-1.13105 -1.45382 -1.89 -0.726111 -0.30209 -2.67841 -1.57144 -0.601267 -1.10817 -1.50075 -1.42075 -1.55901 -3.05297 -2.08291
internal_weight=10705 5957 2822 4748 2141 811 2011 1417 411 1923 1692 1404 616 231
internal_count=10705 5957 2822 4748 2141 811 2011 1417 411 1923 1692 1404 616 231
is_linear=0
shrinkage=1


Tree=1
num_leaves=15
num_cat=0
split_feature=71 84 71 84 69 25 84 51 24 25 24 25 69 32
split_gain=505353 368636 256404 253295 134854 130498 78206.8 53672.2 44824.3 32430 55999.2 30955 30229.2 27706.3
threshold=1.0000000180025095e-35 103.06452050000001 -2.8499999999999992 42.523274000000008 11.26756466666667 99.096793758798285 287.58038500000004 3.5000000000000004 253.43744300000003 108.34402579467344 277.22543400000006 103.78067124249111 -26.30091713020833 20.262500000000003
decision_type=2 2 2 2 2 2 2 2 2 2 2 2 2 2
left_child=1 -1 5 -2 7 12 9 -5 -9 10 11 -4 -3 -6
right_child=3 2 6 4 13 -7 -8 8 -10 -11 -12 -13 -14 -15
leaf_value=0.067989870681690961 0.05370550042281122 -2.3401628494262696 -0.28356652013157446 0.69985667425832077 2.2234406841573895 -0.33725807670009683 -1.8665588775377597 0.68009363568897518 -0.39040757652049463 -0.90886064578482151 0.35343445939372997 -0.8571932912072211 -1.5756540323221038 1.2296957109282298
leaf_weight=3123 2607 197 1112 1006 80 195 88 158 253 228 293 298 423 644
leaf_count=3123 2607 197 1112 1006 80 195 88 158 253 228 293 298 423 644
internal_value=-3.1926e-05 -0.306711 -0.719501 0.384722 0.787572 -1.46756 -0.416957 0.503334 0.0217752 -0.349964 -0.274648 -0.405323 -1.82195 1.34242
internal_weight=10705 5957 2834 4748 2141 815 2019 1417 411 1931 1703 1410 620 724
internal_count=10705 5957 2834 4748 2141 815 2019 1417 411 1931 1703 1410 620 724
is_linear=0
shrinkage=0.05


Tree=2
num_leaves=15
num_cat=0
split_feature=71 84 71 84 69 25 84 51 24 25 24 76 29 69
split_gain=456237 332895 230950 228666 121768 117515 71506.1 48439.1 40477 28058.4 53294.2 30151.5 27259.6 27029.9
threshold=1.0000000180025095e-35 103.85360150000001 -2.8499999999999992 42.523274000000008 11.26756466666667 99.096793758798285 292.35207400000007 3.5000000000000004 253.43744300000003 108.0147368726637 278.56941200000006 3.5000000000000004 22.012500000000003 -26.30091713020833
decision_type=2 2 2 2 2 2 2 2 2 2 2 2 2 2
left_child=1 -1 5 -2 7 13 9 -5 -9 10 11 -4 -11 -3
right_child=3 2 6 4 -6 -7 -8 8 -10 12 -12 -13 -14 -15
leaf_value=0.063198154278774274 0.051021257358277505 -2.223745590749413 -0.29222427716537408 0.66489857430056543 1.2755344176343804 -0.32168139713696947 -2.0427232272922993 0.6463028197487195 -0.37096405007150468 -1.4509351959206025 0.45381970053538678 -0.95661462217115512 -0.36291770075642787 -1.4998025999818168
leaf_weight=3135 2607 197 1300 1006 724 194 63 158 253 105 219 196 128 420
leaf_count=3135 2607 197 1300 1006 724 194 63 158 253 105 219 196 128 420
internal_value=-4.55145e-05 -0.291441 -0.685297 0.365533 0.748297 -1.3971 -0.397687 0.478202 0.0207216 -0.343464 -0.273191 -0.379851 -0.857331 -1.73417
internal_weight=10705 5957 2822 4748 2141 811 2011 1417 411 1948 1715 1496 233 617
internal_count=10705 5957 2822 4748 2141 811 2011 1417 411 1948 1715 1496 233 617
is_linear=0
shrinkage=0.05


Tree=3
num_leaves=15
num_cat=0
split_feature=71 84 71 84 69 25 84 51 24 25 24 68 79 70
split_gain=411881 300622 209065 206403 109912 106411 64983.3 43716.2 36551.4 26569.8 48161.7 25614.3 25259 25234.3
threshold=1.0000000180025095e-35 103.06452050000001 -2.8499999999999992 42.523274000000008 11.26756466666667 98.894297547537505 287.58038500000004 3.5000000000000004 253.43744300000003 108.0147368726637 283.32550850000001 6.9525323118779028 -0.79335334029123528 7.8207851708806606
decision_type=2 2 2 2 2 2 2 2 2 2 2 2 2 2
left_child=1 -1 5 -2 7 -3 9 13 -9 10 -4 -6 -11 -5
right_child=3 2 6 4 11 -7 -8 8 -10 12 -12 -13 -14 -15
leaf_value=0.061432572817799569 0.048471168652633956 -1.6462887340111116 -0.33869283717787385 0.8684438998873969 1.636287078388901 -0.30792761014273329 -1.6978890325246234 0.61419091368058953 -0.3524888724821994 -1.6126898070744105 0.52220803737476629 0.99843901770122201 -0.47115192502977021 0.3657485818926699
leaf_weight=3123 2607 619 1519 531 240 196 88 158 253 69 181 484 162 475
leaf_count=3123 2607 619 1519 531 240 196 88 158 253 69 181 484 162 475
internal_value=-7.29723e-05 -0.276941 -0.649711 0.34728 0.710934 -1.3252 -0.37652 0.454325 0.0197189 -0.315454 -0.246779 1.21185 -0.817612 0.631687
internal_weight=10705 5957 2834 4748 2141 815 2019 1417 411 1931 1700 724 231 1006
internal_count=10705 5957 2834 4748 2141 815 2019 1417 411 1931 1700 724 231 1006
is_linear=0
shrinkage=0.05


Tree=4
num_leaves=15
num_cat=0
split_feature=71 84 71 84 69 25 84 70 36 84 24 36 47 70
split_gain=372257 278649 167908 154522 117491 67802.9 65703.6 42822.6 45985.3 42672.8 33923.1 30275.8 32049.3 32037.9
threshold=-1.0000000180025095e-35 103.06452050000001 -3.0124999999999988 42.523274000000008 11.26756466666667 99.460662613930012 282.33339050000006 8.1032710679429751 20.748177083333335 295.90254450000003 280.08090150000004 24.321093750000006 66.252604166666671 21.511920943177074
decision_type=2 2 2 2 2 2 2 2 2 2 2 2 2 2
left_child=1 -1 5 -2 6 -3 7 8 -5 -4 -9 -6 13 -13
right_child=3 2 9 4 11 -7 -8 10 -10 -11 -12 12 -14 -15
leaf_value=0.048837432826090654 0.045859789242735961 -1.6454259071761452 -0.39989480510777509 -0.21437586852076917 1.5513848715050278 -0.33535838935375217 -1.4271698081493378 -0.21020958262283035 0.74083859185030487 -1.8139309779080479 0.5516813805177494 1.8871681105188962 0.52482897296072328 0.63845333038492402
leaf_weight=2864 2809 496 1897 146 257 124 49 380 901 54 236 118 281 93
leaf_count=2864 2809 496 1897 146 257 124 49 380 901 54 236 118 281 93
internal_value=-7.54509e-05 -0.290387 -0.668143 0.299324 0.588493 -1.38437 0.359617 0.41309 0.60756 -0.439942 0.0821048 1.11046 0.877463 1.34239
internal_weight=10705 5435 2571 5270 2461 620 1712 1663 1047 1951 616 749 492 211
internal_count=10705 5435 2571 5270 2461 620 1712 1663 1047 1951 616 749 492 211
is_linear=0
shrinkage=0.05


Tree=5
num_leaves=15
num_cat=0
split_feature=71 84 71 84 24 69 84 51 24 25 24 76 32 70
split_gain=337057 246500 175788 169013 103928 89549.4 46439.6 37354 30190.1 25750 44939.1 25149.2 24021.5 23977.9
threshold=1.0000000180025095e-35 101.12558750000001 -2.5124999999999988 42.523274000000008 264.18653100000006 11.26756466666667 284.32638350000008 3.5000000000000004 253.43744300000003 109.00154112320878 278.56941200000006 3.5000000000000004 20.262500000000003 14.771635923836518
decision_type=2 2 2 2 2 2 2 2 2 2 2 2 2 2
left_child=1 -1 4 -2 -3 7 9 -5 -9 10 11 13 -7 -4
right_child=3 2 6 5 -6 12 -8 8 -10 -11 -12 -13 -14 -15
leaf_value=0.059186523534165682 0.043756431800547557 -1.4920188801530891 -0.10811831254894909 0.57554591552101453 -0.28532486791733785 1.9135039267716587 -1.3692887101788074 0.55016976640846749 -0.328371569449742 -0.77371939457952976 0.47740032486617567 -0.82748497472834703 0.9909194965612923 -0.67092195322713122
leaf_weight=3091 2607 654 1011 1006 246 80 99 158 253 217 215 192 644 232
leaf_count=3091 2607 654 1011 1006 246 80 99 158 253 217 215 192 644 232
internal_value=-7.19443e-05 -0.250532 -0.584469 0.31415 -1.16287 0.643222 -0.31923 0.411598 0.00988013 -0.262847 -0.195231 -0.296271 1.09536 -0.213618
internal_weight=10705 5957 2866 4748 900 2141 1966 1417 411 1867 1650 1435 724 1243
internal_count=10705 5957 2866 4748 900 2141 1966 1417 411 1867 1650 1435 724 1243
is_linear=0
shrinkage=0.05


Tree=6
num_leaves=15
num_cat=0
split_feature=71 84 71 84 71 84 25 84 35 69 80 36 36 69
split_gain=304598 227411 137569 126605 101151 58152.7 55995.2 35746.3 34049 33359.4 28860.2 27989.2 26243.5 25173.8
threshold=-1.0000000180025095e-35 103.85360150000001 -3.0124999999999988 42.523274000000008 2.1000000000000001 258.94589250000007 99.460662613930012 287.58038500000004 22.621354166666674 -5.9078175052083326 -0.32143946530316164 25.692187500000003 24.091666666666672 -1.0000000180025095e-35
decision_type=2 2 2 2 2 2 2 2 2 2 2 2 2 2
left_child=1 -1 6 -2 5 9 -3 10 12 -5 -4 -11 -6 -10
right_child=3 2 7 4 8 -7 -8 -9 13 11 -12 -13 -14 -15
leaf_value=0.042530719018172118 0.041325111408250619 -1.4926648729934235 -0.22378021414363261 -0.55357788714705169 1.1292129260770074 -0.38010393513898766 -0.30167642089128499 -1.3894248207410178 -0.10719297065399587 0.41569545802976071 -0.65628178737391418 1.319069133568159 2.3197231499354043 0.83872923717474035
leaf_weight=2875 2809 494 1309 81 230 279 124 86 79 1015 547 93 59 625
leaf_count=2875 2809 494 1309 81 230 279 124 86 79 1015 547 93 59 625
internal_value=-7.4162e-05 -0.262681 -0.605331 0.270753 0.532501 0.268561 -1.25457 -0.398186 0.922033 0.420963 -0.351532 0.492641 1.37942 0.73258
internal_weight=10705 5435 2560 5270 2461 1468 618 1942 993 1189 1856 1108 289 704
internal_count=10705 5435 2560 5270 2461 1468 618 1942 993 1189 1856 1108 289 704
is_linear=0
shrinkage=0.05


Tree=7
num_leaves=15
num_cat=0
split_feature=71 84 71 84 24 69 84 51 69 25 24 25 49 35
split_gain=275714 202086 145489 138333 86778.7 74245.6 39503.2 31525 26178.3 23517.4 39648.1 26456.5 25591.2 22523.4
threshold=1.0000000180025095e-35 101.12558750000001 -2.5124999999999988 42.523274000000008 264.18653100000006 11.26756466666667 282.33339050000006 3.5000000000000004 -0.18351217708333298 109.00154112320878 277.22543400000006 103.78067124249111 3.5000000000000004 21.027083333333337
decision_type=2 2 2 2 2 2 2 2 2 2 2 2 2 2
left_child=1 -1 4 -2 -3 7 9 13 -9 10 11 -4 -13 -5
right_child=3 2 6 5 -6 -7 -8 8 -10 -11 -12 12 -14 -15
leaf_value=0.053840248196724352 0.039503984100705276 -1.3559140388246711 -0.16373499039519934 -0.026434043858130026 -0.25330648797786676 0.99353018684720562 -1.1669649404287339 -0.39713673120708143 0.3990170937148485 -0.72600728949918503 0.37008532046511966 -0.41705937277314797 -1.4854288138352434 0.62356202031411145
leaf_weight=3091 2607 654 1065 158 246 724 119 205 206 211 284 211 76 848
leaf_count=3091 2607 654 1065 158 246 724 119 205 206 211 284 211 76 848
internal_value=-6.57751e-05 -0.226591 -0.528951 0.284128 -1.05515 0.581838 -0.287652 0.370936 0.00190867 -0.230398 -0.166073 -0.278888 -0.704148 0.52155
internal_weight=10705 5957 2866 4748 900 2141 1966 1417 411 1847 1636 1352 287 1006
internal_count=10705 5957 2866 4748 900 2141 1966 1417 411 1847 1636 1352 287 1006
is_linear=0
shrinkage=0.05


Tree=8
num_leaves=15
num_cat=0
split_feature=71 84 36 84 71 84 47 84 35 69 36 36 36 36
split_gain=249547 185905 119918 103883 83556.8 50186.1 44417.7 34642.1 30634.3 28919.4 26619.6 24094.8 24026.7 23859.1
threshold=-1.0000000180025095e-35 99.531733000000017 20.262500000000003 42.523274000000008 2.1000000000000001 258.94589250000007 78.419270833333357 295.90254450000003 22.621354166666674 -5.9078175052083326 18.395963541666671 25.692187500000003 23.401953125000002 23.993489583333339
decision_type=2 2 2 2 2 2 2 2 2 2 2 2 2 2
left_child=1 -1 6 -2 5 9 -3 -4 13 -5 -8 -11 -7 -6
right_child=3 2 7 4 8 12 10 -9 -10 11 -12 -13 -14 -15
leaf_value=0.044147381695405739 0.03723356665983743 -1.7963260812025805 -0.32505884266665724 -0.5234770161758473 0.96098746971623739 0.18494680479674017 -1.4313504075645505 -1.5078216820955277 0.65660417377559055 0.3792078786574975 -0.54784986438799876 1.2173402559725528 -0.75283686391597882 1.9567277166280854
leaf_weight=2817 2809 194 1985 81 201 117 132 63 704 1015 244 93 162 88
leaf_count=2817 2809 194 1985 81 201 117 132 63 704 1015 244 93 162 88
internal_value=-7.88947e-05 -0.237773 -0.541025 0.245056 0.482155 0.242268 -1.18192 -0.362161 0.836191 0.383849 -0.860989 0.450591 -0.360317 1.26989
internal_weight=10705 5435 2618 5270 2461 1468 570 2048 993 1189 376 1108 279 289
internal_count=10705 5435 2618 5270 2461 1468 570 2048 993 1189 376 1108 279 289
is_linear=0
shrinkage=0.05


Tree=9
num_leaves=15
num_cat=0
split_feature=71 84 71 84 24 69 84 70 17 71 32 45 25 48
split_gain=225443 165810 118994 113142 72037.3 62548.1 34131.4 29637.6 27589.2 23696.2 21827.7 26106.4 28458.6 34395.1
threshold=1.0000000180025095e-35 103.85360150000001 -2.5124999999999988 42.523274000000008 264.18653100000006 11.26756466666667 292.35207400000007 8.0129088345045254 1.1692635583363182e-06 1.0750000000000013 22.012500000000003 82.989583333333357 107.98559925686267 8.3750000000000018
decision_type=2 2 2 2 2 2 2 2 2 2 2 2 2 2
left_child=1 -1 4 -2 -3 7 10 8 9 -5 11 12 13 -4
right_child=3 2 6 5 -6 -7 -8 -9 -10 -11 -12 -13 -14 -15
leaf_value=0.04536912803946043 0.035668579141603658 -1.2401190173384933 0.69905681447921009 0.35419720294129137 -0.22848367925740962 0.90400830112397679 -1.4581644538147698 0.063620592012373273 0.30981726690718381 1.2756420214082942 -0.54636601280510788 -0.28326215364835872 -0.77562815216572389 -0.22474810900221096
leaf_weight=3135 2607 642 245 116 243 724 57 595 528 178 414 983 68 170
leaf_count=3135 2607 642 245 116 243 724 57 595 528 178 414 983 68 170
internal_value=-8.17085e-05 -0.204917 -0.482881 0.256901 -0.962919 0.526143 -0.263172 0.332576 0.526943 0.914512 -0.226185 -0.135455 0.165326 0.321
internal_weight=10705 5957 2822 4748 885 2141 1937 1417 822 294 1880 1466 483 415
internal_count=10705 5957 2822 4748 885 2141 1937 1417 822 294 1880 1466 483 415
is_linear=0
shrinkage=0.05


Tree=10
num_leaves=15
num_cat=0
split_feature=71 84 36 84 71 84 47 36 84 20 69 36 58 45
split_gain=204513 152020 100044 85263.7 70569.8 53157.1 39099.5 31099.8 28574.3 26760.6 23091 22781.6 22338.8 28445.6
threshold=-1.0000000180025095e-35 99.531733000000017 20.262500000000003 42.523274000000008 2.9500000000000015 258.94589250000007 78.365885416666671 25.692187500000003 295.90254450000003 96.401743500000009 -5.9078175052083326 18.395963541666671 -1.0000000180025095e-35 82.906250000000014
decision_type=2 2 2 2 2 2 2 2 2 2 2 2 2 2
left_child=1 -1 6 -2 5 7 -3 10 12 -6 -5 -8 -4 -14
right_child=3 2 8 4 9 -7 11 -9 -10 -11 -12 -13 13 -15
leaf_value=0.039673146800084519 0.033554889788831255 -1.6534188295762566 -0.61153794100291514 -0.49620078053416283 1.3520064579461641 -0.33023471017191308 -1.3030290904798008 1.1658037281895088 -1.3666092976927757 0.66346557985399301 0.37242468430934389 -0.48651945861737905 0.086970309141491148 -0.36095108394271774
leaf_weight=2817 2809 193 429 81 187 315 132 117 63 589 1172 245 545 1011
leaf_count=2817 2809 193 429 81 187 315 132 117 63 589 1172 245 545 1011
internal_value=-8.26163e-05 -0.215263 -0.489489 0.221834 0.436636 0.254672 -1.07487 0.3893 -0.326121 0.830916 0.315922 -0.775097 -0.292426 -0.204108
internal_weight=10705 5435 2618 5270 2461 1685 570 1370 2048 776 1253 377 1985 1556
internal_count=10705 5435 2618 5270 2461 1685 570 1370 2048 776 1253 377 1985 1556
is_linear=0
shrinkage=0.05


Tree=11
num_leaves=15
num_cat=0
split_feature=71 84 36 84 71 84 47 36 84 20 84 30 35 69
split_gain=184643 137576 89589.5 76972.5 63714.5 48149.1 41006.7 27553.1 25450.7 24222.9 23728.5 21273.7 26327.9 20232.6
threshold=-1.0000000180025095e-35 103.85360150000001 20.237630208333339 42.523274000000008 2.9500000000000015 263.70710200000008 78.256510416666671 25.692187500000003 287.58038500000004 95.096375000000009 162.76561300000003 19.762500000000003 22.655208333333338 -6.2117165312500005
decision_type=2 2 2 2 2 2 2 2 2 2 2 2 2 2
left_child=1 -1 6 -2 5 7 -3 11 10 -6 -4 -5 13 -13
right_child=3 2 8 4 9 -7 -8 -9 -10 -11 -12 12 -14 -15
leaf_value=0.03284007867575417 0.031877744249813926 -1.6855210558273073 -0.59219781247087855 -0.2905293280025944 1.2996123487667905 -0.41583804213539327 -0.74242471188585435 1.0698423671879669 -1.0704306493713476 0.63463438600768962 -0.17935886728914033 -0.48996567185968165 -0.0031163578961364452 0.5705112441169623
leaf_weight=2875 2809 171 456 143 179 238 360 121 106 597 1467 47 360 776
leaf_count=2875 2809 171 456 143 179 238 360 121 106 597 1467 47 360 776
internal_value=-9.20039e-05 -0.204552 -0.471064 0.210769 0.41486 0.241959 -1.04873 0.350365 -0.319443 0.7895 -0.277512 0.283955 0.353584 0.509428
internal_weight=10705 5435 2560 5270 2461 1685 531 1447 2029 776 1923 1326 1183 823
internal_count=10705 5435 2560 5270 2461 1685 531 1447 2029 776 1923 1326 1183 823
is_linear=0
shrinkage=0.05


Tree=12
num_leaves=15
num_cat=0
split_feature=71 84 71 84 24 69 84 70 36 80 84 17 36 36
split_gain=167077 123762 91883.4 83907.9 59007.4 50277.3 27769.9 25204.6 25597.1 22568.4 25968.7 22524.8 20669.2 25480.2
threshold=1.0000000180025095e-35 107.19768550000002 -2.5124999999999988 42.523274000000008 269.12478300000004 11.26756466666667 282.33339050000006 8.0129088345045254 20.748177083333335 -0.32143946530316164 227.97181700000002 2.5927198770225745e-06 25.359375000000004 25.747005208333338
decision_type=2 2 2 2 2 2 2 2 2 2 2 2 2 2
left_child=1 -1 4 -2 -3 7 9 8 -5 -4 -11 -10 -7 -14
right_child=3 2 6 5 -6 12 -8 -9 11 10 -12 -13 13 -15
leaf_value=0.036332899565696151 0.030615456449153602 -1.0595459928847415 -0.058897554224663709 -0.3244282696516283 -0.050909419324551078 1.0269608288329359 -0.9623731931174796 0.03149746317344549 0.91341243658268612 -0.32727695827860936 -1.4658263964445464 0.3399504790864476 -0.11554381970250815 0.8194695600043691
leaf_weight=3183 2607 685 1244 92 184 408 119 595 276 487 55 454 113 203
leaf_count=3183 2607 685 1244 92 184 408 119 595 276 487 55 454 113 203
internal_value=-9.59516e-05 -0.176434 -0.420496 0.221134 -0.846284 0.452997 -0.225923 0.279473 0.458713 -0.176343 -0.445299 0.557719 0.791761 0.485804
internal_weight=10705 5957 2774 4748 869 2141 1905 1417 822 1786 542 730 724 316
internal_count=10705 5957 2774 4748 869 2141 1905 1417 822 1786 542 730 724 316
is_linear=0
shrinkage=0.05


Tree=13
num_leaves=15
num_cat=0
split_feature=71 84 71 84 84 71 25 7 26 36 36 25 24 24
split_gain=151544 112757 77645.5 63278.2 54792.4 42311.2 31556.3 27208.9 21595.6 23884.3 20205.8 20122.4 28919 20033.4
threshold=-1.0000000180025095e-35 99.531733000000017 -3.0124999999999988 42.523274000000008 258.60530300000011 2.1000000000000001 99.460662613930012 191.71993950000004 19.912500000000005 21.329817708333337 25.692187500000003 107.98559925686267 283.84321050000005 277.22543400000006
decision_type=2 2 2 2 2 2 2 2 2 2 2 2 2 2
left_child=1 -1 6 -2 5 10 -3 -6 9 -4 -5 12 -10 -9
right_child=3 2 8 4 7 -7 -8 13 11 -11 -12 -13 -14 -15
leaf_value=0.034232770191750778 0.028733645687111758 -1.0806620685656081 -0.30353005611596956 0.24133274029722834 0.7424492763567575 0.77317276167109106 -0.19458064348913554 -0.72490840046421479 -0.16962909382756933 -0.99680761047031563 1.005878978983519 -0.56150701306904149 0.57649418697473687 0.0046372707144567565
leaf_weight=2817 2809 505 387 1095 78 797 126 151 1011 183 93 258 148 247
leaf_count=2817 2809 505 387 1095 78 797 126 151 1011 183 93 258 148 247
internal_value=-9.66014e-05 -0.185327 -0.421499 0.190932 0.37598 0.491463 -0.904314 -0.105624 -0.267797 -0.527465 0.301979 -0.163045 -0.0739371 -0.273273
internal_weight=10705 5435 2618 5270 2461 1985 631 476 1987 570 1188 1417 1159 398
internal_count=10705 5435 2618 5270 2461 1985 631 476 1987 570 1188 1417 1159 398
is_linear=0
shrinkage=0.05


Tree=14
num_leaves=15
num_cat=0
split_feature=71 84 30 84 69 70 84 36 47 71 32 36 24 51
split_gain=136803 101856 70744.4 57122.8 49486.6 39897.9 33112 29547.9 27681 23448.2 22340.3 21876.6 20975.1 24295.4
threshold=-1.0000000180025095e-35 107.19768550000002 19.962500000000002 42.523274000000008 11.26756466666667 8.1012924249459495 198.96724050000003 20.748177083333335 80.627604166666671 -1.1374999999999991 20.262500000000003 24.459765625000006 277.22543400000006 2.5000000000000004
decision_type=2 2 2 2 2 2 2 2 2 2 2 2 2 2
left_child=1 -1 8 -2 5 7 -7 -5 9 -3 -6 -12 13 -8
right_child=3 2 -4 4 10 6 12 -9 -10 -11 11 -13 -14 -15
leaf_value=0.024735791813696926 0.027297473533934122 -1.4344712794563104 -0.26154761417753869 -0.25173492406147052 1.4773361932940601 0.29503301470270954 -1.7602081954479218 0.5147982118298593 -0.50649036936683511 -0.43814381564967331 0.98952507674694068 0.38826142946266734 -0.049916896339505912 -0.43707438349723821
leaf_weight=2921 2809 247 1920 146 81 310 47 881 268 79 233 435 199 129
leaf_count=2921 2809 247 1920 146 81 310 47 881 268 79 233 435 199 129
internal_value=-9.46891e-05 -0.176086 -0.409336 0.181405 0.357222 0.208704 -0.0867898 0.405688 -0.885792 -1.19511 0.695963 0.599149 -0.402375 -0.79836
internal_weight=10705 5435 2514 5270 2461 1712 685 1027 594 326 749 668 375 176
internal_count=10705 5435 2514 5270 2461 1712 685 1027 594 326 749 668 375 176
is_linear=0
shrinkage=0.05


Tree=15
num_leaves=15
num_cat=0
split_feature=71 84 71 84 24 84 71 35 36 69 30 84 30 46
split_gain=123490 92247.7 67716.7 51560.9 47375.4 46034.4 39049.1 21471.2 25542.3 18657.4 29906.2 18302.2 16335.1 15029.2
threshold=-1.0000000180025095e-35 99.531733000000017 -2.5124999999999988 42.523274000000008 269.12478300000004 263.70710200000008 1.7624999999999995 22.621354166666674 22.72096354166667 -1.2722573854166674 23.812500000000004 284.32638350000008 19.762500000000003 89.760416666666671
decision_type=2 2 2 2 2 2 2 2 2 2 2 2 2 2
left_child=1 -1 4 -2 -3 6 12 8 -8 -9 -11 -7 -5 -4
right_child=3 2 13 5 -6 11 7 9 -10 10 -12 -13 -14 -15
leaf_value=0.031285388824584572 0.025933084521853628 -0.91990707418062689 -0.1479429638808436 -0.31963033893844117 -0.039948303646845179 -0.050358223155415494 0.30573055133098315 -0.21612891437993809 1.182832932337236 -0.2783472810442863 0.72042186113043893 -1.1293978987799751 0.28379058647509542 -0.65429018759801072
leaf_weight=2817 2809 710 1552 127 195 311 118 87 286 88 487 44 913 161
leaf_count=2817 2809 710 1552 127 195 311 118 87 286 88 487 44 913 161
internal_value=-9.65994e-05 -0.167305 -0.380922 0.172346 -0.730556 0.339385 0.428145 0.640702 0.928037 0.464214 0.567349 -0.186895 0.209867 -0.195887
internal_weight=10705 5435 2618 5270 905 2461 2106 1066 404 662 575 355 1040 1713
internal_count=10705 5435 2618 5270 905 2461 2106 1066 404 662 575 355 1040 1713
is_linear=0
shrinkage=0.05


Tree=16
num_leaves=15
num_cat=0
split_feature=71 84 71 84 24 69 84 80 84 6 35 41 68 47
split_gain=111486 83893.1 65163.8 57624.2 41658.2 34970.5 23505 23295.5 26605.5 21542.1 32837.1 17846.7 17386.7 16746
threshold=0.16249999999999967 103.85360150000001 -2.5124999999999988 42.523274000000008 264.18653100000006 11.26756466666667 275.36804450000005 -0.32143946530316164 223.51524000000003 99.376500500000006 21.378645833333337 86.875000000000014 6.9525323118779028 80.690104166666671
decision_type=2 2 2 2 2 2 2 2 2 2 2 2 2 2
left_child=1 -1 4 -2 13 9 7 -4 -9 10 -5 -12 -7 -3
right_child=3 2 6 5 -6 12 -8 8 -10 -11 11 -13 -14 -15
leaf_value=0.034752095895049372 0.024988534605082942 -1.1279570858874828 0.013519315162987234 0.014442977166905161 -0.1365951651440109 1.0067900509668197 -0.65131214945797877 -0.25564258041303844 -1.3452187461039378 -0.02593736992392336 0.52073576085759965 1.3802154727385079 0.484607698826369 -0.60795852203058276
leaf_weight=3174 2581 366 1163 354 243 240 231 515 62 516 430 70 484 276
leaf_count=3174 2581 366 1163 354 243 240 231 515 62 516 430 70 484 276
internal_value=-9.74019e-05 -0.142163 -0.33872 0.183135 -0.694914 0.377958 -0.178513 -0.115407 -0.374845 0.229139 0.383111 0.643578 0.658857 -0.905699
internal_weight=10705 6030 2856 4675 885 2094 1971 1740 577 1370 854 500 724 642
internal_count=10705 6030 2856 4675 885 2094 1971 1740 577 1370 854 500 724 642
is_linear=0
shrinkage=0.05


Tree=17
num_leaves=15
num_cat=0
split_feature=71 84 30 84 84 24 22 70 69 7 51 36 36 51
split_gain=101345 75411.9 57024.7 42402 41273.1 34889.2 25410.8 22906.1 22518 21220.4 19433.5 31954.7 19513 16783.6
threshold=-1.0000000180025095e-35 99.531733000000017 19.962500000000002 42.523274000000008 255.15382300000002 278.91518350000007 138.03085226041671 13.282359788870467 -5.9078175052083326 191.71993950000004 1.5000000000000002 20.748177083333335 23.158463541666674 2.5000000000000004
decision_type=2 2 2 2 2 2 2 2 2 2 2 2 2 2
left_child=1 -1 7 -2 5 6 8 -3 -5 -6 12 -12 -10 -13
right_child=3 2 -4 4 9 -7 -8 -9 10 -11 11 13 -14 -15
leaf_value=0.027984685614980055 0.02334830082873433 -0.45564201777628344 -0.21382802544705692 -0.49797174712022152 0.60299079461644101 0.66864680232071916 -0.34166768547947424 -1.0631112920933041 0.39007271650663922 -0.21463605463057431 -0.18768156238010755 1.1882130922450054 -0.50925053811073306 0.54465765001575572
leaf_weight=2817 2809 312 1993 74 95 802 162 313 151 457 117 142 99 362
leaf_count=2817 2809 312 1993 74 95 802 162 313 151 457 117 142 99 362
internal_value=-9.56627e-05 -0.151572 -0.344714 0.156122 0.3076 0.417659 0.235384 -0.761075 0.334563 -0.0730853 0.405785 0.555432 0.0333307 0.727971
internal_weight=10705 5435 2618 5270 2461 1909 1107 625 945 552 871 621 250 504
internal_count=10705 5435 2618 5270 2461 1909 1107 625 945 552 871 621 250 504
is_linear=0
shrinkage=0.05


Tree=18
num_leaves=15
num_cat=0
split_feature=71 84 30 84 71 84 47 36 8 20 71 36 30 46
split_gain=91483.8 68210.6 49882.1 38277.2 38477.6 29384.5 24076.4 19788.5 18785.1 18666 17209.3 17176.5 17399 16279.9
threshold=-1.0000000180025095e-35 107.19768550000002 19.962500000000002 42.523274000000008 2.9500000000000015 263.70710200000008 80.627604166666671 25.692187500000003 198.61941300000004 95.096375000000009 -1.0124999999999991 24.652864583333336 19.762500000000003 86.505208333333357
decision_type=2 2 2 2 2 2 2 2 2 2 2 2 2 2
left_child=1 -1 6 -2 5 7 10 11 -4 -6 -3 12 -5 -8
right_child=3 2 8 4 9 -7 13 -9 -10 -11 -12 -13 -14 -15
leaf_value=0.020330357566219256 0.022181301196486924 -1.2248693885535002 -0.17327994391013746 -0.26809555507109811 1.0306451064720752 -0.35590339280415528 0.22440291902498355 0.85220266770815756 -0.86454622954703297 0.44777144777937405 -0.36392216105491687 -0.33988767918601315 0.31853507086955168 -0.63050903526198177
leaf_weight=2921 2809 249 1817 143 179 238 78 121 103 597 77 138 1045 190
leaf_count=2921 2809 249 1817 143 179 238 78 121 103 597 77 138 1045 190
internal_value=-9.10573e-05 -0.144009 -0.334886 0.148332 0.292254 0.157915 -0.734962 0.242615 -0.210794 0.583376 -1.02325 0.186388 0.247756 -0.381782
internal_weight=10705 5435 2514 5270 2461 1685 594 1447 1920 776 326 1326 1188 268
internal_count=10705 5435 2514 5270 2461 1685 594 1447 1920 776 326 1326 1188 268
is_linear=0
shrinkage=0.05


Tree=19
num_leaves=15
num_cat=0
split_feature=71 84 71 84 24 69 84 6 35 32 79 45 25 48
split_gain=82798.4 62725.8 51766.3 42835.5 34367.2 28592.5 21935.4 17549.2 27258.5 17273.5 18867.5 18759.2 24463 28497.3
threshold=0.16249999999999967 103.85360150000001 -2.5124999999999988 42.523274000000008 269.12478300000004 11.26756466666667 295.90254450000003 99.376500500000006 21.378645833333337 22.012500000000003 -0.60876142900872077 82.989583333333357 107.98559925686267 8.3750000000000018
decision_type=2 2 2 2 2 2 2 2 2 2 2 2 2 2
left_child=1 -1 4 -2 -3 7 9 8 -5 11 -11 12 13 -4
right_child=3 2 6 5 -6 -7 -8 -9 -10 10 -12 -13 -14 -15
leaf_value=0.030453238663674283 0.021463993375819383 -0.77265739656838284 0.67896729295778468 -0.0056288838019253502 -0.013870961950477507 0.57977198353512538 -1.1837464230060577 -0.038958380741159107 0.5675259360359487 -0.85802415603359283 -0.15772791514105172 -0.1686875801376842 -0.65561141212221608 -0.14626036858694122
leaf_weight=3174 2581 695 258 354 190 724 49 516 500 148 273 998 70 175
leaf_count=3174 2581 695 258 354 190 724 49 516 500 148 273 998 70 175
internal_value=-9.25986e-05 -0.122523 -0.292484 0.157816 -0.609954 0.325788 -0.149699 0.191241 0.330213 -0.122735 -0.405363 -0.0432467 0.205481 0.345877
internal_weight=10705 6030 2856 4675 885 2094 1971 1370 854 1922 421 1501 503 433
internal_count=10705 6030 2856 4675 885 2094 1971 1370 854 1922 421 1501 503 433
is_linear=0
shrinkage=0.05


Tree=20
num_leaves=15
num_cat=0
split_feature=71 84 36 84 84 71 36 29 47 73 70 6 69 54
split_gain=74893.9 55733.8 45749.3 31385.7 35126.6 29813.6 24128.7 28994.4 23014.6 22054.6 20063.8 19277.2 22519.4 17275.8
threshold=-1.0000000180025095e-35 99.531733000000017 20.262500000000003 42.523274000000008 273.02215500000005 1.7624999999999995 21.329817708333337 20.762500000000003 80.627604166666671 0.62500000000000011 20.47732442556347 146.87602200000003 8.2327959375000024 1.0000000180025095e-35
decision_type=2 2 2 2 2 2 2 2 2 2 2 2 2 2
left_child=1 -1 8 -2 5 -5 -4 9 -3 13 -9 -7 -13 -8
right_child=3 2 6 4 -6 11 7 10 -10 -11 -12 12 -14 -15
leaf_value=0.024047668647738885 0.019963344355176778 -1.0196304873250668 0.13364369264171785 0.13191271703340421 -0.41652413184585219 0.67363094125649348 -0.82287244020767936 -0.19634654343799623 -0.38237106469159921 -0.82910320178936281 0.62575564291095365 -0.17902511373162269 0.50942662597257038 0.29778410748635625
leaf_weight=2817 2809 276 458 1117 175 653 52 1031 294 331 79 184 332 97
leaf_count=2817 2809 276 458 1117 175 653 52 1031 294 331 79 184 332 97
internal_value=-9.78835e-05 -0.130314 -0.296356 0.134195 0.264518 0.316813 -0.185905 -0.277977 -0.692184 -0.60227 -0.137326 0.493226 0.264061 -0.096196
internal_weight=10705 5435 2618 5270 2461 2286 2048 1590 570 480 1110 1169 516 149
internal_count=10705 5435 2618 5270 2461 2286 2048 1590 570 480 1110 1169 516 149
is_linear=0
shrinkage=0.05


Tree=21
num_leaves=15
num_cat=0
split_feature=71 84 71 84 24 69 32 75 45 46 25 24 69 54
split_gain=67707.8 51782.9 43510.7 35028.6 30759.2 24592.9 19772.4 21761.5 19109 17613.1 14956.7 21099.1 14879.5 13262.6
threshold=0.16249999999999967 107.19768550000002 -2.5124999999999988 42.523274000000008 269.12478300000004 -1.0000000180025095e-35 22.012500000000003 14.125000000000002 87.697916666666671 89.760416666666671 107.98559925686267 283.32550850000001 -5.0450263385416667 -0.8783796973249266
decision_type=2 2 2 2 2 2 2 2 2 2 2 2 2 2
left_child=1 -1 4 -2 13 8 9 -8 -5 10 11 -4 -11 -3
right_child=3 2 6 5 -6 -7 7 -9 -10 12 -12 -13 -14 -15
leaf_value=0.025978320354997149 0.019393428405249057 -1.4367022518384256 -0.010966447373860488 -0.12243297748500481 0.01245529052851772 0.39164043600168341 -0.13644430142055458 -0.8557420860788677 0.80758363557240331 -0.96451717222129918 -0.59605142239164166 0.67410214574337013 -0.04117217915132642 -0.6466065978957638
leaf_weight=3222 2581 58 1114 447 184 1585 256 178 62 90 93 124 84 627
leaf_count=3222 2581 58 1114 447 184 1585 256 178 62 90 93 124 84 627
internal_value=-9.96669e-05 -0.110813 -0.267725 0.142695 -0.561529 0.294592 -0.135829 -0.432745 -0.00778864 -0.0499763 0.0120168 0.0581398 -0.521547 -0.715502
internal_weight=10705 6030 2808 4675 869 2094 1939 434 509 1505 1331 1238 174 685
internal_count=10705 6030 2808 4675 869 2094 1939 434 509 1505 1331 1238 174 685
is_linear=0
shrinkage=0.05


Tree=22
num_leaves=15
num_cat=0
split_feature=71 84 71 84 84 24 22 42 84 69 36 84 25 47
split_gain=61231.9 45451.3 39066.6 25691.1 31819.6 27612.4 21746.2 19515.1 17252.2 16761.2 16563.8 16581.6 15970.9 18472.1
threshold=-1.0000000180025095e-35 99.531733000000017 -3.5624999999999996 42.523274000000008 249.69416550000003 278.91518350000007 138.03085226041671 75.125000000000014 282.33339050000006 -14.779579244791664 18.395963541666671 299.97504500000008 105.16358070881857 76.108072916666671
decision_type=2 2 2 2 2 2 2 2 2 2 2 2 2 2
left_child=1 -1 9 -2 5 6 7 -5 -6 -3 -4 -12 -7 -14
right_child=3 2 10 4 8 12 -8 -9 -10 -11 11 -13 13 -15
leaf_value=0.021547256815171226 0.017969491722532864 -0.90279378182682635 -1.0122541896083899 0.52541535223201619 0.021686445626740658 0.98012156365241143 -0.35234674880084416 0.058609781146612999 -0.87440019209506148 -0.3287802711301504 -0.12682943460613025 -1.1194486091303271 0.28814638184413627 0.97330158931581545
leaf_weight=2817 2809 295 56 423 599 187 160 475 58 226 1999 42 432 127
leaf_count=2817 2809 295 56 423 599 187 160 475 58 226 1999 42 432 127
internal_value=-0.000108131 -0.11785 -0.267794 0.12132 0.239229 0.347678 0.183141 0.278837 -0.0586288 -0.654904 -0.171351 -0.147794 0.580472 0.445268
internal_weight=10705 5435 2618 5270 2461 1804 1058 898 657 521 2097 2041 746 559
internal_count=10705 5435 2618 5270 2461 1804 1058 898 657 521 2097 2041 746 559
is_linear=0
shrinkage=0.05


Tree=23
num_leaves=15
num_cat=0
split_feature=71 84 30 84 69 47 32 75 71 24 81 42 32 76
split_gain=55392.1 42591.3 35973.3 28654 21550.1 18884.3 17902.8 22321.6 15888.2 23044.9 21039.8 15481.3 15334.8 14963.8
threshold=0.16249999999999967 107.19768550000002 19.962500000000002 42.523274000000008 11.26756466666667 78.319010416666671 22.012500000000003 14.625000000000002 -2.1374999999999988 282.91039900000004 1.0000000180025095e-35 51.125000000000007 20.262500000000003 3.5000000000000004
decision_type=2 2 2 2 2 2 2 2 2 2 2 2 2 2
left_child=1 -1 5 -2 11 -3 8 -8 9 10 -4 -5 -6 -14
right_child=3 2 6 4 12 -7 7 -9 -10 -11 -12 -13 13 -15
leaf_value=0.023807691179303755 0.017526006763822623 -0.89498559397955746 -0.83104930688505585 -0.25132112040752319 1.1366965246053391 -0.34464227777348655 -0.14059594824663377 -0.81823805526952553 0.030067057774354752 0.78083433328672902 -0.10213668533574999 0.21994218683149988 0.16866556659926102 0.65115096575684017
leaf_weight=3222 2581 263 183 204 80 386 316 197 1206 42 215 1166 330 314
leaf_count=3222 2581 263 183 204 80 386 316 197 1206 42 215 1166 330 314
internal_value=-0.000111272 -0.10025 -0.242556 0.129046 0.266427 -0.568697 -0.1443 -0.401907 -0.0638177 -0.320632 -0.438533 0.149637 0.486915 0.404559
internal_weight=10705 6030 2808 4675 2094 649 2159 513 1646 440 398 1370 724 644
internal_count=10705 6030 2808 4675 2094 649 2159 513 1646 440 398 1370 724 644
is_linear=0
shrinkage=0.05


Tree=24
num_leaves=15
num_cat=0
split_feature=34 84 69 84 67 84 25 24 6 22 25 71 51 49
split_gain=51044.3 35705.2 35872.1 32716.2 21332.1 35362 26459.4 24250.8 25545.8 22360.7 20920.3 19815.2 25096.9 18544.6
threshold=19.917708333333337 91.073221500000017 -10.293456088541664 275.36804450000005 -1.9232927916666658 42.523274000000008 113.37412887341182 278.91518350000007 91.264061500000011 137.50280211458337 105.16358070881857 -1.1874999999999998 1.5000000000000002 3.5000000000000004
decision_type=2 2 2 2 2 2 2 2 2 2 2 2 2 2
left_child=1 -1 -3 4 -2 -6 7 9 10 11 -9 -7 -13 -11
right_child=3 2 -4 -5 5 6 -8 8 -10 13 -12 12 -14 -15
leaf_value=0.039997678291047875 -0.047538140748982272 -0.77231427987815404 -0.20385826126953135 -0.40491344122585637 0.014084524895301431 -0.22281280171996107 -0.33490028557706775 1.3452220033729025 0.26714035096315791 -0.032459974955996028 0.56718754427773621 0.018280332223106703 0.5580918920657113 -1.0881139376941993
leaf_weight=790 2519 410 858 372 3148 166 172 118 556 276 328 332 612 48
leaf_count=790 2519 410 858 372 3148 166 172 118 556 276 328 332 612 48
internal_value=-0.000107362 -0.223845 -0.388129 0.0531623 0.0738014 0.126902 0.263022 0.30536 0.494001 0.173295 0.775584 0.279917 0.368463 -0.19172
internal_weight=10705 2058 1268 8647 8275 5756 2608 2436 1002 1434 446 1110 944 324
internal_count=10705 2058 1268 8647 8275 5756 2608 2436 1002 1434 446 1110 944 324
is_linear=0
shrinkage=0.05


Tree=25
num_leaves=15
num_cat=0
split_feature=71 84 22 84 58 36 84 71 47 84 36 47 24 24
split_gain=46377.9 35485.5 35271.7 30572.1 30477.7 21538.2 19965.6 26302.1 19218.4 17027.9 18255.4 14563.4 14951.1 16843.1
threshold=-0.9875000000000006 94.590699000000015 125.64656252604168 282.33339050000006 -1.0000000180025095e-35 23.401953125000002 42.523274000000008 2.9500000000000015 80.576822916666671 260.0556155000001 25.692187500000003 76.425781250000014 256.28648850000008 261.18970800000005
decision_type=2 2 2 2 2 2 2 2 2 2 2 2 2 2
left_child=1 -1 5 6 -4 8 -2 9 -3 10 -8 -6 -13 -14
right_child=3 2 4 -5 11 -7 7 -9 -10 -11 -12 12 13 -15
leaf_value=0.014117150889000014 0.015057168171564057 -0.93513096904221438 -0.53595472461063387 -0.85228512993630245 0.21651204898713614 0.12591949262864238 0.12775560121275067 0.44746435493666248 -0.38290733182716297 -0.1954930939903807 0.7523400277490655 0.26118632370974132 -1.2443372884676571 -0.19684932678160105
leaf_weight=2351 3140 312 342 84 465 102 1650 769 322 382 125 166 41 454
leaf_count=2351 3140 312 342 84 465 102 1650 769 322 382 125 166 41 454
internal_value=-0.000103381 -0.121016 -0.265104 0.0894559 -0.123314 -0.547361 0.102635 0.196581 -0.655709 0.106972 0.172139 0.00238165 -0.148354 -0.285945
internal_weight=10705 4555 2204 6150 1468 736 6066 2926 634 2157 1775 1126 661 495
internal_count=10705 4555 2204 6150 1468 736 6066 2926 634 2157 1775 1126 661 495
is_linear=0
shrinkage=0.05


Tree=26
num_leaves=15
num_cat=0
split_feature=34 84 69 84 48 43 84 68 81 24 32 84 70 84
split_gain=42425.9 29465.6 40355.3 28417.7 21325.3 16447.7 14906.7 13177.5 13174.8 12431.1 19882.1 10417.3 17889.8 12427
threshold=19.998958333333338 90.348270500000027 -10.293456088541664 273.02215500000005 5.3750000000000009 83.375000000000014 227.97181700000002 5.2919589460175205 0.6078576107927941 278.91518350000007 21.762500000000003 95.689753500000009 8.1032710679429751 71.13744800000002
decision_type=2 2 2 2 2 2 2 2 2 2 2 2 2 2
left_child=1 -1 -3 4 6 8 -2 -8 -4 11 -11 13 -13 -6
right_child=3 2 5 -5 9 -7 7 -9 -10 10 -12 12 -14 -15
leaf_value=0.038761808171054249 0.087928709558956056 -0.73458690758999612 -0.70185683152996581 -0.33269128524402825 0.012672491908388745 -0.0065217896697558758 0.58309199219416119 0.12009479250665366 -0.032218851308737487 0.49051962263253801 0.06993010332557667 0.073955146975332939 -0.30914545632993051 0.45539326938649949
leaf_weight=841 678 435 194 456 3118 634 436 238 118 331 1832 557 671 166
leaf_count=841 678 435 194 456 3118 634 436 238 118 331 1832 557 671 166
internal_value=-0.000109339 -0.194548 -0.336554 0.050838 0.0726643 -0.152943 0.253671 0.420021 -0.449508 0.0359694 0.134489 -0.0112791 -0.135459 0.035183
internal_weight=10705 2222 1381 8483 8027 946 1352 674 312 6675 2163 4512 1228 3284
internal_count=10705 2222 1381 8483 8027 946 1352 674 312 6675 2163 4512 1228 3284
is_linear=0
shrinkage=0.05


Tree=27
num_leaves=15
num_cat=0
split_feature=71 84 22 58 84 36 84 71 47 84 36 70 20 45
split_gain=38760.3 29070.7 29118.3 26517.1 26408.6 18006.8 17438.1 23275.2 17111 15139.3 16330.9 13641.9 13400.6 13065.6
threshold=-0.9875000000000006 94.590699000000015 125.64656252604168 -1.0000000180025095e-35 282.33339050000006 23.401953125000002 42.523274000000008 2.9500000000000015 80.576822916666671 260.0556155000001 25.692187500000003 15.105780810542793 95.096375000000009 81.343750000000014
decision_type=2 2 2 2 2 2 2 2 2 2 2 2 2 2
left_child=1 -1 5 -4 6 8 -2 9 -3 10 11 -8 -9 -5
right_child=4 2 3 13 -6 -7 7 12 -10 -11 -12 -13 -14 -15
leaf_value=0.011668776047137269 0.012172350330134175 -0.86019351806063149 -0.49712498733046151 0.29905541773783473 -0.79349695329280467 0.11807696208068469 0.16934684769976094 0.79597505111712963 -0.33928808897024387 -0.18767101887453047 0.70773268454220328 -0.27704794479284395 0.30194152298835686 -0.093469991827013044
leaf_weight=2351 3140 312 342 282 84 102 1457 179 322 382 125 193 590 844
leaf_count=2351 3140 312 342 282 84 102 1457 179 322 382 125 193 590 844
internal_value=-0.000104734 -0.110642 -0.241058 -0.112228 0.0817698 -0.497515 0.094019 0.181817 -0.596584 0.097524 0.158972 0.116996 0.417822 0.00501379
internal_weight=10705 4555 2204 1468 6150 736 6066 2926 634 2157 1775 1650 769 1126
internal_count=10705 4555 2204 1468 6150 736 6066 2926 634 2157 1775 1650 769 1126
is_linear=0
shrinkage=0.05


Tree=28
num_leaves=15
num_cat=0
split_feature=34 84 69 84 67 84 25 24 6 22 71 51 28 35
split_gain=35221.2 24982 25731.3 23672.8 16201 28475.3 22088.5 18231.8 21661.4 20409.6 16771 18078.6 21433.7 16673.4
threshold=19.917708333333337 84.775400500000018 -10.293456088541664 273.02215500000005 -1.9232927916666658 42.523274000000008 113.37412887341182 278.91518350000007 106.11715300000002 137.50280211458337 -2.0124999999999988 1.5000000000000002 21.512500000000003 22.142708333333335
decision_type=2 2 2 2 2 2 2 2 2 2 2 2 2 2
left_child=1 -1 -3 4 -2 -6 7 9 -9 10 -7 -12 -13 -8
right_child=3 2 -4 -5 5 6 13 8 -10 -11 11 12 -14 -15
leaf_value=0.041451819162336707 -0.04248034452638165 -0.64526455063467569 -0.16701200368170865 -0.30488216810669777 0.009743081808040524 -0.68591616180207993 -1.0360147853331132 0.68110201884021881 0.21169152381985593 -0.19685595629477426 0.013306138086493302 0.22564433106507648 0.8015736563588155 0.029942989660225607
leaf_weight=761 2495 412 885 459 3148 44 54 474 512 315 358 412 266 110
leaf_count=761 2495 412 885 459 3148 44 54 474 512 315 358 412 266 110
internal_value=-0.000102451 -0.185955 -0.319312 0.0441471 0.0637477 0.110302 0.234635 0.273315 0.437813 0.156816 0.260057 0.300856 0.452447 -0.325195
internal_weight=10705 2058 1297 8647 8188 5693 2545 2381 986 1395 1080 1036 678 164
internal_count=10705 2058 1297 8647 8188 5693 2545 2381 986 1395 1080 1036 678 164
is_linear=0
shrinkage=0.05


Tree=29
num_leaves=15
num_cat=0
split_feature=71 84 24 58 84 71 84 69 51 70 54 84 47 24
split_gain=31986.5 24407.4 24957.4 23104.7 22801.7 14541.2 14352.8 20749.9 19175.1 16178.2 24521.6 14528.3 12536 12552.5
threshold=-0.9875000000000006 83.555265000000006 248.42321500000003 -1.0000000180025095e-35 282.33339050000006 -1.9249999999999987 42.523274000000008 -0.18351217708333298 3.5000000000000004 15.169894325524382 0.87837969732492682 79.680672500000014 76.425781250000014 256.28648850000008
decision_type=2 2 2 2 2 2 2 2 2 2 2 2 2 2
left_child=1 -1 5 -4 6 -3 -2 8 9 10 -8 -9 -5 -14
right_child=4 2 3 12 -6 -7 7 11 -10 -11 -12 -13 13 -15
leaf_value=0.013440171290388657 0.0114028885443474 -0.57640153491003832 -0.4526751596067542 0.19717497005668261 -0.73902387117638313 -0.013763010833926243 0.12492440577865022 0.84566425025237335 -0.30055392037234463 -0.32542974145399062 1.1097081712529631 0.22399493726237032 0.22679315398727137 -0.26165187362083558
leaf_weight=2313 3140 567 362 488 84 144 318 98 385 127 78 1920 177 504
leaf_count=2313 3140 567 362 488 84 144 318 98 385 127 78 1920 177 504
internal_value=-0.000102298 -0.100518 -0.218038 -0.104222 0.0742747 -0.462629 0.0856569 0.165311 -0.0331694 0.16386 0.321204 0.254589 0.00397739 -0.134553
internal_weight=10705 4555 2242 1531 6150 711 6066 2926 908 523 396 2018 1169 681
internal_count=10705 4555 2242 1531 6150 711 6066 2926 908 523 396 2018 1169 681
is_linear=0
shrinkage=0.05


Tree=30
num_leaves=15
num_cat=0
split_feature=34 84 69 84 48 36 36 81 36 84 47 68 24 32
split_gain=29269.6 20532.6 29103.9 20255 16298.2 13918.2 14896.8 21936.9 15353.9 12581 11074.3 10832.8 9842.32 16055.1
threshold=19.998958333333338 90.348270500000027 -10.293456088541664 273.02215500000005 5.3750000000000009 18.395963541666671 21.329817708333337 1.0000000180025095e-35 20.991406250000004 227.97181700000002 80.627604166666671 5.2919589460175205 278.91518350000007 21.762500000000003
decision_type=2 2 2 2 2 2 2 2 2 2 2 2 2 2
left_child=1 -1 -3 4 9 -4 8 -8 10 -2 -7 -11 -6 -14
right_child=3 2 5 -5 12 6 7 -9 -10 11 -12 -13 13 -15
leaf_value=0.033160083562372399 0.0666486171343047 -0.61815767710384439 -0.78751917701877971 -0.28157517586170372 -0.013473148748879707 -0.20990635164200314 -0.71346265080765914 0.15172848736660349 0.65056217081692758 0.5195531168999471 0.29676724300924234 0.099816025167734801 0.43616465707253438 0.05822049660909976
leaf_weight=841 678 435 72 456 4512 314 175 125 97 436 163 238 331 1832
leaf_count=841 678 435 72 456 4512 314 175 125 97 436 163 238 331 1832
internal_value=-9.67925e-05 -0.161598 -0.28014 0.0422202 0.0606472 -0.12422 -0.0687397 -0.35366 0.0805294 0.218888 -0.0365077 0.371705 0.0285681 0.116231
internal_weight=10705 2222 1381 8483 8027 946 874 300 574 1352 477 674 6675 2163
internal_count=10705 2222 1381 8483 8027 946 874 300 574 1352 477 674 6675 2163
is_linear=0
shrinkage=0.05


end of trees

feature_importances:
consumo_alvo_semana_anterior=107
temperatura_externa_c_diferenca_semana_atual=60
temperatura_externa_c_media_1440m=36
consumo_max_1440m=35
correcao_semanal_media_1440m=33
consumo_std_1440m=24
umidade_relativa_pct_media_1440m=15
origem_mes=12
correcao_semanal_std_1440m=12
temperatura_externa_c_lag_1440m=10
temperatura_externa_c_lag_360m=8
temperatura_externa_c_media_360m=8
consumo_mean_1440m=6
consumo_lag_360m=5
umidade_relativa_pct_media_180m=5
consumo_max_360m=4
temperatura_externa_c_media_180m=4
origem_hora=4
consumo_diferenca_dia_atual=4
correcao_semanal_std_360m=4
umidade_relativa_pct_media_360m=3
origem_semana_sin=3
alvo_hora=3
alvo_dia_semana=3
alvo_hora_cos=3
alvo_semana_sin=3
consumo_lag_720m=2
consumo_std_180m=2
temperatura_externa_c_lag_180m=2
umidade_relativa_pct_lag_720m=2
origem_dia_semana=2
correcao_semanal_media_360m=2
alvo_hora_sin=2
consumo_lag_1440m=1
temperatura_externa_c_atual=1
temperatura_externa_c_lag_60m=1
umidade_relativa_pct_lag_360m=1
umidade_relativa_pct_lag_1440m=1
umidade_relativa_pct_diferenca_semana_atual=1

parameters:
[boosting: gbdt]
[objective: regression]
[metric: l1]
[tree_learner: serial]
[device_type: cpu]
[data_sample_strategy: bagging]
[data: ]
[valid: ]
[num_iterations: 400]
[learning_rate: 0.05]
[num_leaves: 15]
[num_threads: 2]
[seed: 20260905]
[deterministic: 1]
[force_col_wise: 1]
[force_row_wise: 0]
[histogram_pool_size: -1]
[max_depth: -1]
[min_data_in_leaf: 40]
[min_sum_hessian_in_leaf: 0.001]
[bagging_fraction: 1]
[pos_bagging_fraction: 1]
[neg_bagging_fraction: 1]
[bagging_freq: 0]
[bagging_seed: 23218]
[bagging_by_query: 0]
[feature_fraction: 1]
[feature_fraction_bynode: 1]
[feature_fraction_seed: 28090]
[extra_trees: 0]
[extra_seed: 14360]
[early_stopping_round: 0]
[early_stopping_min_delta: 0]
[first_metric_only: 0]
[max_delta_step: 0]
[lambda_l1: 0]
[lambda_l2: 1]
[linear_lambda: 0]
[min_gain_to_split: 0]
[drop_rate: 0.1]
[max_drop: 50]
[skip_drop: 0.5]
[xgboost_dart_mode: 0]
[uniform_drop: 0]
[drop_seed: 16970]
[top_rate: 0.2]
[other_rate: 0.1]
[min_data_per_group: 100]
[max_cat_threshold: 32]
[cat_l2: 10]
[cat_smooth: 10]
[max_cat_to_onehot: 4]
[top_k: 20]
[monotone_constraints: ]
[monotone_constraints_method: basic]
[monotone_penalty: 0]
[feature_contri: ]
[forcedsplits_filename: ]
[refit_decay_rate: 0.9]
[cegb_tradeoff: 1]
[cegb_penalty_split: 0]
[cegb_penalty_feature_lazy: ]
[cegb_penalty_feature_coupled: ]
[path_smooth: 0]
[interaction_constraints: ]
[verbosity: -1]
[saved_feature_importance_type: 0]
[use_quantized_grad: 0]
[num_grad_quant_bins: 4]
[quant_train_renew_leaf: 0]
[stochastic_rounding: 1]
[linear_tree: 0]
[max_bin: 255]
[max_bin_by_feature: ]
[min_data_in_bin: 3]
[bin_construct_sample_cnt: 200000]
[data_random_seed: 5037]
[is_enable_sparse: 1]
[enable_bundle: 1]
[use_missing: 1]
[zero_as_missing: 0]
[feature_pre_filter: 1]
[pre_partition: 0]
[two_round: 0]
[header: 0]
[label_column: ]
[weight_column: ]
[group_column: ]
[ignore_column: ]
[categorical_feature: ]
[forcedbins_filename: ]
[precise_float_parser: 0]
[parser_config_file: ]
[objective_seed: 15411]
[num_class: 1]
[is_unbalance: 0]
[scale_pos_weight: 1]
[sigmoid: 1]
[boost_from_average: 1]
[reg_sqrt: 0]
[alpha: 0.9]
[fair_c: 1]
[poisson_max_delta_step: 0.7]
[tweedie_variance_power: 1.5]
[lambdarank_truncation_level: 30]
[lambdarank_norm: 1]
[label_gain: ]
[lambdarank_position_bias_regularization: 0]
[eval_at: ]
[multi_error_top_k: 1]
[auc_mu_weights: ]
[num_machines: 1]
[local_listen_port: 12400]
[time_out: 120]
[machine_list_filename: ]
[machines: ]
[gpu_platform_id: -1]
[gpu_device_id: -1]
[gpu_device_id_list: ]
[gpu_use_dp: 0]
[num_gpu: 1]

end of parameters

pandas_categorical:[]
