tree
version=v4
num_class=1
num_tree_per_iteration=1
label_index=0
max_feature_idx=84
objective=regression
feature_names=consumo_atual_kw consumo_lag_15m consumo_lag_30m consumo_lag_60m consumo_lag_120m consumo_lag_180m consumo_lag_360m consumo_lag_720m consumo_lag_1440m consumo_lag_10080m consumo_mean_60m consumo_min_60m consumo_max_60m consumo_std_60m consumo_mean_180m consumo_min_180m consumo_max_180m consumo_std_180m consumo_mean_360m consumo_min_360m consumo_max_360m consumo_std_360m consumo_mean_1440m consumo_min_1440m consumo_max_1440m consumo_std_1440m temperatura_externa_c_atual temperatura_externa_c_lag_15m temperatura_externa_c_lag_60m temperatura_externa_c_lag_180m temperatura_externa_c_lag_360m temperatura_externa_c_lag_720m temperatura_externa_c_lag_1440m temperatura_externa_c_media_60m temperatura_externa_c_media_180m temperatura_externa_c_media_360m temperatura_externa_c_media_1440m umidade_relativa_pct_atual umidade_relativa_pct_lag_15m umidade_relativa_pct_lag_60m umidade_relativa_pct_lag_180m umidade_relativa_pct_lag_360m umidade_relativa_pct_lag_720m umidade_relativa_pct_lag_1440m umidade_relativa_pct_media_60m umidade_relativa_pct_media_180m umidade_relativa_pct_media_360m umidade_relativa_pct_media_1440m origem_hora origem_dia_semana origem_fim_de_semana origem_mes origem_hora_sin origem_hora_cos origem_semana_sin origem_semana_cos consumo_diferenca_semana_atual consumo_razao_semana_atual consumo_diferenca_dia_atual tendencia_consumo_15m tendencia_consumo_60m tendencia_consumo_180m tendencia_consumo_360m correcao_semanal_media_60m correcao_semanal_std_60m correcao_semanal_media_180m correcao_semanal_std_180m correcao_semanal_media_360m correcao_semanal_std_360m correcao_semanal_media_1440m correcao_semanal_std_1440m temperatura_externa_c_diferenca_semana_atual temperatura_externa_c_tendencia_1h umidade_relativa_pct_diferenca_semana_atual umidade_relativa_pct_tendencia_1h alvo_hora alvo_dia_semana alvo_fim_de_semana alvo_mes alvo_hora_sin alvo_hora_cos alvo_semana_sin alvo_semana_cos consumo_alvo_dia_anterior consumo_alvo_semana_anterior
feature_infos=[22.399999999999999:324.71375799999998] [22.399999999999999:324.71375799999998] [22.399999999999999:324.71375799999998] [22.399999999999999:324.71375799999998] [22.399999999999999:324.71375799999998] [22.399999999999999:324.71375799999998] [22.399999999999999:324.71375799999998] [22.399999999999999:324.71375799999998] [22.399999999999999:324.71375799999998] [22.399999999999999:324.71375799999998] [22.399999999999999:321.24876725000001] [22.399999999999999:318.278571] [22.399999999999999:324.71375799999998] [0:82.540869055199337] [22.399999999999999:313.28577408333337] [22.399999999999999:302.53573799999998] [22.399999999999999:324.71375799999998] [0:92.970139865692389] [22.399999999999999:295.13563500000004] [22.399999999999999:249.29458700000001] [22.399999999999999:324.71375799999998] [0:116.53386463160022] [23.200000000000003:159.49963871874999] none [25.600000000000001:324.71375799999998] [1.3929144002343703:128.71471884334804] [15:33.700000000000003] [15:33.700000000000003] [15:33.700000000000003] [15:33.700000000000003] [15:33.700000000000003] [15:33.700000000000003] [15:33.700000000000003] [15:33.4375] [15:32.71875] [15.333333333333334:31.620833333333334] [16.439843749999998:27.283072916666669] [31:98] [31:98] [31:98] [31:98] [31:98] [31:98] [31:98] [32.5:95.625] [33.666666666666664:95.083333333333329] [37.041666666666664:94] [59.309895833333336:91.638020833333329] [0:23.75] [0:6] [0:1] [1:4] [-1:1] [-1:1] [-0.97492791218182362:0.97492791218182362] [-0.90096886790241903:1] [-72.635950000000008:77.445233000000002] [0.43630911779503978:2.09406877563422] [-291.363968:296.779246] [-121.30707899999999:153.05878799999999] [-124.27709300000001:153.05878799999999] [-180.63157299999997:268.16051600000003] [-299.363968:299.97924600000005] [-70.384351250000009:75.467424499999993] [0:44.359338508129341] [-67.777903583333341:70.921986416666655] [0:38.631403568061003] [-64.848194500000005:62.415354583333333] [0:37.083675449251288] [-34.945017510416669:27.905951093750001] [0:30.68446053870321] [-12:11.5] [-8:4.8000000000000007] [-49:48] [-30:40] [0:23.75] [0:6] [0:1] [1:4] [-1:1] [-1:1] [-0.97492791218182362:0.97492791218182362] [-0.90096886790241903:1] [22.399999999999999:324.71375799999998] [22.399999999999999:324.71375799999998]
tree_sizes=1418 1439 1432 1426 1429 1429 1439 1436 1431 1428 1438 1430 1436 1445 1436 1448 1435 1434 1432 1439 1446 1445 1435 1437 1430 1443 1436 1439 1436 1442

Tree=0
num_leaves=15
num_cat=0
split_feature=71 84 84 71 25 69 84 51 24 25 24 25 69 75
split_gain=557433 407354 279800 277079 156514 147663 82925.7 61551.6 51264.3 37155.8 62313 34945.2 32227 30213.7
threshold=1.0000000180025095e-35 103.02903450000001 42.523274000000008 -2.8499999999999992 98.894297547537505 11.26756466666667 287.58038500000004 3.5000000000000004 253.43744300000003 108.34402579467344 277.22543400000006 103.83785543165358 -26.30091713020833 15.125000000000002
decision_type=2 2 2 2 2 2 2 2 2 2 2 2 2 2
left_child=1 -1 -2 4 12 7 9 -4 -9 10 11 -5 -3 -11
right_child=2 3 5 6 -6 -7 -8 8 -10 13 -12 -13 -14 -15
leaf_value=-1.0615593404200832 -1.0764546340746557 -3.5972251690711001 -0.39152507792881253 -1.4302957131857563 -1.4563989857218798 0.27594792750987573 -3.0834294445173089 -0.41991374317173569 -1.5612272780397198 -1.6331135257268603 -0.74724746331837855 -2.0403345901287526 -2.8043331111992016 -2.8106101349707009
leaf_weight=3125 2610 195 1003 1116 203 723 86 160 252 139 283 297 423 90
leaf_count=3125 2610 195 1003 1116 203 723 86 160 252 139 283 297 423 90
internal_value=-1.13309 -1.45518 -0.728994 -1.8894 -2.66294 -0.30505 -1.573 -0.602699 -1.11735 -1.50454 -1.42346 -1.55907 -3.05809 -2.10117
internal_weight=10705 5957 4748 2832 821 2138 2011 1415 412 1925 1696 1413 618 229
internal_count=10705 5957 4748 2832 821 2138 2011 1415 412 1925 1696 1413 618 229
is_linear=0
shrinkage=1


Tree=1
num_leaves=15
num_cat=0
split_feature=71 84 84 71 25 69 84 51 24 25 24 25 69 35
split_gain=503236 367793 252558 250136 141301 133285 74944.6 55550.7 46292.2 33580 56253.6 31553.2 29119.2 27717.7
threshold=1.0000000180025095e-35 103.02903450000001 42.523274000000008 -2.8499999999999992 98.894297547537505 11.26756466666667 287.58038500000004 3.5000000000000004 253.43744300000003 108.34402579467344 277.22543400000006 103.83785543165358 -26.30091713020833 22.317187500000003
decision_type=2 2 2 2 2 2 2 2 2 2 2 2 2 2
left_child=1 -1 -2 4 12 7 9 -4 -9 10 11 -5 -3 -11
right_child=2 3 5 6 -6 -7 -8 8 -10 13 -12 -13 -14 -15
leaf_value=0.067952705675918407 0.053802118133375446 -2.3415595910987075 0.70452105213064276 -0.28236128961869456 -0.30722534074356744 1.3386807937401435 -1.8539458773602016 0.67773636894196465 -0.40681758711166066 -1.5358390423597075 0.36661577684358815 -0.86203715846867568 -1.5878806072891392 -0.42619091352058014
leaf_weight=3125 2610 195 1003 1116 203 723 86 160 252 101 283 297 423 128
leaf_count=3125 2610 195 1003 1116 203 723 86 160 252 101 283 297 423 128
internal_value=-3.195e-05 -0.306068 0.383915 -0.718664 -1.45363 0.786692 -0.418038 0.503905 0.0149896 -0.352959 -0.275878 -0.404727 -1.82909 -0.920149
internal_weight=10705 5957 4748 2832 821 2138 2011 1415 412 1925 1696 1413 618 229
internal_count=10705 5957 4748 2832 821 2138 2011 1415 412 1925 1696 1413 618 229
is_linear=0
shrinkage=0.05


Tree=2
num_leaves=15
num_cat=0
split_feature=71 84 84 71 25 69 84 51 24 25 24 76 32 36
split_gain=454307 332073 227968 225813 127567 120308 68512 50134.8 41802.3 29189.1 50933.7 31114.3 27027.7 26361.5
threshold=1.0000000180025095e-35 103.02903450000001 42.523274000000008 -2.8499999999999992 98.894297547537505 11.26756466666667 292.35207400000007 3.5000000000000004 253.43744300000003 109.00154112320878 278.56941200000006 3.5000000000000004 20.262500000000003 24.424479166666671
decision_type=2 2 2 2 2 2 2 2 2 2 2 2 2 2
left_child=1 -1 -2 4 -3 7 9 -4 -9 10 11 -5 -7 -14
right_child=2 3 5 6 -6 12 -8 8 -10 -11 -12 -13 13 -15
leaf_value=0.064556157758777641 0.051113041800495675 -1.7379534382403188 0.66933008069358024 -0.28901159718421943 -0.29193936635320095 2.1411206869431485 -2.0341111560021679 0.64406002676172291 -0.38655710904951035 -0.87695595817150263 0.43836058201310846 -0.96070964445720364 1.5954086114309336 0.91997039255549873
leaf_weight=3125 2610 618 1003 1307 203 80 61 160 252 227 218 198 227 416
leaf_count=3125 2610 618 1003 1307 203 80 61 160 252 227 218 198 227 416
internal_value=-6.02157e-05 -0.290838 0.364744 -0.682886 -1.3812 0.747412 -0.397251 0.478744 0.0142729 -0.34503 -0.274482 -0.37796 1.27184 1.16053
internal_weight=10705 5957 4748 2832 821 2138 2011 1415 412 1950 1723 1505 723 643
internal_count=10705 5957 4748 2832 821 2138 2011 1415 412 1950 1723 1505 723 643
is_linear=0
shrinkage=0.05


Tree=3
num_leaves=15
num_cat=0
split_feature=71 84 84 71 69 25 84 51 24 80 25 24 36 62
split_gain=410153 299794 205822 204133 108661 83245.7 76822.8 45247 37747.9 31619.2 27269.9 33754.1 26944.4 25418.9
threshold=1.0000000180025095e-35 103.789889 42.523274000000008 -3.0124999999999988 11.26756466666667 99.460662613930012 287.58038500000004 3.5000000000000004 253.43744300000003 -0.32143946530316164 109.00154112320878 278.56941200000006 19.551302083333336 -79.654976499999975
decision_type=2 2 2 2 2 2 2 2 2 2 2 2 2 2
left_child=1 -1 -2 5 7 -3 9 13 -9 12 11 -11 -5 -4
right_child=2 3 4 6 -6 -7 -8 8 -10 10 -12 -13 -14 -15
leaf_value=0.060088503572604139 0.048558370129261286 -1.7459201944648133 0.30409001114508166 -1.2317442179191858 1.2085688100561747 -0.30760863940231503 -1.7380583705767145 0.61205704392668636 -0.36730563897536445 -0.652432715768962 -1.5342498472758703 0.66371735706925394 -0.18209632080437713 0.82740765056608456
leaf_weight=3136 2610 492 368 63 723 127 105 160 252 514 76 53 1391 635
leaf_count=3136 2610 492 368 63 723 127 105 160 252 514 76 53 1391 635
internal_value=-5.74548e-05 -0.276344 0.346566 -0.650232 0.710172 -1.45179 -0.42435 0.45484 0.0135905 -0.357774 -0.649533 -0.528454 -0.228392 0.635897
internal_weight=10705 5957 4748 2821 2138 619 2202 1415 412 2097 643 567 1454 1003
internal_count=10705 5957 4748 2821 2138 619 2202 1415 412 2097 643 567 1454 1003
is_linear=0
shrinkage=0.05


Tree=4
num_leaves=15
num_cat=0
split_feature=71 84 71 84 69 25 84 70 36 84 24 25 35 83
split_gain=371906 278030 169321 154729 115207 75669.9 66442.3 43810.1 47372.4 42372.7 33559.4 32184.2 28023.2 27807.1
threshold=-1.0000000180025095e-35 101.06908500000002 -3.0124999999999988 42.523274000000008 11.532673921875002 99.460662613930012 282.33339050000006 8.0129088345045254 20.748177083333335 295.90254450000003 280.08090150000004 113.37412887341182 22.621354166666674 244.27206700000002
decision_type=2 2 2 2 2 2 2 2 2 2 2 2 2 2
left_child=1 -1 5 -2 6 -3 7 8 -5 13 -9 12 -6 -4
right_child=3 2 9 4 11 -7 -8 10 -10 -11 -12 -13 -14 -15
leaf_value=0.05186275975747863 0.045937809374583222 -1.6530902357449826 -0.54068617828334553 -0.20789408500177717 1.6884572680676933 -0.28890597101791887 -1.4528299954472756 -0.17376488977909196 0.76496673026035522 -1.817366882606789 0.56454806226576659 0.26505192828737201 0.99105330087681487 -0.1449038540825057
leaf_weight=2838 2813 502 1213 146 225 128 48 416 859 53 243 99 421 701
leaf_count=2838 2813 502 1213 146 225 128 48 416 859 53 243 99 421 701
internal_value=-7.343e-05 -0.290248 -0.663983 0.299185 0.588988 -1.37682 0.362762 0.415976 0.62357 -0.435088 0.0989239 1.10767 1.23619 -0.395883
internal_weight=10705 5435 2597 5270 2457 630 1712 1664 1005 1967 659 745 646 1914
internal_count=10705 5435 2597 5270 2457 630 1712 1664 1005 1967 659 745 646 1914
is_linear=0
shrinkage=0.05


Tree=5
num_leaves=15
num_cat=0
split_feature=71 84 71 84 69 25 84 70 36 24 25 25 24 17
split_gain=335722 251157 150205 139669 104037 95644.4 60066.3 39576.8 41551.1 33493.5 29050.9 28537.3 41168.8 25686.2
threshold=-1.0000000180025095e-35 103.789889 -2.8499999999999992 42.523274000000008 11.532673921875002 99.096793758798285 282.33339050000006 8.1032710679429751 20.748177083333335 280.08090150000004 113.37412887341182 107.98559925686267 278.11863750000003 2.5927198770225745e-06
decision_type=2 2 2 2 2 2 2 2 2 2 2 2 2 2
left_child=1 -1 5 -2 6 -3 7 8 -5 -9 -6 12 -4 -10
right_child=3 2 11 4 10 -7 -8 9 13 -11 -12 -13 -14 -15
leaf_value=0.044502309703061155 0.043641736567571136 -1.5027896222317876 -0.39778652662757563 -0.197570090007265 1.1745888909191136 -0.24107741403579711 -1.3816709450313025 -0.21427314549684529 1.0515082563846521 0.53643635499107911 0.25193185224384068 -0.8636321688261559 0.34907031240441877 0.49896736979887291
leaf_weight=2879 2813 617 1272 146 646 199 48 379 342 243 99 253 215 554
leaf_count=2879 2813 617 1272 146 646 199 48 379 342 243 99 253 215 554
internal_value=-7.86649e-05 -0.275776 -0.636404 0.284249 0.559588 -1.19576 0.34461 0.395206 0.583463 0.0794008 1.05248 -0.373547 -0.289639 0.710807
internal_weight=10705 5435 2556 5270 2457 816 1712 1664 1042 622 745 1740 1487 896
internal_count=10705 5435 2556 5270 2457 816 1712 1664 1042 622 745 1740 1487 896
is_linear=0
shrinkage=0.05


Tree=6
num_leaves=15
num_cat=0
split_feature=71 84 71 84 25 69 84 51 69 46 25 48 47 68
split_gain=304012 223404 155394 152704 88922.8 79639 50991.1 36030.2 29262.2 26533.5 27999.4 48450.6 24633.3 23844.9
threshold=1.0000000180025095e-35 101.06908500000002 -2.8499999999999992 42.523274000000008 99.096793758798285 11.26756466666667 299.97504500000008 3.5000000000000004 -0.18351217708333298 82.848958333333357 107.98559925686267 8.3750000000000018 80.690104166666671 6.9525323118779028
decision_type=2 2 2 2 2 2 2 2 2 2 2 2 2 2
left_child=1 -1 4 -2 12 7 9 -5 -9 10 11 -4 -3 -7
right_child=3 2 6 5 -6 13 -8 8 -10 -11 -12 -13 -14 -15
leaf_value=0.056808312941008965 0.041654118606752936 -1.7001511376663292 0.57452567905177732 0.55450710419331684 -0.22289089917932162 1.4467989625339688 -2.0042421210895887 -0.42522151293005889 0.41554079616827216 -0.44353090685586233 -0.61396881160597327 -0.27993500520640108 -1.0586265310535536 0.83262485123878305
leaf_weight=3092 2610 357 282 1003 204 240 43 204 208 1120 188 400 271 483
leaf_count=3092 2610 357 282 1003 204 240 43 204 208 1120 188 400 271 483
internal_value=-7.86933e-05 -0.237944 -0.55596 0.298343 -1.1312 0.611534 -0.320102 0.39294 -0.00078059 -0.282723 -0.0754343 0.0736996 -1.42544 1.03822
internal_weight=10705 5957 2865 4748 832 2138 2033 1415 412 1990 870 682 628 723
internal_count=10705 5957 2865 4748 832 2138 2033 1415 412 1990 870 682 628 723
is_linear=0
shrinkage=0.05


Tree=7
num_leaves=15
num_cat=0
split_feature=71 84 36 84 71 84 47 84 69 35 36 36 69 30
split_gain=275221 205374 128735 114682 89166.7 54015.8 53902 37894.8 32958.3 32553.4 28915.6 26146.1 25734.8 28331.1
threshold=-1.0000000180025095e-35 99.505993500000017 20.237630208333339 42.523274000000008 2.1000000000000001 263.70710200000008 78.419270833333357 287.58038500000004 -5.9078175052083326 22.621354166666674 18.395963541666671 25.692187500000003 -1.0000000180025095e-35 23.212500000000002
decision_type=2 2 2 2 2 2 2 2 2 2 2 2 2 2
left_child=1 -1 6 -2 5 8 -3 -4 -5 -6 -8 -10 -11 -14
right_child=3 2 7 4 9 -7 10 -9 11 12 -12 -13 13 -15
leaf_value=0.04616887832347906 0.039323798720092749 -1.9770687363488335 -0.33783917767389715 -0.54934044877339283 1.3313503352124045 -0.50141987665760968 -1.4965725094524782 -1.3006225547856756 0.37827512155060616 -0.13451348958437198 -0.57449793482354528 1.2366298770167166 -0.10426384052866465 0.92335006832936528
leaf_weight=2821 2813 174 1961 88 278 201 133 107 1077 83 239 96 76 558
leaf_count=2821 2813 174 1961 88 278 201 133 107 1077 83 239 96 76 558
internal_value=-8.79564e-05 -0.249711 -0.568916 0.257349 0.506846 0.258069 -1.2512 -0.388259 0.379431 0.871759 -0.907293 0.449518 0.691957 0.800196
internal_weight=10705 5435 2614 5270 2457 1462 546 2068 1261 995 372 1173 717 634
internal_count=10705 5435 2614 5270 2457 1462 546 2068 1261 995 372 1173 717 634
is_linear=0
shrinkage=0.05


Tree=8
num_leaves=15
num_cat=0
split_feature=71 84 71 84 24 69 84 51 80 84 24 32 35 6
split_gain=248576 183480 127114 124893 83110.8 66347.4 36449.6 30312.1 26634.9 27317.7 25278.5 23465 22064.3 42234.6
threshold=1.0000000180025095e-35 103.789889 -2.5124999999999988 42.523274000000008 264.18653100000006 11.26756466666667 282.33339050000006 3.5000000000000004 -0.32143946530316164 226.05966400000003 253.43744300000003 20.262500000000003 21.027083333333337 97.464830000000021
decision_type=2 2 2 2 2 2 2 2 2 2 2 2 2 2
left_child=1 -1 4 -2 -3 7 8 12 -4 -10 -9 -7 -5 -14
right_child=3 2 6 5 -6 11 -8 10 9 -11 -12 -13 13 -15
leaf_value=0.048010508892863249 0.037606773477822417 -1.3008280378020143 -0.095314171398939107 -0.052939678222135779 -0.21941369815997269 1.7492446484389128 -1.1315119278033154 0.4821499550796074 -0.38500462456768947 -1.4914211127138328 -0.31929334991946523 0.83949456582516901 0.92880580283766789 0.22225927066149409
leaf_weight=3136 2610 643 1250 152 246 80 117 160 503 62 252 643 455 396
leaf_count=3136 2610 643 1250 152 246 80 117 160 503 62 252 643 455 396
internal_value=-9.76683e-05 -0.215186 -0.507685 0.269748 -1.00217 0.552988 -0.279751 0.353473 -0.224251 -0.508837 -0.00763941 0.942436 0.501666 0.600672
internal_weight=10705 5957 2821 4748 889 2138 1932 1415 1815 565 412 723 1003 851
internal_count=10705 5957 2821 4748 889 2138 1932 1415 1815 565 412 723 1003 851
is_linear=0
shrinkage=0.05


Tree=9
num_leaves=15
num_cat=0
split_feature=71 84 36 84 71 84 47 84 69 35 84 36 36 36
split_gain=225899 168269 103362 94290.8 73223 46603 39366.1 31922.5 29409 28746 27183.1 24437.9 23125.3 22837.6
threshold=-1.0000000180025095e-35 107.16221950000001 20.262500000000003 42.523274000000008 2.1000000000000001 256.81891500000006 78.488281250000014 295.90254450000003 -5.9078175052083326 22.621354166666674 162.68421800000002 23.993489583333339 23.401953125000002 18.395963541666671
decision_type=2 2 2 2 2 2 2 2 2 2 2 2 2 2
left_child=1 -1 6 -2 5 8 -3 10 -5 11 -4 -6 -7 -8
right_child=3 2 7 4 9 12 13 -9 -10 -11 -12 -13 -14 -15
leaf_value=0.031488674250391577 0.035441110547375157 -1.705479557208526 -0.68115271667347244 -0.5417552124436309 0.90532151508025638 0.17737792136688388 -1.3675617407977096 -1.4556012749671936 0.44082175178322586 0.62117283187831251 -0.22028489384264915 1.9335225534439087 -0.72956454814211735 -0.52053540576840929
leaf_weight=2925 2813 194 407 81 194 123 122 63 1096 717 1492 84 162 232
leaf_count=2925 2813 194 407 81 194 123 122 63 1096 717 1492 84 162 232
internal_value=-9.59992e-05 -0.226248 -0.52649 0.233135 0.459366 0.233926 -1.13308 -0.356574 0.372799 0.790049 -0.319366 1.22182 -0.338896 -0.815478
internal_weight=10705 5435 2510 5270 2457 1462 548 1962 1177 995 1899 278 285 354
internal_count=10705 5435 2510 5270 2457 1462 548 1962 1177 995 1899 278 285 354
is_linear=0
shrinkage=0.05


Tree=10
num_leaves=15
num_cat=0
split_feature=71 84 71 84 71 84 25 36 21 84 69 83 36 84
split_gain=203949 152398 99753.6 85121.3 66875 50528 44550.2 33401.3 26858 26681.6 23929.5 21191.7 19970.1 19423.6
threshold=-1.0000000180025095e-35 99.505993500000017 -3.0124999999999988 42.523274000000008 2.9500000000000015 258.94589250000007 99.460662613930012 25.692187500000003 29.551153469114549 295.90254450000003 -5.9078175052083326 244.27206700000002 23.401953125000002 254.19392050000002
decision_type=2 2 2 2 2 2 2 2 2 2 2 2 2 2
left_child=1 -1 6 -2 5 7 -3 10 -6 11 -5 -4 -7 -10
right_child=3 2 9 4 8 12 -8 -9 13 -11 -12 -13 -14 -15
leaf_value=0.03988770250660717 0.033669685245661683 -1.2478239058149923 -0.40955299758619895 -0.51499778286712927 1.3002731154070957 0.17330824877211795 -0.20492160710577784 1.1957998780358552 0.79157895033124848 -1.4119034003328395 0.36913799400366909 -0.064994875033111826 -0.65251512072433759 0.083577885475754746
leaf_weight=2821 2813 504 1226 81 211 121 129 116 446 53 1175 702 183 124
leaf_count=2821 2813 504 1226 81 211 121 129 116 446 53 1175 702 183 124
internal_value=-0.000105567 -0.21499 -0.48996 0.221505 0.436455 0.258119 -1.03595 0.387316 0.818339 -0.315063 0.311755 -0.284195 -0.324325 0.637974
internal_weight=10705 5435 2614 5270 2457 1676 633 1372 781 1981 1256 1928 304 570
internal_count=10705 5435 2614 5270 2457 1676 633 1372 781 1981 1256 1928 304 570
is_linear=0
shrinkage=0.05


Tree=11
num_leaves=15
num_cat=0
split_feature=71 84 71 84 24 69 84 80 84 51 69 32 47 76
split_gain=184359 136993 96484.6 92716.6 64770.2 52995.2 30505 27416 24775.5 24378.8 20715.2 20131.4 19796.4 19632.8
threshold=1.0000000180025095e-35 103.789889 -2.5124999999999988 42.523274000000008 264.18653100000006 11.26756466666667 275.36804450000005 -0.32143946530316164 226.05966400000003 3.5000000000000004 -0.18351217708333298 20.262500000000003 80.690104166666671 3.5000000000000004
decision_type=2 2 2 2 2 2 2 2 2 2 2 2 2 2
left_child=1 -1 4 -2 12 9 7 -4 -9 -5 -11 -7 -3 -13
right_child=3 2 6 5 -6 11 -8 8 -10 10 -12 13 -14 -15
leaf_value=0.042087842945744552 0.03227293776717053 -1.373425545190085 -0.024930100203871965 0.43093703570096215 -0.17795194119845636 1.571143795825817 -0.78008245875006144 -0.33293446073394517 -1.3863444631771438 -0.38282438870564833 0.32457932769443448 0.45791148403181148 -0.80637342720359995 1.0127902876989097
leaf_weight=3136 2610 368 1138 1003 246 80 229 503 62 204 208 330 275 313
leaf_count=3136 2610 368 1138 1003 246 80 229 503 62 204 208 330 275 313
internal_value=-0.000102716 -0.185336 -0.438079 0.232287 -0.868885 0.476328 -0.2395 -0.166393 -0.450775 0.298036 -0.0257674 0.824375 -1.13254 0.729169
internal_weight=10705 5957 2821 4748 889 2138 1932 1703 565 1415 412 723 643 643
internal_count=10705 5957 2821 4748 889 2138 1932 1703 565 1415 412 723 643 643
is_linear=0
shrinkage=0.05


Tree=12
num_leaves=15
num_cat=0
split_feature=71 84 36 84 71 47 84 84 5 69 84 32 36 69
split_gain=167267 124637 84151.4 69930.3 55663.9 37921 32560.4 32537.7 27455.4 25877.3 25061.8 23219.2 20119.9 19911.8
threshold=-1.0000000180025095e-35 99.505993500000017 20.237630208333339 42.523274000000008 1.7624999999999995 78.256510416666671 256.81891500000006 271.40114750000004 95.004902000000016 8.0190481979166695 295.90254450000003 22.712500000000002 18.395963541666671 -5.9078175052083326
decision_type=2 2 2 2 2 2 2 2 2 2 2 2 2 2
left_child=1 -1 5 -2 6 -3 13 8 -6 -10 -4 -8 -7 -5
right_child=3 2 10 4 7 12 11 -9 9 -11 -12 -13 -14 -15
leaf_value=0.035790375856026575 0.030338322828234555 -1.606136545641669 -0.26608317033875201 -0.47984232683898881 0.91773403604290194 -1.1997086425325765 -0.12615079182510577 -0.17763008411811745 -0.046586631733068345 0.7025967791108052 -1.2718846913427115 -1.3654213167726994 -0.43166619530295436 0.34430460778431282
leaf_weight=2821 2813 173 2005 79 658 133 179 114 184 307 63 47 240 889
leaf_count=2821 2813 173 2005 79 658 133 179 114 184 307 63 47 240 889
internal_value=-0.000104086 -0.194706 -0.443374 0.20059 0.395418 -0.994991 0.150457 0.626693 0.706581 0.42232 -0.297324 -0.388755 -0.708001 0.276619
internal_weight=10705 5435 2614 5270 2457 546 1194 1263 1149 491 2068 226 373 968
internal_count=10705 5435 2614 5270 2457 546 1194 1263 1149 491 2068 226 373 968
is_linear=0
shrinkage=0.05


Tree=13
num_leaves=15
num_cat=0
split_feature=71 84 71 84 24 71 84 36 20 25 24 24 49 30
split_gain=150992 112843 72835.1 63110.2 56430.1 51681.5 39811.6 28249.8 23474.7 21564.1 32063.2 19461.2 20734.5 18778.5
threshold=-1.0000000180025095e-35 107.16221950000001 -2.5124999999999988 42.523274000000008 269.12478300000004 2.9500000000000015 263.70710200000008 25.692187500000003 95.096375000000009 107.98559925686267 278.11863750000003 269.18851250000006 3.5000000000000004 19.762500000000003
decision_type=2 2 2 2 2 2 2 2 2 2 2 2 2 2
left_child=1 -1 4 -2 -3 6 7 13 -7 10 11 -4 -13 -5
right_child=3 2 9 5 -6 8 -8 -9 -10 -11 -12 12 -14 -15
leaf_value=0.026047699008091153 0.02882194741289499 -1.0095717819019305 -0.12406740195105739 -0.30371456037855887 -0.027525907951123259 1.217337408444185 -0.39402870254745653 1.0506193138612436 0.5613046075063296 -0.66806632202790417 0.43133486399069582 -0.38866274915572874 -1.3970249514425956 0.31276112714724202
leaf_weight=2925 2813 685 842 137 186 177 228 119 604 243 197 296 61 1192
leaf_count=2925 2813 685 842 137 186 177 228 119 604 243 197 296 61 1192
internal_value=-0.000121954 -0.185015 -0.430886 0.190558 -0.80013 0.375642 0.218875 0.315587 0.71135 -0.234293 -0.158363 -0.255531 -0.564381 0.249031
internal_weight=10705 5435 2510 5270 871 2457 1676 1448 781 1639 1396 1199 357 1329
internal_count=10705 5435 2510 5270 871 2457 1676 1448 781 1639 1396 1199 357 1329
is_linear=0
shrinkage=0.05


Tree=14
num_leaves=15
num_cat=0
split_feature=71 84 36 84 69 70 84 30 47 36 29 73 70 47
split_gain=136310 101976 71287.9 56974 47756.2 39767.9 31455.3 28851.1 28163.8 25137.3 34082.5 23760.8 23208 27494.1
threshold=-1.0000000180025095e-35 99.505993500000017 20.262500000000003 42.523274000000008 11.532673921875002 8.0129088345045254 198.94855350000003 19.762500000000003 78.419270833333357 21.329817708333337 20.762500000000003 0.87500000000000011 20.47732442556347 69.231770833333357
decision_type=2 2 2 2 2 2 2 2 2 2 2 2 2 2
left_child=1 -1 8 -2 5 7 -7 -5 -3 -4 11 -11 -12 -14
right_child=3 2 9 4 -6 6 -8 -9 -10 10 12 -13 13 -15
leaf_value=0.032699568678728391 0.027381362162885215 -1.3841072830481407 0.063929370208846731 -0.2731329384718591 0.69084150203860717 0.28217221678913429 -0.38908695429087981 0.51533654449613431 -0.63941636938562108 -0.1893042346998437 -0.27203055874967863 -0.9646963970261111 1.5178863120515174 -0.307013292042982
leaf_weight=2821 2813 194 457 133 745 324 376 879 375 145 1049 313 40 41
leaf_count=2821 2813 194 457 133 745 324 376 879 375 145 1049 313 40 41
internal_value=-0.000119053 -0.175793 -0.400722 0.181054 0.35691 0.211276 -0.0784305 0.411546 -0.895301 -0.26274 -0.356732 -0.720159 -0.208924 0.601692
internal_weight=10705 5435 2614 5270 2457 1712 700 1012 569 2045 1588 458 1130 81
internal_count=10705 5435 2614 5270 2457 1712 700 1012 569 2045 1588 458 1130 81
is_linear=0
shrinkage=0.05


Tree=15
num_leaves=15
num_cat=0
split_feature=71 84 71 84 24 69 32 75 46 25 24 70 17 32
split_gain=123721 93108.3 68292 62273.2 48061.4 37838.6 26021.9 29230.8 22512.6 19494.4 26080.2 19448 25466.7 18930.9
threshold=1.0000000180025095e-35 107.16221950000001 -2.5124999999999988 42.523274000000008 269.12478300000004 11.26756466666667 22.012500000000003 14.375000000000002 89.760416666666671 107.98559925686267 283.32550850000001 7.8207851708806606 1.1692635583363182e-06 20.012500000000003
decision_type=2 2 2 2 2 2 2 2 2 2 2 2 2 2
left_child=1 -1 4 -2 -3 11 8 -8 9 10 -4 12 13 -5
right_child=3 2 6 5 -6 -7 7 -9 -10 -11 -12 -13 -14 -15
leaf_value=0.032621360345951207 0.026334486636381323 -0.92334775339822905 -0.04705473892854687 0.12492198920869209 -0.017088188144333542 0.68434225987277686 -0.20836215229055874 -1.0552471598108373 -0.63674629163435281 -0.71467183103686893 0.73534662774053672 0.036096856646742358 0.19621054935881282 1.0556811016374434
leaf_weight=3184 2610 685 1093 76 186 723 263 166 169 94 117 642 501 196
leaf_count=3184 2610 685 1093 76 186 723 263 166 169 94 117 642 501 196
internal_value=-0.000119119 -0.151862 -0.363624 0.190255 -0.73006 0.390257 -0.195524 -0.537753 -0.0955547 -0.0249815 0.0291437 0.239616 0.40838 0.797026
internal_weight=10705 5957 2773 4748 871 2138 1902 429 1473 1304 1210 1415 773 272
internal_count=10705 5957 2773 4748 871 2138 1902 429 1473 1304 1210 1415 773 272
is_linear=0
shrinkage=0.05


Tree=16
num_leaves=15
num_cat=0
split_feature=71 84 30 84 69 69 84 70 84 70 62 35 41 68
split_gain=111701 84477.1 62048.3 57917.5 32600.1 26076.2 24528.3 21285.9 27252.8 23282.1 18571.1 31871.6 19437.9 18224.6
threshold=0.16249999999999967 103.789889 19.962500000000002 42.523274000000008 10.839889104166671 -10.293456088541664 275.36804450000005 8.0129088345045254 171.28886800000001 5.9106152318650738 -79.654976499999975 21.378645833333337 86.875000000000014 6.9525323118779028
decision_type=2 2 2 2 2 2 2 2 2 2 2 2 2 2
left_child=1 -1 5 -2 10 -3 7 9 -9 -4 -5 -12 -13 -6
right_child=3 2 6 4 13 -7 -8 8 -10 -11 11 12 -14 -15
leaf_value=0.035210592356811121 0.025018172060576688 -1.1162079062837884 -0.2118416072768482 -0.0021927627639550156 1.0026522122737436 -0.47301423479420546 -0.63502929293845467 -0.66629283165637254 -0.12892802858095076 0.33374229274532885 0.0037902672142338233 0.50459043832264061 1.4061297403063096 0.47079970544723837
leaf_weight=3174 2585 297 403 517 242 340 299 333 806 378 339 433 69 490
leaf_count=3174 2585 297 403 517 242 340 299 333 806 378 339 433 69 490
internal_value=-0.000116483 -0.142319 -0.339559 0.183293 0.378949 -0.774182 -0.214501 -0.148715 -0.28648 0.0523073 0.233682 0.378515 0.631056 0.647759
internal_weight=10705 6030 2856 4675 2090 637 2219 1920 1139 781 1358 841 502 732
internal_count=10705 6030 2856 4675 2090 637 2219 1920 1139 781 1358 841 502 732
is_linear=0
shrinkage=0.05


Tree=17
num_leaves=15
num_cat=0
split_feature=71 84 30 84 84 24 22 47 22 7 71 69 81 69
split_gain=101338 75379.2 56057.8 42498.1 42487.8 34734.1 27833.4 22779.5 22014.4 20984.3 20358.3 17886.9 23062.9 20048.6
threshold=-1.0000000180025095e-35 99.505993500000017 19.962500000000002 42.523274000000008 256.09265850000003 278.91518350000007 138.03085226041671 80.627604166666671 137.35020099479172 193.76338350000003 -1.7624999999999991 -5.9078175052083326 0.87837969732492682 -1.0000000180025095e-35
decision_type=2 2 2 2 2 2 2 2 2 2 2 2 2 2
left_child=1 -1 7 -2 5 6 8 10 11 -6 -3 -5 13 -13
right_child=3 2 -4 4 9 -7 -8 -9 -10 -11 -12 12 -14 -15
leaf_value=0.027674774551522553 0.023382091474028963 -1.2935030602201631 -0.21755231993341045 -0.46364250499499993 0.59229503289986685 0.66481460671940473 -0.36068522952898535 -0.4329867472278876 1.4736756010753354 -0.23506358105672201 -0.40425656816134092 -0.37923661220131571 1.1903356215159098 0.3711206065747904
leaf_weight=2821 2813 236 2008 72 92 814 166 280 40 435 90 102 74 662
leaf_count=2821 2813 236 2008 72 92 814 166 280 40 435 90 102 74 662
internal_value=-0.000108098 -0.151579 -0.344963 0.156104 0.307985 0.416588 0.2351 -0.76609 0.339476 -0.0897808 -1.04999 0.288058 0.353119 0.270577
internal_weight=10705 5435 2614 5270 2457 1930 1116 606 950 527 326 910 838 764
internal_count=10705 5435 2614 5270 2457 1930 1116 606 950 527 326 910 838 764
is_linear=0
shrinkage=0.05


Tree=18
num_leaves=15
num_cat=0
split_feature=71 84 71 84 24 69 32 75 46 36 36 47 25 45
split_gain=91708.9 69599.9 53516.3 47601.6 38509.5 27602.9 22341.6 24028.9 20299.4 17710.6 27450.3 20719 16526.7 25499
threshold=0.16249999999999967 103.789889 -2.5124999999999988 42.523274000000008 264.18653100000006 11.26756466666667 22.012500000000003 14.375000000000002 89.864583333333357 25.359375000000004 25.747005208333338 68.317708333333357 107.98559925686267 82.989583333333357
decision_type=2 2 2 2 2 2 2 2 2 2 2 2 2 2
left_child=1 -1 4 -2 -3 -5 8 -8 12 11 -11 -7 13 -4
right_child=3 2 6 5 -6 9 7 -9 -10 10 -12 -13 -14 -15
leaf_value=0.032190575906317541 0.022599095220793522 -0.83300842265858788 0.34468158330922344 0.21106056856232824 -0.097152514589822256 1.5066853981859545 -0.17572081854465779 -0.9309662877150946 -0.60462080419994901 -0.32592906380021897 0.6526526532516691 0.62523064903081571 -0.64203037808959684 -0.12491842404583271
leaf_weight=3174 2585 643 442 1367 246 84 266 174 159 110 202 327 95 831
leaf_count=3174 2585 643 442 1367 246 84 266 174 159 110 202 327 95 831
internal_value=-0.000100095 -0.12895 -0.307981 0.166088 -0.629724 0.343465 -0.162322 -0.47582 -0.0717359 0.593169 0.307701 0.808602 -0.00940329 0.0382746
internal_weight=10705 6030 2856 4675 889 2090 1967 440 1527 723 312 411 1368 1273
internal_count=10705 6030 2856 4675 889 2090 1967 440 1527 723 312 411 1368 1273
is_linear=0
shrinkage=0.05


Tree=19
num_leaves=15
num_cat=0
split_feature=71 84 30 84 84 71 47 35 36 69 30 71 46 84
split_gain=83061.5 61535.2 44697.1 34906.2 38515.8 31940.6 22399.5 21859.4 25598 17582.4 27362.9 17498.6 16114.2 15591.1
threshold=-1.0000000180025095e-35 107.16221950000001 19.962500000000002 42.523274000000008 273.02215500000005 1.7624999999999995 80.627604166666671 22.655208333333338 22.72096354166667 -1.2722573854166674 23.962500000000002 -1.1374999999999991 86.505208333333357 162.68421800000002
decision_type=2 2 2 2 2 2 2 2 2 2 2 2 2 2
left_child=1 -1 6 -2 5 -5 11 8 -7 -9 -11 -3 -8 -4
right_child=3 2 13 4 -6 7 12 9 -10 10 -12 -13 -14 -15
leaf_value=0.018630297344718421 0.021044991784957428 -1.1962386495561272 -0.48344909729129526 0.14147081698679273 -0.44075160910014732 0.20492859475554959 0.25781474163032775 -0.23596342484018318 1.0690080317522592 -0.3531264130722036 0.58239985850938181 -0.32932393346453392 -0.60764839045743468 -0.13111944422346697
leaf_weight=2925 2813 240 394 1114 172 123 75 107 286 90 565 78 185 1538
leaf_count=2925 2813 240 394 1114 172 123 75 107 286 90 565 78 185 1538
internal_value=-9.66745e-05 -0.13723 -0.318795 0.141329 0.278977 0.333323 -0.704212 0.51556 0.810284 0.356513 0.453512 -0.985298 -0.357964 -0.203184
internal_weight=10705 5435 2510 5270 2457 2285 578 1171 409 762 655 318 260 1932
internal_count=10705 5435 2510 5270 2457 2285 578 1171 409 762 655 318 260 1932
is_linear=0
shrinkage=0.05


Tree=20
num_leaves=15
num_cat=0
split_feature=71 84 71 84 24 69 84 45 25 24 76 70 51 35
split_gain=75012.9 57306 47036.4 38943.1 34289.3 23975 21350.2 20420.7 17373.4 28454.4 20483.1 20977 16630.5 16580
threshold=0.16249999999999967 101.06908500000002 -2.5124999999999988 42.523274000000008 269.12478300000004 -1.0000000180025095e-35 282.33339050000006 87.697916666666671 109.00154112320878 278.56941200000006 3.5000000000000004 14.771635923836518 1.5000000000000002 22.317187500000003
decision_type=2 2 2 2 2 2 2 2 2 2 2 2 2 2
left_child=1 -1 4 -2 -3 7 8 -5 9 10 11 -4 -12 -10
right_child=3 2 6 5 -6 -7 -8 -9 13 -11 12 -13 -14 -15
leaf_value=0.03173988723662792 0.02041773405286202 -0.73817675976387864 0.04462044210861088 -0.11156197079880673 0.0061198453025789424 0.40567547592299302 -0.7934030048707027 0.85092127474527524 -1.0120387166738511 0.49148704877426463 0.1591074436762423 -0.48623287203816068 -0.88330537647428642 -0.12590350832383174
leaf_weight=3130 2585 707 1032 439 198 1589 117 62 95 214 52 226 141 118
leaf_count=3130 2585 707 1032 439 198 1589 117 62 95 214 52 226 141 118
internal_value=-9.8763e-05 -0.116631 -0.276725 0.150202 -0.575509 0.310638 -0.140966 0.00900552 -0.0999186 -0.0453835 -0.124848 -0.0510579 -0.603076 -0.52401
internal_weight=10705 6030 2900 4675 905 2090 1995 501 1878 1665 1451 1258 193 213
internal_count=10705 6030 2900 4675 905 2090 1995 501 1878 1665 1451 1258 193 213
is_linear=0
shrinkage=0.05


Tree=21
num_leaves=15
num_cat=0
split_feature=71 84 36 84 84 24 22 36 29 47 70 47 25 81
split_gain=67786.4 50110.4 41520.9 28522.8 34072.2 28044.1 23407.3 21655.9 26408.1 20183.2 19703.7 22271.3 18532.2 18156.9
threshold=-1.0000000180025095e-35 99.505993500000017 20.262500000000003 42.523274000000008 256.09265850000003 278.91518350000007 138.03085226041671 21.329817708333337 20.762500000000003 78.209635416666671 20.47732442556347 69.231770833333357 104.10919296887657 1.0000000180025095e-35
decision_type=2 2 2 2 2 2 2 2 2 2 2 2 2 2
left_child=1 -1 9 -2 5 6 -5 -4 13 -3 -10 -12 -6 -9
right_child=3 2 7 4 12 -7 -8 8 10 -11 11 -13 -14 -15
leaf_value=0.022164949700025107 0.01892672457441677 -1.0806997075833773 0.12671999251591978 0.28203427193942948 0.21843737824858467 0.57237040753516311 -0.35998233718251038 -0.8989004077357301 -0.19176552183216528 -0.44711860052732821 1.4374767902784233 -0.20617038926907949 -0.37566711185532475 -0.26828418211422828
leaf_weight=2821 2813 189 457 950 241 814 166 228 1049 380 40 41 286 230
leaf_count=2821 2813 189 457 950 241 814 166 228 1049 380 40 41 286 230
internal_value=-0.000103822 -0.123988 -0.281662 0.127658 0.252085 0.349342 0.1863 -0.176374 -0.263624 -0.659097 -0.133578 0.613139 -0.104081 -0.58349
internal_weight=10705 5435 2614 5270 2457 1930 1116 2045 1588 569 1130 81 527 458
internal_count=10705 5435 2614 5270 2457 1930 1116 2045 1588 569 1130 81 527 458
is_linear=0
shrinkage=0.05


Tree=22
num_leaves=15
num_cat=0
split_feature=71 84 71 84 84 71 40 48 24 20 36 35 29 46
split_gain=61689.6 47369.4 37974.1 32053.7 27281.9 23004.6 18445.3 20844.7 39060.9 18080.6 15952.6 18137.9 22678.5 16916.8
threshold=0.16249999999999967 107.16221950000001 -3.8124999999999996 42.523274000000008 299.97504500000008 2.9500000000000015 82.875000000000014 8.1250000000000018 297.26105400000006 95.096375000000009 25.747005208333338 22.655208333333338 21.612500000000004 76.484375000000014
decision_type=2 2 2 2 2 2 2 2 2 2 2 2 2 2
left_child=1 -1 -3 -2 6 10 7 8 -4 -7 11 12 -5 -12
right_child=3 2 4 5 -6 9 -8 -9 -10 -11 13 -13 -14 -15
leaf_value=0.025006038881462789 0.018451271784669748 -0.66818135217463714 0.63127877273524113 0.043404424550926551 -1.25446599157233 0.9398930078728146 -0.25144798996378814 -0.18114702882958714 -0.57273928465114698 0.36505159609215065 0.088010597266256818 -0.16895331859335644 0.61235939922721705 1.2677943101478002
leaf_weight=3223 2585 465 268 506 56 177 1481 448 89 604 59 415 267 62
leaf_count=3223 2585 465 268 506 56 177 1481 448 89 604 59 415 267 62
internal_value=-0.000104004 -0.105782 -0.255908 0.136197 -0.173802 0.281752 -0.146792 0.0458219 0.330356 0.496365 0.153424 0.0974212 0.240463 0.697965
internal_weight=10705 6030 2807 4675 2342 2090 2286 805 357 781 1309 1188 773 121
internal_count=10705 6030 2807 4675 2342 2090 2286 805 357 781 1309 1188 773 121
is_linear=0
shrinkage=0.05


Tree=23
num_leaves=15
num_cat=0
split_feature=34 84 69 84 67 84 71 25 24 35 36 36 36 36
split_gain=55863.7 39797.4 37542.1 35735.3 22599.8 40121.1 28057.5 25024.5 21725.3 21150.9 17483.5 16408.4 21248.5 17000.1
threshold=19.917708333333337 92.090640000000022 -10.293456088541664 273.02215500000005 -1.9232927916666658 42.523274000000008 1.8625000000000009 110.46643102177251 278.56941200000006 22.655208333333338 24.091666666666672 18.395963541666671 21.329817708333337 20.991406250000004
decision_type=2 2 2 2 2 2 2 2 2 2 2 2 2 2
left_child=1 -1 -3 4 -2 -6 7 8 -7 10 -8 -4 13 -13
right_child=3 2 11 -5 5 6 9 -9 -10 -11 -12 12 -14 -15
leaf_value=0.039319040832122419 -0.045942286355187094 -0.80607718757807911 -0.93208340245324228 -0.37221660644246379 0.01501856900078574 0.07196328390975304 0.6065552491463464 -0.47258155921722456 0.50823465646250188 0.31715849775313215 1.4690172783533733 -0.1017682316909486 -0.54410683936731707 0.65838474841280425
leaf_weight=808 2488 405 73 461 3143 910 289 149 415 718 74 447 238 87
leaf_count=808 2488 405 73 461 3143 910 289 149 415 718 74 447 238 87
internal_value=-9.46273e-05 -0.234157 -0.410821 0.0556331 0.0797703 0.13466 0.281773 0.139727 0.208887 0.475152 0.785927 -0.22065 -0.152259 0.0230761
internal_weight=10705 2058 1250 8647 8186 5698 2555 1474 1325 1081 363 845 772 534
internal_count=10705 2058 1250 8647 8186 5698 2555 1474 1325 1081 363 845 772 534
is_linear=0
shrinkage=0.05


Tree=24
num_leaves=15
num_cat=0
split_feature=71 84 30 84 71 47 73 22 36 30 70 21 70 36
split_gain=50459.7 39730.9 32744.4 26034.6 19595.1 18073 17245.6 20935.4 20499.1 20532.1 22643 16035.8 15397.7 13979.2
threshold=0.16249999999999967 103.789889 19.962500000000002 42.523274000000008 2.9500000000000015 78.365885416666671 0.87500000000000011 126.29556024479167 21.136328125000002 22.012500000000003 20.47732442556347 29.551153469114549 15.306655106812325 25.747005208333338
decision_type=2 2 2 2 2 2 2 2 2 2 2 2 2 2
left_child=1 -1 5 -2 13 -3 7 -4 12 10 -10 -6 -8 -5
right_child=3 2 6 4 11 -7 8 -9 9 -11 -12 -13 -14 -15
leaf_value=0.026083981723707961 0.017067915045606563 -0.87105530125128861 -0.45400481993644876 0.083515439745543193 0.82414958291282925 -0.3269703728795364 0.32002723725862381 0.18779113130276379 -0.66337937146886106 -0.1429230883238243 0.4892294117190103 0.31362796715332686 -0.63331497793014235 0.64567023023283576
leaf_weight=3174 2585 256 160 1188 211 381 228 602 484 648 46 570 51 121
leaf_count=3174 2585 256 160 1188 211 381 228 602 484 648 46 570 51 121
internal_value=-8.79769e-05 -0.0956645 -0.230931 0.123184 0.254363 -0.546652 -0.140092 0.0526124 -0.240843 -0.332063 -0.562609 0.452431 0.144121 0.135933
internal_weight=10705 6030 2856 4675 2090 637 2219 762 1457 1178 530 781 279 1309
internal_count=10705 6030 2856 4675 2090 637 2219 762 1457 1178 530 781 279 1309
is_linear=0
shrinkage=0.05


Tree=25
num_leaves=15
num_cat=0
split_feature=34 84 69 84 67 84 25 24 62 22 71 51 47 49
split_gain=46541.9 33203.9 32055.4 31355.2 19175.2 34337.2 23973.4 21771.4 23503.1 23315.9 21165.1 22448.5 21347.3 19498.8
threshold=19.917708333333337 92.090640000000022 -10.293456088541664 273.02215500000005 -1.9232927916666658 42.523274000000008 113.37412887341182 278.91518350000007 -97.515269499999988 137.79670553645835 -1.4000000000000001 1.5000000000000002 78.014322916666671 3.5000000000000004
decision_type=2 2 2 2 2 2 2 2 2 2 2 2 2 2
left_child=1 -1 -3 4 -2 -6 7 9 -9 10 -7 -12 -13 -11
right_child=3 2 -4 -5 5 6 -8 8 -10 13 11 12 -14 -15
leaf_value=0.036068519040002814 -0.04240521362100759 -0.74032384022093145 -0.19937601698987434 -0.3499898562038487 0.013269648997648679 -0.33182435257301207 -0.31770766264027256 0.22609545509987755 0.71514899344065508 -0.050901780392341472 0.023092179928354162 0.79177494229780598 0.21573235860894929 -1.1918898750435223
leaf_weight=808 2488 405 845 461 3143 125 167 474 512 252 333 351 298 43
leaf_count=808 2488 405 845 461 3143 125 167 474 512 252 333 351 298 43
internal_value=-8.444e-05 -0.213727 -0.375095 0.0507817 0.0733914 0.123952 0.260048 0.300568 0.480513 0.173764 0.278982 0.35699 0.528013 -0.22068
internal_weight=10705 2058 1250 8647 8186 5698 2555 2388 986 1402 1107 982 649 295
internal_count=10705 2058 1250 8647 8186 5698 2555 2388 986 1402 1107 982 649 295
is_linear=0
shrinkage=0.05


Tree=26
num_leaves=15
num_cat=0
split_feature=34 84 69 84 67 84 84 32 71 35 35 36 36 36
split_gain=42010.9 29972.6 28939 28348.3 17207.9 27104.3 23422.9 26990.3 24183.7 18587.1 17775.9 14625.6 18752.6 14977.4
threshold=19.917708333333337 92.090640000000022 -10.293456088541664 275.36804450000005 -3.8683488541666677 42.523274000000008 100.06211 22.112500000000004 3.0124999999999997 22.594791666666669 21.205729166666671 18.395963541666671 21.329817708333337 20.991406250000004
decision_type=2 2 2 2 2 2 2 2 2 2 2 2 2 2
left_child=1 -1 -3 4 -2 -6 -7 8 9 -8 -9 -4 13 -13
right_child=3 2 11 -5 5 6 7 10 -10 -11 -12 12 -14 -15
leaf_value=0.034267320622067221 -0.055354167744422922 -0.70339881920971425 -0.86104468977129134 -0.3775646549724242 0.012803926513002939 0.55824534412549465 0.30959392898702537 -0.84131418437593519 0.74966327686173218 -0.083949058002574337 -0.012711180169737355 -0.077412376168857544 -0.49299939442503904 0.636095789345828
leaf_weight=808 2120 405 73 373 3319 440 1034 71 227 422 641 447 238 87
leaf_count=808 2120 405 73 373 3319 440 1034 71 227 422 641 447 238 87
internal_value=-8.58379e-05 -0.203063 -0.356378 0.0482409 0.0674799 0.109797 0.223305 0.161564 0.27069 0.195552 -0.0964028 -0.189419 -0.124879 0.039805
internal_weight=10705 2058 1250 8647 8274 6154 2835 2395 1683 1456 712 845 772 534
internal_count=10705 2058 1250 8647 8274 6154 2835 2395 1683 1456 712 845 772 534
is_linear=0
shrinkage=0.05


Tree=27
num_leaves=15
num_cat=0
split_feature=71 84 71 24 84 84 69 51 54 70 76 7 84 11
split_gain=38431.6 29532.2 28580.8 26764.2 20165 20437 19739 14948.2 13871.1 18836.3 12279 14353.8 12239.6 11454.3
threshold=-1.0000000180025095e-35 94.590699000000015 -2.0499999999999985 269.12478300000004 282.33339050000006 42.523274000000008 -0.27905442708333383 3.5000000000000004 0.6078576107927941 8.4917002277415872 4.5000000000000009 244.21224650000002 79.680672500000014 120.56387850000002
decision_type=2 2 2 2 2 2 2 2 2 2 2 2 2 2
left_child=1 -1 3 10 5 -2 7 8 -7 -10 11 -3 -8 -5
right_child=4 2 -4 13 -6 6 12 -9 9 -11 -12 -13 -14 -15
leaf_value=0.022056760250273519 0.014949008492539771 -0.55689895567042214 -0.077828429747104716 0.14284718988457509 -0.83114722810428709 -0.11012974802611604 0.85055826596523587 -0.33911074345252323 0.95162147282793819 -0.10797257747601818 -1.0180535797119141 0.18416270668039453 0.26646582329127388 -0.68166320313854767
leaf_weight=2744 2813 589 1614 241 57 206 94 239 97 73 124 73 1691 50
leaf_count=2744 2813 589 1614 241 57 206 94 239 97 73 124 73 1691 50
internal_value=-8.71731e-05 -0.0933668 -0.211028 -0.410385 0.0961124 0.106409 0.213556 -0.0307054 0.165708 0.498649 -0.561879 -0.475026 0.297684 -0.00067056
internal_weight=10705 5435 2691 1077 5270 5213 2400 615 376 170 786 662 1785 291
internal_count=10705 5435 2691 1077 5270 5213 2400 615 376 170 786 662 1785 291
is_linear=0
shrinkage=0.05


Tree=28
num_leaves=15
num_cat=0
split_feature=34 84 69 84 48 70 21 41 84 20 22 31 68 43
split_gain=35479.8 24938 32709.1 24536.8 17988.9 14182.5 14983.4 14292.5 12527 12386.4 13203.9 11758.3 11638.3 9737.5
threshold=19.998958333333338 92.090640000000022 -10.293456088541664 273.02215500000005 5.1250000000000009 6.005958402809825e-07 8.7437006731502298e-06 85.875000000000014 227.91342300000005 105.32816200000001 126.42198556250001 29.012500000000003 5.2919589460175205 92.375000000000014
decision_type=2 2 2 2 2 2 2 2 2 2 2 2 2 2
left_child=1 -1 13 4 8 6 -4 9 -2 10 -7 -6 -10 -3
right_child=3 2 5 -5 11 7 -8 -9 12 -11 -12 -13 -14 -15
leaf_value=0.031700061380244456 0.084251743498569676 -0.77350114039912987 -0.1227369300914226 -0.30905625476524201 0.026721204452440708 0.076400146882261044 -0.95566811269643359 -0.29721997918134119 0.55887651558390894 -0.12318956854402799 0.87867123507536382 0.64034395068883898 0.11652953011774217 -0.11154664792120457
leaf_weight=866 660 363 121 458 6649 118 97 300 401 201 90 78 237 66
leaf_count=866 660 363 121 458 6649 118 97 300 401 201 90 78 237 66
internal_value=-8.88403e-05 -0.177899 -0.311683 0.0465016 0.0668298 -0.144317 -0.496025 -0.0356293 0.237177 0.156503 0.42608 0.0339303 0.394996 -0.672158
internal_weight=10705 2222 1356 8483 8025 927 218 709 1298 409 208 6727 638 429
internal_count=10705 2222 1356 8483 8025 927 218 709 1298 409 208 6727 638 429
is_linear=0
shrinkage=0.05


Tree=29
num_leaves=15
num_cat=0
split_feature=71 84 29 84 76 84 8 69 36 36 47 70 17 81
split_gain=32899.8 26499.7 20455.6 20148.4 19280.8 17441.5 15812.6 15600.3 13542.3 20699.3 17829.4 12714.7 17522.3 13472.7
threshold=0.20000000000000109 107.16221950000001 16.862500000000004 303.76010700000006 4.5000000000000009 42.523274000000008 198.61941300000004 10.839889104166671 25.359375000000004 25.747005208333338 68.317708333333357 7.8207851708806606 1.1692635583363182e-06 0.6078576107927941
decision_type=2 2 2 2 2 2 2 2 2 2 2 2 2 2
left_child=1 -1 -3 4 6 -2 -4 11 10 -10 -9 12 -7 -14
right_child=5 2 3 -5 -6 7 -8 8 9 -11 -12 -13 13 -15
leaf_value=0.020651799499039739 0.01294765620582012 -0.92236020250812834 -0.08283685474528904 -1.2380653736203218 -0.64525712493045562 0.57684597875349797 -0.67584853845380133 1.2273489771871007 -0.40577310541191625 0.44284808043682694 0.41347410962986414 -0.061503349446051958 -0.12134177863170281 0.44599192019743034
leaf_weight=3246 2566 91 2389 42 180 259 117 84 110 203 334 612 317 155
leaf_count=3246 2566 91 2389 42 180 259 117 84 110 203 334 612 317 155
internal_value=-8.57028e-05 -0.076749 -0.188871 -0.164074 -0.146826 0.100117 -0.110782 0.207906 0.393632 0.144268 0.579567 0.106597 0.247224 0.0655139
internal_weight=10705 6065 2819 2728 2686 4640 2506 2074 731 313 418 1343 731 472
internal_count=10705 6065 2819 2728 2686 4640 2506 2074 731 313 418 1343 731 472
is_linear=0
shrinkage=0.05


end of trees

feature_importances:
consumo_alvo_semana_anterior=101
temperatura_externa_c_diferenca_semana_atual=55
temperatura_externa_c_media_1440m=35
correcao_semanal_media_1440m=34
consumo_max_1440m=28
consumo_std_1440m=25
umidade_relativa_pct_media_1440m=15
correcao_semanal_std_1440m=14
temperatura_externa_c_media_360m=12
origem_mes=10
temperatura_externa_c_lag_360m=9
temperatura_externa_c_lag_1440m=8
consumo_mean_1440m=6
umidade_relativa_pct_media_360m=5
alvo_dia_semana=5
temperatura_externa_c_lag_180m=4
temperatura_externa_c_media_180m=4
consumo_std_180m=3
consumo_max_360m=3
consumo_std_360m=3
origem_hora=3
tendencia_consumo_360m=3
correcao_semanal_media_360m=3
correcao_semanal_std_360m=3
alvo_hora=3
alvo_hora_cos=3
alvo_semana_sin=3
consumo_lag_720m=2
umidade_relativa_pct_lag_360m=2
umidade_relativa_pct_media_180m=2
origem_dia_semana=2
umidade_relativa_pct_diferenca_semana_atual=2
consumo_alvo_dia_anterior=2
consumo_lag_180m=1
consumo_lag_360m=1
consumo_lag_1440m=1
consumo_min_60m=1
temperatura_externa_c_lag_720m=1
umidade_relativa_pct_lag_180m=1
umidade_relativa_pct_lag_1440m=1
origem_semana_sin=1

parameters:
[boosting: gbdt]
[objective: regression]
[metric: l1]
[tree_learner: serial]
[device_type: cpu]
[data_sample_strategy: bagging]
[data: ]
[valid: ]
[num_iterations: 400]
[learning_rate: 0.05]
[num_leaves: 15]
[num_threads: 2]
[seed: 20260905]
[deterministic: 1]
[force_col_wise: 1]
[force_row_wise: 0]
[histogram_pool_size: -1]
[max_depth: -1]
[min_data_in_leaf: 40]
[min_sum_hessian_in_leaf: 0.001]
[bagging_fraction: 1]
[pos_bagging_fraction: 1]
[neg_bagging_fraction: 1]
[bagging_freq: 0]
[bagging_seed: 23218]
[bagging_by_query: 0]
[feature_fraction: 1]
[feature_fraction_bynode: 1]
[feature_fraction_seed: 28090]
[extra_trees: 0]
[extra_seed: 14360]
[early_stopping_round: 0]
[early_stopping_min_delta: 0]
[first_metric_only: 0]
[max_delta_step: 0]
[lambda_l1: 0]
[lambda_l2: 1]
[linear_lambda: 0]
[min_gain_to_split: 0]
[drop_rate: 0.1]
[max_drop: 50]
[skip_drop: 0.5]
[xgboost_dart_mode: 0]
[uniform_drop: 0]
[drop_seed: 16970]
[top_rate: 0.2]
[other_rate: 0.1]
[min_data_per_group: 100]
[max_cat_threshold: 32]
[cat_l2: 10]
[cat_smooth: 10]
[max_cat_to_onehot: 4]
[top_k: 20]
[monotone_constraints: ]
[monotone_constraints_method: basic]
[monotone_penalty: 0]
[feature_contri: ]
[forcedsplits_filename: ]
[refit_decay_rate: 0.9]
[cegb_tradeoff: 1]
[cegb_penalty_split: 0]
[cegb_penalty_feature_lazy: ]
[cegb_penalty_feature_coupled: ]
[path_smooth: 0]
[interaction_constraints: ]
[verbosity: -1]
[saved_feature_importance_type: 0]
[use_quantized_grad: 0]
[num_grad_quant_bins: 4]
[quant_train_renew_leaf: 0]
[stochastic_rounding: 1]
[linear_tree: 0]
[max_bin: 255]
[max_bin_by_feature: ]
[min_data_in_bin: 3]
[bin_construct_sample_cnt: 200000]
[data_random_seed: 5037]
[is_enable_sparse: 1]
[enable_bundle: 1]
[use_missing: 1]
[zero_as_missing: 0]
[feature_pre_filter: 1]
[pre_partition: 0]
[two_round: 0]
[header: 0]
[label_column: ]
[weight_column: ]
[group_column: ]
[ignore_column: ]
[categorical_feature: ]
[forcedbins_filename: ]
[precise_float_parser: 0]
[parser_config_file: ]
[objective_seed: 15411]
[num_class: 1]
[is_unbalance: 0]
[scale_pos_weight: 1]
[sigmoid: 1]
[boost_from_average: 1]
[reg_sqrt: 0]
[alpha: 0.9]
[fair_c: 1]
[poisson_max_delta_step: 0.7]
[tweedie_variance_power: 1.5]
[lambdarank_truncation_level: 30]
[lambdarank_norm: 1]
[label_gain: ]
[lambdarank_position_bias_regularization: 0]
[eval_at: ]
[multi_error_top_k: 1]
[auc_mu_weights: ]
[num_machines: 1]
[local_listen_port: 12400]
[time_out: 120]
[machine_list_filename: ]
[machines: ]
[gpu_platform_id: -1]
[gpu_device_id: -1]
[gpu_device_id_list: ]
[gpu_use_dp: 0]
[num_gpu: 1]

end of parameters

pandas_categorical:[]
