tree
version=v4
num_class=1
num_tree_per_iteration=1
label_index=0
max_feature_idx=84
objective=regression
feature_names=consumo_atual_kw consumo_lag_15m consumo_lag_30m consumo_lag_60m consumo_lag_120m consumo_lag_180m consumo_lag_360m consumo_lag_720m consumo_lag_1440m consumo_lag_10080m consumo_mean_60m consumo_min_60m consumo_max_60m consumo_std_60m consumo_mean_180m consumo_min_180m consumo_max_180m consumo_std_180m consumo_mean_360m consumo_min_360m consumo_max_360m consumo_std_360m consumo_mean_1440m consumo_min_1440m consumo_max_1440m consumo_std_1440m temperatura_externa_c_atual temperatura_externa_c_lag_15m temperatura_externa_c_lag_60m temperatura_externa_c_lag_180m temperatura_externa_c_lag_360m temperatura_externa_c_lag_720m temperatura_externa_c_lag_1440m temperatura_externa_c_media_60m temperatura_externa_c_media_180m temperatura_externa_c_media_360m temperatura_externa_c_media_1440m umidade_relativa_pct_atual umidade_relativa_pct_lag_15m umidade_relativa_pct_lag_60m umidade_relativa_pct_lag_180m umidade_relativa_pct_lag_360m umidade_relativa_pct_lag_720m umidade_relativa_pct_lag_1440m umidade_relativa_pct_media_60m umidade_relativa_pct_media_180m umidade_relativa_pct_media_360m umidade_relativa_pct_media_1440m origem_hora origem_dia_semana origem_fim_de_semana origem_mes origem_hora_sin origem_hora_cos origem_semana_sin origem_semana_cos consumo_diferenca_semana_atual consumo_razao_semana_atual consumo_diferenca_dia_atual tendencia_consumo_15m tendencia_consumo_60m tendencia_consumo_180m tendencia_consumo_360m correcao_semanal_media_60m correcao_semanal_std_60m correcao_semanal_media_180m correcao_semanal_std_180m correcao_semanal_media_360m correcao_semanal_std_360m correcao_semanal_media_1440m correcao_semanal_std_1440m temperatura_externa_c_diferenca_semana_atual temperatura_externa_c_tendencia_1h umidade_relativa_pct_diferenca_semana_atual umidade_relativa_pct_tendencia_1h alvo_hora alvo_dia_semana alvo_fim_de_semana alvo_mes alvo_hora_sin alvo_hora_cos alvo_semana_sin alvo_semana_cos consumo_alvo_dia_anterior consumo_alvo_semana_anterior
feature_infos=[22.399999999999999:324.71375799999998] [22.399999999999999:324.71375799999998] [22.399999999999999:324.71375799999998] [22.399999999999999:324.71375799999998] [22.399999999999999:324.71375799999998] [22.399999999999999:324.71375799999998] [22.399999999999999:324.71375799999998] [22.399999999999999:324.71375799999998] [22.399999999999999:324.71375799999998] [22.399999999999999:324.71375799999998] [22.399999999999999:321.24876725000001] [22.399999999999999:318.278571] [22.399999999999999:324.71375799999998] [0:82.540869055199337] [22.399999999999999:313.28577408333337] [22.399999999999999:302.53573799999998] [22.399999999999999:324.71375799999998] [0:92.970139865692389] [22.399999999999999:295.13563500000004] [22.399999999999999:249.29458700000001] [22.399999999999999:324.71375799999998] [0:116.53386463160022] [23.200000000000003:159.49963871874999] none [25.600000000000001:324.71375799999998] [1.3929144002343703:128.71471884334804] [15:33.700000000000003] [15:33.700000000000003] [15:33.700000000000003] [15:33.700000000000003] [15:33.700000000000003] [15:33.700000000000003] [15:33.700000000000003] [15:33.4375] [15:32.71875] [15.333333333333334:31.620833333333334] [16.439843749999998:27.283072916666669] [31:98] [31:98] [31:98] [31:98] [31:98] [31:98] [31:98] [32.5:95.625] [33.666666666666664:95.083333333333329] [37.041666666666664:94] [59.309895833333336:91.638020833333329] [0:23.75] [0:6] [0:1] [1:4] [-1:1] [-1:1] [-0.97492791218182362:0.97492791218182362] [-0.90096886790241903:1] [-72.635950000000008:77.445233000000002] [0.43630911779503978:2.09406877563422] [-291.363968:296.779246] [-121.30707899999999:153.05878799999999] [-124.27709300000001:153.05878799999999] [-180.63157299999997:268.16051600000003] [-299.363968:299.97924600000005] [-70.384351250000009:75.467424499999993] [0:44.359338508129341] [-67.777903583333341:70.921986416666655] [0:38.631403568061003] [-64.848194500000005:62.415354583333333] [0:37.083675449251288] [-34.945017510416669:27.905951093750001] [0:30.68446053870321] [-12:11.5] [-8:4.8000000000000007] [-49:48] [-30:40] [0:23.75] [0:6] [0:1] [1:4] [-1:1] [-1:1] [-0.97492791218182362:0.97492791218182362] [-0.90096886790241903:1] [22.399999999999999:324.71375799999998] [22.399999999999999:324.71375799999998]
tree_sizes=1437 1423 1426 1441 1442 1426 1438 1439 1429 1433 1449 1426 1450 1432 1445 1440 1441 1446 1445 1445 1434 1444 1439 1424 1443 1427 1453 1447 1441 1434 1452 1433 1436 1434 1439 1450 1443 1442 1439 1448 1446 1438 1452 1459 1442 1452 1450 1451

Tree=0
num_leaves=15
num_cat=0
split_feature=56 56 84 71 84 71 84 71 84 69 71 24 45 71
split_gain=735607 415602 254622 206814 172425 95141.4 89229.1 123024 78629.1 77956.7 67615.4 49672.9 40427.9 36497
threshold=-9.1773025000000015 12.469554000000004 100.58660850000003 -3.2375000000000003 42.523274000000008 0.16249999999999967 101.21175750000002 -2.8499999999999992 42.523274000000008 -1.0000000180025095e-35 3.9875000000000012 248.07883750000005 49.645833333333336 2.0124999999999997
decision_type=2 2 2 2 2 2 2 2 2 2 2 2 2 2
left_child=2 5 -1 11 -3 6 -2 -8 -7 -10 -6 -4 -5 -11
right_child=1 4 3 12 10 8 7 -9 9 13 -12 -13 -14 -15
leaf_value=-1.0130941817957837 -0.97399151037310572 -0.97200239560155599 -3.3689370030398607 -0.36257336578666977 -0.0666017937211969 -0.97189537895770239 -2.5187166144787603 -1.258610019167284 -0.93880799271029558 -0.41193126763321219 0.74264181692738029 -2.5175621370275212 -1.7328826431430651 0.32889181533690826
leaf_weight=551 2708 385 285 59 647 2005 230 1203 499 429 435 456 539 274
leaf_count=551 2708 385 285 59 647 2005 230 1203 499 429 435 456 539 274
internal_value=-1.02302 -0.831079 -1.91787 -2.28991 -0.0630198 -0.984529 -1.14285 -1.46176 -0.780125 -0.460551 0.260071 -2.84773 -1.59681 -0.121679
internal_weight=10705 8815 1890 1339 1467 7348 4141 1433 3207 1202 1082 741 598 703
internal_count=10705 8815 1890 1339 1467 7348 4141 1433 3207 1202 1082 741 598 703
is_linear=0
shrinkage=1


Tree=1
num_leaves=15
num_cat=0
split_feature=71 84 71 56 84 24 71 69 84 84 36 84 71 67
split_gain=669102 525599 271405 265141 154463 56944.4 47663.4 40138.4 101691 37773.6 26250.6 22193 21573.9 20714.8
threshold=-0.9875000000000006 101.21175750000002 -3.1499999999999999 16.209390000000003 42.523274000000008 248.07883750000005 3.9875000000000012 11.840655182291668 42.523274000000008 287.58038500000004 24.714192708333339 273.90393550000005 -2.3625000000000003 -8.3892958541666633
decision_type=2 2 2 2 2 2 2 2 2 2 2 2 2 2
left_child=1 -1 5 7 -5 -3 -6 11 -9 10 12 -2 -4 -7
right_child=3 2 9 4 6 13 -8 8 -10 -11 -12 -13 -14 -15
leaf_value=0.03055244700989156 0.13282656664529582 -2.1818016555502608 -0.92429979455141398 0.048450118983969281 0.99364526707064182 -1.581414840807462 1.7199163422601853 0.048528454964349994 1.1714575712054158 -1.74956941335432 0.38921328771997388 -0.46274669089931653 -0.40775008682271213 -0.89920966602423613
leaf_weight=2487 3893 369 277 323 514 357 412 516 330 61 80 162 755 169
leaf_count=2487 3893 369 277 323 514 357 412 516 330 61 80 162 755 169
internal_value=-3.22332e-06 -0.459268 -1.04806 0.340171 0.9902 -1.70344 1.31829 0.174345 0.487416 -0.546986 -0.479504 0.108925 -0.547158 -1.36435
internal_weight=10705 4555 2068 6150 1249 895 926 4901 846 1173 1112 4055 1032 526
internal_count=10705 4555 2068 6150 1249 895 926 4901 846 1173 1112 4055 1032 526
is_linear=0
shrinkage=0.05


Tree=2
num_leaves=15
num_cat=0
split_feature=71 84 71 56 84 24 71 84 71 69 84 24 84 46
split_gain=604040 474518 245154 239353 139435 49719 43030.2 38127.2 104067 44410.6 35884.1 26927.5 21966.6 20313.6
threshold=-0.9875000000000006 101.21175750000002 -3.2375000000000003 16.209390000000003 42.523274000000008 248.07883750000005 3.9875000000000012 42.523274000000008 2.212499999999999 -1.0000000180025095e-35 287.58038500000004 246.93019750000005 272.61277200000001 60.359375000000007
decision_type=2 2 2 2 2 2 2 2 2 2 2 2 2 2
left_child=1 -1 5 7 -5 -3 13 -2 9 -9 11 -4 -11 -6
right_child=3 2 10 4 6 -7 -8 8 -10 12 -12 -13 -14 -15
leaf_value=0.029025439452679404 0.042775831048534385 -2.0737886110508472 -1.0407214512398257 0.046035090236016263 0.26733286082344032 -1.3053768553600607 1.6341287219612781 -0.08089510373814579 1.0535005510237123 0.49430463400061059 -1.6776171717792749 -0.35489049067279521 -0.52473141279136926 1.0906114870633921
leaf_weight=2487 2760 366 168 323 92 518 412 922 397 766 63 953 56 422
leaf_count=2487 2760 366 168 323 92 518 412 922 397 766 63 953 56 422
internal_value=-2.02175e-05 -0.436385 -0.995837 0.323192 0.940801 -1.6255 1.25252 0.165637 0.323926 0.157339 -0.524738 -0.458509 0.424328 0.944059
internal_weight=10705 4555 2068 6150 1249 884 926 4901 2141 1744 1184 1121 822 514
internal_count=10705 4555 2068 6150 1249 884 926 4901 2141 1744 1184 1121 822 514
is_linear=0
shrinkage=0.05


Tree=3
num_leaves=15
num_cat=0
split_feature=56 56 84 71 84 71 52 71 84 69 71 24 84 45
split_gain=546678 306942 190004 154199 127668 72258.9 66896.3 71676.3 62510.9 61527.8 50667.1 37766.8 36664.4 34629.4
threshold=-9.1773025000000015 12.469554000000004 90.283407500000024 -3.3625000000000003 42.523274000000008 0.16249999999999967 0.77259657388510639 -2.8499999999999992 42.523274000000008 -1.0000000180025095e-35 5.1000000000000005 248.07883750000005 90.892809000000014 49.645833333333336
decision_type=2 2 2 2 2 2 2 2 2 2 2 2 2 2
left_child=2 5 -1 11 -3 6 -2 12 -7 -10 -6 -4 -8 -5
right_child=1 4 3 13 10 8 7 -9 9 -11 -12 -13 -14 -15
leaf_value=0.054292925374180671 0.01985835918350581 0.043337339232313823 -2.036705881122193 0.63082004338502884 0.89100307080581909 0.040713002756312268 0.021512425614863027 -0.22873000191771481 0.071764438293129215 0.79769545125626884 1.6603172854289114 -1.2869416068768555 -1.5280129699777532 -0.63143293154582447
leaf_weight=509 2996 385 278 59 785 2005 48 912 499 703 297 450 185 594
leaf_count=509 2996 385 278 59 785 2005 48 912 499 703 297 450 185 594
internal_value=-3.04147e-05 0.165437 -0.771452 -1.07562 0.825498 0.0335636 -0.104411 -0.429308 0.211699 0.496642 1.10351 -1.57565 -1.21007 -0.516595
internal_weight=10705 8815 1890 1381 1467 7348 4141 1145 3207 1202 1082 728 233 653
internal_count=10705 8815 1890 1381 1467 7348 4141 1145 3207 1202 1082 728 233 653
is_linear=0
shrinkage=0.05


Tree=4
num_leaves=15
num_cat=0
split_feature=56 56 84 84 71 84 71 19 56 84 69 56 70 66
split_gain=496322 309680 200054 115246 91856.3 104303 69298.6 48641.6 47231.7 41237 76677.1 29663.1 26844.5 26828.5
threshold=-21.542102499999995 12.469554000000004 90.283407500000024 42.523274000000008 -1.0000000180025095e-35 103.47234450000001 -2.8999999999999999 207.63607150000004 28.185099000000026 42.523274000000008 5.8223991614583346 -40.700866499999997 6.005958402809825e-07 2.1381821992115433
decision_type=2 2 2 2 2 2 2 2 2 2 2 2 2 2
left_child=2 4 -1 -3 5 -2 13 11 -5 -6 12 -4 -11 -7
right_child=1 3 7 8 9 6 -8 -9 -10 10 -12 -13 -14 -15
leaf_value=0.042595789351412283 0.034810291548604211 0.041176085760865191 -1.9383043490228329 0.76064252402363053 0.038983768431731014 -1.4126894596732327 -0.29601388294875391 0.26270721580197171 1.4307694369348987 0.94054926193140931 0.89477940335877482 -1.2754411864491331 0.055073261715588163 -0.5555363335057244
leaf_weight=326 2612 385 274 619 2288 224 1309 40 463 93 483 473 959 157
leaf_count=326 2612 385 274 619 2288 224 1309 40 463 93 483 473 959 157
internal_value=-3.5809e-05 0.115971 -0.999006 0.784312 -0.00478215 -0.163246 -0.469195 -1.42998 1.04845 0.173533 0.373929 -1.52085 0.134171 -1.06186
internal_weight=10705 9592 1113 1467 8125 4302 1690 787 1082 3823 1535 747 1052 381
internal_count=10705 9592 1113 1467 8125 4302 1690 787 1082 3823 1535 747 1052 381
is_linear=0
shrinkage=0.05


Tree=5
num_leaves=15
num_cat=0
split_feature=71 84 71 56 84 24 84 71 69 84 45 24 46 84
split_gain=450762 357021 180323 176981 103454 37721.2 34158.6 34142.2 30130.3 74132.2 23523 18711.5 18449.5 17975.8
threshold=-0.9875000000000006 101.21175750000002 -3.3625000000000003 16.209390000000003 42.523274000000008 248.07883750000005 287.58038500000004 3.9875000000000012 11.840655182291668 42.523274000000008 53.552083333333336 246.93019750000005 60.359375000000007 273.90393550000005
decision_type=2 2 2 2 2 2 2 2 2 2 2 2 2 2
left_child=1 -1 5 8 -5 -3 10 12 13 -10 -4 -12 -6 -2
right_child=3 2 6 4 7 -7 -8 -9 9 -11 11 -13 -14 -15
leaf_value=0.026702687941593424 0.10852444017712318 -1.8164374048455381 0.45713680773167997 0.039527809776273778 0.16052631610824217 -1.1344166463131857 -1.5536159582760023 1.4185527093473995 0.040208170521190134 0.99897640658953313 -0.93325105515053741 -0.37226755267813322 0.94376297617071347 -0.42747185627809881
leaf_weight=2487 3893 355 73 323 92 494 68 412 516 330 178 900 422 162
leaf_count=2487 3893 355 73 323 92 494 68 412 516 330 178 900 422 162
internal_value=-3.85776e-05 -0.376995 -0.862264 0.27917 0.810248 -1.4214 -0.471997 1.07875 0.143689 0.414934 -0.406803 -0.465677 0.804157 0.0870109
internal_weight=10705 4555 2068 6150 1249 849 1219 926 4901 846 1151 1078 514 4055
internal_count=10705 4555 2068 6150 1249 849 1219 926 4901 846 1151 1078 514 4055
is_linear=0
shrinkage=0.05


Tree=6
num_leaves=15
num_cat=0
split_feature=56 56 84 84 71 84 71 84 71 71 25 33 67 56
split_gain=408914 256485 162228 94435 79467.3 84724.1 68778.4 48424.4 49393.8 40198.9 33828.4 27578 21771.1 20725.8
threshold=-23.553458499999994 12.469554000000004 90.283407500000024 42.523274000000008 0.16249999999999967 103.47234450000001 -2.3625000000000003 42.523274000000008 2.2375000000000012 4.4125000000000023 103.88651708931739 19.065625000000004 3.1851879791666664 -39.120545499999984
decision_type=2 2 2 2 2 2 2 2 2 2 2 2 2 2
left_child=2 4 -1 -3 5 -2 11 -6 -9 -5 13 -7 -8 -4
right_child=1 3 10 9 7 6 12 8 -10 -11 -12 -13 -14 -15
leaf_value=0.038505924108044418 0.035459304429556755 0.036777712451052789 -1.8174105410174137 0.72979635310894264 0.03205009447971071 -1.4206988968816585 -0.2639452426414885 0.2359401810014787 0.9438607277200286 1.3769609944216192 -0.50511810376530597 -0.63391446693849407 0.45033404764655077 -1.2265081069194803
leaf_weight=297 2962 385 272 718 2010 159 1340 906 338 364 104 379 115 356
leaf_count=297 2962 385 272 718 2010 159 1340 906 338 364 104 379 115 356
internal_value=-4.61911e-05 0.100763 -0.947164 0.709476 -0.00809086 -0.13415 -0.386114 0.183846 0.428889 0.948582 -1.34659 -0.868644 -0.20722 -1.48492
internal_weight=10705 9676 1029 1467 8209 4955 1993 3254 1244 1082 732 538 1455 628
internal_count=10705 9676 1029 1467 8209 4955 1993 3254 1244 1082 732 538 1455 628
is_linear=0
shrinkage=0.05


Tree=7
num_leaves=15
num_cat=0
split_feature=56 56 84 71 84 71 84 71 84 69 56 45 24 71
split_gain=369829 208195 133942 93003.6 85245.8 51430.6 49143.9 56902.2 43659 47374 37964.9 28073.4 25001 23745.7
threshold=-10.904794000000008 12.469554000000004 90.283407500000024 -3.2375000000000003 42.523274000000008 0.16249999999999967 99.125221500000023 -2.9875000000000003 42.523274000000008 -1.0000000180025095e-35 28.185099000000026 49.645833333333336 248.07883750000005 2.0124999999999997
decision_type=2 2 2 2 2 2 2 2 2 2 2 2 2 2
left_child=2 5 -1 12 -3 6 -2 -8 -7 -10 -6 -5 -4 -11
right_child=1 4 3 11 10 8 7 -9 9 13 -12 -13 -14 -15
leaf_value=0.0447406776233919 0.037453323357245501 0.034943589822924816 -1.6642303241002894 0.66858879012881589 0.64334477928617317 0.030448918553151835 -0.99952604554366242 -0.18117224227661891 0.042886388634282319 0.44238015311528689 1.2439228559330364 -0.54660156335431587 -1.060721585010322 1.0390359244454992
leaf_weight=480 2719 385 287 52 619 2006 253 1302 510 431 463 471 453 274
leaf_count=480 2719 385 287 52 619 2006 253 1302 510 431 463 471 453 274
internal_value=-5.31649e-05 0.12957 -0.666231 -0.936255 0.674075 0.0229182 -0.0907775 -0.314876 0.173764 0.410163 0.90125 -0.424734 -1.29672 0.675415
internal_weight=10705 8962 1743 1263 1467 7495 4274 1555 3221 1215 1082 523 740 705
internal_count=10705 8962 1743 1263 1467 7495 4274 1555 3221 1215 1082 523 740 705
is_linear=0
shrinkage=0.05


Tree=8
num_leaves=15
num_cat=0
split_feature=71 84 71 56 84 84 24 71 84 69 71 45 43 46
split_gain=336650 267387 134849 131512 77934.7 33229.9 28267.2 26573.4 25057.9 64121.1 25360.5 20955.6 19464.1 19335.1
threshold=-0.9875000000000006 107.41872450000001 -3.6499999999999999 17.861913499999996 42.523274000000008 287.58038500000004 248.07883750000005 3.837499999999999 42.523274000000008 11.26756466666667 1.2624999999999995 54.104166666666679 51.875000000000007 59.750000000000007
decision_type=2 2 2 2 2 2 2 2 2 2 2 2 2 2
left_child=1 -1 6 8 -5 11 -3 13 -2 10 -10 -4 -11 -6
right_child=3 2 5 4 7 -7 -8 -9 9 12 -12 -13 -14 -15
leaf_value=0.013763308881630182 0.029188726463032832 -1.6453850480979719 0.43213328170148951 0.033977057978317342 -0.051376280087876973 -1.4658835797897867 -1.0200826846872251 1.2516619679216603 0.018268590778869158 1.8552372358904945 0.42174661310473543 -0.42748656337258767 0.73176820501191731 0.83697543904155658
leaf_weight=2551 2776 317 75 307 73 73 441 413 1306 44 554 1098 301 376
leaf_count=2551 2776 317 75 307 73 73 441 413 1306 44 554 1098 301 376
internal_value=-5.15549e-05 -0.325818 -0.75788 0.241241 0.718283 -0.437403 -1.28341 0.961675 0.129162 0.254953 0.138606 -0.372202 0.879999 0.692751
internal_weight=10705 4555 2004 6150 1169 1246 758 862 4981 2205 1860 1173 345 449
internal_count=10705 4555 2004 6150 1169 1246 758 862 4981 2205 1860 1173 345 449
is_linear=0
shrinkage=0.05


Tree=9
num_leaves=15
num_cat=0
split_feature=56 56 84 84 71 84 71 47 84 69 22 66 36 22
split_gain=307475 188495 122364 69276.1 57697.7 63520.4 49575.2 36506.9 34238.4 44196.1 30739 25163 21542.9 20689.7
threshold=-23.553458499999994 11.821706499999992 114.78420550000001 42.523274000000008 1.0000000180025095e-35 103.47234450000001 -2.3625000000000003 71.019531250000014 42.523274000000008 5.8223991614583346 144.3220852135417 2.1381821992115433 24.593229166666671 24.201563489583339
decision_type=2 2 2 2 2 2 2 2 2 2 2 2 2 2
left_child=2 4 -1 -3 5 -2 11 10 -6 13 -5 -7 -9 -10
right_child=1 3 -4 7 8 6 -8 12 9 -11 -12 -13 -14 -15
leaf_value=-0.10678210957269921 0.03082580567762638 0.031496801836924125 -1.2371570457316672 1.5077302928218763 0.027469868717088161 -1.0659787633225892 -0.18178893795840728 0.67323253256594617 0.83589224689400066 0.77799346956313542 0.5909246243446552 -0.3789846852613179 -0.27167235507782717 0.059227302814946786
leaf_weight=379 2924 395 650 259 2034 286 1415 645 96 419 144 252 66 741
leaf_count=379 2924 395 650 259 2034 286 1415 645 96 419 144 252 66 741
internal_value=-4.42395e-05 0.0873714 -0.821327 0.600578 -0.0075147 -0.11666 -0.337376 0.802153 0.154265 0.359416 1.18241 -0.74549 0.585261 0.149198
internal_weight=10705 9676 1029 1509 8167 4877 1953 1114 3290 1256 403 538 711 837
internal_count=10705 9676 1029 1509 8167 4877 1953 1114 3290 1256 403 538 711 837
is_linear=0
shrinkage=0.05


Tree=10
num_leaves=15
num_cat=0
split_feature=56 56 84 84 84 71 84 71 84 69 47 19 22 66
split_gain=277547 170237 112094 62885.5 55763.9 43332.2 39748.2 47414.3 34255 45106.7 31809.5 28743 27209.7 22213.9
threshold=-23.553458499999994 12.469554000000004 90.283407500000024 42.523274000000008 273.01232450000003 -0.062499999999999993 87.746388500000009 -2.8499999999999992 42.523274000000008 -1.0000000180025095e-35 71.131510416666671 205.72067600000003 144.3220852135417 2.1381821992115433
decision_type=2 2 2 2 2 2 2 2 2 2 2 2 2 2
left_child=2 4 -1 -3 5 6 -2 13 -7 -10 12 -4 -5 -8
right_child=1 3 11 10 -6 8 7 -9 9 -11 -12 -13 -14 -15
leaf_value=0.038985129030758903 0.035045501178001176 0.029988101171088345 -1.1914817593137481 1.4304939471898865 -0.59799853725565266 0.026258705180290998 -1.1111626392387064 -0.13411020288885031 0.017992533571250476 0.58278841131414849 0.56295553584717728 0.12395667340606452 0.57024655607465202 -0.32524952126042095
leaf_weight=297 2505 385 688 260 378 2293 213 1225 625 813 677 44 145 157
leaf_count=297 2505 385 688 260 378 2293 213 1225 625 813 677 44 145 157
internal_value=-3.5992e-05 0.0830164 -0.780326 0.578933 -0.00566677 0.0229976 -0.0891912 -0.284209 0.146273 0.337493 0.774052 -1.11235 1.12467 -0.779456
internal_weight=10705 9676 1029 1467 8209 7831 4100 1595 3731 1438 1082 732 405 370
internal_count=10705 9676 1029 1467 8209 7831 4100 1595 3731 1438 1082 732 405 370
is_linear=0
shrinkage=0.05


Tree=11
num_leaves=15
num_cat=0
split_feature=71 84 56 71 84 39 24 73 69 84 84 43 9 84
split_gain=251419 213921 108676 76043.8 57901.1 30592.2 25052.8 23017.2 21452.1 42349.5 20508.1 19433.6 21580.8 18154.7
threshold=-1.1874999999999998 107.41872450000001 17.861913499999996 -3.9875000000000003 42.523274000000008 51.625000000000007 248.07883750000005 -7.6249999999999991 11.840655182291668 42.523274000000008 292.35207400000007 51.875000000000007 79.233073000000005 275.36804450000005
decision_type=2 2 2 2 2 2 2 2 2 2 2 2 2 2
left_child=1 -1 8 6 -4 -5 -3 -6 13 -10 -7 -11 -13 -2
right_child=2 3 4 5 7 10 -8 -9 9 11 -12 12 -14 -15
leaf_value=0.0085935846185591254 0.066999462996694861 -1.499452879666463 0.029219456820131898 0.77202832916130626 1.0851562770134813 -0.46578270472123623 -0.88747940656817004 0.56653493593945059 0.03085122231470935 1.7070390285385981 -1.4718524160208526 0.85607509471855203 -0.044954093728018438 -0.46827745728376435
leaf_weight=2131 4650 290 307 47 435 893 412 429 532 44 53 225 94 163
leaf_count=2131 4650 290 307 47 435 893 412 429 532 44 53 225 94 163
internal_value=-3.39181e-05 -0.324897 0.180671 -0.743928 0.61923 -0.461602 -1.14206 0.828599 0.0906078 0.315249 -0.523643 0.730822 0.591257 0.0487779
internal_weight=10705 3826 6879 1695 1171 993 702 864 5708 895 946 363 319 4813
internal_count=10705 3826 6879 1695 1171 993 702 864 5708 895 946 363 319 4813
is_linear=0
shrinkage=0.05


Tree=12
num_leaves=15
num_cat=0
split_feature=56 56 84 84 84 71 84 69 71 19 84 71 67 27
split_gain=229362 137891 94475.6 52844.7 42938.9 34012.5 34183 31751.8 30555.1 30104 28784.5 40043.3 20371.9 18869.3
threshold=-21.542102499999995 11.086414999999997 84.599854500000006 42.523274000000008 275.02512300000006 0.20000000000000109 42.523274000000008 -1.0000000180025095e-35 4.4125000000000023 207.63607150000004 93.209627000000026 -2.9875000000000003 2.1362732083333338 19.012500000000003
decision_type=2 2 2 2 2 2 2 2 2 2 2 2 2 2
left_child=2 4 -1 -3 5 10 -7 -8 -5 -4 -2 13 -13 -12
right_child=1 3 9 8 -6 6 7 -9 -10 -11 11 12 -14 -15
leaf_value=0.038195691134300706 0.033009749983664669 0.026531687375292726 -1.0460837961556277 0.50586728740241627 -0.58536551745206711 0.021824936925610411 0.058071703768803384 0.59692185772829121 1.060938987101562 0.35409423837937964 -1.1502136619997696 -0.1728043590730742 0.42796172225329132 -0.39485669168895982
leaf_weight=325 2822 414 748 769 305 1974 476 642 368 40 141 1322 157 202
leaf_count=325 2822 414 748 769 305 1974 476 642 368 40 141 1322 157 202
internal_value=-3.08926e-05 0.07883 -0.679127 0.510319 -0.00445145 0.0185244 0.146985 0.367758 0.686296 -0.97465 -0.0670187 -0.221881 -0.108785 -0.707809
internal_weight=10705 9592 1113 1551 8041 7736 3092 1118 1137 788 4644 1822 1479 343
internal_count=10705 9592 1113 1551 8041 7736 3092 1118 1137 788 4644 1822 1479 343
is_linear=0
shrinkage=0.05


Tree=13
num_leaves=15
num_cat=0
split_feature=71 84 71 56 84 84 69 12 37 71 36 46 69 84
split_gain=208001 166325 84626.8 80975.2 48724.5 25197.7 22245.6 20566.5 22196.4 19776.9 18843.1 16730 14121.2 23954.4
threshold=-0.9875000000000006 97.299574000000021 -3.6499999999999999 18.240221500000022 42.523274000000008 287.58038500000004 -15.137669088541662 274.50906300000003 53.375000000000007 3.7125000000000008 24.714192708333339 59.494791666666679 -6.0566992656249985 42.523274000000008
decision_type=2 2 2 2 2 2 2 2 2 2 2 2 2 2
left_child=1 -1 6 7 -5 10 -3 12 -9 11 -4 -6 -2 -14
right_child=3 2 5 4 9 -7 -8 8 -10 -11 -12 -13 13 -15
leaf_value=0.025351597115771507 -0.15946117641839583 -1.2938055584212673 -0.33094664933747558 0.026440387165624329 -0.19105404730354036 -1.229240349498955 -0.75708897663180652 1.5868807488299432 0.24784047270333895 1.0048676624657478 0.44527096783831005 0.65820956467478364 0.020780814829649347 0.26136866715924378
leaf_weight=2439 524 338 1156 305 69 73 466 46 92 424 83 350 2639 1701
leaf_count=2439 524 338 1156 305 69 73 466 46 92 424 83 350 2639 1701
internal_value=-3.0402e-05 -0.256095 -0.580362 0.189635 0.568161 -0.332419 -0.98405 0.102664 0.702393 0.763894 -0.278631 0.518233 0.0855074 0.115114
internal_weight=10705 4555 2116 6150 1148 1312 804 5002 138 843 1239 419 4864 4340
internal_count=10705 4555 2116 6150 1148 1312 804 5002 138 843 1239 419 4864 4340
is_linear=0
shrinkage=0.05


Tree=14
num_leaves=15
num_cat=0
split_feature=56 71 84 84 84 69 84 71 69 71 25 66 43 83
split_gain=189051 115614 123428 78511.5 32322.5 21915.6 32235.8 50137.8 19479.8 18400.9 15840.9 13764.3 13663.2 13321
threshold=-23.553458499999994 1.8125000000000002 42.523274000000008 115.86841450000001 275.36804450000005 0.50978088020833356 87.746388500000009 -2.0999999999999992 11.840655182291668 -4.737499999999998 95.41747064970518 1.9884283018599305 47.625000000000007 272.71499900000009
decision_type=2 2 2 2 2 2 2 2 2 2 2 2 2 2
left_child=3 4 -3 -1 5 6 -2 11 -4 10 -5 -8 -7 -9
right_child=1 2 8 9 -6 12 7 13 -10 -11 -12 -13 -14 -15
leaf_value=-0.082266732083111624 0.030213620296368999 0.021490319030008455 0.50964348033137086 -1.5183949750661849 -0.53660319893966502 0.800001286164574 -0.95422054781272958 -0.12583387492527878 0.89029456354198 -0.6672148429648781 -0.85090131999282104 -0.38167246166393975 0.085054025919599735 0.77896913604012563
leaf_weight=388 2471 1517 783 199 317 68 252 1304 597 272 170 183 2143 41
leaf_count=388 2471 1517 783 199 317 68 252 1304 597 272 170 183 2143 41
internal_value=-2.741e-05 0.0685172 0.332843 -0.644014 -0.0444746 -0.0202534 -0.0866543 -0.248816 0.674842 -0.983384 -1.21401 -0.714783 0.107394 -0.0976943
internal_weight=10705 9676 2897 1029 6779 6462 4251 1780 1380 641 369 435 2211 1345
internal_count=10705 9676 2897 1029 6779 6462 4251 1780 1380 641 369 435 2211 1345
is_linear=0
shrinkage=0.05


Tree=15
num_leaves=15
num_cat=0
split_feature=71 84 71 56 84 84 24 12 37 73 45 83 69 84
split_gain=171396 137067 69997.5 66915.8 40365.8 23307.1 18869.1 18167.1 19327.1 17783.3 17079.6 13658.6 12121.6 20274.4
threshold=-0.9875000000000006 107.41872450000001 -3.9875000000000003 18.240221500000022 42.523274000000008 292.35207400000007 248.07883750000005 274.50906300000003 53.375000000000007 -7.6249999999999991 53.552083333333336 247.36838000000003 -6.0566992656249985 42.523274000000008
decision_type=2 2 2 2 2 2 2 2 2 2 2 2 2 2
left_child=1 -1 6 7 -5 10 -3 12 -9 -6 -4 -12 -2 -14
right_child=3 2 5 4 9 -7 -8 8 -10 -11 11 -13 13 -15
leaf_value=0.010651443558591813 -0.15001257968055351 -1.2539315445380625 0.44986477227587446 0.023166376659098795 0.92012356547768737 -1.2792519415621877 -0.72333030550769983 1.4820775153789114 0.23255707599142547 0.45882090122270658 -0.45612360597880353 -0.10216532904860871 0.017595274807095076 0.23893208741160468
leaf_weight=2551 524 290 75 305 429 60 412 46 92 414 732 435 2639 1701
leaf_count=2551 524 290 75 305 429 60 412 46 92 414 732 435 2639 1701
internal_value=-3.53858e-05 -0.232479 -0.541824 0.172134 0.516234 -0.324426 -0.943996 0.0930727 0.65673 0.694388 -0.277307 -0.324386 0.0769491 0.10438
internal_weight=10705 4555 2004 6150 1148 1302 702 5002 138 843 1242 1167 4864 4340
internal_count=10705 4555 2004 6150 1148 1302 702 5002 138 843 1242 1167 4864 4340
is_linear=0
shrinkage=0.05


Tree=16
num_leaves=15
num_cat=0
split_feature=56 71 84 84 84 69 84 71 69 71 25 12 73 4
split_gain=155852 96347.6 102672 64689.5 28188.7 18560 27434.8 41545.2 17078 15746.4 13367.6 12710.6 14525.7 12285.3
threshold=-23.553458499999994 1.8125000000000002 42.523274000000008 115.86841450000001 275.36804450000005 0.50978088020833356 87.746388500000009 -2.0999999999999992 11.840655182291668 -4.737499999999998 95.41747064970518 255.81438450000005 16.125000000000004 275.02512300000006
decision_type=2 2 2 2 2 2 2 2 2 2 2 2 2 2
left_child=3 4 -3 -1 5 6 -2 -8 13 10 -5 -7 -13 -4
right_child=1 2 8 9 -6 11 7 -9 -10 -11 -12 12 -14 -15
leaf_value=-0.074840103239204092 0.028380340873037729 0.019530846073497112 0.3883307709820939 -1.3856450756788254 -0.50052948593507585 0.047768557934223722 -0.65319793226214451 -0.091467108333156064 0.81711821456542588 -0.60046027017955161 -0.77265003398496512 0.50892704543280043 -0.43059102453601855 1.0083303472497962
leaf_weight=388 2471 1517 693 199 317 1869 435 1345 597 272 170 295 47 90
leaf_count=388 2471 1517 693 199 317 1869 435 1345 597 272 170 295 47 90
internal_value=-3.42287e-05 0.0622015 0.3035 -0.584748 -0.0409469 -0.0183276 -0.0794339 -0.229034 0.615421 -0.8928 -1.10609 0.0991416 0.378933 0.46079
internal_weight=10705 9676 2897 1029 6779 6462 4251 1780 1380 641 369 2211 342 783
internal_count=10705 9676 2897 1029 6779 6462 4251 1780 1380 641 369 2211 342 783
is_linear=0
shrinkage=0.05


Tree=17
num_leaves=15
num_cat=0
split_feature=71 84 71 84 71 24 84 69 67 73 57 66 32 44
split_gain=141970 94645.8 90077.6 70465 54617.2 22580.4 20578.1 15287.3 14051.7 12675.9 16009.6 13982.7 11690 12710.8
threshold=0.20000000000000109 105.13475800000002 -2.8499999999999992 42.523274000000008 2.212499999999999 248.07883750000005 282.33339050000006 -3.4807346510416655 0.052796583333333487 18.625000000000004 0.98141788124940466 1.8384426005994599 27.987500000000004 84.156250000000014
decision_type=2 2 2 2 2 2 2 2 2 2 2 2 2 2
left_child=1 -1 5 -2 12 -3 9 -6 -7 10 -4 -12 13 -5
right_child=3 2 6 4 7 8 -8 -9 -10 -11 11 -13 -14 -15
leaf_value=0.018178397414849067 0.016564592324932566 -1.0337784913116999 -0.165166004178982 0.036298023357356581 -0.014942062641435031 -0.62208707713026712 -0.80973156345588659 0.71104778762531717 0.27192335022458186 -0.85068539922887632 0.84362209911147756 0.057918742370237135 0.63983169533625373 0.48762167273775525
leaf_weight=3356 2360 410 1171 873 78 580 110 1022 47 54 71 266 118 189
leaf_count=3356 2360 410 1171 873 78 580 110 1022 47 54 71 266 118 189
internal_value=-4.04152e-05 -0.159294 -0.379078 0.208111 0.406284 -0.744955 -0.151845 0.659602 -0.554746 -0.105027 -0.0777796 0.225459 0.169782 0.117001
internal_weight=10705 6065 2709 4640 2280 1037 1672 1100 627 1562 1508 337 1180 1062
internal_count=10705 6065 2709 4640 2280 1037 1672 1100 627 1562 1508 337 1180 1062
is_linear=0
shrinkage=0.05


Tree=18
num_leaves=15
num_cat=0
split_feature=56 71 84 84 84 25 69 84 71 69 56 43 43 9
split_gain=128194 78720 83957.1 54404 23874.8 19237.2 15548.8 24682 33844.9 14898.3 11790.6 11759.5 11678.7 14135.7
threshold=-23.553458499999994 1.8125000000000002 42.523274000000008 84.599854500000006 282.33339050000006 103.88651708931739 0.71973328124999869 87.746388500000009 -2.0999999999999992 11.840655182291668 -37.211869499999978 47.625000000000007 45.875000000000007 248.46202850000003
decision_type=2 2 2 2 2 2 2 2 2 2 2 2 2 2
left_child=3 4 -3 -1 6 10 7 -2 -9 -4 -5 -8 -11 -14
right_child=1 2 9 5 -6 -7 11 8 -10 12 -12 -13 13 -15
leaf_value=0.041749291428010475 0.025911428891224164 0.017727262968484592 0.41220412274784879 -1.0829571220799099 -0.67377293657045811 -0.12973722213790531 0.73478022421545841 -0.57992495176005876 -0.092086971644630436 1.3664533085901949 -0.64524383130483332 0.066504682555926217 0.76855424212520584 0.027446384276998671
leaf_weight=296 2560 1517 783 314 143 104 67 469 1462 67 315 2078 455 75
leaf_count=296 2560 1517 783 314 143 104 67 469 1462 67 315 2078 455 75
internal_value=-4.03251e-05 0.0564038 0.274515 -0.530341 -0.0368324 -0.761105 -0.0230075 -0.0758969 -0.210812 0.556577 -0.865125 0.0877112 0.744926 0.66393
internal_weight=10705 9676 2897 1029 6779 733 6636 4491 1931 1380 629 2145 597 530
internal_count=10705 9676 2897 1029 6779 733 6636 4491 1931 1380 629 2145 597 530
is_linear=0
shrinkage=0.05


Tree=19
num_leaves=15
num_cat=0
split_feature=71 84 71 84 71 84 47 69 24 47 37 22 83 16
split_gain=116912 77758.3 73827.1 58613.3 44250.8 19939.7 16032.4 13437.5 13327.3 11924.8 11508.1 11449.9 10248.1 10237.2
threshold=0.20000000000000109 105.13475800000002 -3.3625000000000003 42.523274000000008 2.212499999999999 287.58038500000004 79.141927083333357 -3.4807346510416655 248.07883750000005 80.190104166666671 56.875000000000007 142.83145680729169 250.23162800000003 277.29195150000004
decision_type=2 2 2 2 2 2 2 2 2 2 2 2 2 2
left_child=1 -1 8 -2 -5 6 10 -6 9 -3 11 -4 -12 -9
right_child=3 2 5 4 7 -7 -8 13 -10 -11 12 -13 -14 -15
leaf_value=0.016307215155833332 0.014157459038684098 -1.2405145057787499 0.011744307203067315 0.15671227606783081 -0.034553733618953558 -0.88874329846838251 -0.35973129456763875 0.54213799030605159 -0.5670572644199241 -0.63720812164000329 -0.21725270753673384 0.82289686860102751 0.10281372567458312 0.89163716919720182
leaf_weight=3356 2360 191 110 1180 78 91 545 721 485 150 667 71 399 301
leaf_count=3356 2360 191 110 1180 78 91 545 721 485 150 667 71 399 301
internal_value=-3.71052e-05 -0.144555 -0.343768 0.188854 0.369595 -0.170714 -0.133776 0.59761 -0.73759 -0.97777 -0.0348134 0.332704 -0.0974689 0.645844
internal_weight=10705 6065 2709 4640 2280 1883 1792 1100 826 341 1247 181 1066 1022
internal_count=10705 6065 2709 4640 2280 1883 1792 1100 826 341 1247 181 1066 1022
is_linear=0
shrinkage=0.05


Tree=20
num_leaves=15
num_cat=0
split_feature=71 84 71 12 32 84 56 84 26 69 79 73 26 57
split_gain=106419 85862 45130.2 44245.5 19886.6 19396.6 19221.4 18217.7 17378.7 15353 14882.5 13100.8 13931.5 10798.5
threshold=-0.9875000000000006 87.746388500000009 -4.6124999999999998 274.50906300000003 28.137500000000003 299.97504500000008 18.240221500000022 42.523274000000008 19.012500000000003 -15.479756260416666 -0.9103761370219875 10.875000000000002 26.062500000000004 0.98853162326765498
decision_type=2 2 2 2 2 2 2 2 2 2 2 2 2 2
left_child=1 -1 9 6 10 8 -2 -8 -4 -3 -5 13 -13 -10
right_child=3 2 5 4 -6 -7 7 -9 11 -11 -12 12 -14 -15
leaf_value=0.024338635580097114 0.059036871835422271 -1.125327551310958 -0.56955948160340397 -0.14892254871017527 0.97267485305923851 -1.2577065331595285 0.017709334613450992 0.50771866525649523 -0.10955435114845165 -0.58267299781477477 0.60365903393724052 -0.26752169490064664 -1.0799180153877506 0.45978584486119295
leaf_weight=2380 4864 220 329 105 202 48 305 501 730 330 173 364 61 93
leaf_count=2380 4864 220 329 105 202 48 305 501 730 330 173 364 61 93
internal_value=-4.17262e-05 -0.1832 -0.410206 0.135622 0.596058 -0.277397 0.0965453 0.322545 -0.24678 -0.801383 0.319896 -0.161301 -0.386386 -0.0447383
internal_weight=10705 4555 2175 6150 480 1625 5670 806 1577 550 278 1248 425 823
internal_count=10705 4555 2175 6150 480 1625 5670 806 1577 550 278 1248 425 823
is_linear=0
shrinkage=0.05


Tree=21
num_leaves=15
num_cat=0
split_feature=71 56 84 84 71 84 19 84 67 71 32 31 73 24
split_gain=96707.7 59151.4 56271.2 42508.6 26300.5 18333.1 17534.9 12833.8 21528.3 18989.5 11977.4 11822.9 14117.7 10928
threshold=0.90000000000000047 -25.228240999999993 42.523274000000008 84.599854500000006 2.212499999999999 287.58038500000004 205.72067600000003 94.253755000000027 1.0000000180025095e-35 -2.0999999999999992 28.987500000000004 20.212500000000002 -23.874999999999996 248.11922550000006
decision_type=2 2 2 2 2 2 2 2 2 2 2 2 2 2
left_child=1 3 -2 -1 -4 7 -5 -3 9 13 -10 -6 -13 -9
right_child=2 5 4 6 11 -7 -8 8 10 -11 -12 12 -14 -15
leaf_value=0.038582406343082659 0.011520610730511003 0.020691587765457542 0.17740883164464055 -0.75398506814706501 0.18383349187791667 -0.79729517198553901 0.31822448838956474 -0.81769892039733971 0.081670965340376891 -0.10429853745976257 0.87950938254032496 1.2511020392906376 0.55978536801273115 -0.31685022986087652
leaf_weight=282 2040 3249 846 643 186 81 40 147 421 1381 52 81 833 423
leaf_count=282 2040 3249 846 643 186 81 40 147 421 1381 52 81 833 423
internal_value=-5.12984e-05 -0.115797 0.195036 -0.477847 0.38731 -0.0550054 -0.690818 -0.0442682 -0.131309 -0.204664 0.171053 0.548436 0.622351 -0.447222
internal_weight=10705 6719 3986 965 1946 5754 683 5673 2424 1951 473 1100 914 570
internal_count=10705 6719 3986 965 1946 5754 683 5673 2424 1951 473 1100 914 570
is_linear=0
shrinkage=0.05


Tree=22
num_leaves=15
num_cat=0
split_feature=71 84 71 84 71 84 47 24 12 37 49 57 69 24
split_gain=87431.8 58199.9 55070.5 45065.1 33814.1 17643.3 14375.4 12189.7 19067.1 13343.6 11826.1 11601.7 11444.9 10429
threshold=0.20000000000000109 105.13475800000002 -3.6499999999999999 42.523274000000008 2.212499999999999 292.35207400000007 78.959635416666671 275.10399300000006 280.08090150000004 56.375000000000007 3.5000000000000004 0.689827914331132 -3.4807346510416655 248.07883750000005
decision_type=2 2 2 2 2 2 2 2 2 2 2 2 2 2
left_child=1 -1 11 -2 -5 6 7 10 9 -9 -4 -3 -6 -13
right_child=3 2 5 4 12 -7 -8 8 -10 -11 -12 13 -14 -15
leaf_value=0.014147436770196867 0.010123044789237416 -1.3893286429199518 -0.088261555923936849 0.13569420095827672 -0.061952081586741196 -0.9469843320110265 -0.32346462179301477 0.96904335341626602 -0.77041976437606718 0.16930181139851447 -0.79647771346499219 -0.83400164971714974 0.56562147213351843 -0.44337570275094784
leaf_weight=3356 2360 50 752 1180 78 67 621 61 46 333 63 291 1022 425
leaf_count=3356 2360 50 752 1180 78 67 621 61 46 333 63 291 1022 425
internal_value=-4.53134e-05 -0.125021 -0.297369 0.163304 0.321785 -0.155662 -0.126911 -0.0294727 0.182353 0.295259 -0.143916 -0.656144 0.521105 -0.603077
internal_weight=10705 6065 2709 4640 2280 1943 1876 1255 440 394 815 766 1100 716
internal_count=10705 6065 2709 4640 2280 1943 1876 1255 440 394 815 766 1100 716
is_linear=0
shrinkage=0.05


Tree=23
num_leaves=15
num_cat=0
split_feature=71 84 56 69 84 71 43 25 84 62 22 47 30 47
split_gain=79533 71444 36440 26553.9 22338.9 17316.7 16839.7 14105.5 11734.7 12787.7 11289.8 10734.1 11162.9 10103
threshold=-1.6125000000000005 90.283407500000024 24.857463000000006 0.96902710937499925 63.145266500000005 -4.7624999999999984 47.125000000000007 105.41539964256184 275.36804450000005 238.52281950000003 148.5701428385417 71.019531250000014 22.987500000000004 72.708333333333357
decision_type=2 2 2 2 2 2 2 2 2 2 2 2 2 2
left_child=1 -1 6 5 -4 -3 7 -2 9 -8 11 12 -6 -7
right_child=2 3 4 -5 10 13 8 -9 -10 -11 -12 -13 -14 -15
leaf_value=0.020320177730851149 0.06420706462647234 -0.76075769115909786 0.023988862798901535 0.046716308441978917 1.4998046886920928 0.040530028050186254 0.038570031061830115 0.92985216225638545 -0.33313560322472235 0.45969247378769423 -0.15300973012131089 0.45264307523453695 0.68827154777944088 -0.45498160262045539
leaf_weight=1784 90 488 266 242 59 118 5863 98 204 185 48 308 159 793
leaf_count=1784 90 488 266 242 59 118 5863 98 204 185 48 308 159 793
internal_value=-6.07501e-05 -0.198721 0.093417 -0.436718 0.402956 -0.520316 0.052986 0.51798 0.0389229 0.0515255 0.578228 0.64512 0.913752 -0.390825
internal_weight=10705 3425 7280 1641 840 1399 6440 188 6252 6048 574 526 218 911
internal_count=10705 3425 7280 1641 840 1399 6440 188 6252 6048 574 526 218 911
is_linear=0
shrinkage=0.05


Tree=24
num_leaves=15
num_cat=0
split_feature=71 56 84 84 71 84 19 31 71 44 84 57 66 69
split_gain=73141.9 44165 43323.2 33264.3 19790.5 14550.1 10888.7 10190.2 12552.2 10141.1 9567.11 17616.5 14092.2 11304
threshold=0.90000000000000047 -25.228240999999993 42.523274000000008 118.60484750000002 2.212499999999999 287.58038500000004 205.15531050000001 20.212500000000002 6.0125000000000002 84.156250000000014 94.253755000000027 0.98041328011523976 1.3769630923293046 0.53624460416666653
decision_type=2 2 2 2 2 2 2 2 2 2 2 2 2 2
left_child=1 3 -2 -1 9 10 -5 -6 -9 -4 -3 13 -13 -12
right_child=2 5 4 6 7 -7 -8 8 -10 -11 11 12 -14 -15
leaf_value=-0.058347186660417771 0.0085922675135617077 0.017475139702029099 0.079789667911565221 -0.72181322746077992 0.13983068634721049 -0.70946142226457598 0.063604340550242638 0.45861583828230706 0.94139505917492539 0.54844124925633275 -0.25754329763859141 0.91387064752041125 0.045731167131158164 0.045912845432283168
leaf_weight=392 2040 3249 709 525 186 81 48 749 165 137 1421 50 562 391
leaf_count=392 2040 3249 709 525 186 81 48 749 165 137 1421 50 562 391
internal_value=-4.57439e-05 -0.100706 0.169615 -0.413548 0.338324 -0.0481766 -0.656023 0.478094 0.546703 0.15624 -0.0386113 -0.113763 0.118033 -0.192073
internal_weight=10705 6719 3986 965 1946 5754 573 1100 914 846 5673 2424 612 1812
internal_count=10705 6719 3986 965 1946 5754 573 1100 914 846 5673 2424 612 1812
is_linear=0
shrinkage=0.05


Tree=25
num_leaves=15
num_cat=0
split_feature=71 84 16 71 37 84 26 69 22 83 69 84 22 65
split_gain=66494.3 53898 30436.4 29594.6 22208.4 14582.9 12501.7 11666 11551.2 14679.3 11463.2 21046.8 13458.8 10922.1
threshold=-0.9875000000000006 87.746388500000009 275.10399300000006 -4.6124999999999998 51.375000000000007 299.97504500000008 19.012500000000003 -15.479756260416666 148.5701428385417 244.88150150000004 11.840655182291668 42.523274000000008 133.23735208854171 1.4186220000000034
decision_type=2 2 2 2 2 2 2 2 2 2 2 2 2 2
left_child=1 -1 10 7 -4 6 -5 -3 9 -6 -2 -12 -13 -14
right_child=2 3 4 5 8 -7 -8 -9 -10 -11 11 12 13 -15
leaf_value=0.019614560110611842 0.028825394667288552 -0.92355413642454887 0.89693110278911059 -0.46434887757919957 0.23063015813648235 -1.0670261156802274 -0.11812304850765863 -0.45113633207954307 -0.38457233460827012 1.0896213126809975 0.013324304684206393 1.2947243270419895 0.6159873940018068 0.14817557252728339
leaf_weight=2380 4250 220 179 329 399 48 1248 330 62 56 659 41 228 276
leaf_count=2380 4250 220 179 329 399 48 1248 330 62 56 659 41 228 276
internal_value=-3.63756e-05 -0.144817 0.107201 -0.324672 0.418336 -0.217131 -0.190603 -0.641437 0.251221 0.33851 0.0674271 0.20355 0.433121 0.360605
internal_weight=10705 4555 6150 2175 696 1625 1577 550 517 455 5454 1204 545 504
internal_count=10705 4555 6150 2175 696 1625 1577 550 517 455 5454 1204 545 504
is_linear=0
shrinkage=0.05


Tree=26
num_leaves=15
num_cat=0
split_feature=71 84 56 84 71 84 19 69 38 0 57 84 69 61
split_gain=60607.4 36487.8 36218.9 27830.1 16842.8 12893 9523.15 9463.61 9188.12 9023.39 10673.8 14252.9 11882.8 13837.8
threshold=0.90000000000000047 42.523274000000008 -25.228240999999993 118.60484750000002 2.212499999999999 275.36804450000005 205.15531050000001 -3.4807346510416655 83.375000000000014 279.15103700000003 0.98041328011523976 87.746388500000009 0.53624460416666653 7.1366230000000224
decision_type=2 2 2 2 2 2 2 2 2 2 2 2 2 2
left_child=2 -2 3 -1 8 9 -5 -6 -3 10 11 -4 13 -13
right_child=1 4 5 6 7 -7 -8 -9 -10 -11 -12 12 -14 -15
leaf_value=-0.050079689858097388 0.006635950258483546 0.068195338189429175 0.017094607835959456 -0.65828084151493549 -0.09161980397339109 -0.3707550094534322 0.07593155564094077 0.47866433551580534 0.51296899434473875 -0.70241078808903701 0.15703167045909963 -0.35214691332679382 0.088274364925086335 -0.014535542058451638
leaf_weight=392 2040 708 2995 525 78 286 48 1022 138 48 729 863 365 468
leaf_count=392 2040 708 2995 525 78 286 48 1022 138 48 729 863 365 468
internal_value=-3.02187e-05 0.15441 -0.0916602 -0.374965 0.309239 -0.0440903 -0.596751 0.43818 0.141267 -0.0269397 -0.0208292 -0.0484971 -0.164269 -0.233538
internal_weight=10705 3986 6719 965 1946 5754 573 1100 846 5468 5420 4691 1696 1331
internal_count=10705 3986 6719 965 1946 5754 573 1100 846 5468 5420 4691 1696 1331
is_linear=0
shrinkage=0.05


Tree=27
num_leaves=15
num_cat=0
split_feature=71 84 16 71 37 84 36 21 70 24 20 80 71 84
split_gain=54719.4 44519.3 26244.6 25291.5 19267.6 13045.8 11717.6 10367.8 10010.4 11330.2 9905.18 9805.81 22367.4 10049.5
threshold=-0.9875000000000006 87.746388500000009 275.10399300000006 -5.0124999999999984 51.375000000000007 299.97504500000008 24.714192708333339 53.591051864055309 7.8989148047799835 279.71161950000004 248.11922550000006 -0.19509032201612839 2.0124999999999997 42.523274000000008
decision_type=2 2 2 2 2 2 2 2 2 2 2 2 2 2
left_child=1 -1 11 10 -4 6 8 -6 9 -5 -3 12 -2 -14
right_child=2 3 4 5 7 -7 -8 -9 -10 -11 -12 -13 13 -15
leaf_value=0.018071880558507513 0.035584283931493481 -0.83215522215116866 0.83193810558153525 -0.15247798093388085 0.10207670382783769 -0.96611524527723136 0.3790452627803792 0.6210527421644656 -0.3094278381747132 0.41893104126430913 -0.35264165855208907 -0.0035399347528376141 0.007512153028024853 0.45096811656524577
leaf_weight=2380 1828 257 179 477 390 54 87 127 1006 105 189 2860 162 604
leaf_count=2380 1828 257 179 477 390 54 87 127 1006 105 189 2860 162 604
internal_value=-3.26072e-05 -0.13137 0.0972479 -0.29483 0.386163 -0.208007 -0.183005 0.230515 -0.214016 -0.048847 -0.630197 0.0603146 0.130691 0.357314
internal_weight=10705 4555 6150 2175 696 1729 1675 517 1588 582 446 5454 2594 766
internal_count=10705 4555 6150 2175 696 1729 1675 517 1588 582 446 5454 2594 766
is_linear=0
shrinkage=0.05


Tree=28
num_leaves=15
num_cat=0
split_feature=71 84 56 84 71 31 84 69 73 56 24 43 54 49
split_gain=49848.2 29998.8 29559.5 23133.6 14757.4 11912 11296.2 10368.7 8326.31 8843.11 8232.03 9170.94 8207.31 8082.98
threshold=0.90000000000000047 42.523274000000008 -25.228240999999993 118.60484750000002 3.7125000000000008 20.512500000000003 287.58038500000004 -1.0000000180025095e-35 13.875000000000002 -42.873081999999975 299.02505250000007 48.875000000000007 0.87837969732492682 3.5000000000000004
decision_type=2 2 2 2 2 2 2 2 2 2 2 2 2 2
left_child=2 -2 3 -1 7 -6 -4 -3 12 -10 11 -9 -5 -7
right_child=1 4 6 8 5 13 -8 10 9 -11 -12 -13 -14 -15
leaf_value=-0.042868754087115518 0.0060415917275120296 -0.012369552691397475 -0.031727026890281979 -0.45393913568395405 0.094320771816585755 0.7868637223996845 -0.62282233792470731 0.95126439724117517 -1.0796047448838524 -0.51868516495495476 -0.16709988235860418 0.28815804505766557 0.29810152087699282 0.32295210320272882
leaf_weight=392 2040 427 5673 212 139 277 81 55 108 210 91 812 43 145
leaf_count=392 2040 427 5673 212 139 277 81 55 108 210 91 812 43 145
internal_value=-2.98151e-05 0.140033 -0.0831295 -0.339068 0.280421 0.496626 -0.0401547 0.192551 -0.541275 -0.711973 0.283806 0.331271 -0.326455 0.628603
internal_weight=10705 3986 6719 965 1946 561 5754 1385 573 318 958 867 255 422
internal_count=10705 3986 6719 965 1946 561 5754 1385 573 318 958 867 255 422
is_linear=0
shrinkage=0.05


Tree=29
num_leaves=15
num_cat=0
split_feature=71 84 56 36 84 43 24 58 25 46 37 84 62 24
split_gain=45829.8 42900.3 21982.6 18326.2 14792 14194.7 13936.2 14253.1 11920.9 9818.49 10125.4 9603.68 10686.4 8688.75
threshold=-1.6125000000000005 77.844594000000015 28.185099000000026 24.714192708333339 63.145266500000005 47.125000000000007 248.07883750000005 -12.634897500000006 105.41539964256184 88.963541666666671 64.375000000000014 274.29007000000007 233.77775500000001 296.65950400000003
decision_type=2 2 2 2 2 2 2 2 2 2 2 2 2 2
left_child=1 -1 5 6 -4 8 -3 9 -2 10 -8 12 -7 -6
right_child=2 3 4 -5 13 11 7 -9 -10 -11 -12 -13 -14 -15
leaf_value=0.020795883655986863 0.070278295578346361 -0.57409581991275827 0.012876097008374452 0.63091490839918452 0.65480133679327102 0.027113685178961396 -1.0759409604072572 -0.1295716243998849 0.82806517060559526 -1.2434726540635272 -0.30144962610367543 -0.28603101301263889 0.33958674219342844 0.1811328821496426
leaf_weight=1765 104 522 228 47 310 5876 49 720 103 40 282 231 286 142
leaf_count=1765 104 522 228 47 310 5876 49 720 103 40 282 231 286 142
internal_value=-2.91714e-05 -0.150833 0.07093 -0.33322 0.341401 0.0430158 -0.361687 -0.259625 0.44951 -0.510994 -0.418998 0.0297856 0.0416694 0.506722
internal_weight=10705 3425 7280 1660 680 6600 1613 1091 207 371 331 6393 6162 452
internal_count=10705 3425 7280 1660 680 6600 1613 1091 207 371 331 6393 6162 452
is_linear=0
shrinkage=0.05


Tree=30
num_leaves=15
num_cat=0
split_feature=71 84 24 16 73 32 26 46 84 69 84 84 6 71
split_gain=41726.4 30585.9 24080.4 20299.2 16755.6 15231.9 12900.5 13244.6 11933.3 11715.4 15477.9 16910.2 10906.4 8996.19
threshold=-0.1125000000000007 97.299574000000021 248.07883750000005 275.10399300000006 10.875000000000002 27.987500000000004 26.012500000000003 89.609375000000014 295.90254450000003 -6.2117165312500005 42.523274000000008 265.12121400000007 256.25621600000005 -5.2249999999999988
decision_type=2 2 2 2 2 2 2 2 2 2 2 2 2 2
left_child=1 -1 13 9 8 -5 7 -6 -4 -2 -11 12 -12 -3
right_child=3 2 4 5 6 -7 -8 -9 -10 10 11 -13 -14 -15
leaf_value=0.013186705288581083 -0.23710237361979292 -0.80283278148959991 0.0020850767850288973 0.16200054716129744 -0.17939328096664525 0.65419789134195439 -0.94437944067594337 -0.95773173118712485 -0.8102593667329625 0.0030947135220042044 0.28084448893734221 -0.2482492389253427 -0.22052539117857176 -0.37596076923077343
leaf_weight=2869 304 175 1186 393 535 262 77 60 46 2528 1533 193 116 428
leaf_count=2869 304 175 1186 393 535 262 77 60 46 2528 1533 193 116 428
internal_value=-3.16588e-05 -0.0983048 -0.22585 0.0991081 -0.138501 0.359577 -0.339135 -0.259356 -0.0288785 0.0625377 0.0834317 0.193626 0.245463 -0.50097
internal_weight=10705 5376 2507 5329 1904 655 672 595 1232 4674 4370 1842 1649 603
internal_count=10705 5376 2507 5329 1904 655 672 595 1232 4674 4370 1842 1649 603
is_linear=0
shrinkage=0.05


Tree=31
num_leaves=15
num_cat=0
split_feature=71 84 56 67 84 43 84 62 22 25 61 24 47 36
split_gain=37991.6 36548.1 20036.8 14310.5 13352.9 12707.4 11731 9655.15 9112.93 9062.38 8929.04 8504.85 8059.49 9524.06
threshold=-2.3625000000000003 75.408333500000012 24.857463000000006 0.052796583333333487 272.31098550000007 47.125000000000007 63.145266500000005 233.77775500000001 148.5701428385417 105.41539964256184 72.790737499999992 248.11922550000006 71.019531250000014 24.164453125000005
decision_type=2 2 2 2 2 2 2 2 2 2 2 2 2 2
left_child=1 -1 4 10 5 9 -4 -7 12 -2 11 -3 -8 -14
right_child=2 3 6 -5 -6 7 8 -9 -10 -11 -12 -13 13 -15
leaf_value=0.02083472528042158 0.068958840033365901 -0.66256232646569702 0.0088327074760033968 0.28892437121365216 -0.26778264186653794 0.017100786306376244 0.70300865674808144 0.31905398580475131 -0.24490068120957942 0.73177798370681035 -0.11444295587526127 -0.35379700128381192 0.42657980461277678 -0.32239500715890351
leaf_weight=1260 96 357 266 79 367 6494 218 275 48 111 219 607 258 50
leaf_count=1260 96 357 266 79 367 6494 218 275 48 111 219 607 258 50
internal_value=-4.71741e-05 -0.169678 0.0522473 -0.359754 0.025767 0.0412465 0.283423 0.0294134 0.410436 0.426193 -0.40328 -0.468711 0.47059 0.304343
internal_weight=10705 2522 8183 1262 7343 6976 840 6769 574 207 1183 964 526 308
internal_count=10705 2522 8183 1262 7343 6976 840 6769 574 207 1183 964 526 308
is_linear=0
shrinkage=0.05


Tree=32
num_leaves=15
num_cat=0
split_feature=71 84 84 73 57 67 43 66 9 68 71 69 38 26
split_gain=35206.3 22096.3 21355.4 26553.1 14958.6 14387.3 11143.7 10030.5 9971.7 9932.33 9877.9 9825.63 9626.7 9240.96
threshold=0.95000000000000118 42.523274000000008 105.13475800000002 11.625000000000002 0.98041328011523976 -4.9843997916666671 51.125000000000007 1.3769630923293046 250.49878250000003 11.137614778014253 2.0124999999999997 6.5313671458333333 83.375000000000014 26.112500000000004
decision_type=2 2 2 2 2 2 2 2 2 2 2 2 2 2
left_child=2 -2 -1 4 -4 13 -3 -6 10 -10 12 -11 -8 -5
right_child=1 6 3 5 7 -7 8 -9 9 11 -12 -13 -14 -15
leaf_value=0.010284033931692959 0.0031007126229345167 0.56543164253557399 -0.14694057368468347 -0.49096325340250663 0.82348497372407192 -0.11377490377119204 -0.027095139893603792 0.088934716884451356 -0.17460873888939929 0.86887785792350769 0.37391422741012542 -0.13319277659706449 0.46497440053658051 -1.2503070236607032
leaf_weight=3738 2030 230 1666 523 51 283 402 441 290 52 780 45 131 43
leaf_count=3738 2030 230 1666 523 51 283 402 441 290 52 780 45 131 43
internal_value=-4.19235e-05 0.118281 -0.0695164 -0.168687 -0.0754143 -0.4054 0.239364 0.166593 0.194942 -0.0280605 0.260643 0.407384 0.0944893 -0.550755
internal_weight=10705 3960 6745 3007 2158 849 1930 492 1700 387 1313 97 533 566
internal_count=10705 3960 6745 3007 2158 849 1930 492 1700 387 1313 97 533 566
is_linear=0
shrinkage=0.05


Tree=33
num_leaves=15
num_cat=0
split_feature=71 84 84 56 84 43 25 68 9 20 30 84 71 62
split_gain=31785.3 19950.8 19478.7 15143.2 11005.9 10061.9 9457.86 9226.5 9713.8 9851.02 9113.77 9101.02 9031.9 8319.67
threshold=0.95000000000000118 42.523274000000008 292.35207400000007 -33.52329799999999 94.253755000000027 51.125000000000007 101.27214067106148 17.767268810110568 95.543330000000012 277.29195150000004 21.162500000000005 109.12928350000001 3.7125000000000008 127.13975050000001
decision_type=2 2 2 2 2 2 2 2 2 2 2 2 2 2
left_child=2 -2 3 4 -1 -3 -6 8 11 13 -11 -7 -12 -10
right_child=1 5 -4 -5 6 7 -8 -9 9 10 12 -13 -14 -15
leaf_value=0.037289412393754356 0.0029457531816219243 0.53728244923986501 -0.73851695079004998 -0.031157543091933904 -0.53168665737159981 0.60463061680333041 0.090906206840598913 0.7843067384054585 -0.22727060821887696 0.86908938096741495 -0.15378986273058937 0.18473050406314531 0.44608663036354951 0.11131803468262985
leaf_weight=180 2030 230 105 6025 362 195 73 61 303 58 113 382 139 449
leaf_count=180 2030 230 105 6025 362 195 73 61 303 58 113 382 139 449
internal_value=-3.58009e-05 0.112391 -0.0660486 -0.0553051 -0.291438 0.227446 -0.427237 0.185236 0.162475 0.0726239 0.309313 0.327438 0.17755 -0.0252286
internal_weight=10705 3960 6745 6640 615 1930 435 1700 1639 1062 310 577 252 752
internal_count=10705 3960 6745 6640 615 1930 435 1700 1639 1062 310 577 252 752
is_linear=0
shrinkage=0.05


Tree=34
num_leaves=15
num_cat=0
split_feature=71 84 56 24 84 43 84 25 83 58 84 49 32 35
split_gain=29193.4 28785.4 15180.7 12500.2 12218.5 11121.2 9794.9 8985.47 8819.89 8533.62 8637.54 7688.6 7651.86 7424.97
threshold=-2.3625000000000003 75.408333500000012 28.185099000000026 273.57706450000006 272.31098550000007 47.125000000000007 63.145266500000005 105.41539964256184 244.88150150000004 2.623256499999997 253.74800800000003 3.5000000000000004 25.512500000000003 22.355208333333337
decision_type=2 2 2 2 2 2 2 2 2 2 2 2 2 2
left_child=1 -1 4 11 5 7 -4 -2 -7 10 13 -3 -11 -10
right_child=2 3 6 -5 -6 8 -8 -9 9 12 -12 -13 -14 -15
leaf_value=0.020350857382133592 0.059229633765848916 -0.31567493444681771 0.0045464911591668314 -0.030456929724447353 -0.25407169606606728 0.0040277166911471341 0.4063824963242188 0.68927160668322163 0.42696402600681937 0.28480816431305733 -0.079704948992733879 -0.6309629565022058 1.0107826519674725 0.015109832019870872
leaf_weight=1260 110 701 228 292 371 5813 452 116 238 196 413 269 44 202
leaf_count=1260 110 701 228 292 371 5813 452 116 238 196 413 269 44 202
internal_value=-2.47353e-05 -0.148722 0.0458163 -0.317409 0.0252969 0.039863 0.271854 0.384226 0.0285397 0.158781 0.0844424 -0.40367 0.421545 0.238349
internal_weight=10705 2522 8183 1262 7503 7132 680 226 6906 1093 853 970 240 440
internal_count=10705 2522 8183 1262 7503 7132 680 226 6906 1093 853 970 240 440
is_linear=0
shrinkage=0.05


Tree=35
num_leaves=15
num_cat=0
split_feature=71 84 71 12 36 22 84 26 58 74 69 80 71 73
split_gain=26732.3 23393.6 13931.3 13916.9 13254.9 15559.3 8261.32 8089.92 7544.66 7293.15 7278.36 8516.49 11871.7 6838.17
threshold=-0.9875000000000006 77.844594000000015 -4.7624999999999984 272.35636400000004 23.030078125000003 148.27345940104172 299.97504500000008 19.012500000000003 -48.361829000000021 7.6250000000000009 -13.065936541666668 -0.19509032201612839 2.0124999999999997 10.875000000000002
decision_type=2 2 2 2 2 2 2 2 2 2 2 2 2 2
left_child=1 -1 8 10 -5 9 7 -4 -3 -6 -2 12 -12 -9
right_child=3 2 6 4 5 -7 -8 13 -10 -11 11 -13 -14 -15
leaf_value=0.017662458321673097 -0.2882281491660183 -1.0708459721055144 -0.3343116485091403 -0.17207744986307427 0.64766640349878724 -0.17246579718125124 -0.77177847820520407 0.023109162040165936 -0.37625818872765504 0.083714643530022934 0.04798500052329048 -0.0039245406614558656 0.28698658645816844 -0.21908476815619002
leaf_weight=2356 160 42 343 121 324 92 49 837 482 70 1668 2961 754 446
leaf_count=2356 160 42 343 121 324 92 49 837 482 70 1668 2961 754 446
internal_value=-1.59763e-05 -0.0918144 -0.209062 0.0679784 0.29507 0.411491 -0.138519 -0.118973 -0.433865 0.547938 0.0430614 0.0529601 0.122477 -0.061188
internal_weight=10705 4555 2199 6150 607 486 1675 1626 524 394 5543 5383 2422 1283
internal_count=10705 4555 2199 6150 607 486 1675 1626 524 394 5543 5383 2422 1283
is_linear=0
shrinkage=0.05


Tree=36
num_leaves=15
num_cat=0
split_feature=71 84 71 16 32 69 84 84 6 61 83 84 60 37
split_gain=24211.4 18500.8 16227.7 12347 11398.5 9141.45 10005.4 12767.9 9092.58 8171.81 7966.19 7717.05 8965.45 7258.11
threshold=-0.1125000000000007 111.87065400000002 -4.6124999999999998 275.10399300000006 27.987500000000004 -6.2117165312500005 42.523274000000008 265.12121400000007 256.25621600000005 48.179213000000011 239.73450500000004 95.951113500000005 7.5915915000000078 52.125000000000007
decision_type=2 2 2 2 2 2 2 2 2 2 2 2 2 2
left_child=1 -1 -3 5 -5 -2 -7 8 11 -4 13 12 -8 -6
right_child=3 2 9 4 10 6 7 -9 -10 -11 -12 -13 -14 -15
leaf_value=0.0052690602273212338 -0.21770661870964236 -0.43261446624662325 -0.21396180829501407 0.10782316517750237 0.73060008939943821 0.00083832982068485706 0.34916824469087171 -0.22989744260839964 -0.22628998874217021 -0.00040797719443220977 1.1257928283924752 0.18231179085509608 1.1556182492346991 0.14618830057845367
leaf_weight=3078 304 504 934 393 94 2528 203 193 116 860 46 1289 41 122
leaf_count=3078 304 504 934 393 94 2528 203 193 116 860 46 1289 41 122
internal_value=-2.5928e-05 -0.0748842 -0.182199 0.0754925 0.278632 0.0469716 0.0654296 0.154027 0.199074 -0.111647 0.533462 0.231388 0.488842 0.40271
internal_weight=10705 5376 2298 5329 655 4674 4370 1842 1649 1794 262 1533 244 216
internal_count=10705 5376 2298 5329 655 4674 4370 1842 1649 1794 262 1533 244 216
is_linear=0
shrinkage=0.05


Tree=37
num_leaves=15
num_cat=0
split_feature=24 84 71 37 25 8 18 6 24 70 31 84 49 25
split_gain=22047.8 19021.9 22558.3 16814.7 16207.7 12383.7 9887.75 8638.4 11804.4 12662.1 8526.9 8114.55 7860.71 7720
threshold=274.65417650000006 95.951113500000005 -2.0999999999999992 51.375000000000007 103.21753417306967 299.02505250000007 209.29621552083339 62.275082000000005 275.10399300000006 19.426429174060541 19.762500000000003 200.52056300000001 4.5000000000000009 108.0147368726637
decision_type=2 2 2 2 2 2 2 2 2 2 2 2 2 2
left_child=1 -1 12 6 10 7 -2 8 -5 13 -4 -9 -3 -10
right_child=3 2 4 5 -6 -7 -8 11 9 -11 -12 -13 -14 -15
leaf_value=0.01519161796107178 -0.019297248167917135 -0.28181338664059569 -0.20345094157280502 1.0037326578937826 -0.31241377814392374 -0.74163106654552713 0.55899038833799641 0.035987864886330191 0.17115264969342706 0.50733580384130883 0.11010911956394581 -0.38742139600063408 -0.70748751090794082 -0.13083141579231325
leaf_weight=4366 99 961 272 41 414 46 290 1745 662 204 1053 120 122 310
leaf_count=4366 99 961 272 41 414 46 290 1745 662 204 1053 120 122 310
internal_value=-1.30366e-05 -0.0502048 -0.151351 0.102553 -0.0397349 0.063933 0.412145 0.076193 0.179759 0.150203 0.0456357 0.00855135 -0.330374 0.0748054
internal_weight=10705 7188 2822 3517 1739 3128 389 3082 1217 1176 1325 1865 1083 972
internal_count=10705 7188 2822 3517 1739 3128 389 3082 1217 1176 1325 1865 1083 972
is_linear=0
shrinkage=0.05


Tree=38
num_leaves=15
num_cat=0
split_feature=71 84 84 30 84 56 47 68 65 44 25 9 8 17
split_gain=20189.5 15279.2 14274.8 11317.3 12491.6 8566.69 8213.34 7281.84 6979.32 6932.83 11601.3 10430.1 7561.8 6475.56
threshold=1.1125000000000009 292.35207400000007 42.523274000000008 19.762500000000003 97.299574000000021 -40.700866499999997 62.804687500000007 17.440646893457735 4.8075782083333332 53.906250000000007 105.54290539137678 270.73891950000007 286.66023200000001 1.9866838054813594e-05
decision_type=2 2 2 2 2 2 2 2 2 2 2 2 2 2
left_child=1 3 -2 4 -1 -6 -4 13 -7 10 -5 -11 -13 -8
right_child=2 -3 6 9 5 8 7 -9 -10 11 -12 12 -14 -15
leaf_value=0.013034593926461467 0.00037738359597999681 -0.6428838275865002 0.71323027544115725 0.060490872760163385 -0.62115999876253625 -0.23795018696541345 0.35795308264055614 0.6796086729424341 0.43194571529946679 0.0021737303220587677 0.852385678093453 -0.19460794129764716 -0.9123018375819637 0.1044140205942133
leaf_weight=668 1743 105 75 192 145 788 318 69 40 4957 60 300 41 1204
leaf_count=668 1743 105 75 192 145 788 318 69 40 4957 60 300 41 1204
internal_value=-1.41678e-05 -0.04695 0.100423 -0.0381602 -0.153473 -0.267682 0.205029 0.18064 -0.205106 -0.0040436 0.251661 -0.0162514 -0.283315 0.157588
internal_weight=10705 7296 3409 7191 1641 973 1666 1591 828 5550 252 5298 341 1522
internal_count=10705 7296 3409 7191 1641 973 1666 1591 828 5550 252 5298 341 1522
is_linear=0
shrinkage=0.05


Tree=39
num_leaves=15
num_cat=0
split_feature=24 84 70 44 8 62 37 53 69 53 69 84 36 25
split_gain=18721 16153.7 19991.2 14374 10995.4 8888.83 7652.07 8869.25 7071.79 11636.7 6784.12 9656.84 16588.1 10976.1
threshold=274.65417650000006 95.951113500000005 8.1032710679429751 47.843750000000007 299.02505250000007 203.95308250000002 57.125000000000007 -0.77259657388510605 -10.466263937499997 0.06540312923014284 9.4225086250000007 42.523274000000008 24.277343750000004 108.0147368726637
decision_type=2 2 2 2 2 2 2 2 2 2 2 2 2 2
left_child=1 -1 -3 -2 8 6 -4 -8 9 -5 -10 -12 -13 -14
right_child=3 2 5 4 -6 -7 7 -9 10 -11 11 12 13 -15
leaf_value=0.014003713522295763 0.47577171291172249 0.018321864442103361 0.077293057972565304 1.0289057767428458 -0.68360760379582652 0.00018565353034224747 -0.58377231524367523 -0.2675266470090964 0.00021705113533027556 -0.077778826297625253 0.0031782502211383174 0.61600872189185374 0.41080688050542125 -0.060111931342512075
leaf_weight=4366 230 1173 119 49 47 289 290 951 1747 45 632 235 194 338
leaf_count=4366 230 1173 119 49 47 289 290 951 1747 45 632 235 194 338
internal_value=-1.06261e-05 -0.046261 -0.13947 0.0945015 0.0676864 -0.251657 -0.305134 -0.341838 0.0787924 0.503868 0.0659354 0.147942 0.267067 0.112063
internal_weight=10705 7188 2822 3517 3287 1649 1360 1241 3240 94 3146 1399 767 532
internal_count=10705 7188 2822 3517 3287 1649 1360 1241 3240 94 3146 1399 767 532
is_linear=0
shrinkage=0.05


Tree=40
num_leaves=15
num_cat=0
split_feature=69 84 84 43 84 71 26 61 9 68 69 22 22 68
split_gain=17104.8 13182.2 16452.9 11096.6 10997.7 15333.2 11439.8 10949 9107.79 7287.52 7261.16 6679.98 7826.03 6510.57
threshold=-0.28348833333333345 272.31098550000007 42.523274000000008 47.625000000000007 81.513918500000003 -4.3124999999999991 29.475000000000005 67.641862000000032 272.25950450000005 10.496317830151206 -13.746666145833332 126.6827235260417 135.55219963541671 17.256027069717032
decision_type=2 2 2 2 2 2 2 2 2 2 2 2 2 2
left_child=4 2 -2 -4 -1 -6 7 10 13 -8 -7 -9 -13 -5
right_child=1 -3 3 8 5 6 9 11 -10 -11 -12 12 -14 -15
leaf_value=0.01315908406686896 0.00036133315146061605 -0.30974710283245749 0.56469299264208106 0.14426397704677613 -0.37263499180134385 -0.39719612424552153 0.0070378495425712775 -0.15310568466261337 -0.43485185658289338 0.93970318100076511 -0.11998934902605252 0.363841722985139 -0.047402109120245256 0.60175462945099967
leaf_weight=2224 3241 233 168 2029 549 307 40 242 65 43 1021 245 218 80
leaf_count=2224 3241 233 168 2029 549 307 40 242 65 43 1021 245 218 80
internal_value=-5.5558e-06 0.0579373 0.0733349 0.174277 -0.0689327 -0.137419 -0.076245 -0.0998261 0.143861 0.495661 -0.184323 0.0593758 0.170526 0.161895
internal_weight=10705 5816 5583 2342 4889 2665 2116 2033 2174 83 1328 705 463 2109
internal_count=10705 5816 5583 2342 4889 2665 2116 2033 2174 83 1328 705 463 2109
is_linear=0
shrinkage=0.05


Tree=41
num_leaves=15
num_cat=0
split_feature=84 24 37 56 80 84 16 24 62 5 70 46 25 72
split_gain=15920.6 15182.2 13448.1 10348.2 9612.58 13310.7 9993.55 10896.6 8467.8 7502.19 7130.62 7397.59 6419.1 5856.25
threshold=282.33339050000006 274.65417650000006 51.125000000000007 -37.211869499999978 -0.3520614488341256 228.13195950000002 281.03721150000007 275.84149600000006 59.056351499999998 211.10522700000004 19.426429174060541 73.869791666666671 108.0147368726637 0.98750000000000082
decision_type=2 2 2 2 2 2 2 2 2 2 2 2 2 2
left_child=1 3 9 8 6 -6 7 -4 -1 -3 12 -12 -9 -14
right_child=-2 2 4 -5 5 -7 -8 10 -10 -11 11 -13 13 -15
leaf_value=-0.12527341809003587 -0.40968528094275958 -0.043991897555898475 0.87476221714168789 -0.017446606709897446 0.015400232777371396 -0.72372723704883979 0.78049306024331599 0.13653140452900472 -0.60684825140123189 0.49675420199916376 0.069556683396038252 0.69766639377525519 0.010617069806903601 -0.47228720652429684
leaf_weight=309 231 82 47 6586 1837 62 63 602 129 291 94 93 185 94
leaf_count=309 231 82 47 6586 1837 62 63 602 129 291 94 93 185 94
internal_value=-1.54203e-06 0.00907212 0.0949511 -0.0331168 0.0605183 -0.00909957 0.172659 0.137646 -0.268166 0.378077 0.10442 0.383982 0.0447119 -0.153188
internal_weight=10705 10474 3450 7024 3077 1899 1178 1115 438 373 1068 187 881 279
internal_count=10705 10474 3450 7024 3077 1899 1178 1115 438 373 1068 187 881 279
is_linear=0
shrinkage=0.05


Tree=42
num_leaves=15
num_cat=0
split_feature=69 84 84 84 73 46 62 51 43 9 67 58 29 56
split_gain=14632.2 11367.3 13993.5 9747.89 13262.5 10570.4 10597.9 10114 9442.01 7991.1 6819.13 8524.49 7306.45 6787.88
threshold=-0.28348833333333345 272.31098550000007 42.523274000000008 81.513918500000003 15.125000000000002 52.114583333333336 49.754948500000012 3.5000000000000004 47.625000000000007 272.25950450000005 -3.7711683541666656 -5.9249009999999975 21.612500000000004 -42.873081999999975
decision_type=2 2 2 2 2 2 2 2 2 2 2 2 2 2
left_child=3 2 -2 -1 5 -5 -7 10 -4 -10 11 12 -8 -6
right_child=1 -3 8 4 13 6 7 -9 9 -11 -12 -13 -14 -15
leaf_value=0.013536865518711985 0.00059273915014799658 -0.28784334341732737 0.52111880465592508 0.53618570043556935 -0.68913670829218676 -0.21749160873418094 -0.0096212533879138171 -0.21377004690494919 0.14981979231355089 -0.40914116446493254 0.27847325655255345 0.11126800542556628 -0.79768431080239166 -0.25613744741454542
leaf_weight=2224 3241 233 168 68 116 935 62 349 2109 65 338 330 55 412
leaf_count=2224 3241 233 168 68 116 935 62 349 2109 65 338 330 55 412
internal_value=1.72245e-06 0.0535932 0.0678917 -0.0637492 -0.128227 -0.0727031 -0.0929642 0.0098116 0.160984 0.132927 0.109358 -0.0188544 -0.383699 -0.352389
internal_weight=10705 5816 5583 4889 2665 2137 2069 1134 2342 2174 785 447 117 528
internal_count=10705 5816 5583 4889 2665 2137 2069 1134 2342 2174 785 447 117 528
is_linear=0
shrinkage=0.05


Tree=43
num_leaves=15
num_cat=0
split_feature=84 69 84 30 84 84 24 61 69 70 53 26 8 73
split_gain=13657.5 12984.6 10666.2 8421.24 10322.5 8155.13 9272.41 12112.1 11046.4 9202.85 8107.54 6813.51 10614.5 6669.19
threshold=282.33339050000006 0.71973328124999869 42.523274000000008 19.762500000000003 80.564241500000009 247.80940000000001 299.84416550000009 0.62102350000000694 11.840655182291668 6.320390302425472 -0.77259657388510605 30.162500000000005 283.61178550000005 14.875000000000002
decision_type=2 2 2 2 2 2 2 2 2 2 2 2 2 2
left_child=1 3 -3 4 -1 6 8 -8 9 -4 -10 12 -5 -6
right_child=-2 2 5 11 13 -7 7 -9 10 -11 -12 -13 -14 -15
leaf_value=0.018423691339603466 -0.37945478401821237 -0.0015809549481913755 0.52682288304078495 -0.0028237984871312366 -0.16810445469375346 -0.0073881872014137581 0.29945333808449642 -0.44311793140674899 0.79329949621367091 0.080864474027865826 0.32999244739654399 0.56549257933914376 -0.81097994401324103 -0.48150864288814976
leaf_weight=639 231 2198 138 4507 731 558 105 113 130 693 350 51 40 221
leaf_count=639 231 2198 138 4507 731 558 105 113 130 693 350 51 40 221
internal_value=-4.29407e-06 0.00839976 0.0752958 -0.0379209 -0.137033 0.156223 0.215898 -0.0857232 0.266081 0.155467 0.45686 -0.00360388 -0.0101099 -0.241288
internal_weight=10705 10474 4285 6189 1591 2087 1529 218 1311 831 480 4598 4547 952
internal_count=10705 10474 4285 6189 1591 2087 1529 218 1311 831 480 4598 4547 952
is_linear=0
shrinkage=0.05


Tree=44
num_leaves=15
num_cat=0
split_feature=84 24 37 84 69 25 61 8 36 9 80 84 16 70
split_gain=12558 12545.2 10345.7 10282 15307.7 9289.57 8051.35 7603.07 7592.62 7055.72 6017.47 10866.6 9348.37 6263.61
threshold=303.76010700000006 274.65417650000006 51.125000000000007 89.019689500000013 -14.462286713541664 103.21753417306967 74.012692500000014 299.02505250000007 18.666666666666668 269.85915400000005 -0.44228869021900119 103.47234450000001 283.37567350000006 20.117847106825341
decision_type=2 2 2 2 2 2 2 2 2 2 2 2 2 2
left_child=1 3 9 -1 6 8 -5 10 -6 -3 11 -4 13 -13
right_child=-2 2 7 4 5 -7 -8 -9 -10 -11 -12 12 -14 -15
leaf_value=0.014735443756695965 -0.85275277287461049 0.2117224991829558 0.67321822194625502 -0.41932584049859956 -0.60134729987382896 -0.2390526766747402 0.028408908093069479 -0.59427069031529955 0.023645985617686504 0.7323139852356344 0.0072291652468892817 0.017006950706890425 0.74038789535682148 0.3689821755026011
leaf_weight=4278 42 296 91 491 49 493 126 44 1727 83 1949 834 54 148
leaf_count=4278 42 296 91 491 49 493 126 44 1727 83 1949 834 54 148
internal_value=-2.58779e-06 0.00343592 0.0810249 -0.0344657 -0.107378 -0.0472683 -0.327994 0.0510065 0.00607366 0.327358 0.0604269 0.152337 0.105979 0.0703755
internal_weight=10705 10663 3499 7164 2886 2269 617 3120 1776 379 3076 1127 1036 982
internal_count=10705 10663 3499 7164 2886 2269 617 3120 1776 379 3076 1127 1036 982
is_linear=0
shrinkage=0.05


Tree=45
num_leaves=15
num_cat=0
split_feature=84 69 84 43 30 84 84 70 17 26 8 73 9 9
split_gain=11629.5 10956.4 9231.66 7452.75 7263.9 8811.43 6336.82 6475.43 5979.35 5889.33 9376.96 5730.38 5611.76 5374.85
threshold=282.33339050000006 0.71973328124999869 42.523274000000008 47.625000000000007 19.762500000000003 80.564241500000009 71.13744800000002 6.4645694519317063 20.676265537135873 30.162500000000005 283.61178550000005 14.875000000000002 261.60709800000006 249.86881300000002
decision_type=2 2 2 2 2 2 2 2 2 2 2 2 2 2
left_child=1 4 -3 8 5 -1 -5 -8 -4 10 -6 12 -7 -9
right_child=-2 2 3 6 9 11 7 13 -10 -11 -12 -13 -14 -15
leaf_value=0.016782399610674476 -0.35014757630254689 -0.0023173356182967907 -0.036090445429410624 0.6660785344593666 -0.0021254634078421725 -0.21820647751297217 0.36113449368880679 0.11405595319542261 0.63318990763873451 0.52616983743814327 -0.76170958971104974 -0.44583975316218294 0.14879226511314747 -0.10684947071011236
leaf_weight=639 231 2198 45 50 4507 606 211 1306 127 51 40 221 125 348
leaf_count=639 231 2198 45 50 4507 606 211 1306 127 51 40 221 125 348
internal_value=-1.94042e-06 0.00775308 0.0692029 0.144492 -0.0347965 -0.126846 0.116029 0.100933 0.458891 -0.00292473 -0.00897354 -0.223169 -0.155333 0.0675412
internal_weight=10705 10474 4285 2087 6189 1591 1915 1865 172 4598 4547 952 731 1654
internal_count=10705 10474 4285 2087 6189 1591 1915 1865 172 4598 4547 952 731 1654
is_linear=0
shrinkage=0.05


Tree=46
num_leaves=15
num_cat=0
split_feature=84 24 84 69 37 25 61 71 8 5 69 53 32 36
split_gain=10887.4 10678.9 8777.05 13189.6 8673.72 8513.02 7099.5 7004.57 6684.67 6215.85 5702.92 9134.47 5303.38 6315.58
threshold=303.76010700000006 274.65417650000006 89.019689500000013 -14.462286713541664 51.375000000000007 103.21753417306967 74.012692500000014 -2.2375000000000003 299.02505250000007 220.10703350000003 -10.466263937499997 0.13052619222005152 20.212500000000002 20.709635416666671
decision_type=2 2 2 2 2 2 2 2 2 2 2 2 2 2
left_child=1 2 -1 6 9 7 -4 -5 10 -3 11 -6 -9 -14
right_child=-2 4 3 5 8 -7 -8 12 -10 -11 -12 -13 13 -15
leaf_value=0.01369140440427874 -0.79400647282600412 -0.012895657034603478 -0.38968073622119137 -0.1413524021974282 0.90186364673078057 -0.22692948167329197 0.030726544817132273 -0.072150049749131945 -0.55794287013510868 0.42818391964366831 0.043827910859038671 -0.084169480701287602 -0.15105540760320754 0.21191871359223052
leaf_weight=4278 42 113 491 545 49 493 126 413 44 271 2978 44 145 673
leaf_count=4278 42 113 491 545 49 493 126 413 44 271 2978 44 145 673
internal_value=6.92288e-07 0.00320233 -0.0317666 -0.0991317 0.0747878 -0.0433359 -0.303917 0.00772684 0.0470993 0.298691 0.0559469 0.439421 0.0737898 0.147471
internal_weight=10705 10663 7164 2886 3499 2269 617 1776 3115 384 3071 93 1231 818
internal_count=10705 10663 7164 2886 3499 2269 617 1776 3115 384 3071 93 1231 818
is_linear=0
shrinkage=0.05


Tree=47
num_leaves=15
num_cat=0
split_feature=84 24 43 84 70 62 69 53 8 17 61 24 35 22
split_gain=9995.52 9452.24 8156.53 7423.92 11713.7 7045.62 6718.99 10655.5 6860.43 5615.23 5402.97 5348.32 6603.99 8720.79
threshold=295.90254450000003 274.65417650000006 47.625000000000007 89.019689500000013 14.54420179578752 226.92036650000003 -10.861934890624998 -0.065403129230142923 299.02505250000007 22.805753550266903 75.208746000000005 271.70245200000005 21.171354166666671 63.545252458333344
decision_type=2 2 2 2 2 2 2 2 2 2 2 2 2 2
left_child=1 3 9 -1 5 11 7 -4 -8 -3 -6 12 -5 -14
right_child=-2 2 6 4 10 -7 8 -9 -10 -11 -12 -13 13 -15
leaf_value=0.013006994207223153 -0.54005127702565758 0.033608591416850686 1.0344118226658214 -0.11806510342090733 -0.31785526989151158 0.21861544337707992 0.048410439878264502 -0.047313321443895502 -0.56022333750065334 0.55038700392211071 0.00058785162028476335 -0.20906330966138142 0.51885888636604238 0.022162547580702109
leaf_weight=4278 84 83 43 694 642 254 3126 47 46 143 168 460 105 532
leaf_count=4278 84 83 43 694 642 254 3126 47 46 143 168 460 105 532
internal_value=-3.07837e-06 0.00431853 0.0717601 -0.0286655 -0.0910912 -0.0273093 0.0515759 0.475199 0.0394103 0.361581 -0.251889 -0.0622889 -0.0114441 0.104721
internal_weight=10705 10621 3488 7133 2855 2045 3262 90 3172 226 810 1791 1331 637
internal_count=10705 10621 3488 7133 2855 2045 3262 90 3172 226 810 1791 1331 637
is_linear=0
shrinkage=0.05


end of trees

feature_importances:
consumo_alvo_semana_anterior=170
temperatura_externa_c_diferenca_semana_atual=102
correcao_semanal_media_1440m=48
consumo_diferenca_semana_atual=45
consumo_max_1440m=33
consumo_std_1440m=16
umidade_relativa_pct_lag_1440m=16
umidade_relativa_pct_atual=13
umidade_relativa_pct_diferenca_semana_atual=13
consumo_mean_1440m=12
consumo_lag_10080m=10
temperatura_externa_c_media_1440m=10
temperatura_externa_c_atual=9
umidade_relativa_pct_media_1440m=9
correcao_semanal_std_1440m=9
consumo_lag_1440m=8
umidade_relativa_pct_media_360m=8
tendencia_consumo_180m=8
tendencia_consumo_360m=8
correcao_semanal_media_360m=8
consumo_max_180m=7
temperatura_externa_c_lag_1440m=7
correcao_semanal_std_180m=7
consumo_max_60m=6
consumo_min_360m=6
umidade_relativa_pct_media_180m=6
consumo_razao_semana_atual=6
consumo_alvo_dia_anterior=6
temperatura_externa_c_lag_360m=5
origem_hora_cos=5
correcao_semanal_std_360m=5
temperatura_externa_c_lag_720m=4
umidade_relativa_pct_media_60m=4
origem_dia_semana=4
consumo_diferenca_dia_atual=4
alvo_hora_cos=4
consumo_lag_360m=3
consumo_std_180m=3
consumo_lag_180m=2
consumo_max_360m=2
temperatura_externa_c_media_360m=2
umidade_relativa_pct_lag_15m=2
correcao_semanal_media_180m=2
consumo_atual_kw=1
consumo_lag_120m=1
consumo_mean_360m=1
consumo_std_360m=1
temperatura_externa_c_lag_15m=1
temperatura_externa_c_lag_180m=1
temperatura_externa_c_media_60m=1
umidade_relativa_pct_lag_60m=1
origem_mes=1
origem_hora_sin=1
origem_semana_sin=1
tendencia_consumo_60m=1
temperatura_externa_c_tendencia_1h=1
umidade_relativa_pct_tendencia_1h=1
alvo_hora_sin=1

parameters:
[boosting: gbdt]
[objective: regression]
[metric: l1]
[tree_learner: serial]
[device_type: cpu]
[data_sample_strategy: bagging]
[data: ]
[valid: ]
[num_iterations: 400]
[learning_rate: 0.05]
[num_leaves: 15]
[num_threads: 2]
[seed: 20260905]
[deterministic: 1]
[force_col_wise: 1]
[force_row_wise: 0]
[histogram_pool_size: -1]
[max_depth: -1]
[min_data_in_leaf: 40]
[min_sum_hessian_in_leaf: 0.001]
[bagging_fraction: 1]
[pos_bagging_fraction: 1]
[neg_bagging_fraction: 1]
[bagging_freq: 0]
[bagging_seed: 23218]
[bagging_by_query: 0]
[feature_fraction: 1]
[feature_fraction_bynode: 1]
[feature_fraction_seed: 28090]
[extra_trees: 0]
[extra_seed: 14360]
[early_stopping_round: 0]
[early_stopping_min_delta: 0]
[first_metric_only: 0]
[max_delta_step: 0]
[lambda_l1: 0]
[lambda_l2: 1]
[linear_lambda: 0]
[min_gain_to_split: 0]
[drop_rate: 0.1]
[max_drop: 50]
[skip_drop: 0.5]
[xgboost_dart_mode: 0]
[uniform_drop: 0]
[drop_seed: 16970]
[top_rate: 0.2]
[other_rate: 0.1]
[min_data_per_group: 100]
[max_cat_threshold: 32]
[cat_l2: 10]
[cat_smooth: 10]
[max_cat_to_onehot: 4]
[top_k: 20]
[monotone_constraints: ]
[monotone_constraints_method: basic]
[monotone_penalty: 0]
[feature_contri: ]
[forcedsplits_filename: ]
[refit_decay_rate: 0.9]
[cegb_tradeoff: 1]
[cegb_penalty_split: 0]
[cegb_penalty_feature_lazy: ]
[cegb_penalty_feature_coupled: ]
[path_smooth: 0]
[interaction_constraints: ]
[verbosity: -1]
[saved_feature_importance_type: 0]
[use_quantized_grad: 0]
[num_grad_quant_bins: 4]
[quant_train_renew_leaf: 0]
[stochastic_rounding: 1]
[linear_tree: 0]
[max_bin: 255]
[max_bin_by_feature: ]
[min_data_in_bin: 3]
[bin_construct_sample_cnt: 200000]
[data_random_seed: 5037]
[is_enable_sparse: 1]
[enable_bundle: 1]
[use_missing: 1]
[zero_as_missing: 0]
[feature_pre_filter: 1]
[pre_partition: 0]
[two_round: 0]
[header: 0]
[label_column: ]
[weight_column: ]
[group_column: ]
[ignore_column: ]
[categorical_feature: ]
[forcedbins_filename: ]
[precise_float_parser: 0]
[parser_config_file: ]
[objective_seed: 15411]
[num_class: 1]
[is_unbalance: 0]
[scale_pos_weight: 1]
[sigmoid: 1]
[boost_from_average: 1]
[reg_sqrt: 0]
[alpha: 0.9]
[fair_c: 1]
[poisson_max_delta_step: 0.7]
[tweedie_variance_power: 1.5]
[lambdarank_truncation_level: 30]
[lambdarank_norm: 1]
[label_gain: ]
[lambdarank_position_bias_regularization: 0]
[eval_at: ]
[multi_error_top_k: 1]
[auc_mu_weights: ]
[num_machines: 1]
[local_listen_port: 12400]
[time_out: 120]
[machine_list_filename: ]
[machines: ]
[gpu_platform_id: -1]
[gpu_device_id: -1]
[gpu_device_id_list: ]
[gpu_use_dp: 0]
[num_gpu: 1]

end of parameters

pandas_categorical:[]
