tree
version=v4
num_class=1
num_tree_per_iteration=1
label_index=0
max_feature_idx=84
objective=regression
feature_names=consumo_atual_kw consumo_lag_15m consumo_lag_30m consumo_lag_60m consumo_lag_120m consumo_lag_180m consumo_lag_360m consumo_lag_720m consumo_lag_1440m consumo_lag_10080m consumo_mean_60m consumo_min_60m consumo_max_60m consumo_std_60m consumo_mean_180m consumo_min_180m consumo_max_180m consumo_std_180m consumo_mean_360m consumo_min_360m consumo_max_360m consumo_std_360m consumo_mean_1440m consumo_min_1440m consumo_max_1440m consumo_std_1440m temperatura_externa_c_atual temperatura_externa_c_lag_15m temperatura_externa_c_lag_60m temperatura_externa_c_lag_180m temperatura_externa_c_lag_360m temperatura_externa_c_lag_720m temperatura_externa_c_lag_1440m temperatura_externa_c_media_60m temperatura_externa_c_media_180m temperatura_externa_c_media_360m temperatura_externa_c_media_1440m umidade_relativa_pct_atual umidade_relativa_pct_lag_15m umidade_relativa_pct_lag_60m umidade_relativa_pct_lag_180m umidade_relativa_pct_lag_360m umidade_relativa_pct_lag_720m umidade_relativa_pct_lag_1440m umidade_relativa_pct_media_60m umidade_relativa_pct_media_180m umidade_relativa_pct_media_360m umidade_relativa_pct_media_1440m origem_hora origem_dia_semana origem_fim_de_semana origem_mes origem_hora_sin origem_hora_cos origem_semana_sin origem_semana_cos consumo_diferenca_semana_atual consumo_razao_semana_atual consumo_diferenca_dia_atual tendencia_consumo_15m tendencia_consumo_60m tendencia_consumo_180m tendencia_consumo_360m correcao_semanal_media_60m correcao_semanal_std_60m correcao_semanal_media_180m correcao_semanal_std_180m correcao_semanal_media_360m correcao_semanal_std_360m correcao_semanal_media_1440m correcao_semanal_std_1440m temperatura_externa_c_diferenca_semana_atual temperatura_externa_c_tendencia_1h umidade_relativa_pct_diferenca_semana_atual umidade_relativa_pct_tendencia_1h alvo_hora alvo_dia_semana alvo_fim_de_semana alvo_mes alvo_hora_sin alvo_hora_cos alvo_semana_sin alvo_semana_cos consumo_alvo_dia_anterior consumo_alvo_semana_anterior
feature_infos=[22.399999999999999:324.71375799999998] [22.399999999999999:324.71375799999998] [22.399999999999999:324.71375799999998] [22.399999999999999:324.71375799999998] [22.399999999999999:324.71375799999998] [22.399999999999999:324.71375799999998] [22.399999999999999:324.71375799999998] [22.399999999999999:324.71375799999998] [22.399999999999999:324.71375799999998] [22.399999999999999:324.71375799999998] [22.399999999999999:321.24876725000001] [22.399999999999999:318.278571] [22.399999999999999:324.71375799999998] [0:82.540869055199337] [22.399999999999999:313.28577408333337] [22.399999999999999:302.53573799999998] [22.399999999999999:324.71375799999998] [0:92.970139865692389] [22.399999999999999:295.13563500000004] [22.399999999999999:249.29458700000001] [22.399999999999999:324.71375799999998] [0:116.53386463160022] [23.200000000000003:159.49963871874999] none [25.600000000000001:324.71375799999998] [1.3929144002343703:128.71471884334804] [15:33.700000000000003] [15:33.700000000000003] [15:33.700000000000003] [15:33.700000000000003] [15:33.700000000000003] [15:33.700000000000003] [15:33.700000000000003] [15:33.4375] [15:32.71875] [15.333333333333334:31.620833333333334] [16.439843749999998:27.283072916666669] [31:98] [31:98] [31:98] [31:98] [31:98] [31:98] [31:98] [32.5:95.625] [33.666666666666664:95.083333333333329] [37.041666666666664:94] [59.309895833333336:91.638020833333329] [0:23.75] [0:6] [0:1] [1:4] [-1:1] [-1:1] [-0.97492791218182362:0.97492791218182362] [-0.90096886790241903:1] [-72.635950000000008:77.445233000000002] [0.43630911779503978:2.09406877563422] [-291.363968:296.779246] [-121.30707899999999:153.05878799999999] [-124.27709300000001:153.05878799999999] [-180.63157299999997:268.16051600000003] [-299.363968:299.97924600000005] [-70.384351250000009:75.467424499999993] [0:44.359338508129341] [-67.777903583333341:70.921986416666655] [0:38.631403568061003] [-64.848194500000005:62.415354583333333] [0:37.083675449251288] [-34.945017510416669:27.905951093750001] [0:30.68446053870321] [-12:11.5] [-8:4.8000000000000007] [-49:48] [-30:40] [0:23.75] [0:6] [0:1] [1:4] [-1:1] [-1:1] [-0.97492791218182362:0.97492791218182362] [-0.90096886790241903:1] [22.399999999999999:324.71375799999998] [22.399999999999999:324.71375799999998]
tree_sizes=1424 1435 1426 1430 1433 1426 1428 1438 1439 1431 1428 1427 1432 1440 1439 1435 1447 1431 1441 1443 1448 1448 1440 1456 1451 1443 1445 1446 1424 1424 1447 1439 1441 1436 1444 1446 1459 1453 1450 1452 1439 1440 1447 1433 1433 1443 1419 1449 1428

Tree=0
num_leaves=15
num_cat=0
split_feature=71 84 71 84 71 84 24 69 69 24 73 67 58 84
split_gain=626552 453900 416637 245356 269244 69921.5 55047.5 52252.6 36162.2 31145 24991.3 23836.5 24346.8 23643.5
threshold=-1.0000000180025095e-35 102.96676900000001 -2.8499999999999992 42.523274000000008 2.1000000000000001 287.58038500000004 257.54432450000007 -0.18351217708333298 11.840655182291668 281.72766850000005 -6.8749999999999991 2.4909338541666668 -17.340518500000012 272.69961450000005
decision_type=2 2 2 2 2 2 2 2 2 2 2 2 2 2
left_child=1 -1 6 -2 7 11 -3 9 -6 -5 -9 12 -4 -12
right_child=3 2 5 4 8 -7 -8 10 -10 -11 13 -13 -14 -15
leaf_value=-1.0056029703158205 -0.99259132642935932 -3.123995231580591 -2.221868259544995 -1.2552800838799389 0.0091645976292802356 -2.9139185783531882 -2.318924382503269 0.061168767879334451 0.60642228528336095 -0.5095253044096858 -0.52695382990964312 -0.51804163672325776 -1.352982706328052 -1.714180043922177
leaf_weight=2973 2674 516 85 502 505 75 373 178 528 193 646 79 1334 44
leaf_count=2973 2674 516 85 502 505 75 373 178 528 193 646 79 1334 44
internal_value=-1.04481 -1.42145 -1.92342 -0.656387 -0.310234 -1.43398 -2.78802 -0.724554 0.315744 -1.04771 -0.466097 -1.35868 -1.40582 -0.60352
internal_weight=10705 5435 2462 5270 2596 1573 889 1563 1033 695 868 1498 1419 690
internal_count=10705 5435 2462 5270 2596 1573 889 1563 1033 695 868 1498 1419 690
is_linear=0
shrinkage=1


Tree=1
num_leaves=15
num_cat=0
split_feature=71 84 71 84 71 84 69 69 69 24 71 73 51 67
split_gain=565610 409763 376073 221486 243037 63206.6 52454.6 47163.4 32642.4 28121 22764.5 22613.9 26371.2 21593.3
threshold=-1.0000000180025095e-35 102.96676900000001 -2.8499999999999992 42.523274000000008 2.1000000000000001 287.58038500000004 -26.30091713020833 -0.18351217708333298 11.840655182291668 281.72766850000005 4.8500000000000005 1.0000000180025095e-35 3.5000000000000004 2.8346152500000001
decision_type=2 2 2 2 2 2 2 2 2 2 2 2 2 2
left_child=1 -1 6 -2 7 13 -3 9 10 -5 -6 -9 -13 -4
right_child=3 2 5 4 8 -7 -8 11 -10 -11 -12 12 -14 -15
leaf_value=0.037249634821010506 0.049611012964605176 -2.3545939171713508 -0.34156813242260509 -0.19996521046151877 0.82047244649006501 -1.7768805246604118 -1.4397949180120597 0.71241768760407731 1.5688290345681468 0.50866072683489516 1.6377691213075107 -0.16430568373964535 0.98209078493325608 0.52958425734440484
leaf_weight=2973 2674 208 1424 502 395 75 681 617 528 193 110 183 68 74
leaf_count=2973 2674 208 1424 502 395 75 681 617 528 193 110 183 68 74
internal_value=-9.82892e-06 -0.35786 -0.834799 0.369043 0.697926 -0.369796 -1.65624 0.304286 1.29266 -0.00273322 1.00138 0.549834 0.148937 -0.298209
internal_weight=10705 5435 2462 5270 2596 1573 889 1563 1033 695 505 868 251 1498
internal_count=10705 5435 2462 5270 2596 1573 889 1563 1033 695 505 868 251 1498
is_linear=0
shrinkage=0.05


Tree=2
num_leaves=15
num_cat=0
split_feature=71 84 71 84 71 84 69 69 69 24 73 43 72 84
split_gain=510619 369909 339496 199964 219404 57139.5 47390.9 42575.6 29449 25390.6 21867 23184.9 20737.1 20702.1
threshold=-1.0000000180025095e-35 102.96676900000001 -2.8499999999999992 42.523274000000008 2.1000000000000001 287.58038500000004 -26.30091713020833 -0.18351217708333298 11.840655182291668 281.72766850000005 -6.8749999999999991 52.375000000000007 0.98750000000000082 272.69961450000005
decision_type=2 2 2 2 2 2 2 2 2 2 2 2 2 2
left_child=1 -1 6 -2 7 -4 -3 9 -6 -5 11 -9 -10 -12
right_child=3 2 5 4 8 -7 -8 10 12 -11 13 -13 -14 -15
leaf_value=0.035387779075825222 0.047131388673158449 -2.2374275951294238 -0.28329258420483816 -0.18998681603603171 0.95155611375692806 -1.6892054490352935 -1.3679107469543432 2.0475987022831328 1.2823939558406672 0.48335879557794831 0.46559217988637203 0.69411406374495965 1.9844886899763539 -0.64517057001590727
leaf_weight=2973 2674 208 1498 502 505 75 681 41 374 193 646 137 154 44
leaf_count=2973 2674 208 1498 502 505 75 681 41 374 193 646 137 154 44
internal_value=-6.67963e-06 -0.340016 -0.793168 0.350647 0.663143 -0.351357 -1.57364 0.289131 1.22822 -0.00257437 0.522431 1.01557 1.49054 0.39393
internal_weight=10705 5435 2462 5270 2596 1573 889 1563 1033 695 868 178 528 690
internal_count=10705 5435 2462 5270 2596 1573 889 1563 1033 695 868 178 528 690
is_linear=0
shrinkage=0.05


Tree=3
num_leaves=15
num_cat=0
split_feature=71 84 71 84 71 69 24 84 84 24 69 58 71 44
split_gain=463005 391113 225997 140226 258497 45385.7 45219.6 41173.3 32563.3 28771.8 26600.3 22425.4 20630.8 19861.1
threshold=-0.93749999999999989 102.96676900000001 -2.8499999999999992 42.523274000000008 2.1000000000000001 -0.18351217708333298 257.54432450000007 287.58038500000004 272.35636400000004 281.72766850000005 11.840655182291668 -3.3747789999999962 4.8500000000000005 53.031250000000007
decision_type=2 2 2 2 2 2 2 2 2 2 2 2 2 2
left_child=1 -1 6 -2 5 9 11 13 -7 -5 12 -3 -6 -4
right_child=3 2 7 4 10 8 -8 -9 -10 -11 -12 -13 -14 -15
leaf_value=0.032025194288082537 0.045012372904435861 -2.599514024685591 0.62822643615761586 -0.19858712656869296 0.73209476491267034 0.49897259403771826 -1.0705667690518388 -1.6445544615839467 -0.56347704503721807 0.45265169793950188 1.4163178504682332 -1.6534927474910566 1.5094691441402779 -0.40342035858524899
leaf_weight=2551 3061 77 48 751 395 984 373 65 77 218 528 439 110 1028
leaf_count=2551 3061 77 48 751 395 984 373 65 77 218 528 439 110 1028
internal_value=1.02767e-06 -0.380148 -0.897867 0.284384 0.523506 0.195633 -1.49516 -0.431591 0.421409 -0.0517596 1.16701 -1.79942 0.904072 -0.356858
internal_weight=10705 4581 2030 6124 3063 2030 889 1141 1061 969 1033 516 505 1076
internal_count=10705 4581 2030 6124 3063 2030 889 1141 1061 969 1033 516 505 1076
is_linear=0
shrinkage=0.05


Tree=4
num_leaves=15
num_cat=0
split_feature=71 84 71 84 71 24 84 8 69 70 69 46 24 24
split_gain=418270 291631 302105 193668 138368 53746.4 39750.8 36579.3 29171.9 24193.1 23311.8 21350.9 20850.6 19435
threshold=1.0000000180025095e-35 107.76923050000001 -2.1374999999999988 42.523274000000008 2.212499999999999 257.54432450000007 287.58038500000004 200.46031700000003 -0.12570920833333388 13.035708839423913 11.840655182291668 82.848958333333357 267.02599300000003 284.15934500000009
decision_type=2 2 2 2 2 2 2 2 2 2 2 2 2 2
left_child=1 -1 5 -2 8 9 11 12 13 -3 -6 -4 -7 -5
right_child=3 2 6 4 10 7 -8 -9 -10 -11 -12 -13 -14 -15
leaf_value=0.035878545388506947 0.042524570403186107 -1.1856360223204057 0.014387447501027609 -0.043497686073003028 0.86548877028010718 -1.0900892643907736 -1.5220325640563308 -1.3373312588382473 0.54283529766900129 -1.8985241683580545 1.3493452373005095 -0.35767268748725506 -0.10404530816401046 0.91667965200998014
leaf_weight=3291 2464 186 707 493 492 85 57 270 717 371 524 847 143 58
leaf_count=3291 2464 186 707 493 492 85 57 270 717 371 524 847 143 58
internal_value=-1.21873e-05 -0.279019 -0.667608 0.350025 0.681595 -1.32492 -0.236599 -0.944182 0.332823 -1.66302 1.11612 -0.188502 -0.474804 0.0590512
internal_weight=10705 5957 2666 4748 2284 1055 1611 498 1268 557 1016 1554 228 551
internal_count=10705 5957 2666 4748 2284 1055 1611 498 1268 557 1016 1554 228 551
is_linear=0
shrinkage=0.05


Tree=5
num_leaves=15
num_cat=0
split_feature=71 84 71 84 71 84 69 69 84 24 69 72 71 58
split_gain=380421 321850 181459 114189 210998 38110.4 37610.4 36660.6 33816 23975.2 21744.6 19391.8 19220.4 18998.6
threshold=-0.9875000000000006 102.96676900000001 -2.8499999999999992 42.523274000000008 2.0124999999999997 272.35636400000004 -26.462434338541666 -0.18351217708333298 287.58038500000004 281.72766850000005 11.840655182291668 0.98750000000000082 3.9875000000000012 -16.395701000000013
decision_type=2 2 2 2 2 2 2 2 2 2 2 2 2 2
left_child=1 -1 6 -2 5 7 -3 9 13 -5 12 -12 -6 -4
right_child=3 2 8 4 10 -7 -8 -9 -10 -11 11 -13 -14 -15
leaf_value=0.028060197851898068 0.040710049642560385 -1.9931041505025782 -1.0401736461145934 -0.13684564543389202 0.58483920606885509 -0.48030654786713423 -1.182855215313801 0.45376510269518544 -1.4947075299692878 0.4978629697676904 1.0754641936953975 1.7490400992907009 1.2308596509115564 -0.2641246150881662
leaf_weight=2540 3071 183 85 660 331 199 706 987 65 191 377 155 179 976
leaf_count=2540 3071 183 85 660 331 199 706 987 65 191 377 155 179 976
internal_value=-2.9193e-05 -0.346327 -0.818038 0.256471 0.471588 0.175365 -1.3517 0.246577 -0.395879 0.00602666 1.04995 1.27463 0.813545 -0.327217
internal_weight=10705 4555 2015 6150 3079 2037 889 1838 1126 851 1042 532 510 1061
internal_count=10705 4555 2015 6150 3079 2037 889 1838 1126 851 1042 532 510 1061
is_linear=0
shrinkage=0.05


Tree=6
num_leaves=15
num_cat=0
split_feature=71 84 71 84 71 24 69 84 84 24 65 58 69 24
split_gain=343457 290577 163786 103096 190599 35497.6 34522.7 30578 27007.8 23454.7 20298.4 19478.9 18527.9 18480.7
threshold=-0.9875000000000006 102.96676900000001 -2.8499999999999992 42.523274000000008 2.1000000000000001 257.54432450000007 -0.18351217708333298 287.58038500000004 266.04154000000005 284.15934500000009 22.823637208333341 -3.3747789999999962 11.532673921875002 256.11896050000007
decision_type=2 2 2 2 2 2 2 2 2 2 2 2 2 2
left_child=1 -1 5 -2 6 11 9 -4 -8 -5 12 -3 13 -6
right_child=3 2 7 4 10 -7 8 -9 -10 -11 -12 -13 -14 -15
leaf_value=0.026657739837002634 0.038675208047303997 -2.2967770772102551 -0.31091776802002852 -0.13048528661339048 1.3050709216367631 -0.90836347257867855 0.46637005983660318 -1.4211045395244253 -0.25587955509984733 0.66372780799507525 1.4234747764283577 -1.4185035090673377 1.1246742900544568 0.46966292257392156
leaf_weight=2540 3071 77 1061 875 83 373 918 65 150 103 225 439 400 325
leaf_count=2540 3071 77 1061 875 83 373 918 65 150 103 225 439 400 325
internal_value=-3.20843e-05 -0.329076 -0.777285 0.243688 0.448089 -1.28429 0.168382 -0.376209 0.364786 -0.0462486 1.00139 -1.55375 0.882238 0.642386
internal_weight=10705 4555 2015 6150 3079 889 2046 1126 1068 978 1033 516 808 408
internal_count=10705 4555 2015 6150 3079 889 2046 1126 1068 978 1033 516 808 408
is_linear=0
shrinkage=0.05


Tree=7
num_leaves=15
num_cat=0
split_feature=71 84 71 84 71 24 52 84 69 46 70 65 69 73
split_gain=312635 219035 222507 145092 99353.7 41403.2 31926.2 31475.6 21523.9 19961.6 19091.4 18307.7 17355.2 16388.8
threshold=1.0000000180025095e-35 107.76923050000001 -2.1374999999999988 42.523274000000008 2.212499999999999 257.54432450000007 0.63405362205439497 282.33339050000006 -0.12570920833333388 82.848958333333357 13.035708839423913 23.872059416666676 11.840655182291668 6.1250000000000009
decision_type=2 2 2 2 2 2 2 2 2 2 2 2 2 2
left_child=1 -1 5 -2 8 10 -7 9 -5 13 -3 12 -6 -4
right_child=3 2 7 4 11 6 -8 -9 -10 -11 -12 -13 -14 -15
leaf_value=0.031651492795951093 0.036431550379940753 -1.0152995112190213 0.19224479934503141 0.058847552752358492 0.61584792230461771 -1.1008154727634616 -0.25974286037044869 -1.0911380497405403 0.47442194615850036 -0.3184615482337449 -1.6478669888229782 1.3899381542503835 1.0800199552233947 -0.35742651473831488
leaf_weight=3291 2464 186 507 551 405 324 174 94 717 826 371 199 412 184
leaf_count=3291 2464 186 507 551 405 324 174 94 717 826 371 199 412 184
internal_value=-3.61945e-05 -0.241252 -0.578019 0.302588 0.589579 -1.14213 -0.808056 -0.20812 0.294026 -0.152722 -1.43883 0.957788 0.850957 0.0455729
internal_weight=10705 5957 2666 4748 2284 1055 498 1611 1268 1517 557 1016 817 691
internal_count=10705 5957 2666 4748 2284 1055 498 1611 1268 1517 557 1016 817 691
is_linear=0
shrinkage=0.05


Tree=8
num_leaves=15
num_cat=0
split_feature=71 84 71 84 71 24 67 84 69 4 58 62 58 17
split_gain=282246 197751 200877 130984 89703.9 37379.2 29930.1 28442.3 19428 19017.3 18597.2 17164.5 16096.4 15906.9
threshold=1.0000000180025095e-35 107.76923050000001 -2.1374999999999988 42.523274000000008 2.212499999999999 257.54432450000007 -6.1704868958333323 282.33339050000006 -0.12570920833333388 265.52258750000004 -3.3747789999999962 194.84212100000005 -10.845522500000007 35.002293819712321
decision_type=2 2 2 2 2 2 2 2 2 2 2 2 2 2
left_child=1 -1 5 -2 8 10 -7 9 -5 12 -3 -6 -4 -14
right_child=3 2 7 4 11 6 -8 -9 -10 -11 -12 -13 13 -15
leaf_value=0.030069398773972168 0.034610711807653342 -2.0641030652182444 -0.75723138752213703 0.05591050444661802 0.80507064801726735 -1.1349227455972266 -0.35714084524425527 -1.0371553960913107 0.45073387800108816 0.60058199551738345 -1.2409950715370084 1.3219437418187538 -0.21642155822051234 0.24343904101695979
leaf_weight=3291 2464 83 113 551 812 262 236 94 717 80 474 204 1098 226
leaf_count=3291 2464 83 113 551 812 262 236 94 717 80 474 204 1098 226
internal_value=-4.33137e-05 -0.229236 -0.549223 0.287498 0.56018 -1.08521 -0.76779 -0.197763 0.279346 -0.145101 -1.36713 0.91005 -0.187003 -0.137801
internal_weight=10705 5957 2666 4748 2284 1055 498 1611 1268 1517 557 1016 1437 1324
internal_count=10705 5957 2666 4748 2284 1055 498 1611 1268 1517 557 1016 1437 1324
is_linear=0
shrinkage=0.05


Tree=9
num_leaves=15
num_cat=0
split_feature=71 84 71 84 71 32 84 70 36 69 44 24 67 47
split_gain=255744 214726 129803 77561.8 138154 32119 29317.6 27083 30279.4 27489.7 22868.4 22813.2 21525.1 21297.4
threshold=-0.93749999999999989 101.02020750000001 -3.0124999999999988 42.523274000000008 2.0124999999999997 28.137500000000003 292.35207400000007 8.1032710679429751 20.954296875000004 4.7862959218749994 53.031250000000007 257.54432450000007 -3.7711683541666656 70.747395833333357
decision_type=2 2 2 2 2 2 2 2 2 2 2 2 2 2
left_child=1 -1 11 -2 5 7 10 8 -5 -9 -4 -3 -12 -7
right_child=3 2 6 4 -6 13 -8 9 -10 -11 12 -13 -14 -15
leaf_value=0.026341666860073828 0.033273694489533261 -1.4257578991661104 0.69382210230385821 -0.24546659788319852 0.8565096704553623 1.5096612018303597 -1.4743278291795339 -0.32383711751020194 0.43380254908903493 0.22336774257730838 -0.67791088556531698 -0.8539300596095597 -0.21911774169194614 0.22846461568796445
leaf_weight=2525 3061 435 53 210 1042 68 56 547 740 394 367 302 843 62
leaf_count=2525 3061 435 53 210 1042 68 56 547 740 394 367 302 843 62
internal_value=-5.63971e-05 -0.282586 -0.661812 0.211299 0.389139 0.147864 -0.364376 0.0953603 0.283548 -0.0947266 -0.314035 -1.19291 -0.358717 0.905037
internal_weight=10705 4581 2056 6124 3063 2021 1319 1891 950 941 1263 737 1210 130
internal_count=10705 4581 2056 6124 3063 2021 1319 1891 950 941 1263 737 1210 130
is_linear=0
shrinkage=0.05


Tree=10
num_leaves=15
num_cat=0
split_feature=71 84 71 84 71 69 84 68 31 4 65 69 24 69
split_gain=231497 163003 164616 107533 72459 32628.7 24653.6 18324 18135.2 16493.9 16126.7 15875.1 15963.5 15097.2
threshold=1.0000000180025095e-35 107.76923050000001 -2.1374999999999988 42.523274000000008 2.212499999999999 -26.462434338541666 287.58038500000004 12.984523312653595 18.012500000000003 265.52258750000004 23.872059416666676 11.840655182291668 257.91047800000007 -0.12570920833333388
decision_type=2 2 2 2 2 2 2 2 2 2 2 2 2 2
left_child=1 -1 5 -2 7 -3 9 13 -7 -4 11 12 -6 -5
right_child=3 2 6 4 10 8 -8 -9 -10 -11 -12 -13 -14 -15
leaf_value=0.027797120430971864 0.031217869493588957 -1.593107635857629 -0.18017436097729636 0.0068619908089224335 1.1121988953579041 -1.5530911625132842 -1.1922836332999427 0.98298640329804687 -0.77831185432622518 0.5528257778213348 1.2268831267654896 0.94064369637149303 0.33607849277319507 0.36525992045205902
leaf_weight=3291 2464 182 1474 531 83 84 57 80 789 80 199 412 322 657
leaf_count=3291 2464 182 1474 531 83 84 57 80 789 80 199 412 322 657
internal_value=-5.92518e-05 -0.207627 -0.498143 0.260351 0.50742 -0.98335 -0.179982 0.255015 -0.854553 -0.142108 0.821869 0.721839 0.497483 0.205207
internal_weight=10705 5957 2666 4748 2284 1055 1611 1268 873 1554 1016 817 405 1188
internal_count=10705 5957 2666 4748 2284 1055 1611 1268 873 1554 1016 817 405 1188
is_linear=0
shrinkage=0.05


Tree=11
num_leaves=15
num_cat=0
split_feature=71 84 71 84 71 32 84 70 36 24 30 30 47 58
split_gain=210143 176649 108978 63179.4 112716 28821.5 25311.2 23904.1 26961.4 24743.3 30365.8 20202.8 18808.8 17641.2
threshold=-0.9875000000000006 99.426228500000008 -3.3625000000000003 42.523274000000008 2.0124999999999997 28.137500000000003 295.90254450000003 8.1032710679429751 20.954296875000004 283.21306650000002 21.787500000000005 20.587500000000002 70.747395833333357 0.83083999999999503
decision_type=2 2 2 2 2 2 2 2 2 2 2 2 2 2
left_child=1 -1 -3 -2 5 7 11 8 -5 -9 -11 -4 -7 -13
right_child=3 2 6 4 -6 12 -8 9 -10 10 -12 13 -14 -15
leaf_value=0.024646854800623487 0.030094608123181391 -1.1194358976596257 -0.51218643638226491 -0.22719190077962015 0.7733168528359009 1.4187026737392814 -1.4276787496530092 -0.29152726503544524 0.40318259659551225 1.4507146916621263 0.059709167328070516 -0.2270748122325871 0.22450608301621219 0.4590296992679706
leaf_weight=2502 3071 678 613 219 1042 68 51 592 743 44 307 601 64 110
leaf_count=2502 3071 678 613 219 1042 68 51 592 743 44 307 601 64 110
internal_value=-5.49561e-05 -0.257435 -0.601054 0.190585 0.350596 0.134085 -0.344817 0.084356 0.25959 -0.0944948 0.237706 -0.30206 0.84574 -0.120431
internal_weight=10705 4555 2053 6150 3079 2037 1375 1905 962 943 351 1324 132 711
internal_count=10705 4555 2053 6150 3079 2037 1375 1905 962 943 351 1324 132 711
is_linear=0
shrinkage=0.05


Tree=12
num_leaves=15
num_cat=0
split_feature=71 84 71 84 71 69 84 84 31 31 70 62 69 37
split_gain=190040 136817 125190 74807.5 76066.1 25259.6 24177.8 22717.1 20068.4 39613 26724.1 15455.7 15590.5 15309.5
threshold=-1.0000000180025095e-35 102.96676900000001 -2.5124999999999988 42.523274000000008 2.212499999999999 -26.462434338541666 292.35207400000007 272.69961450000005 21.062500000000004 22.437500000000004 18.044551323038437 241.29629500000001 -3.9390269010416659 48.375000000000007
decision_type=2 2 2 2 2 2 2 2 2 2 2 2 2 2
left_child=1 -1 5 -2 7 -3 -4 8 -5 10 -10 12 -6 -11
right_child=3 2 6 4 11 -7 -8 -9 9 13 -12 -13 -14 -15
leaf_value=0.020834087949291889 0.028230488286954222 -1.4553641501976098 -0.16043175491761111 -0.048695105318842559 -0.17880293652415277 -0.80024773271179273 -1.3505109830336137 -0.39580824742254045 0.6787692084872492 1.119923564365932 2.0707002321879071 1.3327981160123752 0.72601054213369631 0.13805939420694258
leaf_weight=2973 2674 183 1450 405 50 786 43 150 206 41 41 100 866 737
leaf_count=2973 2674 183 1450 405 50 786 43 150 206 41 41 100 866 737
internal_value=-4.73561e-05 -0.207474 -0.483066 0.213873 0.405008 -0.925342 -0.195588 0.187769 0.249217 0.366861 0.917236 0.742325 0.67648 0.191174
internal_weight=10705 5435 2462 5270 2596 969 1493 1580 1430 1025 247 1016 916 778
internal_count=10705 5435 2462 5270 2596 969 1493 1580 1430 1025 247 1016 916 778
is_linear=0
shrinkage=0.05


Tree=13
num_leaves=15
num_cat=0
split_feature=71 84 71 84 71 84 69 47 84 37 67 70 69 71
split_gain=172199 144809 90217.2 51791.4 91559.8 25010.1 22036.6 21334.6 21178.3 19142.2 21626 22496.8 15076.2 15015.8
threshold=-0.9875000000000006 99.426228500000008 -3.3625000000000003 42.523274000000008 2.0124999999999997 272.35636400000004 -6.2117165312500005 73.075520833333357 295.90254450000003 51.875000000000007 -3.7711683541666656 6.005958402809825e-07 -14.779579244791664 5.1000000000000005
decision_type=2 2 2 2 2 2 2 2 2 2 2 2 2 2
left_child=1 -1 12 -2 5 6 7 -5 9 -4 -11 -12 -3 -6
right_child=3 2 8 4 13 -7 -8 -9 -10 10 11 -13 -14 -15
leaf_value=0.022373717779307051 0.027227094334860643 -1.2796830113388991 0.60162641247113546 0.86091597468353998 0.61683653160498231 -0.40885212417459116 0.2627203785216482 -0.33007258796427041 -1.3014934687660291 -0.61778572673785659 -0.79618992798270716 -0.068633793882729541 -0.7997331683791461 1.1479957859283725
leaf_weight=2502 3071 303 59 42 884 199 1496 300 51 398 123 744 375 158
leaf_count=2502 3071 303 59 42 884 199 1496 300 51 398 123 744 375 158
internal_value=-3.69312e-05 -0.233024 -0.544138 0.172535 0.317409 0.122272 0.179967 -0.181727 -0.311 -0.271893 -0.313078 -0.172649 -1.01579 0.6984
internal_weight=10705 4555 2053 6150 3079 2037 1838 342 1375 1324 1265 867 678 1042
internal_count=10705 4555 2053 6150 3079 2037 1838 342 1375 1324 1265 867 678 1042
is_linear=0
shrinkage=0.05


Tree=14
num_leaves=15
num_cat=0
split_feature=71 84 71 84 71 24 8 84 47 58 68 62 69 45
split_gain=156348 111751 110831 72839.7 46925.8 25227.9 25255.9 19948.3 17307.1 15006.3 14796.1 14319 13403.5 12781.3
threshold=1.0000000180025095e-35 107.76923050000001 -2.0499999999999985 42.523274000000008 2.212499999999999 257.54432450000007 200.46031700000003 275.36804450000005 77.584635416666671 -3.3747789999999962 12.984523312653595 194.84212100000005 -3.9390269010416659 86.447916666666671
decision_type=2 2 2 2 2 2 2 2 2 2 2 2 2 2
left_child=1 -1 5 -2 10 9 8 -4 -7 -3 13 12 -6 -5
right_child=3 2 7 4 11 6 -8 -9 -10 -11 -12 -13 -14 -15
leaf_value=0.024302883835493578 0.025381733621593423 -1.6605019648869832 -0.082224481058293108 0.10655806610757318 -0.24025039340679846 0.18819210402135339 -0.87586370348930365 -0.6293898673481727 -0.67333815552433951 -0.92533036992658213 0.86827860044108507 1.0454792423364594 0.62528573518932629 0.59769790642649723
leaf_weight=3291 2464 83 1408 1037 47 139 274 188 99 475 80 204 765 151
leaf_count=3291 2464 83 1408 1037 47 139 274 188 99 475 80 204 765 151
internal_value=-4.47181e-05 -0.170627 -0.411173 0.213964 0.417308 -0.804658 -0.549414 -0.147031 -0.171493 -1.03746 0.214175 0.670364 0.574953 0.169434
internal_weight=10705 5957 2666 4748 2284 1070 512 1596 238 558 1268 1016 812 1188
internal_count=10705 5957 2666 4748 2284 1070 512 1596 238 558 1268 1016 812 1188
is_linear=0
shrinkage=0.05


Tree=15
num_leaves=15
num_cat=0
split_feature=71 84 71 84 71 32 70 36 24 37 67 70 30 47
split_gain=141366 118660 74762.1 42547 74203.5 23562 19892.1 22682.9 20339 18356.7 20122.1 18587.7 17819.3 15864.9
threshold=-0.9875000000000006 99.426228500000008 -3.3625000000000003 42.523274000000008 2.1000000000000001 28.137500000000003 8.1032710679429751 20.954296875000004 282.91039900000004 51.875000000000007 -3.7711683541666656 6.005958402809825e-07 21.787500000000005 70.747395833333357
decision_type=2 2 2 2 2 2 2 2 2 2 2 2 2 2
left_child=1 -1 -3 -2 5 6 7 -5 -8 -4 -11 -12 -10 -7
right_child=3 2 9 4 -6 13 8 -9 12 10 11 -13 -14 -15
leaf_value=0.020040818820794941 0.024608168118478112 -0.92213456680873396 0.57568523888786638 -0.21859045487235892 0.63285533965293261 1.2828019384888636 -0.27942326217841534 0.35931899681926738 0.97582802151436698 -0.60406379222393181 -0.7427753913259949 -0.091790426656923552 0.041043928983764577 0.18645254419400142
leaf_weight=2502 3071 678 59 219 1033 68 578 746 60 421 127 768 311 64
leaf_count=2502 3071 678 59 219 1033 68 578 746 60 421 127 768 311 64
internal_value=-4.99809e-05 -0.211151 -0.492778 0.156311 0.287621 0.113092 0.0683376 0.228076 -0.094163 -0.280549 -0.319345 -0.184891 0.194439 0.756637
internal_weight=10705 4555 2053 6150 3079 2046 1914 965 949 1375 1316 895 371 132
internal_count=10705 4555 2053 6150 3079 2046 1914 965 949 1375 1316 895 371 132
is_linear=0
shrinkage=0.05


Tree=16
num_leaves=15
num_cat=0
split_feature=71 84 71 84 71 24 58 84 47 47 69 49 72 46
split_gain=128227 92226.9 90804.4 59810.1 37891.2 22055.6 18604.4 17551.4 16425.8 16026.9 14030.5 15086.8 14792.3 13166.7
threshold=1.0000000180025095e-35 107.76923050000001 -2.0499999999999985 42.523274000000008 2.2375000000000012 247.91118100000003 -5.162619999999996 282.33339050000006 77.040364583333357 79.805989583333357 11.840655182291668 2.5000000000000004 0.98750000000000082 82.848958333333357
decision_type=2 2 2 2 2 2 2 2 2 2 2 2 2 2
left_child=1 -1 5 -2 -5 9 -7 13 -8 -3 11 -6 -12 -4
right_child=3 2 7 4 10 6 8 -9 -10 -11 12 -13 -14 -15
leaf_value=0.022560745681820493 0.022883253658519072 -1.3374964846874857 0.068558667343163834 0.19597612782593121 0.62157073260213325 -0.8311576554176604 0.11166494514968171 -0.79311548684968769 -0.59024955233853116 -0.72756105511193259 0.61245210095038338 0.044435057268925431 1.199995290275131 -0.22836941940256872
leaf_weight=3291 2464 196 689 1271 311 287 148 94 189 250 371 178 153 813
leaf_count=3291 2464 196 689 1271 311 287 148 94 189 250 371 178 153 813
internal_value=-4.1691e-05 -0.154523 -0.373049 0.193768 0.378029 -0.729213 -0.535812 -0.133959 -0.282572 -0.997997 0.606031 0.412008 0.785965 -0.0922071
internal_weight=10705 5957 2666 4748 2284 1070 624 1596 337 446 1013 489 524 1502
internal_count=10705 5957 2666 4748 2284 1070 624 1596 337 446 1013 489 524 1502
is_linear=0
shrinkage=0.05


Tree=17
num_leaves=15
num_cat=0
split_feature=71 84 71 84 71 32 70 36 24 30 84 30 58 47
split_gain=116060 97190.1 61903.6 34964.2 60165.8 21178.3 18122.1 19875.4 17890.6 22932.1 17109.1 15578 14603.1 14314
threshold=-0.9875000000000006 99.426228500000008 -3.3625000000000003 42.523274000000008 2.0124999999999997 28.137500000000003 8.1032710679429751 20.954296875000004 283.21306650000002 21.787500000000005 295.90254450000003 20.587500000000002 0.83083999999999503 70.747395833333357
decision_type=2 2 2 2 2 2 2 2 2 2 2 2 2 2
left_child=1 -1 -3 -2 5 6 7 -5 -8 -10 11 -4 -13 -7
right_child=3 2 10 4 -6 13 8 -9 9 -11 -12 12 -14 -15
leaf_value=0.017911593180821032 0.022237555789373198 -0.83689197877885579 -0.40245724197367894 -0.20548110872676428 0.56950696731355244 1.2122762177733408 -0.26338911547842259 0.3357287769023109 1.2407569124963549 0.032028274622128962 -1.1432251658075703 -0.1556400051712544 0.46852365365704973 0.17101753379289922
leaf_weight=2502 3071 678 613 219 1042 68 592 743 44 307 51 601 110 64
leaf_count=2502 3071 678 613 219 1042 68 592 743 44 307 51 601 110 64
internal_value=-4.71158e-05 -0.191322 -0.4462 0.141629 0.260664 0.102477 0.0598559 0.212437 -0.0958591 0.186644 -0.253085 -0.217961 -0.0585522 0.712505
internal_weight=10705 4555 2053 6150 3079 2037 1905 962 943 351 1375 1324 711 132
internal_count=10705 4555 2053 6150 3079 2037 1905 962 943 351 1375 1324 711 132
is_linear=0
shrinkage=0.05


Tree=18
num_leaves=15
num_cat=0
split_feature=71 84 71 84 71 69 36 24 8 38 70 84 24 32
split_gain=105073 76154.8 74504.5 49063.4 33428.2 23031.9 22006.5 19608.5 19639.9 17649.6 16274.5 15674.2 15661.6 18184.9
threshold=1.0000000180025095e-35 107.76923050000001 -2.0499999999999985 42.523274000000008 3.9000000000000008 11.532673921875002 24.459765625000006 257.54432450000007 200.46031700000003 54.875000000000007 8.1012924249459495 275.36804450000005 283.21306650000002 24.087500000000002
decision_type=2 2 2 2 2 2 2 2 2 2 2 2 2 2
left_child=1 -1 7 -2 5 10 -7 -3 -9 -8 -5 -4 -12 -14
right_child=3 2 11 4 -6 6 9 8 -10 -11 12 -13 13 -15
leaf_value=0.021035953916446335 0.020628128612742706 -0.86622083440476327 -0.064444111871802115 0.29586030281379311 0.7496010366813719 0.97250524049694542 1.2390566962105889 -0.10321695602043029 -0.72407794409583914 0.13677752117818112 -0.21234239288758783 -0.54945055220187422 -0.18305661807549589 0.85947453675941488
leaf_weight=3291 2464 558 1408 783 412 186 41 238 274 271 425 188 80 86
leaf_count=3291 2464 558 1408 783 412 186 41 238 274 271 425 188 80 86
internal_value=-3.97957e-05 -0.13988 -0.338454 0.175401 0.342289 0.252293 0.543291 -0.661072 -0.436238 0.285124 0.146504 -0.121883 -0.0515391 0.358962
internal_weight=10705 5957 2666 4748 2284 1872 498 1070 512 312 1374 1596 591 166
internal_count=10705 5957 2666 4748 2284 1872 498 1070 512 312 1374 1596 591 166
is_linear=0
shrinkage=0.05


Tree=19
num_leaves=15
num_cat=0
split_feature=71 84 71 84 69 71 22 44 67 70 36 32 33 45
split_gain=95279.9 80012.9 56982.3 28741.3 50234 23563.9 23340.5 22982.7 21693.2 20435 17702.2 17701.7 16947.9 14658.8
threshold=-0.9875000000000006 90.300388000000012 -3.9875000000000003 42.523274000000008 11.840655182291668 3.9875000000000012 148.13106922916668 53.031250000000007 -3.7711683541666656 8.1032710679429751 20.954296875000004 27.762500000000003 19.065625000000004 71.843750000000014
decision_type=2 2 2 2 2 2 2 2 2 2 2 2 2 2
left_child=1 -1 -3 -2 5 9 -6 -4 -9 10 -5 -11 -10 -12
right_child=3 2 7 4 6 -7 -8 8 12 11 13 -13 -14 -15
leaf_value=0.024639757369425259 0.020090939950993439 -0.81914775630069936 0.6410626073538418 -0.19841202228626409 0.80171366397901866 0.66788462354077238 0.23981642337424344 -0.54151955193701795 -0.48075629010268339 -0.17595986197844968 2.8847938416245051e-05 0.57755753318237701 -0.014522583516933774 0.42280605987978498
leaf_weight=2407 3071 578 70 219 475 179 304 518 267 833 291 85 715 693
leaf_count=2407 3071 578 70 219 475 179 304 518 267 833 291 85 715 693
internal_value=-3.03711e-05 -0.173338 -0.395096 0.128337 0.236261 0.118611 0.583025 -0.238558 -0.280006 0.0719626 0.207463 -0.105637 -0.141649 0.297904
internal_weight=10705 4555 2148 6150 3079 2300 779 1570 1500 2121 1203 918 982 984
internal_count=10705 4555 2148 6150 3079 2300 779 1570 1500 2121 1203 918 982 984
is_linear=0
shrinkage=0.05


Tree=20
num_leaves=15
num_cat=0
split_feature=71 84 71 84 71 69 24 8 58 47 58 73 36 28
split_gain=86158.8 63080.5 60289.1 40288.5 27371.7 19218.3 17850 17531.8 14776.1 14009.8 12558.6 12406.1 17099.3 15425.4
threshold=1.0000000180025095e-35 111.40592350000001 -2.0124999999999988 42.523274000000008 3.9000000000000008 -0.18351217708333298 257.54432450000007 200.46031700000003 -11.200341999999997 77.584635416666671 -3.3747789999999962 -8.8749999999999982 23.030078125000003 25.562500000000004
decision_type=2 2 2 2 2 2 2 2 2 2 2 2 2 2
left_child=1 -1 6 -2 5 -5 10 9 -4 -8 -3 12 -7 -13
right_child=3 2 8 4 -6 11 7 -9 -10 -11 -12 13 -14 -15
leaf_value=0.016939121507886633 0.018592999963199391 -1.372737234184541 -0.63965278968093842 0.0014963540426465903 0.67864536995893532 -0.09626336112871009 0.25002525884041682 -0.66782441042855667 -0.068574458368524771 -0.52162919785169992 -0.69827254856405885 0.33403785470886316 0.88064918455082131 -0.27295422718054108
leaf_weight=3349 2464 82 122 622 412 58 138 264 1437 101 464 881 193 118
leaf_count=3349 2464 82 122 622 412 58 138 264 1437 101 464 881 193 118
internal_value=-2.34092e-05 -0.126653 -0.31098 0.158844 0.310074 0.228638 -0.603867 -0.38775 -0.113646 -0.0768861 -0.80189 0.341572 0.655422 0.26214
internal_weight=10705 5957 2608 4748 2284 1872 1049 503 1559 239 546 1250 251 999
internal_count=10705 5957 2608 4748 2284 1872 1049 503 1559 239 546 1250 251 999
is_linear=0
shrinkage=0.05


Tree=21
num_leaves=15
num_cat=0
split_feature=71 84 71 62 57 44 84 67 84 69 84 71 33 31
split_gain=78202.6 65850.7 47716.5 26453.4 22130.6 20271.5 19076.9 18847.1 18336.3 30723.1 16659.6 15051.9 14619 12250.5
threshold=-0.9875000000000006 90.300388000000012 -3.9875000000000003 230.22416750000002 1.0689193591312962 53.031250000000007 275.36804450000005 -3.7711683541666656 42.523274000000008 -1.3059802708333337 96.187470500000018 5.1000000000000005 19.065625000000004 20.212500000000002
decision_type=2 2 2 2 2 2 2 2 2 2 2 2 2 2
left_child=1 -1 -3 6 -5 -4 8 -7 -2 -10 -11 13 -9 -12
right_child=3 2 5 4 -6 7 -8 12 9 10 11 -13 -14 -15
leaf_value=0.022561677563873637 0.018173712828623442 -0.7462635723532971 0.61109495115741885 0.23268971866407334 0.96161558561643978 -0.49765798282631907 -0.53470274501534043 -0.43990232383053923 -0.070889017147449204 0.61350740216363675 -0.30065956742926081 1.167417997121811 -0.0068950755438408375 0.25026360133125863
leaf_weight=2407 3071 578 70 312 156 518 120 267 734 367 109 41 715 1240
leaf_count=2407 3071 578 70 312 156 518 120 267 734 367 109 41 715 1240
internal_value=-3.23151e-05 -0.157042 -0.35822 0.116264 0.477197 -0.214976 0.0864568 -0.253908 0.099952 0.200724 0.314168 0.234749 -0.124955 0.205559
internal_weight=10705 4555 2148 6150 468 1570 5682 1500 5562 2491 1757 1390 982 1349
internal_count=10705 4555 2148 6150 468 1570 5682 1500 5562 2491 1757 1390 982 1349
is_linear=0
shrinkage=0.05


Tree=22
num_leaves=15
num_cat=0
split_feature=71 84 71 84 69 24 84 24 8 66 84 63 70 36
split_gain=70758.9 52179 49194.2 33134.6 23217.8 19791.8 15923.5 15559.3 15327.5 15029.3 13976.5 13555.4 16698.6 21730.9
threshold=1.0000000180025095e-35 111.40592350000001 -2.0124999999999988 42.523274000000008 11.840655182291668 299.02505250000007 256.81891500000006 257.54432450000007 200.46031700000003 2.8572886261265169 290.2148160000001 18.554911875000009 8.1012924249459495 24.804166666666671
decision_type=2 2 2 2 2 2 2 2 2 2 2 2 2 2
left_child=1 -1 7 -2 11 6 9 -3 -9 -6 -4 12 13 -5
right_child=3 2 10 4 5 -7 -8 8 -10 -11 -12 -13 -14 -15
leaf_value=0.015815310221280098 0.016755410343348136 -0.73184651417795654 -0.076882947757710721 0.18846393393300406 0.55241224557753732 -0.010702435198914388 0.023579310441619896 -0.054699198047940933 -0.60715261067562509 1.1363567338094993 -0.92669056099653246 0.52733003902147368 -0.10581805588470856 1.2759704692023142
leaf_weight=3349 2464 546 1510 748 326 144 88 239 264 169 49 228 533 48
leaf_count=3349 2464 546 1510 748 326 144 88 239 264 169 49 228 533 48
internal_value=-2.47196e-05 -0.114781 -0.282425 0.143947 0.281094 0.514239 0.643695 -0.546994 -0.345284 0.753668 -0.10417 0.171973 0.110658 0.255561
internal_weight=10705 5957 2608 4748 2284 727 583 1049 503 495 1559 1557 1329 796
internal_count=10705 5957 2608 4748 2284 727 583 1049 503 495 1559 1557 1329 796
is_linear=0
shrinkage=0.05


Tree=23
num_leaves=15
num_cat=0
split_feature=71 84 71 62 57 84 44 67 84 69 70 31 73 51
split_gain=64238 54254.1 40417.8 23201.3 19156.9 17971.8 17837 16669.4 16440.7 26215.1 13523.5 13286.8 17180.8 13238.2
threshold=-0.9875000000000006 87.746388500000009 -3.9875000000000003 225.41628950000003 1.0689193591312962 271.06198250000006 53.031250000000007 -3.7711683541666656 42.523274000000008 -1.3059802708333337 6.005958402809825e-07 20.212500000000002 1.0000000180025095e-35 3.5000000000000004
decision_type=2 2 2 2 2 2 2 2 2 2 2 2 2 2
left_child=1 -1 -3 5 -5 8 -4 -8 -2 -10 -9 -11 -13 -14
right_child=3 2 6 4 -6 -7 7 10 9 11 -12 12 13 -15
leaf_value=0.021711342862076627 0.016437112731606855 -0.68094127478543676 0.57097151652999123 0.22152513770265214 0.88375509234742733 -0.39934597869190236 -0.45824345750198969 -0.56240844849153615 -0.074543067609899677 -0.12938747573866993 -0.033632517706867655 0.44239451028749566 -0.077405451026650057 0.60911528378139057
leaf_weight=2393 3071 579 72 352 158 191 521 140 666 166 850 1126 332 88
leaf_count=2393 3071 579 72 352 158 191 521 140 666 166 850 1126 332 88
internal_value=-1.77726e-05 -0.14232 -0.323804 0.105385 0.428015 0.0761401 -0.19283 -0.229579 0.0928772 0.191545 -0.108901 0.295042 0.340668 0.0675421
internal_weight=10705 4555 2162 6150 510 5640 1583 1511 5449 2378 990 1712 1546 420
internal_count=10705 4555 2162 6150 510 5640 1583 1511 5449 2378 990 1712 1546 420
is_linear=0
shrinkage=0.05


Tree=24
num_leaves=15
num_cat=0
split_feature=71 84 71 62 57 84 84 30 37 67 84 69 46 84
split_gain=57986.9 48972.5 36483.9 20952.3 17302.6 17145.1 16227.3 15305.2 15584.9 18328.8 14840.6 23663.2 14601.5 13077.4
threshold=-0.9875000000000006 87.746388500000009 -3.9875000000000003 225.41628950000003 1.0689193591312962 299.97504500000008 271.06198250000006 20.762500000000003 51.875000000000007 -4.5676767916666661 42.523274000000008 -1.3059802708333337 82.171875000000014 96.187470500000018
decision_type=2 2 2 2 2 2 2 2 2 2 2 2 2 2
left_child=1 -1 -3 6 -5 7 10 -4 -9 -10 -2 -12 -11 -13
right_child=3 2 5 4 -6 -7 -8 8 9 12 11 13 -14 -15
leaf_value=0.020626228841281527 0.015615524786214034 -0.64695291489555407 -0.31222210501864939 0.21048025764569789 0.83984524176555608 -1.1346481400987376 -0.37948267918885303 0.85677003324031831 -0.49316212936821913 0.38477798352270565 -0.070821502846086223 0.54460176281813211 -0.13832941203824084 0.20784890634986125
leaf_weight=2393 3071 579 769 352 158 45 191 49 179 235 666 367 306 1345
leaf_count=2393 3071 579 769 352 158 45 191 49 179 235 666 367 306 1345
internal_value=-1.52498e-05 -0.135217 -0.307641 0.100128 0.406722 -0.183204 0.0723365 -0.154647 0.0031296 -0.0560731 0.0882406 0.181984 0.0891891 0.280314
internal_weight=10705 4555 2162 6150 510 1583 5640 1538 769 720 5449 2378 541 1712
internal_count=10705 4555 2162 6150 510 1583 5640 1538 769 720 5449 2378 541 1712
is_linear=0
shrinkage=0.05


Tree=25
num_leaves=15
num_cat=0
split_feature=71 84 71 84 71 84 36 36 69 58 31 35 36 37
split_gain=52551.8 39337.6 36400.6 24667.2 19609.1 14815.6 16543 18265.6 13663.5 12487.4 11728.8 11489.3 19279.9 16882.2
threshold=1.0000000180025095e-35 111.40592350000001 -2.0124999999999988 42.523274000000008 3.9000000000000008 277.24286500000011 22.514973958333339 21.902864583333336 -26.462434338541666 -11.200341999999997 18.012500000000003 22.292708333333337 24.804166666666671 48.125000000000007
decision_type=2 2 2 2 2 2 2 2 2 2 2 2 2 2
left_child=1 -1 8 -2 5 6 7 -5 -3 -4 -10 12 -8 -13
right_child=3 2 9 4 -6 -7 11 -9 10 -11 -12 13 -14 -15
leaf_value=0.01448176689259708 0.014315998452672127 -0.869466283015079 -0.57468058195540583 0.16618277610205071 0.55432897324067232 -0.48832511467238265 0.59066812792343315 -0.49614863125066605 -0.94835149098845095 -0.049712634438736907 -0.32851558006966186 0.83755530998110772 -0.28550642943647631 0.09131344775801567
leaf_weight=3349 2464 179 122 316 412 80 463 154 84 1437 786 84 72 703
leaf_count=3349 2464 179 122 316 412 80 463 154 84 1437 786 84 72 703
internal_value=-1.49308e-05 -0.0989114 -0.244472 0.124059 0.242392 0.17348 0.20328 -0.0514291 -0.472053 -0.0911362 -0.389382 0.293806 0.47244 0.171925
internal_weight=10705 5957 2608 4748 2284 1872 1792 470 1049 1559 870 1322 535 787
internal_count=10705 5957 2608 4748 2284 1872 1792 470 1049 1559 870 1322 535 787
is_linear=0
shrinkage=0.05


Tree=26
num_leaves=15
num_cat=0
split_feature=71 84 71 62 56 84 84 30 37 67 46 84 69 24
split_gain=47580.9 40295.9 30680 18415.6 15517 15322.1 13893 13427.8 13895.2 16366.9 13099.3 11886.9 20623.3 15733.5
threshold=-0.9875000000000006 87.746388500000009 -3.9875000000000003 225.41628950000003 2.9366575000000243 299.97504500000008 271.40114750000004 20.762500000000003 51.875000000000007 -4.5676767916666661 82.171875000000014 42.523274000000008 11.840655182291668 299.02505250000007
decision_type=2 2 2 2 2 2 2 2 2 2 2 2 2 2
left_child=1 -1 -3 6 -5 7 11 -4 -9 -10 -11 -2 -13 -14
right_child=3 2 5 4 -6 -7 -8 8 9 10 -12 12 13 -15
leaf_value=0.018871562135442409 0.014117798249935733 -0.59005109590976024 -0.28539609486642353 0.024325941787245349 0.59277601831200177 -1.0642023506371872 -0.35916748949112426 0.81600454849004744 -0.45897728931986626 0.37128250758810821 -0.12419451730695921 0.07426638951598101 0.55144947075451678 -0.021692848728495355
leaf_weight=2393 3071 579 769 193 317 45 186 49 179 235 306 1749 474 160
leaf_count=2393 3071 579 769 193 317 45 186 49 179 235 306 1749 474 160
internal_value=-2.24596e-05 -0.122493 -0.278899 0.0906909 0.378125 -0.164791 0.0646371 -0.137801 0.00997308 -0.0459375 0.0913191 0.0791534 0.162925 0.407001
internal_weight=10705 4555 2162 6150 510 1583 5640 1538 769 720 541 5454 2383 634
internal_count=10705 4555 2162 6150 510 1583 5640 1538 769 720 541 5454 2383 634
is_linear=0
shrinkage=0.05


Tree=27
num_leaves=15
num_cat=0
split_feature=71 84 71 84 71 84 31 38 34 31 24 8 71 36
split_gain=43150.5 32566.7 29470.4 20281.9 17164.9 12763.4 14331.8 18724.2 16843.7 13722.8 12185.8 18659.1 11716.9 11115.2
threshold=1.0000000180025095e-35 111.40592350000001 -2.0124999999999988 42.523274000000008 3.9000000000000008 278.29070450000006 21.112500000000004 52.375000000000007 26.210416666666667 22.437500000000004 266.90505200000007 200.46031700000003 1.9500000000000013 23.321614583333339
decision_type=2 2 2 2 2 2 2 2 2 2 2 2 2 2
left_child=1 -1 10 -2 5 6 13 -8 9 -9 -3 -12 -11 -5
right_child=3 2 -4 4 -6 -7 7 8 -10 12 11 -13 -14 -15
leaf_value=0.013535525511894653 0.012894885215991409 -0.56057235175485798 -0.08410965284843816 -0.15680480240950831 0.51154775313185152 -0.52806453555822375 0.9226256021947572 0.56329505373914224 -0.61738618480957164 -0.015366572221440342 0.19575767340863537 -0.49581745975195091 0.33714049191802248 0.63475728350877769
leaf_weight=3349 2464 649 1559 392 412 65 98 268 58 479 166 234 463 49
leaf_count=3349 2464 649 1559 392 412 65 98 268 58 479 166 234 463 49
internal_value=-2.33947e-05 -0.0896382 -0.222081 0.112406 0.219706 0.155237 0.180095 0.260057 0.208162 0.248211 -0.426855 -0.209041 0.158067 -0.0676163
internal_weight=10705 5957 2608 4748 2284 1872 1807 1366 1268 1210 1049 400 942 441
internal_count=10705 5957 2608 4748 2284 1872 1807 1366 1268 1210 1049 400 942 441
is_linear=0
shrinkage=0.05


Tree=28
num_leaves=15
num_cat=0
split_feature=84 67 84 62 47 58 36 71 70 30 69 47 73 84
split_gain=40005.9 36097.2 32272.3 31766.3 19171 31872.2 15725.1 14590.1 14267 11787.6 11724.1 10222.5 9390.28 8302.22
threshold=292.35207400000007 -2.6006390416666663 77.844594000000015 127.13975050000001 73.919270833333357 -14.974237 23.401953125000002 5.1000000000000005 14.54420179578752 18.962500000000002 -20.992930640624994 78.605468750000014 10.625000000000002 272.07054550000004
decision_type=2 2 2 2 2 2 2 2 2 2 2 2 2 2
left_child=1 2 -1 10 5 -4 -7 9 12 -5 11 -3 -6 -11
right_child=-2 3 4 7 8 6 -8 -9 -10 13 -12 -13 -14 -15
leaf_value=0.016946049836812922 -0.9665562506905705 -0.85801053081733591 -0.79444439693501123 -0.30182463724718051 -0.11450909955070375 1.269478481954762 0.17718785998339837 0.99715097262278984 -0.59198145012417347 0.39354031878658025 0.038539615412265894 0.019024193733930592 -0.50958023012221398 -0.051492757647775306
leaf_weight=1687 105 68 75 80 469 41 155 75 504 733 6306 64 221 122
leaf_count=1687 105 68 75 80 469 41 155 75 504 733 6306 64 221 122
internal_value=-1.87987e-05 0.00964567 -0.132163 0.0696689 -0.303762 0.0756678 0.410961 0.330228 -0.389872 0.275723 0.0287472 -0.435836 -0.241601 0.330053
internal_weight=10705 10600 3152 7448 1465 271 196 1010 1194 935 6438 132 690 855
internal_count=10705 10600 3152 7448 1465 271 196 1010 1194 935 6438 132 690 855
is_linear=0
shrinkage=0.05


Tree=29
num_leaves=15
num_cat=0
split_feature=84 67 84 62 47 58 36 71 70 30 69 47 24 62
split_gain=36140.7 32581.2 29129.6 28680.6 17328.5 28757 14603 13192.8 12699.9 10645.7 10595.9 9239.95 8563.08 8290.03
threshold=292.35207400000007 -2.6006390416666663 77.844594000000015 127.13975050000001 73.800781250000014 -14.974237 23.416796875000006 5.1000000000000005 14.54420179578752 18.962500000000002 -20.992930640624994 78.605468750000014 272.80737800000003 141.60529100000002
decision_type=2 2 2 2 2 2 2 2 2 2 2 2 2 2
left_child=1 2 -1 10 5 -4 -7 9 12 -5 11 -3 13 -6
right_child=-2 3 4 7 8 6 -8 -9 -10 -11 -12 -13 -14 -15
leaf_value=0.016099249378676524 -0.91868435232987944 -0.81573176755421406 -0.76266459802518027 -0.28691971881981987 -0.34104186484661425 1.2342079478066141 0.17010907626577787 0.94794945120811469 -0.56018737703801058 0.31356990258383488 0.036612939835510248 0.018087619897694543 -0.4471290323399007 0.10621875523712299
leaf_weight=1687 105 68 73 80 182 40 153 75 505 855 6306 64 274 238
leaf_count=1687 105 68 73 80 182 40 153 75 505 855 6306 64 274 238
internal_value=-2.3821e-05 0.00916192 -0.125564 0.0661871 -0.288593 0.0762627 0.395873 0.313768 -0.369533 0.261939 0.0273036 -0.414359 -0.230194 -0.0879439
internal_weight=10705 10600 3152 7448 1465 266 193 1010 1199 935 6438 132 694 420
internal_count=10705 10600 3152 7448 1465 266 193 1010 1199 935 6438 132 694 420
is_linear=0
shrinkage=0.05


Tree=30
num_leaves=15
num_cat=0
split_feature=71 84 24 58 84 69 24 43 29 73 24 47 24 20
split_gain=33641.1 25463 22739.3 21119.9 16933.3 14441.7 15460 12815.2 17203.7 13558.1 12058.4 11641.9 17258.9 10370.3
threshold=1.0000000180025095e-35 111.40592350000001 247.91118100000003 -12.292575499999982 42.523274000000008 11.840655182291668 299.02505250000007 77.625000000000014 22.487500000000004 -8.8749999999999982 235.28737700000002 78.115885416666671 256.69117850000004 273.13806300000005
decision_type=2 2 2 2 2 2 2 2 2 2 2 2 2 2
left_child=1 -1 -3 -4 -2 10 7 8 -7 -10 -6 -5 -13 -12
right_child=4 2 3 11 5 6 -8 -9 9 -11 13 12 -14 -15
leaf_value=0.012074788269211552 0.0083179086156597495 -0.44441602693032883 -0.47321710348338747 0.080079932422585681 0.44722360504439856 1.3915993494422814 -0.082341416033691384 0.28388166386335167 0.847707853642377 -0.020435378806931633 -0.017105585221851349 0.24658616182511439 -0.34119083870884404 0.32899668595397519
leaf_weight=3349 2464 681 328 937 227 75 144 323 109 76 1059 166 496 271
leaf_count=3349 2464 681 328 937 227 75 144 323 109 76 1059 166 496 271
internal_value=-2.86521e-05 -0.0791552 -0.196266 -0.108385 0.0992419 0.197285 0.381146 0.495571 0.756459 0.492873 0.111247 -0.0332981 -0.193653 0.0536102
internal_weight=10705 5957 2608 1927 4748 2284 727 583 260 185 1557 1599 662 1330
internal_count=10705 5957 2608 1927 4748 2284 727 583 260 185 1557 1599 662 1330
is_linear=0
shrinkage=0.05


Tree=31
num_leaves=15
num_cat=0
split_feature=84 36 84 70 84 61 84 37 24 84 43 73 36 25
split_gain=32382.6 28915.3 26283.6 23615.9 19119.2 16972.9 15370 13701.6 12445.2 14684 11878.7 11786.5 10924.2 10904.7
threshold=282.33339050000006 22.479947916666671 89.094115000000016 13.282359788870467 195.29761100000005 68.456144000000023 272.35636400000004 47.375000000000007 281.04792900000001 91.821440500000008 76.875000000000014 11.375000000000002 18.666666666666668 113.37412887341182
decision_type=2 2 2 2 2 2 2 2 2 2 2 2 2 2
left_child=1 2 -1 11 -5 7 13 8 -3 -10 -6 12 -4 -7
right_child=-2 5 3 4 10 6 -8 -9 9 -11 -12 -13 -14 -15
leaf_value=0.030079501305912672 -0.58430162790905815 0.040849524666722731 -0.75667749929184813 -0.705861327007413 -0.64777281166586498 0.46501729595711683 -0.15934769924299247 0.032407409682828917 0.15314611178423679 1.1400883015067806 -0.047575475620165182 -0.47603978538763025 0.0064160345545193802 -0.35343577739867299
leaf_weight=2374 231 138 48 349 111 589 146 4951 69 83 313 166 1094 43
leaf_count=2374 231 138 48 349 111 589 146 4951 69 83 313 166 1094 43
internal_value=-1.66284e-05 0.0129241 -0.0836293 -0.2133 -0.432223 0.0843907 0.302163 0.0520121 0.385449 0.695998 -0.205857 -0.0836901 -0.0262919 0.408861
internal_weight=10705 10474 4455 2081 773 6019 778 5241 290 152 424 1308 1142 632
internal_count=10705 10474 4455 2081 773 6019 778 5241 290 152 424 1308 1142 632
is_linear=0
shrinkage=0.05


Tree=32
num_leaves=15
num_cat=0
split_feature=84 67 84 62 73 71 36 69 47 70 30 69 17 47
split_gain=29570.7 25999.4 23654.3 22793.6 13766.2 11407.2 10526.3 11893.4 15058.6 11014.1 9218.88 8683.38 8600.17 8039.84
threshold=292.35207400000007 -2.9400345000000003 77.844594000000015 127.13975050000001 14.375000000000002 5.1000000000000005 18.666666666666668 -0.66454532812499967 73.445312500000014 13.693501098974814 18.962500000000002 -20.992930640624994 29.484948982341866 78.559895833333357
decision_type=2 2 2 2 2 2 2 2 2 2 2 2 2 2
left_child=1 2 -1 11 6 10 -4 8 9 -8 -5 13 -10 -3
right_child=-2 3 4 5 -6 -7 7 -9 12 -11 -12 -13 -14 -15
leaf_value=0.013156875222473892 -0.83099808608234493 -0.73978342755999371 -0.76792693518210153 -0.27619831131165284 -0.52589387234884633 0.86548623544605163 0.014215388075335995 -0.60322009029573409 -0.2890844451114738 0.85751159445327874 0.27547873689377267 0.031859128518950487 0.083467245636842199 0.026402001171859341
leaf_weight=1664 105 70 68 82 372 75 90 115 459 67 886 6353 233 66
leaf_count=1664 105 70 68 82 372 75 90 115 459 67 886 6353 233 66
internal_value=-2.44981e-05 0.00828446 -0.114388 0.0582609 -0.265453 0.275098 -0.171155 -0.128307 -0.0633448 0.377243 0.228509 0.0233709 -0.163705 -0.370479
internal_weight=10705 10600 3068 7532 1404 1043 1032 964 849 157 968 6489 692 136
internal_count=10705 10600 3068 7532 1404 1043 1032 964 849 157 968 6489 692 136
is_linear=0
shrinkage=0.05


Tree=33
num_leaves=15
num_cat=0
split_feature=84 36 84 49 36 73 61 84 37 36 36 24 84 9
split_gain=27162.3 24574.4 22284.5 20609.5 17520.3 14430.4 14306 13630.6 12091.8 11184.7 11525.4 10883.5 12860.1 10713
threshold=282.33339050000006 22.479947916666671 89.094115000000016 4.5000000000000009 18.666666666666668 11.625000000000002 68.456144000000023 272.35636400000004 47.375000000000007 21.826562500000005 20.954296875000004 281.04792900000001 91.821440500000008 272.25950450000005
decision_type=2 2 2 2 2 2 2 2 2 2 2 2 2 2
left_child=1 2 -1 4 -4 9 8 13 11 10 -6 -3 -13 -8
right_child=-2 6 3 -5 5 -7 7 -9 -10 -11 -12 12 -14 -15
leaf_value=0.027510239380519642 -0.53515320423717516 0.03895517778750375 -0.60172072086175998 -0.74194175182317856 -0.08582732820505562 -0.40956488050760759 0.43311033905601976 -0.15694318874454014 0.02956094072081733 -0.24041930749140783 0.26161381397441213 0.14359946604818105 1.067223266565374 -0.38648118238116425
leaf_weight=2374 231 138 193 159 561 309 590 146 4951 445 414 69 83 42
leaf_count=2374 231 138 193 159 561 309 590 146 4951 445 414 69 83 42
internal_value=-3.19857e-05 0.0118199 -0.0771914 -0.196591 -0.151113 -0.100496 0.077704 0.277637 0.0479777 -0.0329995 0.0618184 0.361215 0.651626 0.378119
internal_weight=10705 10474 4455 2081 1922 1729 6019 778 5241 1420 975 290 152 632
internal_count=10705 10474 4455 2081 1922 1729 6019 778 5241 1420 975 290 152 632
is_linear=0
shrinkage=0.05


Tree=34
num_leaves=15
num_cat=0
split_feature=84 67 84 62 73 65 69 47 70 70 61 71 84 84
split_gain=24950.3 22119.2 19772.2 19370.9 11705.2 10285.5 8763.64 16166 9594.26 8406.11 8327.31 8063.79 14325.8 9066.16
threshold=292.35207400000007 -2.9400345000000003 77.844594000000015 127.13975050000001 14.375000000000002 29.21847691666667 -0.66454532812499967 73.445312500000014 13.693501098974814 14.54420179578752 134.05977550000003 1.8125000000000002 42.523274000000008 71.13744800000002
decision_type=2 2 2 2 2 2 2 2 2 2 2 2 2 2
left_child=1 2 -1 11 6 -5 7 8 -4 10 -9 -3 -13 -14
right_child=-2 3 4 5 -6 -7 -8 9 -10 -11 -12 12 13 -15
leaf_value=0.011057896843087767 -0.76333494838678617 -0.019968023061662222 0.016757380094501999 0.20513001579157422 -0.48381956200634724 0.76496443778276446 -0.56628366622688442 -0.18546366756726168 0.80386442901457067 -0.39746269437048259 0.31113004849284098 0.0027735777106073119 0.96955850914467223 0.22304101764470483
leaf_weight=1664 105 4175 90 954 372 89 115 333 67 315 112 1478 42 794
leaf_count=1664 105 4175 90 954 372 89 115 333 67 315 112 1478 42 794
internal_value=-3.57874e-05 0.00759649 -0.105552 0.0536931 -0.243666 0.253588 -0.156715 -0.10479 0.355618 -0.200244 -0.0600609 0.0215292 0.0963761 0.261659
internal_weight=10705 10600 3068 7532 1404 1043 1032 917 157 760 445 6489 2314 836
internal_count=10705 10600 3068 7532 1404 1043 1032 917 157 760 445 6489 2314 836
is_linear=0
shrinkage=0.05


Tree=35
num_leaves=15
num_cat=0
split_feature=84 36 61 84 49 36 73 37 36 84 24 84 36 9
split_gain=22852.4 22271.8 19104.2 19072.8 18577 15317.6 12501.7 10689.2 10682.9 10225.1 10114.1 11288.1 10035.4 8658.97
threshold=275.36804450000005 22.479947916666671 125.08308350000003 89.094115000000016 4.5000000000000009 18.666666666666668 11.625000000000002 47.375000000000007 21.826562500000005 303.76010700000006 281.04792900000001 91.013866000000021 20.954296875000004 272.25950450000005
decision_type=2 2 2 2 2 2 2 2 2 2 2 2 2 2
left_child=1 3 7 -1 5 -5 8 10 12 -2 -3 -12 -7 -9
right_child=9 2 -4 4 -6 6 -8 13 -10 -11 11 -13 -14 -15
leaf_value=0.026101427251296612 -0.27230725067574529 0.036869349243561576 0.42916517789794573 -0.55890101880776055 -0.69998652630485603 -0.073273157889230389 -0.37762081718757901 0.053572470032177091 -0.23561499338852276 -1.0856806362784186 0.11295775318661561 0.97960969469226589 0.25508835647174916 -0.24687824092624294
leaf_weight=2374 399 138 364 193 159 539 306 4962 415 42 64 91 408 251
leaf_count=2374 399 138 364 193 159 539 306 4962 415 42 64 91 408 251
internal_value=-2.98326e-05 0.0151279 0.0788457 -0.0699922 -0.182883 -0.13835 -0.0893839 0.0556125 -0.0243963 -0.352052 0.34895 0.624784 0.0683161 0.0390615
internal_weight=10705 10264 5870 4394 2020 1861 1668 5506 1362 441 293 155 947 5213
internal_count=10705 10264 5870 4394 2020 1861 1668 5506 1362 441 293 155 947 5213
is_linear=0
shrinkage=0.05


Tree=36
num_leaves=15
num_cat=0
split_feature=67 84 62 73 84 24 84 24 63 69 47 70 70 51
split_gain=20855 19077.1 14480.4 12325.2 12261.5 9569.01 11872.4 20571.8 14205.1 8466.67 13055.2 9397.35 7718.15 7649.26
threshold=-2.6006390416666663 77.844594000000015 226.92036650000003 13.875000000000002 273.02215500000005 274.65417650000006 42.523274000000008 276.63258750000006 -1.0000000180025095e-35 -0.34611059375000075 73.445312500000014 13.693501098974814 13.693501098974814 3.5000000000000004
decision_type=2 2 2 2 2 2 2 2 2 2 2 2 2 2
left_child=1 -1 4 9 5 -2 -7 -8 -9 10 11 -3 13 -12
right_child=2 3 -4 -5 -6 6 7 8 -10 -11 12 -13 -14 -15
leaf_value=0.0089997028353485022 -0.0040636091398764691 -0.014513396626651879 0.32389316763263198 -0.46309606964226629 -0.29481017028100476 -0.00057477849089555215 1.2457706483120614 0.80275402588899747 0.13814111350568387 -0.53697158376557563 0.14438929428387598 0.73449799012806682 -0.34297645399346949 -0.29069584188215875
leaf_weight=1687 4256 100 439 426 281 1141 46 85 1251 122 248 71 383 169
leaf_count=1687 4256 100 439 426 281 1141 46 85 1251 122 248 71 383 169
internal_value=-3.60786e-05 -0.10675 0.0455949 -0.235224 0.0282466 0.0416793 0.118813 0.217311 0.180994 -0.146067 -0.0964509 0.298942 -0.181234 -0.0322138
internal_weight=10705 3206 7499 1519 7060 6779 2523 1382 1336 1093 971 171 800 417
internal_count=10705 3206 7499 1519 7060 6779 2523 1382 1336 1093 971 171 800 417
is_linear=0
shrinkage=0.05


Tree=37
num_leaves=15
num_cat=0
split_feature=84 36 84 49 36 73 37 24 84 9 61 84 25 15
split_gain=20124 17439.4 17193.1 16613.5 12921.9 10337.5 9738.95 12708.7 12506.6 10300.2 12337.3 14849.5 8922.84 8467.88
threshold=292.35207400000007 22.479947916666671 89.094115000000016 4.5000000000000009 18.666666666666668 14.375000000000002 51.125000000000007 280.08090150000004 91.821440500000008 272.25950450000005 58.587430000000019 272.35636400000004 114.92966462973219 207.74984750000002
decision_type=2 2 2 2 2 2 2 2 2 2 2 2 2 2
left_child=1 2 -1 4 -4 -6 7 -3 -9 10 -8 12 -12 -11
right_child=-2 6 3 -5 5 -7 9 8 -10 13 11 -13 -14 -15
leaf_value=0.024707024482010228 -0.68553751218571979 0.0090264398715589785 -0.51858600514854503 -0.66105226189829414 -0.041829812901354894 -0.39915805241900454 0.024349581858720735 0.11832205098383129 0.78934700510599332 -0.56880104226655648 0.39938393404962724 -0.15095639252465778 -0.34835778616671997 0.0059032766038880635
leaf_weight=2374 105 255 193 159 1544 232 4474 124 158 121 597 192 42 135
leaf_count=2374 105 255 193 159 1544 232 4474 124 158 121 597 192 42 135
internal_value=-2.74993e-05 0.00682696 -0.067805 -0.170975 -0.131085 -0.0887062 0.0619279 0.265069 0.495747 0.0422674 0.0572337 0.234036 0.349769 -0.266891
internal_weight=10705 10600 4502 2128 1969 1776 6098 537 282 5561 5305 831 639 256
internal_count=10705 10600 4502 2128 1969 1776 6098 537 282 5561 5305 831 639 256
is_linear=0
shrinkage=0.05


Tree=38
num_leaves=15
num_cat=0
split_feature=84 24 69 84 84 47 37 69 36 84 29 65 24 49
split_gain=18179.4 15981.9 12208.8 18385.7 14133 12544.3 11237 9950.86 9219.27 11507.2 8849.34 8539.28 7905.55 12376.6
threshold=292.35207400000007 274.65417650000006 -12.816781651041664 84.599854500000006 195.29761100000005 78.319010416666671 51.125000000000007 -11.581825156249996 23.321614583333339 95.579572000000027 16.512500000000003 -3.2562878333333329 271.88509600000003 3.5000000000000004
decision_type=2 2 2 2 2 2 2 2 2 2 2 2 2 2
left_child=1 2 3 -1 -5 11 8 -8 -3 -10 -4 -6 -12 -14
right_child=-2 6 10 4 5 -7 7 -9 9 -11 12 -13 13 -15
leaf_value=0.0079130744056391169 -0.65158400416093054 -0.13488339982975475 -0.71512227529703187 -0.57068468656469873 -0.71981420283382003 0.12089141204714182 0.62016774983837819 0.048140019160250659 0.14976246413690844 0.76399277814935829 0.032391430083749582 -0.11722682823801017 -0.014754206038058394 -0.42209116658701218
leaf_weight=836 105 78 42 341 110 225 77 3023 146 160 4506 126 673 257
leaf_count=836 105 78 42 341 110 225 77 3023 146 160 4506 126 673 257
internal_value=-3.54804e-05 0.00647939 -0.0364792 -0.156203 -0.327073 -0.14603 0.0942068 0.0625439 0.348993 0.472371 -0.000658138 -0.399946 0.00499252 -0.127652
internal_weight=10705 10600 7116 1638 802 461 3484 3100 384 306 5478 236 5436 930
internal_count=10705 10600 7116 1638 802 461 3484 3100 384 306 5478 236 5436 930
is_linear=0
shrinkage=0.05


Tree=39
num_leaves=15
num_cat=0
split_feature=71 84 84 84 58 24 49 37 36 36 71 39 84 47
split_gain=16877.6 14185.5 12335.2 9952.66 12691.8 13714.3 16672.5 13863.2 9273.04 9206.72 8842.02 8908.06 9707.81 8335.83
threshold=0.81250000000000011 303.76010700000006 42.523274000000008 114.36017550000001 -10.038873500000006 283.21306650000002 3.5000000000000004 69.875000000000014 18.666666666666668 23.541145833333335 3.9000000000000008 70.875000000000014 263.70710200000008 70.591145833333357
decision_type=2 2 2 2 2 2 2 2 2 2 2 2 2 2
left_child=1 3 -2 -1 -5 6 8 -7 -6 -9 11 13 -13 -4
right_child=2 -3 10 4 5 7 -8 9 -10 -11 -12 12 -14 -15
leaf_value=0.010008436578845002 -0.0027458262630737883 -0.95428888264090517 0.16672038371674716 -0.37237046390179207 -0.43930939938507829 0.78684868119657048 -0.49121314024322493 0.44641358615783977 -0.032014258685101334 -0.13347611314003369 0.37703902451749938 0.27690552231915627 -0.165233039687432 -0.21833493549504557
leaf_weight=3775 2125 42 259 406 152 79 266 99 1616 216 412 807 146 305
leaf_count=3775 2125 42 259 406 152 79 266 99 1616 216 412 807 146 305
internal_value=-4.11924e-05 -0.0490541 0.0803617 -0.0431578 -0.113956 -0.0706095 -0.122917 0.19905 -0.0672591 0.0496109 0.171868 0.115934 0.209068 -0.0415278
internal_weight=10705 6651 4054 6609 2834 2428 2034 394 1768 315 1929 1517 953 564
internal_count=10705 6651 4054 6609 2834 2428 2034 394 1768 315 1929 1517 953 564
is_linear=0
shrinkage=0.05


Tree=40
num_leaves=15
num_cat=0
split_feature=84 36 84 24 66 58 73 69 84 70 22 69 36 49
split_gain=15717.2 14615.4 13643.8 13759.2 18308.3 13767.3 13501.7 10956.5 10245.1 13555.4 10271.4 9433.54 9260.73 8274.42
threshold=275.36804450000005 22.857812500000005 63.145266500000005 306.70542500000005 2.7868304622834961 -21.237371 -8.8749999999999982 -0.22629248437500016 89.094115000000016 13.282359788870467 131.60933216666669 -9.5072461197916667 21.788541666666671 3.5000000000000004
decision_type=2 2 2 2 2 2 2 2 2 2 2 2 2 2
left_child=1 8 -3 4 7 -5 -6 -4 -1 -10 13 -8 -12 -11
right_child=-2 2 3 5 6 -7 11 -9 9 10 12 -13 -14 -15
leaf_value=0.017941399828272697 -0.29198188795497415 -0.001926274850172157 -0.1205534190191532 -0.78538477699107989 0.72098085642105247 0.036459585981827011 0.89674558630585688 0.19507383764149849 -0.029416020734054246 -0.26955132180931923 0.66978786965695836 0.16404249844720237 -0.14212022915615569 -0.67175419546684123
leaf_weight=2923 441 2677 387 67 243 203 49 944 1502 434 40 369 244 182
leaf_count=2923 441 2677 387 67 243 203 49 944 1502 434 40 369 244 182
internal_value=-4.26123e-05 0.012528 0.0744728 0.164849 0.210247 -0.169625 0.425155 0.103281 -0.0449297 -0.121413 -0.274744 0.251869 -0.0258181 -0.38928
internal_weight=10705 10264 4939 2262 1992 270 661 1331 5325 2402 900 418 284 616
internal_count=10705 10264 4939 2262 1992 270 661 1331 5325 2402 900 418 284 616
is_linear=0
shrinkage=0.05


Tree=41
num_leaves=15
num_cat=0
split_feature=67 84 62 84 73 69 47 31 60 30 84 60 51 53
split_gain=14679.4 12681.1 11210.6 8810.47 8612.13 7879.81 9843.77 8193.58 7174.52 6160.05 5965.1 5774.62 5597.06 5500.15
threshold=-2.6006390416666663 75.408333500000012 226.92036650000003 273.02215500000005 13.875000000000002 -0.34611059375000075 73.445312500000014 22.787500000000005 15.633813500000004 19.812500000000004 252.47833200000002 4.0321294999999973 3.5000000000000004 -0.93540483100319605
decision_type=2 2 2 2 2 2 2 2 2 2 2 2 2 2
left_child=1 -1 3 8 5 6 7 -3 -2 -6 12 -8 -4 -7
right_child=2 4 10 -5 9 13 11 -9 -10 -11 -12 -13 -14 -15
leaf_value=0.00509965032724657 0.018060818128664224 0.62078272962833159 0.30698067624066855 -0.2508655300862585 -0.57769905448314696 -0.93012194053634356 -0.27590074589819585 -0.068750646083869715 0.19663615663876677 -0.19729999817759647 0.059400093727667073 -0.0077980922696206717 0.86034132157762844 -0.23466193647876096
leaf_weight=1682 6161 84 202 281 209 45 411 87 618 219 178 392 59 77
leaf_count=1682 6161 84 202 281 209 45 411 87 618 219 178 392 59 77
internal_value=-3.86677e-05 -0.0895693 0.0382446 0.0229804 -0.193988 -0.119516 -0.0718146 0.271607 0.034367 -0.383969 0.283114 -0.145194 0.434876 -0.49666
internal_weight=10705 3206 7499 7060 1524 1096 974 171 6779 428 439 803 261 122
internal_count=10705 3206 7499 7060 1524 1096 974 171 6779 428 439 803 261 122
is_linear=0
shrinkage=0.05


Tree=42
num_leaves=15
num_cat=0
split_feature=84 69 84 22 29 61 84 70 36 71 41 22 84 32
split_gain=14078.8 12036.4 11846.5 12842.6 8844.07 9715.44 9055.5 14865.9 13067.8 11426.6 7501.2 13549.4 9449.31 7439.69
threshold=287.58038500000004 11.840655182291668 42.523274000000008 148.13106922916668 16.025000000000002 85.985804500000015 99.426228500000008 8.3391064213520405 24.714192708333339 4.8500000000000005 82.875000000000014 135.76219061979171 258.94589250000007 22.712500000000002
decision_type=2 2 2 2 2 2 2 2 2 2 2 2 2 2
left_child=1 4 -3 13 -1 6 -6 8 -8 -9 11 -7 -12 -4
right_child=-2 2 3 -5 5 10 7 9 -10 -11 12 -13 -14 -15
leaf_value=-0.4980479715986455 -0.48432250141568889 -0.0070268313762324027 0.25584371098088771 0.030075049972704923 0.013392383055033373 0.76255272942905628 0.00065187302664172807 -0.21614112904684518 0.89698302632286442 0.619675263052895 0.30011556385230631 -0.00036276345582384817 -0.10232683226364117 0.65523785982843286
leaf_weight=93 147 764 264 335 5062 119 1278 1631 41 41 242 113 364 211
leaf_count=93 147 764 264 335 5062 119 1278 1631 41 41 242 113 364 211
internal_value=-3.89568e-05 0.006749 0.134247 0.267342 -0.0156011 -0.0104993 -0.0273657 -0.0963265 0.029172 -0.195287 0.151423 0.392554 0.0586141 0.434263
internal_weight=10705 10558 1574 810 8984 8891 8053 2991 1319 1672 838 232 606 475
internal_count=10705 10558 1574 810 8984 8891 8053 2991 1319 1672 838 232 606 475
is_linear=0
shrinkage=0.05


Tree=43
num_leaves=15
num_cat=0
split_feature=84 30 61 84 84 69 25 69 84 36 36 22 71 35
split_gain=12849.2 11723.6 9321.32 11340.8 9098.95 8449.99 7636.63 7426.47 10468 6801.43 8690.6 6402.33 7243.3 6065.67
threshold=292.35207400000007 19.762500000000003 74.012692500000014 269.76935550000002 90.300388000000012 -12.816781651041664 112.01015804987527 11.840655182291668 42.523274000000008 18.666666666666668 19.000651041666668 148.13106922916668 2.2375000000000012 22.377604166666671
decision_type=2 2 2 2 2 2 2 2 2 2 2 2 2 2
left_child=1 4 7 6 -1 -6 -4 -3 -9 -7 -11 12 -10 -13
right_child=-2 2 3 -5 5 9 -8 8 11 10 -12 13 -14 -15
leaf_value=0.034222646521684046 -0.54779310580694451 -0.010746285980352856 0.3564898899614472 -0.053308991698134883 -0.38884003909826281 -0.58337177781026761 -0.27243850344510856 -0.0055395172879020163 0.97625893020629884 0.64155615681693678 -0.099146788422313101 -0.4080780339837074 0.32098822980496111 0.20599079094646339
leaf_weight=705 105 6416 570 346 374 66 52 747 49 41 694 49 286 205
leaf_count=705 105 6416 570 346 374 66 52 747 49 41 694 49 286 205
internal_value=-2.66116e-05 0.00545054 0.0298684 0.176077 -0.107763 -0.19291 0.303558 0.0115909 0.118791 -0.101057 -0.0570131 0.276215 0.419454 0.0863929
internal_weight=10705 10600 8720 968 1880 1175 622 7752 1336 801 735 589 335 254
internal_count=10705 10600 8720 968 1880 1175 622 7752 1336 801 735 589 335 254
is_linear=0
shrinkage=0.05


Tree=44
num_leaves=15
num_cat=0
split_feature=67 84 62 25 47 31 84 70 49 60 84 9 24 84
split_gain=11880.9 10582.8 9123.21 8004.65 12527.7 9517.15 7228.77 6888.05 6016.83 5770 5374.35 5478.48 4544.02 5833.68
threshold=-2.9400345000000003 77.844594000000015 230.22416750000002 109.81691843441898 72.708333333333357 24.212500000000002 273.02215500000005 15.574567114303109 4.5000000000000009 15.633813500000004 202.61008650000005 248.46202850000003 278.84935850000005 42.523274000000008
decision_type=2 2 2 2 2 2 2 2 2 2 2 2 2 2
left_child=1 -1 6 4 5 7 9 -3 -6 12 -4 -12 -2 -14
right_child=2 3 10 -5 8 -7 -8 -9 -10 -11 11 -13 13 -15
leaf_value=0.0039785184927731152 -0.012046015842348851 0.20349468701026022 0.66864288195745269 -0.86127619622718721 -0.19400502149485241 -0.33185233687454802 -0.22041915047156119 0.99109308006508012 -0.76023576715771035 0.1730755069839873 0.52477119657295679 0.07215137897022865 -0.0051209952764417884 0.17183141590280274
leaf_weight=1664 4348 84 66 41 1189 52 298 41 48 644 87 280 954 909
leaf_count=1664 4348 84 66 41 1189 52 298 41 48 644 87 280 954 909
internal_value=-2.45044e-05 -0.0821577 0.0337511 -0.180602 -0.16027 0.232218 0.0202427 0.467643 -0.216573 0.0307354 0.256344 0.180583 0.015951 0.081264
internal_weight=10705 3119 7586 1455 1414 177 7153 125 1237 6855 433 367 6211 1863
internal_count=10705 3119 7586 1455 1414 177 7153 125 1237 6855 433 367 6211 1863
is_linear=0
shrinkage=0.05


Tree=45
num_leaves=15
num_cat=0
split_feature=84 30 84 69 61 84 24 37 55 36 36 69 84 28
split_gain=11578.3 10285.9 8221.77 7446.57 6613.31 11624.7 7256.25 6413.31 6390.01 6028 7987.33 5987.41 7394.05 7075.38
threshold=303.76010700000006 19.762500000000003 90.300388000000012 -12.816781651041664 74.012692500000014 269.76935550000002 285.31225600000005 45.625000000000007 -0.56174490092936669 18.666666666666668 19.000651041666668 11.840655182291668 42.523274000000008 28.612500000000004
decision_type=2 2 2 2 2 2 2 2 2 2 2 2 2 2
left_child=1 2 -1 -4 7 6 -6 -3 -8 -5 -11 -9 -13 -14
right_child=-2 4 3 9 5 -7 8 11 -10 10 -12 12 13 -15
leaf_value=0.032691195286729931 -0.81883513421513321 0.26649729158957236 -0.36468133424355098 -0.55051704716326588 0.37968217914803859 -0.068002463321034351 0.32401912426948548 -0.017857294077202487 -0.30918351170771263 0.61472165556181046 -0.095292768696253666 -0.0042178309645870141 0.29392738724918849 -0.33054932010173799
leaf_weight=705 42 236 381 66 464 389 74 6246 84 41 697 726 505 49
leaf_count=705 42 236 381 66 464 389 74 6246 84 41 697 726 505 49
internal_value=-2.12986e-05 0.00328037 -0.10249 -0.182874 0.026076 0.146297 0.280214 0.0104005 -0.0124476 -0.0963735 -0.0550691 0.00233545 0.100807 0.238198
internal_weight=10705 10663 1890 1185 8773 1011 622 7762 158 804 738 7526 1280 554
internal_count=10705 10663 1890 1185 8773 1011 622 7762 158 804 738 7526 1280 554
is_linear=0
shrinkage=0.05


Tree=46
num_leaves=15
num_cat=0
split_feature=84 67 62 71 84 25 47 31 70 30 47 16 58 15
split_gain=10475 9770.43 8481.37 8401.73 8177.89 7103.56 10698.7 8830.36 6632.94 5829.19 7590.63 9247.17 5890.33 7753.39
threshold=303.76010700000006 -2.9400345000000003 153.27572900000004 5.1000000000000005 75.408333500000012 109.2624300420939 72.708333333333357 24.212500000000002 15.574567114303109 18.962500000000002 75.938802083333357 273.98582500000003 20.067717500000004 201.17978500000004
decision_type=2 2 2 2 2 2 2 2 2 2 2 2 2 2
left_child=1 4 -3 9 -1 6 7 8 -6 -4 12 -12 -11 -14
right_child=-2 2 3 -5 5 -7 -8 -9 -10 10 11 -13 13 -15
leaf_value=0.0041338743096380913 -0.77884551224320431 0.013302727916411655 -0.29541712862414288 0.70299687338048145 0.19614046007350444 -0.78448631329969931 -0.19107885555406734 -0.31613800975511658 0.97674089681084575 0.12731854351218624 0.25233544439315464 1.0370851759206166 0.13034447162075247 -0.80113408011059439
leaf_weight=1659 42 6579 73 68 83 43 1225 52 40 445 265 43 46 42
leaf_count=1659 42 6579 73 68 83 43 1225 52 40 445 265 43 46 42
internal_value=-2.32582e-05 0.00311716 0.0337731 0.170763 -0.0715923 -0.158596 -0.138826 0.225948 0.455824 0.130441 0.167713 0.364896 0.0532987 -0.318231
internal_weight=10705 10663 7561 982 3102 1443 1400 175 123 914 841 308 533 88
internal_count=10705 10663 7561 982 3102 1443 1400 175 123 914 841 308 533 88
is_linear=0
shrinkage=0.05


Tree=47
num_leaves=15
num_cat=0
split_feature=84 36 84 49 47 36 36 24 45 61 7 36 37 24
split_gain=9829.88 8529.77 8510.97 10995 6859.12 7123.47 16275.1 8675.37 7767.41 6271.65 6759.97 6089.23 5824.64 6326.27
threshold=282.33339050000006 22.479947916666671 89.094115000000016 4.5000000000000009 75.242187500000014 21.826562500000005 20.954296875000004 272.16657050000009 88.010416666666671 125.08308350000003 109.40739650000002 18.395963541666671 47.375000000000007 281.04792900000001
decision_type=2 2 2 2 2 2 2 2 2 2 2 2 2 2
left_child=1 2 -1 4 -4 6 8 -8 11 12 -11 -6 13 -3
right_child=-2 9 3 -5 5 -7 7 -9 -10 10 -12 -13 -14 -15
leaf_value=0.019372513844145123 -0.32193737590910287 0.0017382001191069434 -0.44720147521939224 -0.51741325254552073 -0.52449753830451096 -0.21748410690879105 0.31813433215579984 -0.28081174616662546 0.14703482662387674 0.34652925826216235 -0.10402388137196546 -0.1396974289927094 0.019697356799129987 0.46649691149210321
leaf_weight=2374 231 138 122 159 130 518 413 70 185 319 112 484 5295 155
leaf_count=2374 231 138 122 159 130 518 413 70 185 319 112 484 5295 155
internal_value=-2.08186e-05 0.00710898 -0.0453322 -0.119121 -0.0859199 -0.0611983 0.00207017 0.23093 -0.136392 0.0459247 0.229478 -0.22189 0.0317288 0.248351
internal_weight=10705 10474 4455 2081 1922 1800 1282 483 799 6019 431 614 5588 293
internal_count=10705 10474 4455 2081 1922 1800 1282 483 799 6019 431 614 5588 293
is_linear=0
shrinkage=0.05


Tree=48
num_leaves=15
num_cat=0
split_feature=84 67 62 71 84 25 47 31 70 47 16 58 61 69
split_gain=9078.73 8405.17 7263.91 7649.75 6843.36 6600.97 9307.84 7844.84 5919.66 5103.2 11374.6 6664.37 5478.11 4793.55
threshold=303.76010700000006 -2.9400345000000003 153.27572900000004 5.1000000000000005 75.408333500000012 109.2624300420939 72.708333333333357 24.212500000000002 14.649925055686952 76.108072916666671 269.21210500000007 20.067717500000004 166.14394300000006 -12.816781651041664
decision_type=2 2 2 2 2 2 2 2 2 2 2 2 2 2
left_child=1 4 -3 9 -1 6 7 8 -6 11 -11 -4 -13 -8
right_child=-2 2 3 -5 5 -7 13 -9 -10 10 -12 12 -14 -15
leaf_value=0.0028775766753109983 -0.72508634980334796 0.012387358296685039 0.10623812628427187 0.66595049466991774 0.15318087620975138 -0.74929397106170659 -0.29464810819487308 -0.29764560191136485 0.86502017161498468 0.13839274921769171 0.88982389899496506 -0.66563710795159936 0.075452459818787052 -0.093325873029472178
leaf_weight=1659 42 6579 462 68 76 43 500 52 47 292 60 56 44 725
leaf_count=1659 42 6579 462 68 76 43 500 52 47 292 60 56 44 725
internal_value=-2.55412e-05 0.00289809 0.0313317 0.158109 -0.0663953 -0.145984 -0.126933 0.213299 0.429967 0.11964 0.268636 0.0260076 -0.342039 -0.175672
internal_weight=10705 10663 7561 982 3102 1443 1400 175 123 914 352 562 100 1225
internal_count=10705 10663 7561 982 3102 1443 1400 175 123 914 352 562 100 1225
is_linear=0
shrinkage=0.05


end of trees

feature_importances:
consumo_alvo_semana_anterior=162
temperatura_externa_c_diferenca_semana_atual=96
correcao_semanal_media_1440m=57
consumo_max_1440m=48
temperatura_externa_c_media_1440m=41
umidade_relativa_pct_media_1440m=27
correcao_semanal_std_1440m=26
consumo_diferenca_dia_atual=20
correcao_semanal_media_360m=20
tendencia_consumo_360m=17
umidade_relativa_pct_diferenca_semana_atual=17
temperatura_externa_c_lag_360m=14
umidade_relativa_pct_atual=14
temperatura_externa_c_lag_720m=12
tendencia_consumo_180m=10
origem_dia_semana=9
temperatura_externa_c_lag_1440m=7
consumo_lag_1440m=6
consumo_std_1440m=6
consumo_mean_1440m=5
umidade_relativa_pct_media_60m=5
umidade_relativa_pct_media_360m=5
correcao_semanal_media_180m=5
consumo_lag_10080m=4
origem_mes=4
temperatura_externa_c_lag_180m=3
umidade_relativa_pct_lag_1440m=3
umidade_relativa_pct_media_180m=3
consumo_razao_semana_atual=3
tendencia_consumo_60m=3
temperatura_externa_c_tendencia_1h=3
consumo_lag_120m=2
consumo_min_180m=2
consumo_max_180m=2
consumo_std_180m=2
temperatura_externa_c_lag_60m=2
temperatura_externa_c_media_60m=2
temperatura_externa_c_media_360m=2
umidade_relativa_pct_lag_15m=2
correcao_semanal_media_60m=2
correcao_semanal_std_180m=2
correcao_semanal_std_360m=2
consumo_lag_720m=1
consumo_max_360m=1
temperatura_externa_c_media_180m=1
umidade_relativa_pct_lag_60m=1
umidade_relativa_pct_lag_360m=1
origem_hora_sin=1
origem_hora_cos=1
origem_semana_cos=1
consumo_diferenca_semana_atual=1

parameters:
[boosting: gbdt]
[objective: regression]
[metric: l1]
[tree_learner: serial]
[device_type: cpu]
[data_sample_strategy: bagging]
[data: ]
[valid: ]
[num_iterations: 400]
[learning_rate: 0.05]
[num_leaves: 15]
[num_threads: 2]
[seed: 20260905]
[deterministic: 1]
[force_col_wise: 1]
[force_row_wise: 0]
[histogram_pool_size: -1]
[max_depth: -1]
[min_data_in_leaf: 40]
[min_sum_hessian_in_leaf: 0.001]
[bagging_fraction: 1]
[pos_bagging_fraction: 1]
[neg_bagging_fraction: 1]
[bagging_freq: 0]
[bagging_seed: 23218]
[bagging_by_query: 0]
[feature_fraction: 1]
[feature_fraction_bynode: 1]
[feature_fraction_seed: 28090]
[extra_trees: 0]
[extra_seed: 14360]
[early_stopping_round: 0]
[early_stopping_min_delta: 0]
[first_metric_only: 0]
[max_delta_step: 0]
[lambda_l1: 0]
[lambda_l2: 1]
[linear_lambda: 0]
[min_gain_to_split: 0]
[drop_rate: 0.1]
[max_drop: 50]
[skip_drop: 0.5]
[xgboost_dart_mode: 0]
[uniform_drop: 0]
[drop_seed: 16970]
[top_rate: 0.2]
[other_rate: 0.1]
[min_data_per_group: 100]
[max_cat_threshold: 32]
[cat_l2: 10]
[cat_smooth: 10]
[max_cat_to_onehot: 4]
[top_k: 20]
[monotone_constraints: ]
[monotone_constraints_method: basic]
[monotone_penalty: 0]
[feature_contri: ]
[forcedsplits_filename: ]
[refit_decay_rate: 0.9]
[cegb_tradeoff: 1]
[cegb_penalty_split: 0]
[cegb_penalty_feature_lazy: ]
[cegb_penalty_feature_coupled: ]
[path_smooth: 0]
[interaction_constraints: ]
[verbosity: -1]
[saved_feature_importance_type: 0]
[use_quantized_grad: 0]
[num_grad_quant_bins: 4]
[quant_train_renew_leaf: 0]
[stochastic_rounding: 1]
[linear_tree: 0]
[max_bin: 255]
[max_bin_by_feature: ]
[min_data_in_bin: 3]
[bin_construct_sample_cnt: 200000]
[data_random_seed: 5037]
[is_enable_sparse: 1]
[enable_bundle: 1]
[use_missing: 1]
[zero_as_missing: 0]
[feature_pre_filter: 1]
[pre_partition: 0]
[two_round: 0]
[header: 0]
[label_column: ]
[weight_column: ]
[group_column: ]
[ignore_column: ]
[categorical_feature: ]
[forcedbins_filename: ]
[precise_float_parser: 0]
[parser_config_file: ]
[objective_seed: 15411]
[num_class: 1]
[is_unbalance: 0]
[scale_pos_weight: 1]
[sigmoid: 1]
[boost_from_average: 1]
[reg_sqrt: 0]
[alpha: 0.9]
[fair_c: 1]
[poisson_max_delta_step: 0.7]
[tweedie_variance_power: 1.5]
[lambdarank_truncation_level: 30]
[lambdarank_norm: 1]
[label_gain: ]
[lambdarank_position_bias_regularization: 0]
[eval_at: ]
[multi_error_top_k: 1]
[auc_mu_weights: ]
[num_machines: 1]
[local_listen_port: 12400]
[time_out: 120]
[machine_list_filename: ]
[machines: ]
[gpu_platform_id: -1]
[gpu_device_id: -1]
[gpu_device_id_list: ]
[gpu_use_dp: 0]
[num_gpu: 1]

end of parameters

pandas_categorical:[]
