tree
version=v4
num_class=1
num_tree_per_iteration=1
label_index=0
max_feature_idx=84
objective=regression
feature_names=consumo_atual_kw consumo_lag_15m consumo_lag_30m consumo_lag_60m consumo_lag_120m consumo_lag_180m consumo_lag_360m consumo_lag_720m consumo_lag_1440m consumo_lag_10080m consumo_mean_60m consumo_min_60m consumo_max_60m consumo_std_60m consumo_mean_180m consumo_min_180m consumo_max_180m consumo_std_180m consumo_mean_360m consumo_min_360m consumo_max_360m consumo_std_360m consumo_mean_1440m consumo_min_1440m consumo_max_1440m consumo_std_1440m temperatura_externa_c_atual temperatura_externa_c_lag_15m temperatura_externa_c_lag_60m temperatura_externa_c_lag_180m temperatura_externa_c_lag_360m temperatura_externa_c_lag_720m temperatura_externa_c_lag_1440m temperatura_externa_c_media_60m temperatura_externa_c_media_180m temperatura_externa_c_media_360m temperatura_externa_c_media_1440m umidade_relativa_pct_atual umidade_relativa_pct_lag_15m umidade_relativa_pct_lag_60m umidade_relativa_pct_lag_180m umidade_relativa_pct_lag_360m umidade_relativa_pct_lag_720m umidade_relativa_pct_lag_1440m umidade_relativa_pct_media_60m umidade_relativa_pct_media_180m umidade_relativa_pct_media_360m umidade_relativa_pct_media_1440m origem_hora origem_dia_semana origem_fim_de_semana origem_mes origem_hora_sin origem_hora_cos origem_semana_sin origem_semana_cos consumo_diferenca_semana_atual consumo_razao_semana_atual consumo_diferenca_dia_atual tendencia_consumo_15m tendencia_consumo_60m tendencia_consumo_180m tendencia_consumo_360m correcao_semanal_media_60m correcao_semanal_std_60m correcao_semanal_media_180m correcao_semanal_std_180m correcao_semanal_media_360m correcao_semanal_std_360m correcao_semanal_media_1440m correcao_semanal_std_1440m temperatura_externa_c_diferenca_semana_atual temperatura_externa_c_tendencia_1h umidade_relativa_pct_diferenca_semana_atual umidade_relativa_pct_tendencia_1h alvo_hora alvo_dia_semana alvo_fim_de_semana alvo_mes alvo_hora_sin alvo_hora_cos alvo_semana_sin alvo_semana_cos consumo_alvo_dia_anterior consumo_alvo_semana_anterior
feature_infos=[22.399999999999999:324.71375799999998] [22.399999999999999:324.71375799999998] [22.399999999999999:324.71375799999998] [22.399999999999999:324.71375799999998] [22.399999999999999:324.71375799999998] [22.399999999999999:324.71375799999998] [22.399999999999999:324.71375799999998] [22.399999999999999:324.71375799999998] [22.399999999999999:324.71375799999998] [22.399999999999999:324.71375799999998] [22.399999999999999:321.24876725000001] [22.399999999999999:318.278571] [22.399999999999999:324.71375799999998] [0:82.540869055199337] [22.399999999999999:313.28577408333337] [22.399999999999999:302.53573799999998] [22.399999999999999:324.71375799999998] [0:92.970139865692389] [22.399999999999999:295.13563500000004] [22.399999999999999:249.29458700000001] [22.399999999999999:324.71375799999998] [0:116.53386463160022] [23.200000000000003:159.49963871874999] none [25.600000000000001:324.71375799999998] [1.3929144002343703:128.71471884334804] [15:33.700000000000003] [15:33.700000000000003] [15:33.700000000000003] [15:33.700000000000003] [15:33.700000000000003] [15:33.700000000000003] [15:33.700000000000003] [15:33.4375] [15:32.71875] [15.333333333333334:31.620833333333334] [16.439843749999998:27.283072916666669] [31:98] [31:98] [31:98] [31:98] [31:98] [31:98] [31:98] [32.5:95.625] [33.666666666666664:95.083333333333329] [37.041666666666664:94] [59.309895833333336:91.638020833333329] [0:23.75] [0:6] [0:1] [1:4] [-1:1] [-1:1] [-0.97492791218182362:0.97492791218182362] [-0.90096886790241903:1] [-72.635950000000008:77.445233000000002] [0.43630911779503978:2.09406877563422] [-291.363968:296.779246] [-121.30707899999999:153.05878799999999] [-124.27709300000001:153.05878799999999] [-180.63157299999997:268.16051600000003] [-299.363968:299.97924600000005] [-70.384351250000009:75.467424499999993] [0:44.359338508129341] [-67.777903583333341:70.921986416666655] [0:38.631403568061003] [-64.848194500000005:62.415354583333333] [0:37.083675449251288] [-34.945017510416669:27.905951093750001] [0:30.68446053870321] [-12:11.5] [-8:4.8000000000000007] [-49:48] [-30:40] [0:23.75] [0:6] [0:1] [1:4] [-1:1] [-1:1] [-0.97492791218182362:0.97492791218182362] [-0.90096886790241903:1] [22.399999999999999:324.71375799999998] [22.399999999999999:324.71375799999998]
tree_sizes=1436 1445 1446 1437 1433 1443 1429 1431 1448 1429 1426 1446 1443 1462 1431 1428 1437 1456 1439 1450 1443 1440 1449 1439 1442 1448 1457 1438 1429 1439 1441 1452 1442 1452 1432 1434 1431 1448 1434 1421 1431 1439 1426 1449 1448 1442 1446 1431 1448 1463 1454 1433 1439 1435 1444 1432 1450 1432 1461

Tree=0
num_leaves=15
num_cat=0
split_feature=56 56 84 84 56 56 56 71 84 52 84 69 71 71
split_gain=1.28367e+06 782354 162425 102619 102833 102168 74634.6 27747.5 46737.9 40086.3 35320.9 29712.2 27343.5 21308.3
threshold=-17.784266499999983 12.469554000000004 90.634957500000013 42.523274000000008 29.782057499999997 -39.120545499999984 -5.1962375000000014 0.16249999999999967 42.523274000000008 0.97335555334614943 95.096375000000009 8.2327959375000024 -2.8499999999999992 8.3125000000000018
decision_type=2 2 2 2 2 2 2 2 2 2 2 2 2 2
left_child=2 6 -1 -3 -5 -4 -2 9 -9 -8 -11 -10 -12 -6
right_child=1 3 5 4 13 -7 7 8 11 10 12 -13 -14 -15
leaf_value=-0.95876450157626658 -1.3937440991134571 -0.95303919207090182 -3.3580225673747193 0.039570230374714965 0.82108865532022768 -2.3492927152630054 -0.96962290201938806 -0.9527425806099169 -0.68086176714782631 -0.98870526508407852 -2.8571744515063369 0.0021352222972719215 -1.5881683185414519 1.8353474622453865
leaf_weight=153 1029 156 384 786 463 744 3362 2201 722 201 55 204 183 62
leaf_count=153 1029 156 384 786 463 744 3362 2201 722 201 55 204 183 62
internal_value=-1.00286 -0.800949 -2.48729 0.259629 0.40378 -2.69447 -0.996618 -0.937586 -0.827289 -1.02835 -1.47713 -0.529474 -1.88796 0.946036
internal_weight=10705 9424 1281 1467 1311 1128 7957 6928 3127 3801 439 926 238 525
internal_count=10705 9424 1281 1467 1311 1128 7957 6928 3127 3801 439 926 238 525
is_linear=0
shrinkage=1


Tree=1
num_leaves=15
num_cat=0
split_feature=56 56 84 84 56 56 56 71 71 84 52 71 84 56
split_gain=1.15967e+06 710716 146432 93533.9 99620.4 84490.4 71803.8 28139 25281.3 36310.3 34921.3 30402.7 22296.4 22233.6
threshold=-18.735693999999999 11.821706499999992 97.515739500000009 42.523274000000008 24.857463000000006 -42.873081999999975 -6.9021500000000122 6.2750000000000012 0.16249999999999967 42.523274000000008 0.98611507088852057 2.2375000000000012 97.048518000000016 -29.421546499999994
decision_type=2 2 2 2 2 2 2 2 2 2 2 2 2 2
left_child=2 6 -1 -3 -5 -4 -2 -6 10 -10 -8 -11 -12 -7
right_child=1 3 5 4 7 13 8 -9 9 11 12 -13 -14 -15
leaf_value=-0.010669903079920178 -0.42553144699919204 0.047364247302336196 -2.3435276784314221 0.84225590833536301 1.4925858532021621 -1.6169533583820597 0.012047503977044238 2.1680589767212566 0.047615446022113567 0.24936923671664749 -0.035455477816554219 0.89836841477879459 -0.89405032487514891 -1.0712573646682582
leaf_weight=157 882 162 310 607 506 408 3634 234 2196 690 129 244 182 364
leaf_count=157 882 162 310 607 506 408 3634 234 2196 690 129 244 182 364
internal_value=3.22848e-06 0.188328 -1.4378 1.18281 1.31923 -1.64467 -0.000395385 1.70882 0.0526566 0.158743 -0.0315326 0.419695 -0.539168 -1.36137
internal_weight=10705 9466 1239 1509 1347 1082 7957 740 7075 3130 3945 934 311 772
internal_count=10705 9466 1239 1509 1347 1082 7957 740 7075 3130 3945 934 311 772
is_linear=0
shrinkage=0.05


Tree=2
num_leaves=15
num_cat=0
split_feature=56 56 84 56 84 56 56 56 56 71 84 66 71 84
split_gain=1.04722e+06 635681 130988 90876 85775.1 63150.5 52327.3 47272.5 22196.8 16233.1 36365.5 45973.8 29675.6 25293.7
threshold=-16.838949999999993 17.480852500000001 90.634957500000013 -33.52329799999999 42.523274000000008 -4.5722814999999875 34.785036000000012 5.3097015000000036 -44.093216500000004 0.07500000000000108 90.634957500000013 6.922389260541761e-07 -2.8499999999999992 42.523274000000008
decision_type=2 2 2 2 2 2 2 2 2 2 2 2 2 2
left_child=2 5 -1 8 -3 -2 -6 9 -4 10 -7 12 -12 -11
right_child=1 4 3 -5 6 7 -8 -9 -10 13 11 -13 -14 -15
leaf_value=0.044157855416748937 -0.33333448278925942 0.044935410206134507 -2.2573083643651093 -1.0549738358372485 1.1578366482754023 0.046597952079014841 1.9045029898539891 0.45537720551391969 -1.6202470936465998 0.045264837151303944 -1.7595651190621515 -0.044720012549026585 -0.5541063416359604 0.40133088983690235
leaf_weight=156 1050 129 290 585 707 2853 358 756 292 2167 69 451 195 647
leaf_count=156 1050 129 290 585 707 2853 358 756 292 2167 69 451 195 647
internal_value=7.48815e-08 0.18575 -1.31638 -1.49814 1.26302 0.0285243 1.41038 0.0817929 -1.94101 0.0374744 -0.0333419 -0.351938 -0.87462 0.127246
internal_weight=10705 9382 1323 1167 1194 8188 1065 7138 582 6382 3568 715 264 2814
internal_count=10705 9382 1323 1167 1194 8188 1065 7138 582 6382 3568 715 264 2814
is_linear=0
shrinkage=0.05


Tree=3
num_leaves=15
num_cat=0
split_feature=56 56 84 84 56 56 56 71 71 84 17 52 84 71
split_gain=948463 590162 111162 77058 82607.2 70837.2 57966.6 24609.8 20649.5 30397.1 29060.1 28661 26310.6 22998.2
threshold=-21.157216999999999 11.821706499999992 98.256888500000017 42.523274000000008 24.857463000000006 -6.9021500000000122 -44.093216500000004 8.0125000000000011 0.20000000000000109 42.523274000000008 2.3981020041341209e-05 0.97335555334614943 95.096375000000009 -2.1374999999999988
decision_type=2 2 2 2 2 2 2 2 2 2 2 2 2 2
left_child=2 5 -1 -3 -5 -2 -4 -6 11 -10 -11 -7 -13 -14
right_child=1 3 6 4 7 8 -8 -9 9 10 -12 12 13 -15
leaf_value=-0.0083963455548926973 -0.40446684478885903 0.038622799195760601 -2.1448307776164355 0.75870633414750432 1.4487370122597181 0.019582837681336649 -1.3003773596200547 2.434189049185139 0.042521817747382361 0.85706084024130191 0.21743166201775344 0.01375716159055973 -1.4409639505306033 -0.40601645778398965
leaf_weight=133 987 162 290 607 668 3532 711 72 2182 240 679 202 81 159
leaf_count=133 987 162 290 607 668 3532 711 72 2182 240 679 202 81 159
internal_value=-1.63877e-05 0.162031 -1.36664 1.0692 1.19302 -0.00787867 -1.54692 1.54777 0.0474968 0.144175 0.385223 -0.0279605 -0.407063 -0.759841
internal_weight=10705 9571 1134 1509 1347 8062 1001 740 7075 3101 919 3974 442 240
internal_count=10705 9571 1134 1509 1347 8062 1001 740 7075 3101 919 3974 442 240
is_linear=0
shrinkage=0.05


Tree=4
num_leaves=15
num_cat=0
split_feature=56 56 84 84 56 56 56 71 84 71 30 71 84 27
split_gain=856190 533449 100754 73071.9 72585.8 53488.5 42990.4 41869 16871.5 14572.3 13702.6 13347.1 36291.6 41911.9
threshold=-21.157216999999999 18.240221500000022 91.316468000000015 42.523274000000008 -4.5722814999999875 -42.873081999999975 5.3097015000000036 6.0125000000000002 284.32638350000008 -5.0124999999999984 26.237500000000004 -0.099999999999999631 75.408333500000012 19.012500000000003
decision_type=2 2 2 2 2 2 2 2 2 2 2 2 2 2
left_child=2 4 -1 -3 8 9 11 -5 -2 -4 -7 12 -6 -14
right_child=1 3 5 7 6 10 -8 -9 -10 -11 -12 -13 13 -15
leaf_value=0.046310176086425785 -0.29742392515151134 0.040789637886560884 -2.2011181772002542 1.1113905667543589 0.044858924466376321 -1.2888992808196906 0.422568022642688 1.8453684945036188 -1.1944262602468105 -1.3421305856234591 -0.51580735101844322 0.1040658138987654 -1.1843654779962791 -0.17198488316357874
leaf_weight=124 1185 129 240 757 2490 635 798 266 54 70 65 3269 128 495
leaf_count=124 1185 129 240 757 2490 635 798 266 54 70 65 3269 128 495
internal_value=-1.4977e-05 0.153948 -1.29846 1.16258 0.0158129 -1.46345 0.0768114 1.30385 -0.33745 -2.01209 -1.21795 0.0335189 -0.0405729 -0.381551
internal_weight=10705 9571 1134 1152 8419 1010 7180 1023 1239 310 700 6382 3113 623
internal_count=10705 9571 1134 1152 8419 1010 7180 1023 1239 310 700 6382 3113 623
is_linear=0
shrinkage=0.05


Tree=5
num_leaves=15
num_cat=0
split_feature=56 56 84 56 84 56 56 84 71 66 71 71 71 25
split_gain=774464 463095 98087.6 84080.8 65961.5 47919.9 38255.7 35592.7 55332.5 25022.9 24213.3 18386.1 15167.3 13263.7
threshold=-14.978073999999991 18.240221500000022 90.634957500000013 -33.52329799999999 42.523274000000008 5.3097015000000036 36.116862000000005 107.19768550000002 -1.8499999999999994 4.6251717552184865e-07 2.2624999999999997 -5.0124999999999984 -2.8499999999999992 95.128233236136637
decision_type=2 2 2 2 2 2 2 2 2 2 2 2 2 2
left_child=2 5 -1 11 -3 7 -6 -2 9 -9 -10 13 -5 -4
right_child=1 4 3 12 6 -7 -8 8 10 -11 -12 -13 -14 -15
leaf_value=0.054856620569314278 0.057780383785697109 0.038765843029205618 -2.1389582810422922 -1.0556421749727636 1.0287442180675659 0.40146606221532233 1.6915153854771665 -1.3652114675714841 -0.091145348472362706 -0.47386436200012333 0.8264385063495292 -1.2981822512565404 -0.57297307817669185 -1.4875648814439775
leaf_weight=167 5475 129 226 394 701 798 322 102 1331 344 75 217 285 139
leaf_count=167 5475 129 226 394 701 798 322 102 1331 344 75 217 285 139
internal_value=-3.56267e-05 0.166853 -1.08358 -1.23428 1.10458 0.0337781 1.23881 -0.00631699 -0.195735 -0.680313 -0.0416463 -1.67548 -0.85419 -1.89564
internal_weight=10705 9277 1428 1261 1152 8125 1023 7327 1852 446 1406 582 679 365
internal_count=10705 9277 1428 1261 1152 8125 1023 7327 1852 446 1406 582 679 365
is_linear=0
shrinkage=0.05


Tree=6
num_leaves=15
num_cat=0
split_feature=56 56 84 84 56 56 56 71 84 69 52 21 71 84
split_gain=699826 438461 82626 58068.4 64373.7 55368.3 42061.6 16148.5 26169 27514.1 22249.4 17039.2 15648.4 14181.9
threshold=-21.542102499999995 11.821706499999992 91.316468000000015 42.523274000000008 29.441422500000005 -7.0630304999999955 -44.093216500000004 0.20000000000000109 42.523274000000008 5.8223991614583346 0.98611507088852057 28.009576633005256 8.3125000000000018 97.048518000000016
decision_type=2 2 2 2 2 2 2 2 2 2 2 2 2 2
left_child=2 5 -1 -3 -5 -2 -4 10 -9 -10 -7 -11 -6 -12
right_child=1 3 6 4 12 7 -8 8 9 11 13 -13 -14 -15
leaf_value=0.041286888888211755 -0.35909115127367341 0.025214004269772512 -1.8456462870758423 0.741210484403792 1.345527290745675 0.0084533916903803945 -1.1246537003053241 0.031574115428802244 0.17230900700276319 1.0547064650886588 -0.028937630935479672 0.21543670432662132 2.2054604106479223 -0.71061870201213939
leaf_weight=122 987 162 290 803 482 3679 701 2182 650 179 130 92 62 184
leaf_count=122 987 162 290 803 482 3679 701 2182 650 179 130 92 62 184
internal_value=-5.43164e-05 0.137697 -1.18628 0.919786 1.02728 -0.00840508 -1.33729 0.0404164 0.125961 0.349301 -0.0260758 0.771628 1.4474 -0.429382
internal_weight=10705 9592 1113 1509 1347 8083 991 7096 3103 921 3993 271 544 314
internal_count=10705 9592 1113 1509 1347 8083 991 7096 3103 921 3993 271 544 314
is_linear=0
shrinkage=0.05


Tree=7
num_leaves=15
num_cat=0
split_feature=56 56 84 56 84 56 71 71 84 71 35 71 31 25
split_gain=633120 370662 88596.5 86478.9 53993 36673.6 34052.5 22273.5 21637 40923.3 28514.5 20178.7 12609.1 12410.7
threshold=-12.385231000000003 18.240221500000022 97.515739500000009 -29.421546499999994 42.523274000000008 5.4663134999999849 6.0125000000000002 -5.0124999999999984 103.85360150000001 -1.8499999999999994 19.101041666666671 2.2375000000000012 20.512500000000003 91.738099931299956
decision_type=2 2 2 2 2 2 2 2 2 2 2 2 2 2
left_child=2 5 -1 7 -3 8 -6 13 -2 10 -10 -11 -8 -4
right_child=1 4 3 -5 6 -7 12 -9 9 11 -12 -13 -14 -15
leaf_value=0.026182356980293309 0.054928516945758447 0.035591460420535161 -2.0470992346229795 -0.65217327461414087 0.94792569241631475 0.36649482147217488 0.94624063284670723 -1.1241428971290588 -1.5759982943534852 -0.069860905159461126 -0.4104967269511825 0.70428320675674416 1.7970171062266769 -1.4513473819068412
leaf_weight=218 5385 129 158 681 757 777 60 322 62 1300 323 89 206 238
leaf_count=218 5385 129 158 681 757 777 60 322 62 1300 323 89 206 238
internal_value=-4.33242e-05 0.162179 -0.911315 -1.05732 0.999877 0.0404669 1.12132 -1.44014 0.00503528 -0.146362 -0.601785 -0.0197867 1.60938 -1.6936
internal_weight=10705 9088 1617 1399 1152 7936 1023 718 7159 1774 385 1389 266 396
internal_count=10705 9088 1617 1399 1152 7936 1023 718 7159 1774 385 1389 266 396
is_linear=0
shrinkage=0.05


Tree=8
num_leaves=15
num_cat=0
split_feature=56 56 84 84 56 56 56 71 84 69 52 84 71 21
split_gain=573236 351471 73937.2 47207.6 51536.9 43609.2 36646.5 13289 35049.3 22491.8 15784.2 15745.2 21358.8 15186.3
threshold=-18.735693999999999 12.469554000000004 90.634957500000013 42.523274000000008 29.782057499999997 -39.120545499999984 -4.5722814999999875 0.95000000000000118 42.523274000000008 -1.0000000180025095e-35 0.97335555334614943 94.677831500000011 -1.9249999999999987 26.006503096908212
decision_type=2 2 2 2 2 2 2 2 2 2 2 2 2 2
left_child=2 6 -1 -3 -5 -4 -2 10 -9 -10 -8 -12 -13 -11
right_child=1 3 5 4 -6 -7 7 8 9 13 11 12 -14 -15
leaf_value=0.04158328811864595 -0.26134946225083328 0.021094477897996358 -1.5824618591581072 0.68358674868898417 1.3250445571972391 -0.9174315205781769 0.027487214614957678 0.026768615573836085 0.1212560860070202 0.98952516830257053 0.02819987851896404 -1.0567788353189826 -0.16094773309193103 0.33087692535147561
leaf_weight=147 1134 156 384 786 525 708 3832 1867 286 210 242 111 165 152
leaf_count=147 1134 156 384 786 525 708 3832 1867 286 210 242 111 165 152
internal_value=-5.26129e-05 0.132353 -1.01093 0.843507 0.941278 -1.15252 0.00184014 0.045347 0.136812 0.453335 -0.00755355 -0.266328 -0.523742 0.714639
internal_weight=10705 9466 1239 1467 1311 1092 7999 6865 2515 648 4350 518 276 362
internal_count=10705 9466 1239 1467 1311 1092 7999 6865 2515 648 4350 518 276 362
is_linear=0
shrinkage=0.05


Tree=9
num_leaves=15
num_cat=0
split_feature=56 56 84 56 84 56 71 56 84 6 31 30 69 84
split_gain=518554 324241 61264 45483.2 44174.5 31575.6 29919.5 25820.5 14328.1 12904.3 12426.2 10412.2 9998.77 25815.7
threshold=-21.542102499999995 18.240221500000022 91.316468000000015 -5.1962375000000014 42.523274000000008 -44.093216500000004 5.1000000000000005 5.4663134999999849 284.32638350000008 250.21199250000004 20.912500000000005 26.237500000000004 5.8223991614583346 42.523274000000008
decision_type=2 2 2 2 2 2 2 2 2 2 2 2 2 2
left_child=2 3 -1 8 -3 9 -6 12 -2 -4 -8 -7 -5 -14
right_child=1 4 5 7 6 11 10 -9 -10 -11 -12 -13 13 -15
leaf_value=0.035878592244977879 -0.23577852219843579 0.032778966472699088 -1.7315306430382114 -0.0095085249585279766 0.80986191727698031 -1.0270500943635124 0.868588843693336 0.33041818938708856 -1.0557740552084787 -0.76673086962916637 1.5494388435008752 -0.34138583171935311 0.028564310632798635 0.52182740724335119
leaf_weight=122 1142 129 247 4908 655 639 95 777 55 43 273 62 1220 338
leaf_count=122 1142 129 247 4908 655 639 95 777 55 43 273 62 1220 338
internal_value=-5.17733e-05 0.118525 -1.02115 0.0110824 0.904997 -1.15118 1.01484 0.0582778 -0.274306 -1.5916 1.37651 -0.966979 0.0255295 0.135841
internal_weight=10705 9592 1113 8440 1152 991 1023 7243 1197 290 368 701 6466 1558
internal_count=10705 9592 1113 8440 1152 991 1023 7243 1197 290 368 701 6466 1558
is_linear=0
shrinkage=0.05


Tree=10
num_leaves=15
num_cat=0
split_feature=56 56 71 84 84 56 56 71 84 71 35 71 84 31
split_gain=469869 274134 70835.9 51663.4 42392 31644.6 25171.1 22657.1 17560.6 34185.4 24016.5 16185.5 12485 10288.5
threshold=-12.096634000000021 19.878724000000009 -3.4875000000000003 94.677831500000011 42.523274000000008 5.3097015000000036 -41.252138999999978 6.0125000000000002 107.19768550000002 -1.8499999999999994 19.101041666666671 2.2624999999999997 90.634957500000013 20.262500000000003
decision_type=2 2 2 2 2 2 2 2 2 2 2 2 2 2
left_child=2 5 3 -1 -3 8 -5 -6 -2 10 -10 -11 -4 -9
right_child=1 4 12 6 7 -7 -8 13 9 11 -12 -13 -14 -15
leaf_value=0.048534723122914632 0.04901033796366086 0.031146920290518933 0.1192686934494278 -1.5319277766328421 0.85200434281411086 0.32257993628248777 -0.96706310174875443 0.7711508218731199 -1.4685419615174904 -0.059832265744533722 -0.38007912440014507 0.69178147927710887 -0.47931750494839803 1.5619847529307362
leaf_weight=95 5430 126 102 321 677 882 538 55 60 1244 308 75 582 210
leaf_count=95 5430 126 102 321 677 882 538 55 60 1244 308 75 582 210
internal_value=-5.38089e-05 0.140764 -0.779149 -1.05745 0.892776 0.040259 -1.17968 1.00787 0.00523094 -0.135629 -0.561045 -0.0166029 -0.390011 1.40137
internal_weight=10705 9067 1638 954 1068 7999 859 942 7117 1687 368 1319 684 265
internal_count=10705 9067 1638 954 1068 7999 859 942 7117 1687 368 1319 684 265
is_linear=0
shrinkage=0.05


Tree=11
num_leaves=15
num_cat=0
split_feature=56 56 84 84 56 56 56 71 25 84 84 71 52 84
split_gain=424889 265858 49994.3 38211.3 42678.8 32867.8 25633 15964.5 11890.4 11357.7 11207.6 10091.5 21634.1 16191.7
threshold=-21.542102499999995 11.086414999999997 91.316468000000015 42.523274000000008 24.524234499999981 -8.0378734999999875 -44.093216500000004 8.3125000000000018 96.652063400669192 276.10256350000003 90.634957500000013 -0.099999999999999631 0.97335555334614943 42.523274000000008
decision_type=2 2 2 2 2 2 2 2 2 2 2 2 2 2
left_child=2 5 -1 -3 -5 10 8 -6 -4 11 -2 12 -7 -13
right_child=1 3 6 4 7 9 -8 -9 -10 -11 -12 13 -14 -15
leaf_value=0.030542093370018938 0.19248282015323639 0.0036566011047776724 -1.6346625480293668 0.48548040026005279 0.9727927465668158 0.016353448967104004 -0.87582404387761914 1.7976252013986764 -0.8919447643328694 -0.46359762982304753 -0.36095310180737544 0.023192375590895663 -0.39600749866564722 0.25234421653857642
leaf_weight=122 103 172 212 621 693 3057 701 65 78 115 779 2524 354 1109
leaf_count=122 103 172 212 621 693 3057 701 65 78 115 779 2524 354 1109
internal_value=-5.31709e-05 0.107281 -0.924343 0.706419 0.794007 -0.00835781 -1.04181 1.0458 -1.43865 0.0271385 -0.296178 0.0352149 -0.0265457 0.0931929
internal_weight=10705 9592 1113 1551 1379 8041 991 758 290 7159 882 7044 3411 3633
internal_count=10705 9592 1113 1551 1379 8041 991 758 290 7159 882 7044 3411 3633
is_linear=0
shrinkage=0.05


Tree=12
num_leaves=15
num_cat=0
split_feature=56 56 71 84 84 56 56 71 84 84 71 52 84 28
split_gain=384124 224596 58176.7 42514.9 34532.1 25936.1 20369.6 19637.3 16313.6 11321.5 9548.32 20045.3 16903.9 25777
threshold=-12.385231000000003 19.878724000000009 -3.4875000000000003 94.677831500000011 42.523274000000008 5.4663134999999849 -41.252138999999978 5.1000000000000005 273.33104300000008 284.32638350000008 0.61250000000000082 0.98611507088852057 94.677831500000011 19.012500000000003
decision_type=2 2 2 2 2 2 2 2 2 2 2 2 2 2
left_child=2 5 3 -1 -3 8 -5 -6 10 -4 12 -12 -2 -14
right_child=1 4 9 6 7 -7 -8 -9 -10 -11 11 -13 13 -15
leaf_value=0.043525593665738903 0.034351824809112572 0.029420446974086013 -0.2958300696731152 -1.3875807801944129 0.72660166645471813 0.2946635128236581 -0.8793404852914416 1.198352005111424 -0.41953815059821037 -1.1554000323865472 0.052793628361566751 0.56287225859439272 -0.72799463674124032 -0.087693494252436166
leaf_weight=95 3169 126 623 321 576 861 538 366 219 40 2330 209 184 1048
leaf_count=95 3169 126 623 321 576 861 538 366 219 40 2330 209 184 1048
internal_value=-5.44758e-05 0.126304 -0.709862 -0.959777 0.807091 0.0355557 -1.07066 0.91097 0.0043565 -0.349351 0.0177915 0.0949863 -0.0267547 -0.183836
internal_weight=10705 9088 1617 954 1068 8020 859 942 7159 663 6940 2539 4401 1232
internal_count=10705 9088 1617 954 1068 8020 859 942 7159 663 6940 2539 4401 1232
is_linear=0
shrinkage=0.05


Tree=13
num_leaves=15
num_cat=0
split_feature=56 56 84 84 56 84 71 71 84 26 84 69 69 6
split_gain=347659 217452 41473.1 31733.3 35975.7 26826.2 20727.8 14859.3 26302.3 27897.2 13541.8 26330.4 12158.6 11980.2
threshold=-21.542102499999995 11.086414999999997 98.256888500000017 42.523274000000008 29.782057499999997 273.33104300000008 -7.1749999999999998 -0.099999999999999631 90.634957500000013 19.012500000000003 42.523274000000008 11.840655182291668 -10.466263937499997 267.61538350000006
decision_type=2 2 2 2 2 2 2 2 2 2 2 2 2 2
left_child=2 5 -1 -3 -5 7 -4 8 -2 12 -9 -12 -10 -8
right_child=1 3 6 4 -6 -7 13 10 9 -11 11 -13 -14 -15
leaf_value=-0.00043468434702266349 0.036154171166804548 -0.0015140442071331806 -1.4259728557640508 0.51744578215190107 1.0444791015761661 -0.45325827431709814 -0.88381712048115846 0.018925842576176872 -1.4005387429396312 -0.14625054688465844 0.13324479481009741 0.84359458673993748 -0.51680493624091661 -0.067544601948893807
leaf_weight=131 2671 172 185 854 525 323 749 2527 59 1189 1006 149 117 48
leaf_count=131 2671 172 185 854 525 323 749 2527 59 1189 1006 149 117 48
internal_value=-6.11434e-05 0.0970297 -0.836141 0.638885 0.718704 -0.00755334 -0.947511 0.0111558 -0.0551027 -0.233568 0.0837799 0.225533 -0.819296 -0.834803
internal_weight=10705 9592 1113 1551 1379 8041 982 7718 4036 1365 3682 1155 176 797
internal_count=10705 9592 1113 1551 1379 8041 982 7718 4036 1365 3682 1155 176 797
is_linear=0
shrinkage=0.05


Tree=14
num_leaves=15
num_cat=0
split_feature=56 56 71 84 84 56 65 56 84 71 29 69 84 43
split_gain=314960 183864 49805.3 35163.8 28223 21062.2 17855.6 17421.5 15768.6 26425.3 17052.8 12511.1 10329.4 9327.29
threshold=-12.096634000000021 19.878724000000009 -3.4875000000000003 94.677831500000011 42.523274000000008 2.7643829999999814 -40.962374958333321 36.832735000000021 103.85360150000001 -2.1374999999999988 19.212500000000002 10.814061364583337 284.32638350000008 58.625000000000007
decision_type=2 2 2 2 2 2 2 2 2 2 2 2 2 2
left_child=2 5 3 -1 -3 8 -5 -6 -2 10 -10 -11 -4 -9
right_child=1 4 12 6 7 -7 -8 13 9 11 -12 -13 -14 -15
leaf_value=0.041145753053327405 0.041617390567697823 0.028036112860431825 -0.26094980224812026 -1.3476395336990683 0.67458247522209924 0.23685612092199348 -0.83043592730165716 1.514975457043823 -1.3894124839040969 -0.08273134968811463 -0.3890478319115937 0.61382118393393137 -1.0628945184308429 0.92279963645289842
leaf_weight=95 5337 126 642 233 638 1092 626 108 53 1241 209 67 42 196
leaf_count=95 5337 126 642 233 638 1092 626 108 53 1241 209 67 42 196
internal_value=-6.88375e-05 0.115223 -0.637935 -0.871289 0.731097 0.0329121 -0.972129 0.825007 0.000638798 -0.1386 -0.595925 -0.04661 -0.311672 1.13746
internal_weight=10705 9067 1638 954 1068 7999 859 942 6907 1570 262 1308 684 304
internal_count=10705 9067 1638 954 1068 7999 859 942 6907 1570 262 1308 684 304
is_linear=0
shrinkage=0.05


Tree=15
num_leaves=15
num_cat=0
split_feature=56 56 84 84 56 84 71 56 6 38 71 84 43 19
split_gain=285252 180511 34589.4 26377.5 29432.9 25562.6 16850.8 13969.3 12067.4 11132.3 9573.49 9266.88 9041.05 9846.61
threshold=-23.553458499999994 11.086414999999997 94.677831500000011 42.523274000000008 30.167594500000025 275.36804450000005 -7.9874999999999998 -8.0378734999999875 267.61538350000006 55.625000000000007 8.3125000000000018 287.58038500000004 46.125000000000007 195.31161050000003
decision_type=2 2 2 2 2 2 2 2 2 2 2 2 2 2
left_child=2 5 -1 -3 9 7 -4 -2 -8 -5 -6 -7 13 -9
right_child=1 3 6 4 10 11 8 12 -10 -11 -12 -13 -14 -15
leaf_value=0.033993200670208848 -0.18972814751483491 -0.0056087006464858973 -1.3973499467675117 0.80084791912300757 0.86967555203953306 -0.3367908744403656 -0.84942593173735836 0.035359486119419921 -0.022343276984368762 0.3759766036047647 1.5407206122837369 -1.065389723777771 0.022456938426365342 1.0616649438034405
leaf_weight=113 813 172 141 201 443 221 728 50 47 673 62 54 6944 43
leaf_count=113 813 172 141 201 443 221 728 50 47 673 62 54 6944 43
internal_value=-7.14172e-05 0.0841261 -0.791119 0.578228 0.651001 -0.0102538 -0.892833 0.00637388 -0.799361 0.474491 0.954943 -0.483203 0.0290537 0.516134
internal_weight=10705 9676 1029 1551 1379 8125 916 7850 775 874 505 275 7037 93
internal_count=10705 9676 1029 1551 1379 8125 916 7850 775 874 505 275 7037 93
is_linear=0
shrinkage=0.05


Tree=16
num_leaves=15
num_cat=0
split_feature=56 56 84 56 84 56 84 71 29 71 71 62 71 37
split_gain=257942 154923 35574.9 32573.7 23654.9 20871.6 18598.7 26077.3 14730.4 13402.7 10622.5 9902.94 9898.26 7772.95
threshold=-14.978073999999991 21.260576500000031 84.179539500000018 -32.732796999999998 63.145266500000005 2.7643829999999814 103.85360150000001 -2.1374999999999988 19.212500000000002 8.0125000000000011 1.9000000000000006 68.608805000000004 -5.0124999999999984 56.125000000000007
decision_type=2 2 2 2 2 2 2 2 2 2 2 2 2 2
left_child=2 5 -1 12 -3 6 -2 8 -8 -6 -9 -12 -4 -7
right_child=1 4 3 -5 9 13 7 10 -10 -11 11 -13 -14 -15
leaf_value=0.06238162023221662 0.03893691822029581 0.049556589951882002 -1.1382981144250397 -0.46504586503709178 0.71488304085057719 0.4859537338358868 -1.2487759361344 -0.09745298762725825 -0.38817211801527457 1.4287370907117243 0.84827201768755922 -0.075005221288455159 -0.7232052281423802 0.15810003544897433
leaf_weight=166 5379 129 373 642 804 224 61 1301 261 72 59 56 247 931
leaf_count=166 5379 129 373 642 804 224 61 1301 261 72 59 56 247 931
internal_value=-6.37648e-05 0.0962495 -0.625392 -0.715838 0.682128 0.0249947 -0.00701143 -0.149159 -0.554567 0.775118 -0.0566427 0.401905 -0.974361 0.222049
internal_weight=10705 9277 1428 1262 1005 8272 7117 1738 322 876 1416 115 620 1155
internal_count=10705 9277 1428 1262 1005 8272 7117 1738 322 876 1416 115 620 1155
is_linear=0
shrinkage=0.05


Tree=17
num_leaves=15
num_cat=0
split_feature=56 56 84 71 84 71 71 84 26 84 84 69 6 70
split_gain=233687 147903 28219.3 22667.5 22203.9 14203.4 12115.5 20548.5 21896.1 11551.9 11250.5 22460.7 10793.4 10583
threshold=-23.553458499999994 11.086414999999997 97.515739500000009 5.9125000000000005 275.36804450000005 -7.9874999999999998 -0.099999999999999631 90.634957500000013 19.012500000000003 42.523274000000008 42.523274000000008 11.532673921875002 267.61538350000006 6.005958402809825e-07
decision_type=2 2 2 2 2 2 2 2 2 2 2 2 2 2
left_child=2 4 -1 9 6 -4 7 -2 -9 -3 -8 13 -7 -12
right_child=1 3 5 -5 -6 12 10 8 -10 -11 11 -13 -14 -15
leaf_value=0.014908046919410512 0.029873774886542581 -0.019380864917355425 -1.2726456781534452 0.86484869175121148 -0.45007027434590069 -0.77005572618283802 0.012460361524040023 -0.71145508007171587 -0.12940628476179064 0.47191341582275642 0.88260541464700271 0.7626374976818342 0.027315862606401033 0.081013008713762061
leaf_weight=117 2680 135 141 370 275 726 2527 184 1283 1046 42 153 45 981
leaf_count=117 2680 135 141 370 275 726 2527 184 1283 1046 42 153 45 981
internal_value=-6.22077e-05 0.076146 -0.716049 0.5234 -0.00928524 -0.809737 0.00621163 -0.0524796 -0.202845 0.415785 0.0719365 0.19962 -0.723541 0.114753
internal_weight=10705 9676 1029 1551 8125 912 7850 4147 1467 1181 3703 1176 771 1023
internal_count=10705 9676 1029 1551 8125 912 7850 4147 1467 1181 3703 1176 771 1023
is_linear=0
shrinkage=0.05


Tree=18
num_leaves=15
num_cat=0
split_feature=56 56 84 71 84 56 65 84 71 9 36 84 71 9
split_gain=211458 126630 33299.1 30533.2 21340.7 17894.2 13014.9 10768.3 10680.4 7660.63 7548.77 14936.3 21859.6 10355.5
threshold=-13.184454500000028 22.745079500000006 90.634957500000013 -3.3625000000000003 63.145266500000005 5.3097015000000036 -40.962374958333321 273.33104300000008 8.3125000000000018 279.94015300000007 22.654296875000004 95.096375000000009 -2.1374999999999988 83.963386000000014
decision_type=2 2 2 2 2 2 2 2 2 2 2 2 2 2
left_child=2 5 -1 6 -3 7 -4 10 -6 -8 11 -2 13 -13
right_child=1 4 3 -5 8 -7 9 -9 -10 -11 -12 12 -14 -15
leaf_value=0.078803816212651645 0.023012930024282712 0.034316082263556057 -1.1254898541180764 -0.31586391019053983 0.67873028738998831 0.22569065911384306 -0.61123701415224896 -0.33130453925074665 1.348752875310002 -1.1135160175807119 0.061486503584637087 -1.1045065644175507 -0.09253925343166243 -0.34373457129161383
leaf_weight=191 2388 126 235 504 751 1008 534 235 65 90 3666 85 731 96
leaf_count=191 2388 126 235 504 751 1008 534 235 65 90 3666 85 731 96
internal_value=-6.0055e-05 0.0915314 -0.539124 -0.62571 0.640277 0.0284914 -0.806927 0.000859827 0.733688 -0.685347 0.0121114 -0.0427418 -0.214752 -0.705109
internal_weight=10705 9151 1554 1363 942 8209 859 7201 816 624 6966 3300 912 181
internal_count=10705 9151 1554 1363 942 8209 859 7201 816 624 6966 3300 912 181
is_linear=0
shrinkage=0.05


Tree=19
num_leaves=15
num_cat=0
split_feature=56 56 84 84 84 71 84 26 84 71 21 71 65 69
split_gain=191456 121634 23348.9 21659.2 17261.7 16804.7 20348.4 17151.6 15049 19062.2 18162.9 14327.6 12530.2 9221.8
threshold=-23.553458499999994 18.553630999999999 115.71691900000002 287.58038500000004 42.523274000000008 -0.099999999999999631 90.634957500000013 19.012500000000003 42.523274000000008 2.1000000000000001 21.618480301953209 5.1000000000000005 -42.83184108333333 -10.466263937499997
decision_type=2 2 2 2 2 2 2 2 2 2 2 2 2 2
left_child=2 3 -1 5 -3 6 -2 13 -7 -10 -11 -6 -4 -8
right_child=1 4 12 -5 11 8 7 -9 9 10 -12 -13 -14 -15
leaf_value=-0.12297932583901844 0.026245785472612901 0.0090464146735594244 -1.1037426761133753 -0.96701823546175381 0.48076528600277091 0.0072970711398730286 -1.1560629879842039 -0.13946249333983493 0.10505166337317295 1.0286088982708435 0.28191247646843559 0.87477215802469088 -0.64826345702787069 -0.39931929988265041
leaf_weight=176 2691 128 200 56 636 2563 60 1445 1218 116 272 367 653 124
leaf_count=176 2691 128 200 56 636 2563 60 1445 1218 116 272 367 653 124
internal_value=-6.9137e-05 0.0689102 -0.64814 0.00438955 0.555946 0.0109109 -0.0581911 -0.197606 0.0825125 0.202469 0.507222 0.625661 -0.756226 -0.650999
internal_weight=10705 9676 1029 8545 1131 8489 4320 1629 4169 1606 388 1003 853 184
internal_count=10705 9676 1029 8545 1131 8489 4320 1629 4169 1606 388 1003 853 184
is_linear=0
shrinkage=0.05


Tree=20
num_leaves=15
num_cat=0
split_feature=56 56 71 84 84 56 56 84 71 9 71 69 43 84
split_gain=173572 102873 30101.6 21377.4 17540.2 14549.5 11350.2 9464.22 17619.5 11751.2 9362.85 9089.02 8273.18 7779.65
threshold=-12.096634000000021 22.745079500000006 -3.2375000000000003 92.333966500000017 63.145266500000005 2.7643829999999814 -47.259767999999987 103.85360150000001 -2.1374999999999988 83.963386000000014 8.0125000000000011 10.814061364583337 45.875000000000007 283.32550850000001
decision_type=2 2 2 2 2 2 2 2 2 2 2 2 2 2
left_child=2 5 3 -1 -3 7 -5 -2 9 -9 -6 -10 -7 -4
right_child=1 4 13 6 10 12 -8 8 11 -11 -12 -13 -14 -15
leaf_value=0.037451117872618712 0.031776921876101476 0.030493583301390251 -0.15664402758170451 -1.0241617915933976 0.61027359597941233 0.88605081001069486 -0.61565065592067325 -0.96125010969333879 -0.063523185691162984 -0.24666848567764413 1.2091879307917537 0.53016603309661148 0.16293912184321713 -0.84637723443183033
leaf_weight=103 5337 126 594 233 744 40 665 85 1241 177 72 67 1178 43
leaf_count=103 5337 126 594 233 744 40 665 85 1241 177 72 67 1178 43
internal_value=-7.37279e-05 0.0855135 -0.473597 -0.644493 0.579849 0.0281368 -0.722667 2.98498e-05 -0.107842 -0.481272 0.664534 -0.0327307 0.187394 -0.204457
internal_weight=10705 9067 1638 1001 942 8125 898 6907 1570 262 816 1308 1218 637
internal_count=10705 9067 1638 1001 942 8125 898 6907 1570 262 816 1308 1218 637
is_linear=0
shrinkage=0.05


Tree=21
num_leaves=15
num_cat=0
split_feature=56 56 71 84 84 71 84 17 24 84 71 71 84 11
split_gain=156702 92876.9 27166.8 19301.9 15835.2 13474.4 27070.5 17576 10547.5 9196.85 8498.29 7328.42 7041.51 6991.18
threshold=-12.096634000000021 22.745079500000006 -3.2375000000000003 101.73708950000001 63.145266500000005 1.4500000000000013 42.523274000000008 1.9866838054813594e-05 248.42321500000003 273.77944250000002 8.3125000000000018 -7.1749999999999998 283.32550850000001 271.93466300000006
decision_type=2 2 2 2 2 2 2 2 2 2 2 2 2 2
left_child=2 5 3 -1 -3 9 -7 -8 11 -2 -6 -5 -4 -9
right_child=1 4 12 8 10 6 7 13 -10 -11 -12 -13 -14 -15
leaf_value=0.018862890773410097 -0.00095115262385473017 0.02898090979245704 -0.14882498945508685 -1.249068371013359 0.58245734467735877 0.0028693900737715395 0.89112296926252776 0.20743378147492764 -0.54612298850877972 -0.32626520467477038 1.1797177237994745 -0.74606360589109721 -0.80502015704458418 0.76569240658033288
leaf_weight=108 5616 126 594 107 751 1481 131 611 535 225 65 251 43 61
leaf_count=108 5616 126 594 107 751 1481 131 611 535 225 65 251 43 61
internal_value=-7.19835e-05 0.0812499 -0.449997 -0.612349 0.550954 0.026732 0.129673 0.363247 -0.688623 -0.0135362 0.631419 -0.899464 -0.194313 0.259171
internal_weight=10705 9067 1638 1001 942 8125 2284 803 893 5841 816 358 637 672
internal_count=10705 9067 1638 1001 942 8125 2284 803 893 5841 816 358 637 672
is_linear=0
shrinkage=0.05


Tree=22
num_leaves=15
num_cat=0
split_feature=56 56 84 84 84 56 6 71 84 66 65 44 21 43
split_gain=141967 91057.1 17784.9 16735.4 14901.6 17999.5 11392.4 9498.37 22226.3 13188.1 8553.18 7711.13 7088.6 6981.43
threshold=-23.553458499999994 11.086414999999997 115.71691900000002 287.58038500000004 42.523274000000008 36.832735000000021 267.61538350000006 -1.6874999999999998 71.13744800000002 4.6251717552184865e-07 -40.962374958333321 52.656250000000007 33.206046809268052 64.875000000000014
decision_type=2 2 2 2 2 2 2 2 2 2 2 2 2 2
left_child=2 3 -1 7 -3 11 10 8 -2 -10 -4 -6 -13 -7
right_child=1 4 6 -5 5 13 -8 -9 9 -11 -12 12 -14 -15
leaf_value=-0.099844617444474648 0.022810006971022423 -0.028427448057612631 -0.95096802015672943 -0.87692761031064126 0.64484532902516978 1.0498684516573946 0.16758448487636068 0.033267072328285394 -0.72542707066914236 -0.20310098794331985 -0.58848314346854425 0.11332297032751873 0.41035964902584188 0.56337637489613812
leaf_weight=176 1581 172 232 54 204 149 40 5694 148 648 581 316 555 155
leaf_count=176 1581 172 232 54 204 149 40 5694 148 648 581 316 555 155
internal_value=-6.90626e-05 0.0593298 -0.55813 -0.00770253 0.410261 0.464959 -0.652461 -0.00177896 -0.0857089 -0.301005 -0.692964 0.368287 0.302848 0.804482
internal_weight=10705 9676 1029 8125 1551 1379 853 8071 2377 796 813 1075 871 304
internal_count=10705 9676 1029 8125 1551 1379 853 8071 2377 796 813 1075 871 304
is_linear=0
shrinkage=0.05


Tree=23
num_leaves=15
num_cat=0
split_feature=56 56 84 56 84 71 84 17 73 84 84 68 43 39
split_gain=128762 76510.7 22684.6 21560.7 12959.4 11447.5 23405.6 16345.2 8013.55 7915.39 7238.57 7209.99 6195.45 5899.41
threshold=-12.096634000000021 22.745079500000006 90.634957500000013 -29.421546499999994 63.145266500000005 1.4500000000000013 42.523274000000008 1.9866838054813594e-05 23.125000000000004 273.33104300000008 284.32638350000008 19.187326543270657 43.125000000000007 53.625000000000007
decision_type=2 2 2 2 2 2 2 2 2 2 2 2 2 2
left_child=2 5 -1 8 -3 9 -7 -8 -4 -2 -5 13 -9 -6
right_child=1 4 3 10 11 6 7 12 -10 -11 -12 -13 -14 -15
leaf_value=0.094907814339555877 -0.0010342571791560362 0.027749527685754883 -0.57791556542318678 -0.2420452502949797 0.74356627704807421 0.0011428818898464022 0.84525360961190688 0.80332283775011692 -0.9799096553063974 -0.29723626024822924 -0.90526950440623544 1.0301788616784011 0.19493209496144182 0.43060131779503269
leaf_weight=197 5607 126 557 678 216 1481 131 44 163 234 43 78 628 522
leaf_count=197 5607 126 557 678 216 1481 131 44 163 234 43 78 628 522
internal_value=-6.77943e-05 0.0736486 -0.407914 -0.476673 0.499965 0.0241667 0.11905 0.336238 -0.670155 -0.0129494 -0.282799 0.572757 0.235902 0.523083
internal_weight=10705 9067 1638 1441 942 8125 2284 803 720 5841 721 816 672 738
internal_count=10705 9067 1638 1441 942 8125 2284 803 720 5841 721 816 672 738
is_linear=0
shrinkage=0.05


Tree=24
num_leaves=15
num_cat=0
split_feature=56 56 84 71 84 57 84 71 29 24 69 40 43 56
split_gain=116303 69734.7 20202.1 17620.4 11710.6 11058 9737.14 14702.6 9888.35 9081.9 8044.88 7778.32 7353.76 7019.52
threshold=-13.184454500000028 22.745079500000006 90.634957500000013 -5.0124999999999984 42.523274000000008 1.0012026175821147 103.85360150000001 -2.1374999999999988 19.212500000000002 248.42321500000003 10.814061364583337 51.375000000000007 46.625000000000007 36.832735000000021
decision_type=2 2 2 2 2 2 2 2 2 2 2 2 2 2
left_child=2 5 -1 9 -3 6 -2 8 -8 -4 -9 -5 -7 -6
right_child=1 4 3 11 13 12 7 10 -10 -11 -12 -13 -14 -15
leaf_value=0.081372454754697787 0.027566069071328966 0.0068583609441579402 -0.9618560314178467 0.33613708515961971 0.42847067675993949 0.70340367883186916 -1.0385707535914013 -0.071307024106651393 -0.29279534102533944 -0.52417324430140477 0.5082676408782838 -0.36339276001674387 0.12745207693701918 0.73289829935451023
leaf_weight=191 5322 117 203 41 521 57 55 1208 223 297 62 822 1282 304
leaf_count=191 5322 117 203 41 521 57 55 1208 223 297 62 822 1282 304
internal_value=-5.89487e-05 0.0678674 -0.399841 -0.467285 0.475085 0.0210861 -0.00454101 -0.114871 -0.443534 -0.703438 -0.0426352 -0.329808 0.152476 0.541399
internal_weight=10705 9151 1554 1363 942 8209 6870 1548 278 500 1270 863 1339 825
internal_count=10705 9151 1554 1363 942 8209 6870 1548 278 500 1270 863 1339 825
is_linear=0
shrinkage=0.05


Tree=25
num_leaves=15
num_cat=0
split_feature=56 56 84 84 71 6 71 84 66 24 84 31 52 71
split_gain=105707 68882.7 14696.7 14411.4 11541.1 10008.8 7950.25 15982.3 13002.1 7363.79 7030.7 6512.54 5771.95 11216.6
threshold=-25.228240999999993 11.086414999999997 287.58038500000004 115.71691900000002 6.5250000000000012 266.61772050000008 -0.9875000000000006 90.634957500000013 4.6251717552184865e-07 258.25111550000003 42.523274000000008 20.262500000000003 0.97335555334614943 1.9500000000000013
decision_type=2 2 2 2 2 2 2 2 2 2 2 2 2 2
left_child=3 2 6 -1 10 -5 7 -2 9 -9 -3 -6 -8 -14
right_child=1 4 -4 5 11 -7 12 8 -10 -11 -12 -13 13 -15
leaf_value=-0.075701614001411066 0.021365578914774915 -0.031457193441235938 -0.80153369377848915 -0.62745813774680226 0.15913995102153355 0.18004409545328379 0.021007819706674882 -0.87383076697770579 -0.13538815983596283 -0.22468361519748653 0.33556387308031405 0.78952530187134651 0.036649360983858452 0.54303648049172792
leaf_weight=167 2246 147 57 759 52 40 4099 101 1109 78 1149 203 337 161
leaf_count=167 2246 147 57 759 52 40 4099 101 1109 78 1149 203 337 161
internal_value=-5.74e-05 0.0494445 -0.00844433 -0.49866 0.354858 -0.586858 -0.00278673 -0.0591664 -0.199505 -0.593782 0.293942 0.6621 0.0405593 0.201121
internal_weight=10705 9739 8188 966 1551 799 8131 3534 1288 179 1296 255 4597 498
internal_count=10705 9739 8188 966 1551 799 8131 3534 1288 179 1296 255 4597 498
is_linear=0
shrinkage=0.05


Tree=26
num_leaves=15
num_cat=0
split_feature=56 56 84 84 84 56 6 56 69 84 66 69 0 43
split_gain=95464.3 61542.6 12602.8 12163.6 10713.4 12867.8 9051.29 7653.2 7267.97 9818.93 12870.7 6966.66 6651.31 6564.95
threshold=-23.553458499999994 11.086414999999997 287.58038500000004 94.677831500000011 42.523274000000008 36.116862000000005 267.61538350000006 -47.259767999999987 -1.3374577031249997 77.844594000000015 6.922389260541761e-07 -14.462286713541664 273.10237050000006 64.875000000000014
decision_type=2 2 2 2 2 2 2 2 2 2 2 2 2 2
left_child=3 2 8 -1 -3 -6 7 -5 9 -2 11 -11 -10 -7
right_child=1 4 -4 6 5 13 -8 -9 12 10 -12 -13 -14 -15
leaf_value=0.031520408418094906 0.018513184063072036 -0.034752647711147118 -0.76076284614476297 -0.80513747213612596 0.29873459298451505 0.89617940414336417 0.14764351700337566 -0.46521525059890501 0.031078696781092686 -0.92792752154063496 -0.093470958875568777 -0.31367816523607339 0.52560297445110649 0.43969932339752105
leaf_weight=113 1846 172 54 227 1057 154 48 641 4692 68 1252 145 68 168
leaf_count=113 1846 172 54 227 1057 154 48 641 4692 68 1252 145 68 168
internal_value=-5.77237e-05 0.0486508 -0.00645733 -0.457681 0.337156 0.383535 -0.517999 -0.554936 -0.00131694 -0.0581972 -0.154804 -0.513196 0.0382522 0.660115
internal_weight=10705 9676 8125 1029 1551 1379 916 868 8071 3311 1465 213 4760 322
internal_count=10705 9676 8125 1029 1551 1379 916 868 8071 3311 1465 213 4760 322
is_linear=0
shrinkage=0.05


Tree=27
num_leaves=15
num_cat=0
split_feature=56 56 71 84 84 71 84 17 24 68 46 84 84 43
split_gain=87083.5 51717.9 17808.6 11299.8 9108.82 7940.56 18531.9 14823.8 7051.56 6065.5 5817.32 5779.68 5679.76 5679.69
threshold=-10.904794000000008 22.745079500000006 -3.3625000000000003 115.71691900000002 63.145266500000005 1.4500000000000013 42.523274000000008 1.9866838054813594e-05 248.42321500000003 19.187326543270657 51.520833333333336 284.32638350000008 272.25950450000005 43.625000000000007
decision_type=2 2 2 2 2 2 2 2 2 2 2 2 2 2
left_child=2 5 3 -1 -3 12 -7 -8 -5 -6 -4 -12 -2 -9
right_child=1 4 10 8 9 6 7 13 -10 -11 11 -13 -14 -15
leaf_value=-0.049505315374740413 0.00058388962539569333 0.017260629138139288 0.40393471552625954 -0.71550738223396793 0.42870760119100465 -0.0040380011422637549 0.77917446920817557 0.7619190630458651 -0.41640171197058218 0.89304733849778961 -0.13999930730991547 -0.73207212937149135 -0.25041593570817028 0.1604547992935583
leaf_weight=141 5508 126 45 327 738 1481 131 41 513 78 674 43 234 625
leaf_count=141 5508 126 45 327 738 1481 131 41 513 78 674 43 234 625
internal_value=-5.95636e-05 0.0628404 -0.323324 -0.4641 0.413105 0.0216533 0.10062 0.294858 -0.533552 0.474132 -0.141717 -0.176477 -0.00968677 0.198569
internal_weight=10705 8962 1743 981 942 8020 2278 797 840 816 762 717 5742 666
internal_count=10705 8962 1743 981 942 8020 2278 797 840 816 762 717 5742 666
is_linear=0
shrinkage=0.05


Tree=28
num_leaves=15
num_cat=0
split_feature=56 56 71 84 84 84 0 32 59 24 11 71 71 6
split_gain=78640.2 47233.6 15061.4 10301.1 8223.52 7938.54 9992.57 7597.99 6764.55 6367.02 6133.28 5749.46 4690.09 4656.03
threshold=-12.096634000000021 22.745079500000006 -3.3625000000000003 107.19768550000002 63.145266500000005 273.33104300000008 261.18854050000004 29.737500000000004 -1.6080465000000002 248.42321500000003 252.41682850000004 8.3125000000000018 -7.1749999999999998 267.01345100000009
decision_type=2 2 2 2 2 2 2 2 2 2 2 2 2 2
left_child=2 5 3 -1 -3 6 -2 8 -8 12 -11 -6 -5 -4
right_child=1 4 13 9 11 -7 7 -9 -10 10 -12 -13 -14 -15
leaf_value=-0.0046950485494177225 0.011799616732308107 0.016404393948907928 -0.18293151070195557 -0.94990891880459261 0.41040856132526549 -0.25644927497469183 -0.37469033089776838 0.67466867567925926 0.21891249680251748 -0.31922860975506673 -0.80019125995002216 0.90054884923226908 -0.54281487542164075 0.23299671865411498
leaf_weight=117 7302 126 594 107 751 253 53 81 436 438 78 65 229 75
leaf_count=117 7302 126 594 107 751 253 53 81 436 438 78 65 229 75
internal_value=-5.12748e-05 0.057558 -0.318783 -0.444689 0.39252 0.0186794 0.0275533 0.228992 0.153942 -0.505034 -0.393339 0.450506 -0.674889 -0.136025
internal_weight=10705 9067 1638 969 942 8125 7872 570 489 852 516 816 336 669
internal_count=10705 9067 1638 969 942 8125 7872 570 489 852 516 816 336 669
is_linear=0
shrinkage=0.05


Tree=29
num_leaves=15
num_cat=0
split_feature=56 56 53 84 71 71 84 9 31 53 84 16 18 65
split_gain=71266.7 46818.1 11044.1 10860.6 8569.87 6499.59 14829.4 10606.1 6074.81 5334.58 5783.13 6001.8 5133.38 4898.69
threshold=-25.228240999999993 11.086414999999997 -0.32143946530316164 287.58038500000004 5.9125000000000005 -2.1374999999999988 71.13744800000002 83.963386000000014 20.262500000000003 -0.63405362205439475 273.33104300000008 288.39755700000006 253.98674683333334 -42.83184108333333
decision_type=2 2 2 2 2 2 2 2 2 2 2 2 2 2
left_child=2 3 13 5 9 6 -2 -8 -6 10 11 -3 -7 -1
right_child=1 4 -4 -5 8 12 7 -9 -10 -11 -12 -13 -14 -15
leaf_value=-0.83082139811515821 0.017847480340366095 0.3097107394892914 -0.20845031806501205 -0.68890435243475023 0.11477901252988371 0.013284228477236102 -0.7384946719363884 -0.19035270342607122 0.60839204389179491 0.11537571092903563 -0.23355494897032894 0.81229030586340856 0.28056323686463608 -0.47183909526165019
leaf_weight=124 1138 505 402 57 80 6212 107 490 290 567 42 67 184 440
leaf_count=124 1138 505 402 57 80 6212 107 490 290 567 42 67 184 440
internal_value=-5.32185e-05 0.0405923 -0.409451 -0.0071327 0.292383 -0.00226921 -0.0880716 -0.289667 0.502262 0.226261 0.328303 0.369894 0.021016 -0.552095
internal_weight=10705 9739 966 8188 1551 8131 1735 597 370 1181 614 572 6396 564
internal_count=10705 9739 966 8188 1551 8131 1735 597 370 1181 614 572 6396 564
is_linear=0
shrinkage=0.05


Tree=30
num_leaves=15
num_cat=0
split_feature=56 56 84 73 36 84 71 84 17 84 65 68 11 84
split_gain=64988.9 37927.2 15262.8 13592.2 8194.19 7336.31 6375.73 15758.4 13893.7 5559.84 7557.41 5232.8 5090.16 5059.11
threshold=-9.7066035000000124 22.745079500000006 292.35207400000007 14.875000000000002 24.652864583333336 42.523274000000008 1.4500000000000013 42.523274000000008 1.9866838054813594e-05 84.179539500000018 -42.83184108333333 19.187326543270657 271.93466300000006 90.634957500000013
decision_type=2 2 2 2 2 2 2 2 2 2 2 2 2 2
left_child=2 6 3 4 13 -3 -2 -8 -9 -5 -11 -7 -10 -1
right_child=1 5 -4 9 -6 11 7 8 12 10 -12 -13 -14 -15
leaf_value=0.10753389979367489 -0.0080023964701702571 -0.014464297259258012 -0.90522698874274887 0.059571680115027864 0.36809293913998103 0.36682728602258174 -0.0053026683363016115 0.73926619660165738 0.13249074881516679 -0.83377551461043575 -0.37766589474104167 0.79742723869372023 0.60880360055354332 -0.21252968503421699
leaf_weight=142 5639 117 89 54 75 747 1481 131 603 114 456 78 61 918
leaf_count=142 5639 117 89 54 75 747 1481 131 603 114 456 78 61 918
internal_value=-5.56488e-05 0.0562247 -0.269678 -0.237025 -0.13377 0.355967 0.0205105 0.0911264 0.270544 -0.424322 -0.470188 0.408455 0.177098 -0.169592
internal_weight=10705 8857 1848 1759 1135 942 7915 2276 795 624 570 825 664 1060
internal_count=10705 8857 1848 1759 1135 942 7915 2276 795 624 570 825 664 1060
is_linear=0
shrinkage=0.05


Tree=31
num_leaves=15
num_cat=0
split_feature=56 56 84 53 84 71 31 22 70 69 84 66 69 0
split_gain=58833.7 38436.2 9424.04 9420.72 7489.84 9101.43 6633.36 5912.34 5896.62 5760.12 7487.95 11843.3 5873.76 5512.52
threshold=-25.228240999999993 11.086414999999997 282.33339050000006 -0.32143946530316164 42.523274000000008 4.4125000000000023 21.112500000000004 151.56907632812502 19.743422688588435 -1.3374577031249997 77.844594000000015 6.922389260541761e-07 -14.462286713541664 273.10237050000006
decision_type=2 2 2 2 2 2 2 2 2 2 2 2 2 2
left_child=3 2 9 -1 -3 7 -7 8 -6 10 -2 12 -12 -11
right_child=1 4 -4 -5 5 6 -8 -9 -10 13 11 -13 -14 -15
leaf_value=-0.50376278992643397 0.016741465910463722 -0.045853767025074516 -0.44807029448512226 -0.18640869307394137 0.17995677355959383 0.21610708780869656 0.61651832736246526 -0.36206792241698782 0.52610396917334346 0.029055969770184348 -0.8591042529413665 -0.075896603614358973 -0.29496415632789674 0.4858436812660587
leaf_weight=564 1849 172 118 402 721 157 311 42 148 4679 68 1263 145 66
leaf_count=564 1849 172 118 402 721 157 311 42 148 4679 68 1263 145 66
internal_value=-4.90227e-05 0.0368813 -0.00636115 -0.372026 0.265023 0.303803 0.48294 0.211348 0.239446 0.000152262 -0.050302 -0.134243 -0.478238 0.0355106
internal_weight=10705 9739 8188 966 1551 1379 468 911 869 8070 3325 1476 213 4745
internal_count=10705 9739 8188 966 1551 1379 468 911 869 8070 3325 1476 213 4745
is_linear=0
shrinkage=0.05


Tree=32
num_leaves=15
num_cat=0
split_feature=56 56 84 71 84 16 43 6 84 36 71 84 28 84
split_gain=53605.7 31138.7 13207.7 11772.7 6818.29 6680.34 6616.29 8244.64 5797.18 5393.76 4726.56 8471.46 11053.7 6086.49
threshold=-9.7066035000000124 24.524234499999981 292.35207400000007 -3.3625000000000003 94.677831500000011 95.430012500000018 46.625000000000007 194.80305600000003 63.145266500000005 24.652864583333336 -0.88749999999999918 71.13744800000002 19.462500000000002 42.523274000000008
decision_type=2 2 2 2 2 2 2 2 2 2 2 2 2 2
left_child=2 6 3 4 -1 -6 7 -2 -3 -5 11 -8 -13 -12
right_child=1 8 -4 9 5 -7 10 -9 -10 -11 13 12 -14 -15
leaf_value=0.053785638341514189 0.035860849452233806 -0.0022125606064323905 -0.83611719736622447 -0.11571814041718878 -0.82783550186590726 -0.3369587161271882 0.0129581770837238 0.75585119299152326 0.38642180961433964 0.34021145105755457 -0.0025162186366566295 -0.57637110126929147 -0.087784975894330153 0.11045869227586227
leaf_weight=100 96 110 89 754 76 759 2159 67 750 70 2930 143 593 2009
leaf_count=100 96 110 89 754 76 759 2159 67 750 70 2930 143 593 2009
internal_value=-4.98681e-05 0.0510644 -0.244923 -0.214552 -0.335897 -0.382574 0.0203015 0.334612 0.336768 -0.0766208 0.0137198 -0.037 -0.183367 0.0434508
internal_weight=10705 8857 1848 1759 935 835 7997 163 860 824 7834 2895 736 4939
internal_count=10705 8857 1848 1759 935 835 7997 163 860 824 7834 2895 736 4939
is_linear=0
shrinkage=0.05


Tree=33
num_leaves=15
num_cat=0
split_feature=56 56 84 84 68 44 6 69 84 17 69 11 39 52
split_gain=48454.3 31832 9078.34 8066 6939.55 7793.56 5715.81 5242.19 6603.98 8458.15 5941.59 4899.01 4536.94 4526.17
threshold=-26.942587500000005 11.086414999999997 287.58038500000004 116.52852050000001 17.440646893457735 52.656250000000007 265.79764400000005 -0.88413977604166705 77.844594000000015 2.5157159559009359 -17.644610546874997 271.44594650000005 56.375000000000007 0.97335555334614943
decision_type=2 2 2 2 2 2 2 2 2 2 2 2 2 2
left_child=3 2 7 -1 5 -3 -5 8 -2 10 -10 13 -11 -9
right_child=1 4 -4 6 -6 -7 -8 11 9 12 -12 -13 -14 -15
leaf_value=-0.035184611139183274 0.014811017945963727 0.45174713994975318 -0.60474180907957142 -0.45578854971545213 0.60404483664873221 0.15279992840689274 0.13548402647403154 0.010899844935826212 -0.84328668525925399 0.19196321559830798 -0.25731649063855644 0.50673053319117534 -0.1011805685377699 0.17701791146008505
leaf_weight=166 1959 268 62 694 120 1163 43 4071 53 147 227 53 1224 455
leaf_count=166 1959 268 62 694 120 1163 43 4071 53 147 227 53 1224 455
internal_value=-5.24648e-05 0.0322479 -0.00682776 -0.350318 0.239993 0.209064 -0.421154 -0.00222758 -0.0472755 -0.120909 -0.370839 0.0332899 -0.0696324 0.0276352
internal_weight=10705 9802 8251 903 1551 1431 737 8189 3610 1651 280 4579 1371 4526
internal_count=10705 9802 8251 903 1551 1431 737 8189 3610 1651 280 4579 1371 4526
is_linear=0
shrinkage=0.05


Tree=34
num_leaves=15
num_cat=0
split_feature=56 56 84 73 36 43 6 84 84 56 62 71 84 65
split_gain=44136.3 25765.4 11369.9 10459.5 6332.87 5809.83 7366.4 5119.44 4406.15 4631.71 4600.81 4279.66 4271.42 6389.94
threshold=-9.7066035000000124 24.524234499999981 292.35207400000007 14.875000000000002 24.652864583333336 46.625000000000007 194.80305600000003 63.145266500000005 272.25950450000005 5.4663134999999849 141.60529100000002 8.3125000000000018 84.179539500000018 -43.870111416666667
decision_type=2 2 2 2 2 2 2 2 2 2 2 2 2 2
left_child=2 5 3 4 -1 6 -2 -3 9 -7 -11 -9 -5 -14
right_child=1 7 -4 12 -6 8 -8 11 -10 10 -12 -13 13 -15
leaf_value=-0.13501120453079835 0.030524992533796227 -0.012242831256207046 -0.77074758149062594 0.065558151535012515 0.33763124827099478 0.0033216533707124706 0.71104911493466183 0.31519677164779747 -0.21831359585521209 0.034276994456469444 0.25706033414629775 0.73918997255915952 -0.75624190072700825 -0.31916653425065378
leaf_weight=1060 96 110 89 54 75 6653 67 685 201 605 375 65 102 468
leaf_count=1060 96 110 89 54 75 6653 67 685 201 605 375 65 102 468
internal_value=-5.00845e-05 0.0463304 -0.222245 -0.19407 -0.10351 0.0183473 0.31288 0.306217 0.0121799 0.0182773 0.119701 0.352878 -0.358362 -0.398567
internal_weight=10705 8857 1848 1759 1135 7997 163 860 7834 7633 980 750 624 570
internal_count=10705 8857 1848 1759 1135 7997 163 860 7834 7633 980 750 624 570
is_linear=0
shrinkage=0.05


Tree=35
num_leaves=15
num_cat=0
split_feature=56 56 84 84 56 7 84 37 34 43 31 84 12 0
split_gain=39980.5 26044.9 7414.81 7272.28 7561 7054.87 5960.11 5409.96 5226.11 4766.51 4672.04 5214.89 9881.36 4621.23
threshold=-26.942587500000005 7.760851500000002 282.33339050000006 42.523274000000008 36.832735000000021 101.405207 272.94655100000006 62.375000000000007 28.167708333333341 58.125000000000007 20.762500000000003 90.634957500000013 76.527347500000005 274.69827350000008
decision_type=2 2 2 2 2 2 2 2 2 2 2 2 2 2
left_child=5 2 10 -3 6 -1 7 -5 -9 -6 11 -2 -13 -12
right_child=1 3 -4 4 9 -7 -8 8 -10 -11 13 12 -14 -15
leaf_value=-0.3839703576178668 0.012276997269454464 -0.070949174096516521 -0.39867579984168211 0.33846024285704607 0.73947849253813436 -0.021374684698653945 -0.40664238101098599 0.15621007619673821 -0.38422847930341963 0.32006852883864106 0.016297584273063496 -0.63075511886885294 -0.096353075641434513 0.48533705886242529
leaf_weight=739 1068 210 119 472 104 164 40 667 47 200 5754 94 975 52
leaf_count=739 1068 210 119 472 104 164 40 667 47 200 5754 94 975 52
internal_value=-4.62627e-05 0.0292941 -0.00857793 0.204672 0.242524 -0.318213 0.186899 0.207243 0.120147 0.465505 -0.00268413 -0.0658738 -0.14389 0.0205813
internal_weight=10705 9802 8062 1740 1530 903 1226 1186 714 304 7943 2137 1069 5806
internal_count=10705 9802 8062 1740 1530 903 1226 1186 714 304 7943 2137 1069 5806
is_linear=0
shrinkage=0.05


Tree=36
num_leaves=15
num_cat=0
split_feature=56 56 84 71 36 84 84 43 19 84 56 56 62 69
split_gain=36447 21378.2 9861.43 9056.33 6157.68 5823.84 4769 6667.64 6245.22 4302.38 4067.96 3631.81 3821.38 3507.43
threshold=-10.904794000000008 22.745079500000006 303.76010700000006 -7.0124999999999984 24.652864583333336 81.415375000000012 272.25950450000005 46.625000000000007 195.31161050000003 42.523274000000008 55.995865500000015 5.4663134999999849 141.60529100000002 -18.933338249999998
decision_type=2 2 2 2 2 2 2 2 2 2 2 2 2 2
left_child=2 6 3 13 5 -5 7 8 -2 -3 -11 -9 -13 -1
right_child=1 9 -4 4 -6 -7 -8 11 -10 10 -12 12 -14 -15
leaf_value=-0.63282102671162832 0.036908703330246838 -0.01777860666546276 -0.95752459182295702 0.10517589545652616 0.32746330220816716 -0.20478397221600911 -0.19732015442478568 0.0024722400034598267 0.72813085298985247 0.27593371990236931 0.72303832541812563 0.0275148306497567 0.23854438952037268 -0.21659072852337069
leaf_weight=144 67 117 42 172 65 1240 257 6729 63 771 54 555 349 80
leaf_count=144 67 117 42 172 65 1240 257 6729 63 771 54 555 349 80
internal_value=-4.54669e-05 0.0406469 -0.209177 -0.190148 -0.145013 -0.166979 0.0141664 0.0211923 0.374887 0.265843 0.306039 0.0151201 0.109159 -0.485791
internal_weight=10705 8962 1743 1701 1477 1412 8020 7763 130 942 825 7633 904 224
internal_count=10705 8962 1743 1701 1477 1412 8020 7763 130 942 825 7633 904 224
is_linear=0
shrinkage=0.05


Tree=37
num_leaves=15
num_cat=0
split_feature=56 56 84 6 84 71 84 17 71 43 52 84 56 68
split_gain=33017.9 21312.9 8524.34 6385.94 6447.4 5494.17 9829.31 12595.7 7083.38 6149.54 5210.45 4842.97 3990.16 3966.43
threshold=-26.942587500000005 22.745079500000006 275.36804450000005 268.28358150000003 97.515739500000009 0.16249999999999967 42.523274000000008 2.3981020041341209e-05 1.9500000000000013 45.125000000000007 0.98611507088852057 115.71691900000002 4.4139999999999953 19.187326543270657
decision_type=2 2 2 2 2 2 2 2 2 2 2 2 2 2
left_child=3 2 5 4 -1 10 -7 8 -8 -9 -2 -12 -11 -3
right_child=1 13 -4 -5 -6 6 7 9 -10 12 11 -13 -14 -15
leaf_value=0.059303681641817096 -0.0093165110652498658 0.21999182332208439 -0.25413986740630862 0.28659077946744532 -0.36912201014917201 -0.0073706954696512415 0.21610555560365927 0.57804243552588652 0.75738987187381657 -0.05398883943350237 -0.068582310589730064 -0.47662303413039653 0.13969477173802078 0.57919582444078788
leaf_weight=99 4569 858 311 45 759 2236 122 61 121 427 196 115 702 84
leaf_count=99 4569 858 311 45 759 2236 122 61 121 427 196 115 702 84
internal_value=-4.20801e-05 0.0266213 0.00256902 -0.289181 -0.319677 0.0119363 0.0581556 0.160334 0.487633 0.093146 -0.0228182 -0.22051 0.0664586 0.252603
internal_weight=10705 9802 8860 903 858 8549 3669 1433 243 1190 4880 311 1129 942
internal_count=10705 9802 8860 903 858 8549 3669 1433 243 1190 4880 311 1129 942
is_linear=0
shrinkage=0.05


Tree=38
num_leaves=15
num_cat=0
split_feature=71 84 56 16 84 12 84 73 73 43 56 36 59 24
split_gain=30274.5 25009.2 15955.1 10459 6072.75 6417.99 5296.01 4539.09 4479.83 3903.44 3577.66 3887.97 3515.59 3283.3
threshold=-2.2375000000000003 75.408333500000012 24.524234499999981 95.430012500000018 275.36804450000005 261.37932550000005 292.35207400000007 24.125000000000004 -23.124999999999996 64.875000000000014 36.116862000000005 26.188020833333336 -1.3250294999999992 258.25111550000003
decision_type=2 2 2 2 2 2 2 2 2 2 2 2 2 2
left_child=1 -1 4 13 5 -2 7 -5 -7 10 -4 -12 -10 -3
right_child=2 3 9 6 -6 8 -8 -9 12 -11 11 -13 -14 -15
leaf_value=0.017650441604334561 0.014657378642234473 -0.73218813325408139 0.22647421850969918 -0.16014618348240675 -0.23336252072082642 0.65675742959773009 -0.65297889780874063 -0.41374534774275329 -0.07895590220238792 0.16095313207294409 0.68762929770946501 0.13745816411243547 0.19147347479908017 -0.21812443551493854
leaf_weight=1217 6224 157 189 908 222 43 71 219 150 503 124 44 594 40
leaf_count=1217 6224 157 189 908 222 43 71 219 150 503 124 44 594 40
internal_value=-3.25167e-05 -0.148007 0.0477383 -0.292436 0.0235145 0.0316805 -0.23654 -0.209749 0.166119 0.251208 0.377568 0.545203 0.136919 -0.629439
internal_weight=10705 2612 8093 1395 7233 7011 1198 1127 787 860 357 168 744 197
internal_count=10705 2612 8093 1395 7233 7011 1198 1127 787 860 357 168 744 197
is_linear=0
shrinkage=0.05


Tree=39
num_leaves=15
num_cat=0
split_feature=56 56 84 73 43 6 84 65 36 84 36 43 17 56
split_gain=27492 15518.9 8444.1 7696.41 4459.01 5826.92 4086.78 4928.68 4085.63 3692.88 3522.04 3400.81 3770.09 3588.52
threshold=-9.1773025000000015 24.524234499999981 303.76010700000006 10.875000000000002 46.625000000000007 194.80305600000003 81.415375000000012 -43.870111416666667 24.652864583333336 63.145266500000005 17.496875000000006 64.875000000000014 15.086707396768993 36.116862000000005
decision_type=2 2 2 2 2 2 2 2 2 2 2 2 2 2
left_child=2 4 3 8 5 -2 -5 -8 10 -3 -1 13 -13 -11
right_child=1 9 -4 6 -6 -7 7 -9 -10 11 -12 12 -14 -15
leaf_value=-0.48350420748745954 0.025969382517097385 -0.031576778627260847 -0.86608561748682067 0.083022349023006189 0.0098492202736162292 0.63654839717077483 -0.61447691489700917 -0.24947228072647964 0.2788787835703036 0.24022692944421326 -0.06695983225447967 -0.17035788036882879 0.24660541670520075 0.57488403905303254
leaf_weight=53 96 110 42 76 7794 65 107 677 80 171 855 63 362 154
leaf_count=53 96 110 42 76 7794 65 107 677 80 171 855 63 362 154
internal_value=-3.27426e-05 0.0370737 -0.173026 -0.156815 0.0152471 0.274884 -0.266101 -0.300007 -0.0615143 0.238718 -0.0917787 0.27835 0.184542 0.40008
internal_weight=10705 8815 1890 1848 7955 161 860 784 988 860 908 750 425 325
internal_count=10705 8815 1890 1848 7955 161 860 784 988 860 908 750 425 325
is_linear=0
shrinkage=0.05


Tree=40
num_leaves=15
num_cat=0
split_feature=71 84 56 16 84 12 38 16 9 31 36 84 19 33
split_gain=25333.8 20972.6 12939.3 9775.69 5619.63 6847.08 4808.68 5487.82 4474.79 4805.62 3549.45 3358.67 3279.84 5657.42
threshold=-2.2375000000000003 81.415375000000012 24.857463000000006 95.430012500000018 269.87230500000004 261.37932550000005 56.875000000000007 275.73192000000006 271.84868150000005 21.912500000000005 24.833203125000001 42.523274000000008 226.49191750000003 30.775000000000002
decision_type=2 2 2 2 2 2 2 2 2 2 2 2 2 2
left_child=1 -1 4 -3 5 -2 7 -7 9 -5 -9 -4 13 -13
right_child=2 3 11 8 -6 6 -8 10 -10 -11 -12 12 -14 -15
leaf_value=0.016072019101731238 0.016092782675630701 -0.59551685064726945 -0.042281999828127942 -0.20936571260994322 -0.15956055734628599 0.19398130928066071 0.076277733442950107 0.99488639953461577 -0.37926718022710848 0.10032459003049017 0.33169235805185832 0.24854434828710376 -0.14498764493543168 0.75794642766316733
leaf_weight=1219 6165 195 100 743 401 185 419 43 305 150 40 636 45 59
leaf_count=1219 6165 195 100 743 401 185 419 43 305 150 40 636 45 59
internal_value=-3.29103e-05 -0.135395 0.0436664 -0.267859 0.0221362 0.0327914 0.182401 0.347416 -0.214074 -0.157292 0.683028 0.229322 0.266033 0.292815
internal_weight=10705 2612 8093 1393 7253 6852 687 268 1198 893 83 840 740 695
internal_count=10705 2612 8093 1393 7253 6852 687 268 1198 893 83 840 740 695
is_linear=0
shrinkage=0.05


Tree=41
num_leaves=15
num_cat=0
split_feature=71 84 56 24 46 84 13 39 34 84 12 38 16 71
split_gain=22960.7 19907.2 10984.6 9335.53 4842.28 5106.95 4461.48 4391.28 3909.9 3584.75 5554.53 4149.79 4941.01 3403.25
threshold=-1.9249999999999987 87.394937500000012 24.857463000000006 248.42321500000003 90.151041666666671 292.35207400000007 0.28345811357384643 56.375000000000007 25.585416666666671 270.17382700000007 261.37932550000005 56.875000000000007 275.73192000000006 -7.0124999999999984
decision_type=2 2 2 2 2 2 2 2 2 2 2 2 2 2
left_child=1 -1 9 6 5 7 -3 -5 -9 10 -2 12 -12 -8
right_child=2 3 -4 4 -6 -7 13 8 -10 -11 11 -13 -14 -15
leaf_value=0.013738154585074059 0.018611833408803787 -0.73064672733827307 0.21790440347831985 0.40289860680335909 -0.63196483943976611 -0.55544097701560202 -0.60276820149618326 -0.088687217488399972 -0.40210143863264708 -0.13104588027913558 0.17225204232455679 0.072084974029634916 0.63798100761202881 -0.26081431345627099
leaf_weight=1575 5672 92 840 40 50 66 96 844 112 343 172 411 85 307
leaf_count=1575 5672 92 840 40 50 66 96 844 112 343 172 411 85 307
internal_value=-2.56378e-05 -0.112599 0.0475981 -0.236352 -0.155709 -0.132713 -0.416834 -0.104172 -0.125787 0.0261625 0.0346869 0.170949 0.328163 -0.343563
internal_weight=10705 3182 7523 1607 1112 1062 495 996 956 6683 6340 668 257 403
internal_count=10705 3182 7523 1607 1112 1062 495 996 956 6683 6340 668 257 403
is_linear=0
shrinkage=0.05


Tree=42
num_leaves=15
num_cat=0
split_feature=71 84 56 16 84 12 73 84 73 19 11 59 68 43
split_gain=20741.2 17184.1 10599.1 8158.01 5296.07 5229.07 4148.86 3999.89 4079.38 3760.62 6328.17 3652.08 2692.29 2826.1
threshold=-2.2375000000000003 75.408333500000012 29.441422500000005 95.430012500000018 275.02512300000006 261.37932550000005 -24.874999999999996 299.97504500000008 24.125000000000004 226.49191750000003 276.9194925000001 -1.3250294999999992 16.209578321184612 64.875000000000014
decision_type=2 2 2 2 2 2 2 2 2 2 2 2 2 2
left_child=1 -1 4 -3 5 -2 -7 8 -5 10 12 -8 -4 -14
right_child=2 3 9 7 -6 6 11 -9 -10 -11 -12 -13 13 -15
leaf_value=0.01480372545962361 0.014795487788187359 -0.53981858914473446 0.14454906862466693 -0.12653910787533948 -0.21008781407815721 0.58284328690930909 -0.090775121948640194 -0.62682245908414624 -0.36348066183149669 -0.22658759120670036 0.71682614743709561 0.17041601135581944 0.74794560373716412 0.23535963302245363
leaf_weight=1217 6359 197 391 922 235 50 167 50 226 40 69 662 41 79
leaf_count=1217 6359 197 391 922 235 50 167 50 226 40 69 662 41 79
internal_value=-3.308e-05 -0.122513 0.0395074 -0.242233 0.0230103 0.0306064 0.144842 -0.192889 -0.17346 0.237993 0.270368 0.117754 0.2088 0.415227
internal_weight=10705 2612 8093 1395 7473 7238 879 1198 1148 620 580 829 511 120
internal_count=10705 2612 8093 1395 7473 7238 879 1198 1148 620 580 829 511 120
is_linear=0
shrinkage=0.05


Tree=43
num_leaves=15
num_cat=0
split_feature=71 84 56 24 46 84 13 39 84 80 71 48 84 15
split_gain=18859.5 16333.6 9075.79 8162.24 4232.5 4342.65 3938.73 3871.22 3587.53 6000.45 8294.26 6327.37 6455.2 5470.08
threshold=-1.9249999999999987 87.394937500000012 29.441422500000005 248.42321500000003 89.864583333333357 292.35207400000007 0.94808907619917748 56.375000000000007 270.17382700000007 -0.2269546835593246 1.8125000000000002 7.3750000000000009 42.523274000000008 205.14259650000002
decision_type=2 2 2 2 2 2 2 2 2 2 2 2 2 2
left_child=1 -1 8 6 5 7 -3 -5 9 10 13 12 -12 -2
right_child=2 3 -4 4 -6 -7 -8 -9 -10 -11 11 -13 -14 -15
leaf_value=0.012382442263137611 0.004196490242776252 -0.58056609050780972 0.22622333641063525 0.38625335973210451 -0.56263376978957769 -0.50591948474965887 -0.28080389657295607 -0.11015439439953077 -0.12955716411745907 -0.0038342886942885606 -0.056225307794605821 0.15376168410893873 0.67081086358686137 0.33347075016978778
leaf_weight=1575 1590 167 620 40 55 66 328 951 348 3954 40 709 126 136
leaf_count=1575 1590 167 620 40 55 66 328 951 348 3954 40 709 126 136
internal_value=-2.93548e-05 -0.102055 0.043132 -0.214151 -0.138755 -0.116188 -0.382902 -0.0897486 0.0266571 0.0349689 0.0939357 0.219245 0.496334 0.0303197
internal_weight=10705 3182 7523 1607 1112 1057 495 991 6903 6555 2601 875 166 1726
internal_count=10705 3182 7523 1607 1112 1057 495 991 6903 6555 2601 875 166 1726
is_linear=0
shrinkage=0.05


Tree=44
num_leaves=15
num_cat=0
split_feature=71 84 56 12 84 39 19 11 34 36 84 80 71 84
split_gain=17029 14848 8191.87 7437.55 5549.3 4388.08 3398.51 5726.29 3353.83 3629.93 3249.2 5478.77 7554.99 5955.39
threshold=-1.9249999999999987 118.99866300000001 29.441422500000005 95.430012500000018 303.76010700000006 55.375000000000007 226.49191750000003 276.9194925000001 25.862500000000008 19.822135416666672 269.87230500000004 -0.2269546835593246 1.8125000000000002 42.523274000000008
decision_type=2 2 2 2 2 2 2 2 2 2 2 2 2 2
left_child=1 -1 10 -3 5 -5 7 -4 9 -7 11 12 -2 -14
right_child=2 3 6 4 -6 8 -8 -9 -10 -11 -12 -13 13 -15
leaf_value=-0.00067397328184207791 0.029001008349800662 -0.51566766496198102 0.18718129170993053 0.35577304457745901 -0.73199513623880785 -0.33699872187912616 -0.2265698229757751 0.67034727439284325 -0.44375560056888363 -0.098931715419898619 -0.12070901042464451 -0.0036426228196499624 -0.028971565594103667 0.28109856556076834
leaf_weight=1773 1717 182 511 40 42 197 40 69 102 846 360 3954 201 671
leaf_count=1773 1717 182 511 40 42 197 40 69 102 846 360 3954 201 671
internal_value=-2.99542e-05 -0.0969776 0.0409834 -0.218074 -0.173548 -0.153154 0.21493 0.245716 -0.171228 -0.144177 0.0253313 0.0333837 0.0899111 0.209675
internal_weight=10705 3182 7523 1409 1227 1185 620 580 1145 1043 6903 6543 2589 872
internal_count=10705 3182 7523 1409 1227 1185 620 580 1145 1043 6903 6543 2589 872
is_linear=0
shrinkage=0.05


Tree=45
num_leaves=15
num_cat=0
split_feature=71 84 5 16 71 84 9 45 84 9 31 43 9 65
split_gain=15423.7 12935.7 7942.61 6560.25 4655.51 11318.1 13079.5 4397.64 3953.12 3572.71 3786.82 3430.47 3032.98 3013.86
threshold=-2.2375000000000003 81.415375000000012 273.75479450000006 95.430012500000018 1.8125000000000002 42.523274000000008 72.888648000000003 54.104166666666679 290.2148160000001 271.84868150000005 21.912500000000005 51.375000000000007 264.87820500000004 33.666718166666676
decision_type=2 2 2 2 2 2 2 2 2 2 2 2 2 2
left_child=1 -1 4 -3 8 -6 -7 -4 -2 10 -5 -8 13 -13
right_child=2 3 7 9 5 6 11 -9 -10 -11 -12 12 -14 -15
leaf_value=0.013303669681085548 -0.0010103377728745654 -0.47807144244410554 0.50270303941778538 -0.16118369323006829 -0.016306573387179852 0.60741213290649332 0.330278205757632 0.13921160472286795 -0.4770160073414445 -0.31318791424399062 0.11363512541318546 0.073024340545210328 -0.31106026603475861 0.38465716778889475
leaf_weight=1219 5012 195 122 743 1467 162 169 261 43 305 150 726 45 86
leaf_count=1219 5012 195 122 743 1467 162 169 261 43 305 150 726 45 86
internal_value=-3.30548e-05 -0.105652 0.0340641 -0.209684 0.0230073 0.0766049 0.191254 0.256005 -0.00515299 -0.165636 -0.114946 0.125017 0.0842017 0.106462
internal_weight=10705 2612 8093 1393 7710 2655 1188 383 5055 1198 893 1026 857 812
internal_count=10705 2612 8093 1393 7710 2655 1188 383 5055 1198 893 1026 857 812
is_linear=0
shrinkage=0.05


Tree=46
num_leaves=15
num_cat=0
split_feature=56 59 71 71 24 62 69 84 21 22 84 46 84 8
split_gain=14009.6 8705.81 6470.65 5487.98 3844.86 3555.66 3441.5 7919.83 12624.1 3325.52 3298.4 3668.69 3145.93 2856.65
threshold=-1.8744645000000018 0.19668649999998425 -5.0124999999999984 3.7125000000000008 317.16974600000003 -21.454805000000018 10.349913901041669 42.523274000000008 1.2382070770162167e-05 151.25327538020835 90.634957500000013 52.114583333333336 295.90254450000003 243.62911400000004
decision_type=2 2 2 2 2 2 2 2 2 2 2 2 2 2
left_child=2 6 5 4 -3 -1 -2 -8 -9 -10 -4 -12 -13 -5
right_child=1 3 10 13 -6 -7 7 8 9 -11 11 12 -14 -15
leaf_value=-0.082238996319200217 -0.0074913800627565072 0.11083143000784286 0.11374261838887648 0.16107491633815535 -0.33098145115834021 -0.34402032932163112 -0.013519653795873492 0.85203940853068283 0.18722448086323115 -0.27012314212198063 0.25676091935292078 -0.084455372767816866 -0.48307078543539145 0.44491299223154784
leaf_weight=204 5443 942 244 165 51 359 766 72 346 44 76 1748 50 195
leaf_count=204 5443 942 244 165 51 359 766 72 346 44 76 1748 50 195
internal_value=-2.95039e-05 0.0330345 -0.0989627 0.14863 0.08783 -0.249479 0.00957098 0.0851429 0.248402 0.135067 -0.058854 -0.0813752 -0.0958027 0.315627
internal_weight=10705 8024 2681 1353 993 563 6671 1228 462 390 2118 1874 1798 360
internal_count=10705 8024 2681 1353 993 563 6671 1228 462 390 2118 1874 1798 360
is_linear=0
shrinkage=0.05


Tree=47
num_leaves=15
num_cat=0
split_feature=71 84 5 16 84 45 69 84 21 71 24 66 19 9
split_gain=12880.1 11099.8 7615.21 5744.07 4257.22 4095.3 3902.04 7516.62 11323.9 7711.81 4150.77 3700.87 2888.91 2755
threshold=-2.9875000000000003 81.415375000000012 273.75479450000006 95.430012500000018 292.35207400000007 54.104166666666679 11.973163848958334 42.523274000000008 1.2382070770162167e-05 4.4125000000000023 317.80419500000005 6.2603373594727723 214.08212300000002 280.98983350000009
decision_type=2 2 2 2 2 2 2 2 2 2 2 2 2 2
left_child=1 -1 4 -3 6 -4 -2 -8 -9 10 -10 -11 -7 -5
right_child=2 3 5 13 -6 12 7 8 9 11 -12 -13 -14 -15
leaf_value=0.012316121618279746 0.0047892190529348656 -0.48653936559503735 0.48075856019652657 -0.13443748821939069 -0.46752813935279847 0.23700628357279735 -0.015298050283589333 0.85984755125310697 0.11244072564785229 0.21948478486484443 -0.31160994891239252 0.72412324251843174 -0.12264706051047845 -0.37315698467353559
leaf_weight=1026 6751 164 123 870 44 191 689 62 352 77 68 70 78 140
leaf_count=1026 6751 164 123 870 44 191 689 62 352 77 68 70 78 140
internal_value=-2.56436e-05 -0.107833 0.0278704 -0.212757 0.0174557 0.242825 0.0201579 0.0988156 0.22364 0.152681 0.0432078 0.463058 0.132652 -0.167864
internal_weight=10705 2200 8505 1174 8113 392 8069 1318 629 567 420 147 269 1010
internal_count=10705 2200 8505 1174 8113 392 8069 1318 629 567 420 147 269 1010
is_linear=0
shrinkage=0.05


Tree=48
num_leaves=15
num_cat=0
split_feature=71 84 24 84 69 9 34 10 19 35 83 59 12 39
split_gain=11746.4 10833 7466.69 7339.89 8722.54 9380.88 4807.21 4200.09 6026.89 4062.3 4233.7 3858.83 3635.33 3374.46
threshold=-0.9875000000000006 90.634957500000013 248.42321500000003 42.523274000000008 -1.0000000180025095e-35 72.888648000000003 22.632291666666671 277.04082750000003 223.56636350000002 28.627083333333335 252.41682850000004 0.79612749999999732 276.3691280000001 54.125000000000007
decision_type=2 2 2 2 2 2 2 2 2 2 2 2 2 2
left_child=1 -1 11 -2 9 6 -6 -7 -9 10 12 -3 -5 -4
right_child=3 2 13 4 5 7 -8 8 -10 -11 -12 -13 -14 -15
leaf_value=0.013560355771722593 -0.0088853207584447518 -0.38356969607001185 0.17853592003230007 -0.073595920847181015 0.33845155710577968 0.088644034930317084 0.91504165561393247 0.5081513194686601 -0.12022370639837013 0.44536189693228706 0.11994693736774804 -0.09783885959448696 -0.55866957103333825 -0.10594602695593228
leaf_weight=2358 3114 393 111 679 249 1482 42 139 52 45 308 170 40 1523
leaf_count=2358 3114 393 111 679 249 1482 42 139 52 45 308 170 40 1523
internal_value=-2.09077e-05 -0.0608722 -0.140729 0.0450512 0.100358 0.162946 0.424519 0.117221 0.33734 -0.0143527 -0.0349096 -0.297619 -0.10132 -0.0865234
internal_weight=10705 4555 2197 6150 3036 1964 291 1673 191 1072 1027 563 719 1634
internal_count=10705 4555 2197 6150 3036 1964 291 1673 191 1072 1027 563 719 1634
is_linear=0
shrinkage=0.05


Tree=49
num_leaves=15
num_cat=0
split_feature=69 84 84 84 35 62 71 69 65 59 36 21 34 70
split_gain=10707.2 7852.39 10161.4 6658.18 8578.82 7060.12 5893.58 5608.82 4448.12 3944.82 4691.26 3315.74 3311.04 3102.71
threshold=-0.66454532812499967 42.523274000000008 95.689753500000009 77.844594000000015 28.627083333333335 72.70591850000001 1.8125000000000002 -18.933338249999998 7.8398370416666614 -1.0000000180025095e-35 23.792968750000004 21.618480301953209 28.796875000000004 6.005958402809825e-07
decision_type=2 2 2 2 2 2 2 2 2 2 2 2 2 2
left_child=3 -2 9 -1 5 7 13 -5 -7 -3 -11 -8 -9 -4
right_child=1 2 6 4 -6 8 11 12 -10 10 -12 -13 -14 -15
leaf_value=0.010355166249367545 -0.0061023304168724875 0.15245369688680852 -0.37062703880396758 -0.4111666406096891 0.59978658606608704 -0.049149640755613011 0.40531978529618418 -0.13329666172281454 0.46895404974388522 0.24904443190523212 0.69353947604106647 0.12536235503670451 -0.58608446688879112 0.013280721666309662
leaf_weight=2083 3375 171 54 249 41 1134 121 1121 42 123 117 813 41 1220
leaf_count=2083 3375 171 54 249 41 1134 121 1121 42 123 117 813 41 1220
internal_value=-1.39825e-05 0.0443144 0.109262 -0.0564123 -0.109317 -0.120783 0.0666932 -0.196152 -0.0302632 0.337236 0.467714 0.162026 -0.149763 -0.00326959
internal_weight=10705 5994 2619 4711 2628 2587 2208 1411 1176 411 240 934 1162 1274
internal_count=10705 5994 2619 4711 2628 2587 2208 1411 1176 411 240 934 1162 1274
is_linear=0
shrinkage=0.05


Tree=50
num_leaves=15
num_cat=0
split_feature=71 84 5 16 22 39 84 59 71 61 9 69 84 9
split_gain=9867.17 8496.98 6286.56 4698.96 3811.35 5358.7 3796.97 3247.89 3688.91 2832.08 2584.65 2520.58 3948.73 6609.1
threshold=-2.9875000000000003 75.408333500000012 273.75479450000006 95.430012500000018 151.25327538020835 56.875000000000007 282.33339050000006 0.77389449999999738 3.7624999999999997 17.10910000000003 271.84868150000005 -1.3374577031249997 42.523274000000008 72.888648000000003
decision_type=2 2 2 2 2 2 2 2 2 2 2 2 2 2
left_child=1 -1 6 -3 5 -4 7 11 -9 -10 -5 -2 -13 -14
right_child=2 3 4 10 -6 -7 -8 8 9 -11 -12 12 13 -15
leaf_value=0.010947149241025128 -0.041700975281415281 -0.43191027062593729 0.52297505015783941 -0.097748361595471706 -0.23830307718457244 0.12018905456654089 -0.27158534197716794 0.052968861563078173 0.070678637092260965 0.43327651017856211 -0.28046869381992073 -0.0056807405814777792 0.278310229830597 0.029225673965483215
leaf_weight=1024 2062 166 132 749 40 220 113 1228 96 123 261 3141 364 986
leaf_count=1024 2062 166 132 749 40 220 113 1228 96 123 261 3141 364 986
internal_value=-7.85798e-06 -0.0943672 0.0244084 -0.186001 0.219713 0.272287 0.0149459 0.0190266 0.0867962 0.275373 -0.145197 0.00405111 0.0250624 0.0965425
internal_weight=10705 2200 8505 1176 392 352 8113 8000 1447 219 1010 6553 4491 1350
internal_count=10705 2200 8505 1176 392 352 8113 8000 1447 219 1010 6553 4491 1350
is_linear=0
shrinkage=0.05


Tree=51
num_leaves=15
num_cat=0
split_feature=71 84 16 0 31 22 70 12 45 84 44 34 70 71
split_gain=8941.62 8600.19 4851.33 4714.83 4387.33 5928.58 5819.61 7061.34 5246.91 4161.35 4270 3199.59 3539.39 3216.3
threshold=-1.6874999999999998 118.99866300000001 275.10399300000006 70.579213000000024 21.112500000000004 151.25327538020835 19.902022626051153 280.08090150000004 53.552083333333336 303.76010700000006 55.406250000000007 25.862500000000008 8.1012924249459495 -8.9749999999999979
decision_type=2 2 2 2 2 2 2 2 2 2 2 2 2 2
left_child=1 -1 -2 -3 6 8 7 -4 -6 10 -5 13 -13 -12
right_child=2 3 4 9 5 -7 -8 -9 -10 -11 11 12 -14 -15
leaf_value=0.0027550533000207655 0.01727088976857738 -0.45418035566988513 0.053012976763320389 0.38180117372955596 0.55543632551545297 -0.26408328585899793 0.49459395688027147 -0.57238353398002573 0.1813368514294223 -0.61488948991132342 -0.39492709740494081 -0.0047898927112904992 -0.58867883150138567 -0.081927399015447808
leaf_weight=1925 6539 122 173 41 138 51 47 60 293 42 88 40 73 1073
leaf_count=1925 6539 122 173 41 138 51 47 60 293 42 88 40 73 1073
internal_value=-6.75912e-06 -0.0669192 0.0311952 -0.157545 0.150506 0.241794 -0.00694174 -0.109791 0.302127 -0.130561 -0.114636 -0.1309 -0.383848 -0.105971
internal_weight=10705 3404 7301 1479 762 482 280 233 431 1357 1315 1274 113 1161
internal_count=10705 3404 7301 1479 762 482 280 233 431 1357 1315 1274 113 1161
is_linear=0
shrinkage=0.05


Tree=52
num_leaves=15
num_cat=0
split_feature=69 84 84 84 35 62 71 69 65 31 66 0 10 43
split_gain=8244.14 6328.31 8931.06 5358.89 7196.13 5882.07 4703.35 4523 3775.59 3581.17 3299.11 3072.66 3706.46 3824.45
threshold=-0.66454532812499967 42.523274000000008 95.689753500000009 77.844594000000015 28.627083333333335 72.70591850000001 1.8125000000000002 -18.933338249999998 7.8398370416666614 23.212500000000002 9.0429816722519529 89.878351000000009 277.04082750000003 51.375000000000007
decision_type=2 2 2 2 2 2 2 2 2 2 2 2 2 2
left_child=3 -2 9 -1 5 7 -4 -5 -7 10 -3 -8 -13 -14
right_child=1 2 6 4 -6 8 11 -9 -10 -11 -12 12 13 -15
leaf_value=0.010398632508754863 -0.0063754532407233784 0.16530250337459013 -0.0052144334880890805 -0.36934361189790071 0.55247377928324226 -0.042247986572298189 0.49523062592950362 -0.13460215857288113 0.43508016608308914 0.59462968975898212 0.61184335892297792 0.071862712323549044 0.64192710826321253 0.13088645053406556
leaf_weight=2083 3375 276 1274 249 41 1134 57 1162 42 87 48 726 62 89
leaf_count=2083 3375 276 1274 249 41 1134 57 1162 42 87 48 726 62 89
internal_value=-1.24442e-05 0.0388846 0.0971897 -0.0495005 -0.0969636 -0.107466 0.057284 -0.176259 -0.0248454 0.310914 0.233136 0.142448 0.118981 0.34356
internal_weight=10705 5994 2619 4711 2628 2587 2208 1411 1176 411 324 934 877 151
internal_count=10705 5994 2619 4711 2628 2587 2208 1411 1176 411 324 934 877 151
is_linear=0
shrinkage=0.05


Tree=53
num_leaves=15
num_cat=0
split_feature=71 84 5 16 84 59 71 22 39 5 24 69 62 22
split_gain=7511.44 6530.18 4969.96 3967.61 3353.65 3593.6 3262.91 3246.45 4424.81 2684.85 2604.92 2535.52 2515.39 2189.7
threshold=-2.9875000000000003 81.415375000000012 273.75479450000006 95.430012500000018 270.17382700000007 0.19668649999998425 3.7624999999999997 151.25327538020835 56.875000000000007 251.64215900000002 320.80469400000004 11.973163848958334 153.27572900000004 142.00285938020838
decision_type=2 2 2 2 2 2 2 2 2 2 2 2 2 2
left_child=1 -1 4 -3 5 -2 9 8 -4 10 -7 -8 -13 -5
right_child=2 3 7 13 -6 6 11 -9 -10 -11 -12 12 -14 -15
leaf_value=0.0098304173793732595 0.0025756975754004296 -0.39030285480008886 0.47128135595974846 -0.146674680193947 -0.12400697450831566 0.04284718890939531 0.10038186068671612 -0.22765419586766056 0.10530371676447772 0.24148362308818228 -0.33687127183409449 0.56629838546117151 0.1004299451880481 0.12948151556894374
leaf_weight=1026 6041 164 132 933 423 1160 148 40 220 167 46 83 45 77
leaf_count=1026 6041 164 132 933 423 1160 148 40 220 167 46 83 45 77
internal_value=2.89801e-06 -0.0823256 0.0213061 -0.162804 0.0128927 0.0204382 0.0858349 0.194959 0.243492 0.0542081 0.0280966 0.242403 0.404565 -0.125514
internal_weight=10705 2200 8505 1174 8113 7690 1649 392 352 1373 1206 276 128 1010
internal_count=10705 2200 8505 1174 8113 7690 1649 392 352 1373 1206 276 128 1010
is_linear=0
shrinkage=0.05


Tree=54
num_leaves=15
num_cat=0
split_feature=69 84 84 84 35 84 59 49 84 24 11 31 45 66
split_gain=6974.51 5464.9 8010.33 4844.83 4294.75 4650.93 5526.49 5199.88 4145.15 5080.08 6318.73 3290.88 3220.16 2849.15
threshold=-0.66454532812499967 42.523274000000008 95.689753500000009 303.76010700000006 28.627083333333335 77.844594000000015 0.15607099999999721 4.5000000000000009 265.35616800000008 322.54412650000006 272.80206100000004 23.212500000000002 53.552083333333336 9.0429816722519529
decision_type=2 2 2 2 2 2 2 2 2 2 2 2 2 2
left_child=3 -2 11 4 5 -1 7 -7 9 10 -4 13 -12 -3
right_child=1 2 8 -5 -6 6 -8 -9 -10 -11 12 -13 -14 -15
leaf_value=0.0098810788197027516 -0.0062771954954454513 0.15479615878381867 0.066941274713557972 -0.5738537337890891 0.4112677351213419 -0.13208785020597391 -0.0077944254384887503 -0.53572431716848823 -0.11073586171975427 -0.33407583736198054 0.59260069813993244 0.56430324010381649 0.1554681836871612 0.56978473182843659
leaf_weight=2073 3375 276 1637 42 51 1342 1119 84 331 70 89 87 81 48
leaf_count=2073 3375 276 1637 42 51 1342 1119 84 331 70 89 87 81 48
internal_value=5.29565e-06 0.0357821 0.0899638 -0.0455129 -0.0406383 -0.045717 -0.0909899 -0.156223 0.0521723 0.080944 0.097197 0.292371 0.386447 0.21784
internal_weight=10705 5994 2619 4711 4669 4618 2545 1426 2208 1877 1807 411 170 324
internal_count=10705 5994 2619 4711 4669 4618 2545 1426 2208 1877 1807 411 170 324
is_linear=0
shrinkage=0.05


Tree=55
num_leaves=15
num_cat=0
split_feature=73 24 46 84 9 80 84 84 16 84 69 19 69 71
split_gain=6477.94 5329.03 4788.74 4556.1 4189.39 3356.86 5612.03 4146.06 3489.6 3277.08 3880.63 2677.92 3569.44 2451.18
threshold=17.625000000000004 274.65417650000006 49.994791666666671 123.87847250000002 290.2148160000001 -0.2269546835593246 215.13912700000003 103.85360150000001 287.24088100000006 42.523274000000008 9.2180250989583339 194.35159100000001 9.2180250989583339 2.3874999999999997
decision_type=2 2 2 2 2 2 2 2 2 2 2 2 2 2
left_child=1 4 -3 -2 -1 7 -7 9 11 -4 -11 -9 -13 -10
right_child=3 2 5 -5 -6 6 -8 8 13 10 -12 12 -14 -15
leaf_value=-0.010952046431077583 0.0010969167138099145 0.33466475690084119 -0.077449448043037036 -0.22311720521558437 -0.46156778615684468 0.016451784266061059 -0.5687930953644571 0.020092909259671346 0.64712491111699932 0.024738682191818955 0.57949524495218485 0.065121441555463455 0.54865452753285238 0.11014927191321144
leaf_weight=6395 398 154 41 525 51 1657 41 1036 42 44 111 109 58 43
leaf_count=6395 398 154 41 525 51 1657 41 1036 42 44 111 109 58 43
internal_value=8.88144e-06 0.0119613 0.0632508 -0.126539 -0.0145883 0.0500141 0.00199397 0.104921 0.0721825 0.318598 0.423184 0.0501415 0.235321 0.379918
internal_weight=10705 9782 3336 923 6446 3182 1698 1484 1288 196 155 1203 167 85
internal_count=10705 9782 3336 923 6446 3182 1698 1484 1288 196 155 1203 167 85
is_linear=0
shrinkage=0.05


Tree=56
num_leaves=15
num_cat=0
split_feature=84 24 46 84 57 36 62 71 43 9 64 6 71 13
split_gain=6096.32 5292.68 4513.68 4154.25 5305.5 3144.48 3001.29 2614.1 2601.75 3439.19 4901.52 3245.8 2439.79 2786.98
threshold=292.35207400000007 274.65417650000006 49.994791666666671 96.35669750000001 1.0193046489234918 20.524739583333339 175.48538500000004 -8.9749999999999979 48.125000000000007 270.73891950000007 3.7773114402145787 194.80305600000003 2.1000000000000001 0.63849971623747248
decision_type=2 2 2 2 2 2 2 2 2 2 2 2 2 2
left_child=1 3 -3 -1 5 7 -6 -5 11 -10 -11 -4 13 -7
right_child=-2 2 8 4 6 12 -8 -9 9 10 -12 -13 -14 -15
leaf_value=0.0087600781618598616 -0.37729007484356192 0.31803947756592665 0.067256616509352482 -0.46385952985131901 0.0027597488408018628 -0.18407026623287898 0.29571928532077718 -0.15387556702767402 0.043334424884499741 -0.0045675072727389019 -0.57036990938442089 0.4788197701142447 0.32002399589230374 -0.031336092545425569
leaf_weight=4436 105 154 137 76 267 402 129 610 2944 121 55 73 40 1156
leaf_count=4436 105 154 137 76 267 402 129 610 2944 121 55 73 40 1156
internal_value=1.31344e-05 0.00378581 0.0542703 -0.0209356 -0.0700736 -0.0993656 0.098698 -0.188843 0.0419802 0.030478 -0.183604 0.211915 -0.06086 -0.0708378
internal_weight=10705 10600 3484 7116 2680 2284 396 686 3330 3120 176 210 1598 1558
internal_count=10705 10600 3484 7116 2680 2284 396 686 3330 3120 176 210 1598 1558
is_linear=0
shrinkage=0.05


Tree=57
num_leaves=15
num_cat=0
split_feature=84 73 16 69 84 47 22 31 19 12 35 71 84 21
split_gain=5507.36 4920.23 4306.69 3531.78 3490.89 3079.27 4863.07 3431.15 3804.58 3691.95 2314.02 2243.61 6149.3 7364.79
threshold=292.35207400000007 17.625000000000004 270.93256800000006 -9.293178385416665 123.87847250000002 63.825520833333336 151.25327538020835 21.412500000000005 213.61238550000004 280.08090150000004 28.129687500000006 1.8125000000000002 42.523274000000008 1.2382070770162167e-05
decision_type=2 2 2 2 2 2 2 2 2 2 2 2 2 2
left_child=1 2 11 -4 -3 -5 7 9 -9 -7 -10 -1 -13 -14
right_child=-2 4 3 5 -6 6 -8 8 10 -11 -12 12 13 -15
leaf_value=-0.01375456867161122 -0.35860353481586815 0.0012920951855574317 0.54352280917492779 0.31858696604631548 -0.19777758479360152 0.05048251182169599 -0.4287965502247823 0.11168616922134862 0.74738609478587203 -0.31907528110860306 0.21525332558640217 -0.016125765851887873 0.58554010372818188 0.1023313099466364
leaf_weight=6287 105 398 43 126 492 407 48 382 41 80 42 1467 88 699
leaf_count=6287 105 398 43 126 492 407 48 382 41 80 42 1467 88 699
internal_value=1.1307e-05 0.00359712 0.0139143 0.103879 -0.108854 0.0866222 0.0571055 0.082029 0.179017 -0.0107546 0.483882 0.00159022 0.044378 0.157037
internal_weight=10705 10600 9710 1169 890 1126 1000 952 465 487 83 8541 2254 787
internal_count=10705 10600 9710 1169 890 1126 1000 952 465 487 83 8541 2254 787
is_linear=0
shrinkage=0.05


Tree=58
num_leaves=15
num_cat=0
split_feature=69 84 84 84 35 84 59 49 84 24 11 59 36 25
split_gain=5062.74 4138.73 6700.45 3681.27 3511.62 3574.99 4714.26 4547.43 3488.89 4507.95 4949.66 2849.55 3343.91 2611.65
threshold=-0.66454532812499967 42.523274000000008 95.689753500000009 303.76010700000006 28.627083333333335 77.844594000000015 0.15607099999999721 4.5000000000000009 263.84994950000004 322.54412650000006 272.80206100000004 -1.0000000180025095e-35 23.792968750000004 103.71908670936379
decision_type=2 2 2 2 2 2 2 2 2 2 2 2 2 2
left_child=3 -2 11 4 5 -1 7 -7 9 10 -4 -3 -13 -14
right_child=1 2 8 -5 -6 6 -8 -9 -10 -11 -12 12 13 -15
leaf_value=0.0096361753277089054 -0.0061032340762174593 0.10591813554800505 0.059355589937694291 -0.49930910989642147 0.37411277404843046 -0.11648590765751819 -0.0019662016009429606 -0.49391775504631164 -0.098888829273483025 -0.32282611830692209 0.3446288772814331 0.18926442525079173 0.88417239756811239 0.38231320779818995
leaf_weight=2073 3375 171 1611 42 51 1342 1119 84 361 69 167 123 41 76
leaf_count=2073 3375 171 1611 42 51 1342 1119 84 361 69 167 123 41 76
internal_value=1.70088e-05 0.0304986 0.0776501 -0.0387642 -0.0345153 -0.0391081 -0.0788004 -0.139049 0.0430889 0.0708772 0.0863288 0.262767 0.373619 0.564181
internal_weight=10705 5994 2619 4711 4669 4618 2545 1426 2208 1847 1778 411 240 117
internal_count=10705 5994 2619 4711 4669 4618 2545 1426 2208 1847 1778 411 240 117
is_linear=0
shrinkage=0.05


end of trees

feature_importances:
consumo_alvo_semana_anterior=220
consumo_diferenca_semana_atual=146
temperatura_externa_c_diferenca_semana_atual=112
correcao_semanal_media_1440m=32
umidade_relativa_pct_lag_1440m=20
consumo_max_1440m=16
consumo_lag_360m=14
consumo_lag_10080m=14
consumo_max_180m=14
temperatura_externa_c_lag_720m=13
temperatura_externa_c_media_1440m=13
tendencia_consumo_15m=11
correcao_semanal_media_180m=11
origem_hora_sin=10
umidade_relativa_pct_diferenca_semana_atual=10
consumo_max_60m=9
consumo_min_360m=9
correcao_semanal_std_180m=9
consumo_min_60m=8
consumo_std_180m=8
consumo_std_360m=8
temperatura_externa_c_media_360m=8
umidade_relativa_pct_lag_60m=8
tendencia_consumo_360m=8
consumo_mean_1440m=7
consumo_atual_kw=6
temperatura_externa_c_media_180m=6
umidade_relativa_pct_media_360m=6
correcao_semanal_std_360m=6
consumo_lag_180m=5
correcao_semanal_std_1440m=5
consumo_std_1440m=4
umidade_relativa_pct_media_180m=4
consumo_std_60m=3
temperatura_externa_c_atual=3
temperatura_externa_c_lag_180m=3
umidade_relativa_pct_lag_15m=3
umidade_relativa_pct_media_60m=3
origem_hora_cos=3
alvo_hora_cos=3
consumo_mean_60m=2
temperatura_externa_c_lag_60m=2
temperatura_externa_c_lag_360m=2
umidade_relativa_pct_atual=2
origem_dia_semana=2
consumo_razao_semana_atual=2
consumo_lag_720m=1
consumo_lag_1440m=1
consumo_min_180m=1
consumo_mean_360m=1
temperatura_externa_c_lag_15m=1
temperatura_externa_c_lag_1440m=1
temperatura_externa_c_media_60m=1
umidade_relativa_pct_lag_180m=1
umidade_relativa_pct_media_1440m=1
origem_hora=1
tendencia_consumo_180m=1
correcao_semanal_std_60m=1
consumo_alvo_dia_anterior=1

parameters:
[boosting: gbdt]
[objective: regression]
[metric: l1]
[tree_learner: serial]
[device_type: cpu]
[data_sample_strategy: bagging]
[data: ]
[valid: ]
[num_iterations: 400]
[learning_rate: 0.05]
[num_leaves: 15]
[num_threads: 2]
[seed: 20260905]
[deterministic: 1]
[force_col_wise: 1]
[force_row_wise: 0]
[histogram_pool_size: -1]
[max_depth: -1]
[min_data_in_leaf: 40]
[min_sum_hessian_in_leaf: 0.001]
[bagging_fraction: 1]
[pos_bagging_fraction: 1]
[neg_bagging_fraction: 1]
[bagging_freq: 0]
[bagging_seed: 23218]
[bagging_by_query: 0]
[feature_fraction: 1]
[feature_fraction_bynode: 1]
[feature_fraction_seed: 28090]
[extra_trees: 0]
[extra_seed: 14360]
[early_stopping_round: 0]
[early_stopping_min_delta: 0]
[first_metric_only: 0]
[max_delta_step: 0]
[lambda_l1: 0]
[lambda_l2: 1]
[linear_lambda: 0]
[min_gain_to_split: 0]
[drop_rate: 0.1]
[max_drop: 50]
[skip_drop: 0.5]
[xgboost_dart_mode: 0]
[uniform_drop: 0]
[drop_seed: 16970]
[top_rate: 0.2]
[other_rate: 0.1]
[min_data_per_group: 100]
[max_cat_threshold: 32]
[cat_l2: 10]
[cat_smooth: 10]
[max_cat_to_onehot: 4]
[top_k: 20]
[monotone_constraints: ]
[monotone_constraints_method: basic]
[monotone_penalty: 0]
[feature_contri: ]
[forcedsplits_filename: ]
[refit_decay_rate: 0.9]
[cegb_tradeoff: 1]
[cegb_penalty_split: 0]
[cegb_penalty_feature_lazy: ]
[cegb_penalty_feature_coupled: ]
[path_smooth: 0]
[interaction_constraints: ]
[verbosity: -1]
[saved_feature_importance_type: 0]
[use_quantized_grad: 0]
[num_grad_quant_bins: 4]
[quant_train_renew_leaf: 0]
[stochastic_rounding: 1]
[linear_tree: 0]
[max_bin: 255]
[max_bin_by_feature: ]
[min_data_in_bin: 3]
[bin_construct_sample_cnt: 200000]
[data_random_seed: 5037]
[is_enable_sparse: 1]
[enable_bundle: 1]
[use_missing: 1]
[zero_as_missing: 0]
[feature_pre_filter: 1]
[pre_partition: 0]
[two_round: 0]
[header: 0]
[label_column: ]
[weight_column: ]
[group_column: ]
[ignore_column: ]
[categorical_feature: ]
[forcedbins_filename: ]
[precise_float_parser: 0]
[parser_config_file: ]
[objective_seed: 15411]
[num_class: 1]
[is_unbalance: 0]
[scale_pos_weight: 1]
[sigmoid: 1]
[boost_from_average: 1]
[reg_sqrt: 0]
[alpha: 0.9]
[fair_c: 1]
[poisson_max_delta_step: 0.7]
[tweedie_variance_power: 1.5]
[lambdarank_truncation_level: 30]
[lambdarank_norm: 1]
[label_gain: ]
[lambdarank_position_bias_regularization: 0]
[eval_at: ]
[multi_error_top_k: 1]
[auc_mu_weights: ]
[num_machines: 1]
[local_listen_port: 12400]
[time_out: 120]
[machine_list_filename: ]
[machines: ]
[gpu_platform_id: -1]
[gpu_device_id: -1]
[gpu_device_id_list: ]
[gpu_use_dp: 0]
[num_gpu: 1]

end of parameters

pandas_categorical:[]
