tree
version=v4
num_class=1
num_tree_per_iteration=1
label_index=0
max_feature_idx=84
objective=regression
feature_names=consumo_atual_kw consumo_lag_15m consumo_lag_30m consumo_lag_60m consumo_lag_120m consumo_lag_180m consumo_lag_360m consumo_lag_720m consumo_lag_1440m consumo_lag_10080m consumo_mean_60m consumo_min_60m consumo_max_60m consumo_std_60m consumo_mean_180m consumo_min_180m consumo_max_180m consumo_std_180m consumo_mean_360m consumo_min_360m consumo_max_360m consumo_std_360m consumo_mean_1440m consumo_min_1440m consumo_max_1440m consumo_std_1440m temperatura_externa_c_atual temperatura_externa_c_lag_15m temperatura_externa_c_lag_60m temperatura_externa_c_lag_180m temperatura_externa_c_lag_360m temperatura_externa_c_lag_720m temperatura_externa_c_lag_1440m temperatura_externa_c_media_60m temperatura_externa_c_media_180m temperatura_externa_c_media_360m temperatura_externa_c_media_1440m umidade_relativa_pct_atual umidade_relativa_pct_lag_15m umidade_relativa_pct_lag_60m umidade_relativa_pct_lag_180m umidade_relativa_pct_lag_360m umidade_relativa_pct_lag_720m umidade_relativa_pct_lag_1440m umidade_relativa_pct_media_60m umidade_relativa_pct_media_180m umidade_relativa_pct_media_360m umidade_relativa_pct_media_1440m origem_hora origem_dia_semana origem_fim_de_semana origem_mes origem_hora_sin origem_hora_cos origem_semana_sin origem_semana_cos consumo_diferenca_semana_atual consumo_razao_semana_atual consumo_diferenca_dia_atual tendencia_consumo_15m tendencia_consumo_60m tendencia_consumo_180m tendencia_consumo_360m correcao_semanal_media_60m correcao_semanal_std_60m correcao_semanal_media_180m correcao_semanal_std_180m correcao_semanal_media_360m correcao_semanal_std_360m correcao_semanal_media_1440m correcao_semanal_std_1440m temperatura_externa_c_diferenca_semana_atual temperatura_externa_c_tendencia_1h umidade_relativa_pct_diferenca_semana_atual umidade_relativa_pct_tendencia_1h alvo_hora alvo_dia_semana alvo_fim_de_semana alvo_mes alvo_hora_sin alvo_hora_cos alvo_semana_sin alvo_semana_cos consumo_alvo_dia_anterior consumo_alvo_semana_anterior
feature_infos=[22.399999999999999:324.71375799999998] [22.399999999999999:324.71375799999998] [22.399999999999999:324.71375799999998] [22.399999999999999:324.71375799999998] [22.399999999999999:324.71375799999998] [22.399999999999999:324.71375799999998] [22.399999999999999:324.71375799999998] [22.399999999999999:324.71375799999998] [22.399999999999999:324.71375799999998] [22.399999999999999:324.71375799999998] [22.399999999999999:321.24876725000001] [22.399999999999999:318.278571] [22.399999999999999:324.71375799999998] [0:82.540869055199337] [22.399999999999999:313.28577408333337] [22.399999999999999:302.53573799999998] [22.399999999999999:324.71375799999998] [0:92.970139865692389] [22.399999999999999:295.13563500000004] [22.399999999999999:249.29458700000001] [22.399999999999999:324.71375799999998] [0:116.53386463160022] [23.200000000000003:159.49963871874999] none [25.600000000000001:324.71375799999998] [1.3929144002343703:128.71471884334804] [15:33.700000000000003] [15:33.700000000000003] [15:33.700000000000003] [15:33.700000000000003] [15:33.700000000000003] [15:33.700000000000003] [15:33.700000000000003] [15:33.4375] [15:32.71875] [15.333333333333334:31.620833333333334] [16.439843749999998:27.283072916666669] [31:98] [31:98] [31:98] [31:98] [31:98] [31:98] [31:98] [32.5:95.625] [33.666666666666664:95.083333333333329] [37.041666666666664:94] [59.309895833333336:91.638020833333329] [0:23.75] [0:6] [0:1] [1:4] [-1:1] [-1:1] [-0.97492791218182362:0.97492791218182362] [-0.90096886790241903:1] [-72.635950000000008:77.445233000000002] [0.43630911779503978:2.09406877563422] [-291.363968:296.779246] [-121.30707899999999:153.05878799999999] [-124.27709300000001:153.05878799999999] [-180.63157299999997:268.16051600000003] [-299.363968:299.97924600000005] [-70.384351250000009:75.467424499999993] [0:44.359338508129341] [-67.777903583333341:70.921986416666655] [0:38.631403568061003] [-64.848194500000005:62.415354583333333] [0:37.083675449251288] [-34.945017510416669:27.905951093750001] [0:30.68446053870321] [-12:11.5] [-8:4.8000000000000007] [-49:48] [-30:40] [0:23.75] [0:6] [0:1] [1:4] [-1:1] [-1:1] [-0.97492791218182362:0.97492791218182362] [-0.90096886790241903:1] [22.399999999999999:324.71375799999998] [22.399999999999999:324.71375799999998]
tree_sizes=1440 1443 1439 1430 1426 1440 1434 1443 1444 1447 1428 1440 1441 1442 1446 1441 1455 1450 1440 1439 1436 1416 1438 1432 1434 1444 1429 1450 1439 1445 1433 1451 1440 1456 1448 1430 1456 1440 1432 1437 1450 1443 1448 1443 1427 1449 1440 1432 1439 1450 1452 1449

Tree=0
num_leaves=15
num_cat=0
split_feature=56 56 84 84 71 84 71 71 71 84 69 24 68 70
split_gain=851191 537297 262251 160796 116368 141880 98284.7 70547.5 52064.7 49580.1 90576.6 34400 32865.9 28646.6
threshold=-21.542102499999995 12.469554000000004 98.398364500000014 42.523274000000008 -1.0000000180025095e-35 97.259549500000006 -2.9875000000000003 5.1000000000000005 -3.2375000000000003 42.523274000000008 5.8223991614583346 255.23943600000004 3.2857209863616288 6.005958402809825e-07
decision_type=2 2 2 2 2 2 2 2 2 2 2 2 2 2
left_child=2 4 -1 -3 5 -2 12 -5 11 -6 13 -4 -7 -11
right_child=1 3 8 7 9 6 -8 -9 -10 10 -12 -13 -14 -15
leaf_value=-1.0147257530850728 -0.97157752135774422 -0.96723425461314971 -3.3253437263228349 0.044696640460365922 -0.96709978225663307 -2.7897971909975325 -1.3562214335331366 0.92120473161431815 -1.9366013010106367 0.03992409155242882 -0.0048859872446500585 -2.5970030123184711 -1.8416076312243517 -0.93445787869064412
leaf_weight=284 2604 325 338 820 2349 169 1324 322 154 81 448 337 205 945
leaf_count=284 2604 325 338 820 2349 169 1324 322 154 81 448 337 205 945
internal_value=-1.01798 -0.866057 -2.32621 0.0142797 -1.02511 -1.20347 -1.55891 0.293319 -2.77496 -0.824411 -0.597208 -2.96459 -2.27365 -0.856578
internal_weight=10705 9592 1113 1467 8125 4302 1698 1142 829 3823 1474 675 374 1026
internal_count=10705 9592 1113 1467 8125 4302 1698 1142 829 3823 1474 675 374 1026
is_linear=0
shrinkage=1


Tree=1
num_leaves=15
num_cat=0
split_feature=56 56 84 84 71 84 71 56 19 56 84 69 33 69
split_gain=768452 485017 237486 145148 105059 128086 88769.9 67262.4 48546.7 44915.6 44764.4 83211.1 30269.1 29934
threshold=-21.542102499999995 12.469554000000004 90.818079500000024 42.523274000000008 -1.0000000180025095e-35 97.259549500000006 -2.9875000000000003 28.185099000000026 207.63607150000004 -42.873081999999975 42.523274000000008 11.26756466666667 19.003125000000004 -1.0000000180025095e-35
decision_type=2 2 2 2 2 2 2 2 2 2 2 2 2 2
left_child=2 4 -1 -3 5 -2 12 -5 9 -4 -6 13 -7 -12
right_child=1 3 8 7 10 6 -8 -9 -10 -11 11 -13 -14 -15
leaf_value=0.047523454546488521 0.044080368880890383 0.04821336388222279 -2.3022920991897582 0.9041915154325374 0.048334412699050096 -1.8355705024734623 -0.32134500021728218 1.680337273715383 0.043097894947703295 -1.4843474523333817 0.0029033083352346398 1.2060929997069869 -0.87243061821375578 0.50287304507537323
leaf_weight=270 2604 325 249 641 2349 123 1324 501 40 554 675 262 251 537
leaf_count=270 2604 325 249 641 2349 123 1324 501 40 554 675 262 251 537
internal_value=-1.13515e-05 0.144336 -1.24303 0.980748 -0.00678309 -0.176253 -0.513976 1.24586 -1.65595 -1.74053 0.183916 0.399804 -1.19324 0.224657
internal_weight=10705 9592 1113 1467 8125 4302 1698 1142 843 803 3823 1474 374 1212
internal_count=10705 9592 1113 1467 8125 4302 1698 1142 843 803 3823 1474 374 1212
is_linear=0
shrinkage=0.05


Tree=2
num_leaves=15
num_cat=0
split_feature=56 56 84 84 71 84 71 71 84 71 19 56 84 33
split_gain=693710 437819 214510 131021 95814.2 109078 90663.1 60806.9 53801.9 61753.8 44935.5 37599.6 27686.6 27174.4
threshold=-21.542102499999995 12.469554000000004 101.20536200000002 42.523274000000008 1.0000000180025095e-35 101.20536200000002 -2.8499999999999992 4.4125000000000023 42.523274000000008 2.2375000000000012 207.63607150000004 -42.873081999999975 287.58038500000004 19.003125000000004
decision_type=2 2 2 2 2 2 2 2 2 2 2 2 2 2
left_child=2 4 -1 -3 5 -2 13 -5 -6 -10 11 -4 -8 -7
right_child=1 3 10 7 8 6 12 -9 9 -11 -12 -13 -14 -15
leaf_value=-0.01146770047977618 0.040708882710595293 0.045810090435063185 -2.1876379505157471 0.91722242983182278 0.045916351191130765 -1.7730898173917244 -0.23264377863775848 1.6878975722541665 0.25372161516799369 1.0652423330217224 0.040995570508445184 -1.4338729461205899 -1.3968485094466301 -0.84867777007844625
leaf_weight=290 2937 325 249 749 2095 118 1443 393 912 315 40 534 52 253
leaf_count=290 2937 325 249 749 2095 118 1443 393 912 315 40 534 52 253
internal_value=-2.14729e-05 0.137127 -1.18105 0.9318 -0.00645147 -0.149236 -0.448062 1.18368 0.199971 0.462756 -1.59266 -1.67606 -0.274045 -1.14667
internal_weight=10705 9592 1113 1467 8125 4803 1866 1142 3322 1227 823 783 1495 371
internal_count=10705 9592 1113 1467 8125 4803 1866 1142 3322 1227 823 783 1495 371
is_linear=0
shrinkage=0.05


Tree=3
num_leaves=15
num_cat=0
split_feature=56 56 84 71 84 71 52 84 71 71 71 24 84 46
split_gain=626634 355251 178556 161981 116632 64403.1 66355.4 59954.7 59135.4 53434.4 45894.3 40063.7 32975.3 30730.3
threshold=-9.1773025000000015 15.824862000000012 90.818079500000024 -3.2375000000000003 42.523274000000008 0.16249999999999967 0.84874750804349197 42.523274000000008 -2.4249999999999985 2.2375000000000012 3.837499999999999 248.07883750000005 95.869577000000007 55.869791666666679
decision_type=2 2 2 2 2 2 2 2 2 2 2 2 2 2
left_child=2 5 -1 11 -3 6 -2 -7 12 -9 -6 -4 -8 -5
right_child=1 4 3 13 10 7 8 9 -10 -11 -12 -13 -14 -15
leaf_value=0.061477502672432217 0.023268948377270001 0.043504608890839985 -2.0195532808086383 0.64037973424074834 0.88257167524897029 0.043621968265141427 -0.047700099647045135 0.27310828948302163 -0.220825602732583 0.98751835411348532 1.5658370969845203 -1.284513317055282 -1.4404852475495415 -0.60705366838903785
leaf_weight=436 3209 279 306 53 537 2096 55 917 707 366 462 497 187 598
leaf_count=436 3209 279 306 53 537 2096 55 917 707 366 462 497 187 598
internal_value=-3.80867e-05 0.177117 -0.825949 -1.09191 0.947605 0.0463617 -0.0853892 0.208464 -0.452449 0.477518 1.19981 -1.56678 -1.12544 -0.50467
internal_weight=10705 8815 1890 1454 1278 7537 4158 3379 949 1283 999 803 242 651
internal_count=10705 8815 1890 1454 1278 7537 4158 3379 949 1283 999 803 242 651
is_linear=0
shrinkage=0.05


Tree=4
num_leaves=15
num_cat=0
split_feature=56 56 84 84 71 84 56 71 71 24 69 84 66 84
split_gain=569632 356853 176608 106185 77722.1 115964 57925.2 46218 38306.6 26350.5 26166.9 73604.6 23776.8 22613.1
threshold=-21.542102499999995 11.821706499999992 90.818079500000024 42.523274000000008 -0.9875000000000006 95.869577000000007 28.185099000000026 -2.9875000000000003 -3.2375000000000003 255.23943600000004 11.532673921875002 42.523274000000008 1.9884283018599305 284.32638350000008
decision_type=2 2 2 2 2 2 2 2 2 2 2 2 2 2
left_child=2 4 -1 -3 5 -2 -5 12 9 -4 -6 -12 -7 -9
right_child=1 3 8 6 10 7 -8 13 -10 -11 11 -13 -14 -15
leaf_value=0.042664785358738633 0.039014008304159811 0.041397408944760967 -1.905275860043133 0.74863446680415624 0.071919060011703478 -1.3968734201154498 1.4603484639816313 -0.31376558890427791 -0.72071802417165598 -1.2737296413845582 0.041620844393742806 1.0544634048279156 -0.59366185755282641 -1.4764097649942745
leaf_weight=270 2143 333 339 675 3837 201 501 887 159 345 527 271 174 43
leaf_count=270 2143 333 339 675 3837 201 501 887 159 345 527 271 174 43
internal_value=-4.13135e-05 0.124238 -1.07025 0.8298 -0.00756852 -0.1873 1.05282 -0.558687 -1.42633 -1.58906 0.126147 0.38647 -1.02675 -0.36905
internal_weight=10705 9592 1113 1509 8083 3448 1176 1305 843 684 4635 798 375 930
internal_count=10705 9592 1113 1509 8083 3448 1176 1305 843 684 4635 798 375 930
is_linear=0
shrinkage=0.05


Tree=5
num_leaves=15
num_cat=0
split_feature=56 56 84 84 71 84 71 56 84 69 19 56 33 84
split_gain=514248 322279 159715 96535.8 71908.7 83211 66241.7 49191.2 41586.6 50474.6 36578.8 30255 24777.3 22412.4
threshold=-21.542102499999995 12.469554000000004 101.20536200000002 42.523274000000008 1.0000000180025095e-35 104.01284850000002 -2.5999999999999992 28.185099000000026 42.523274000000008 5.8223991614583346 207.63607150000004 -42.873081999999975 19.003125000000004 287.58038500000004
decision_type=2 2 2 2 2 2 2 2 2 2 2 2 2 2
left_child=2 4 -1 -3 5 -2 12 -5 -6 -10 11 -4 -7 -8
right_child=1 3 10 7 8 6 13 -9 9 -11 -12 -13 -14 -15
leaf_value=-0.0077119393856664711 0.035088031695473275 0.039318678724619513 -1.9058125011444091 0.72400733311936216 0.03822539740789483 -1.5461257883026951 -0.1906026811017012 1.3874765353364404 0.18247426782625983 0.86768147153054453 0.10035025346569899 -1.2303813432964767 -0.69539598959723981 -1.2586117356431252
leaf_weight=290 2964 325 249 641 2095 121 1368 501 830 397 40 534 300 50
leaf_count=290 2964 325 249 641 2095 121 1368 501 830 397 40 534 300 50
internal_value=-5.87669e-05 0.118024 -1.01691 0.799825 -0.00516072 -0.128857 -0.392971 1.01603 0.173666 0.404701 -1.37208 -1.44733 -0.942989 -0.229122
internal_weight=10705 9592 1113 1467 8125 4803 1839 1142 3322 1227 823 783 421 1418
internal_count=10705 9592 1113 1467 8125 4803 1839 1142 3322 1227 823 783 421 1418
is_linear=0
shrinkage=0.05


Tree=6
num_leaves=15
num_cat=0
split_feature=56 56 84 71 84 71 52 84 71 69 71 46 24 84
split_gain=465738 268761 139693 104599 87462 55413.3 49902.5 49287 43447.2 42501.7 35386.2 28869.8 28770.3 24722.2
threshold=-10.904794000000008 17.861913499999996 90.818079500000024 -3.2375000000000003 42.523274000000008 0.20000000000000109 0.84874750804349197 42.523274000000008 -2.4875000000000003 -1.0000000180025095e-35 3.837499999999999 55.869791666666679 248.07883750000005 95.869577000000007
decision_type=2 2 2 2 2 2 2 2 2 2 2 2 2 2
left_child=2 5 -1 12 -3 6 -2 -7 13 -9 -6 -5 -4 -8
right_child=1 4 3 11 10 7 8 9 -10 -11 -12 -13 -14 -15
leaf_value=0.054280454494866986 0.011100261924545982 0.037304913238208726 -1.7476938011599523 0.69865575199376562 0.77226161048389397 0.036313513214098141 -0.030774059187282217 0.078773150764948285 -0.20216749382331956 0.65002186449201416 1.3976715537088866 -0.57552112016507018 -1.1200762931808954 -1.2444310600874287
leaf_weight=414 3365 258 305 48 467 2096 54 541 727 818 448 494 482 188
leaf_count=414 3365 258 305 48 467 2096 54 541 727 818 448 494 482 188
internal_value=-7.19931e-05 0.145391 -0.747657 -0.997323 0.850626 0.0390896 -0.079978 0.18843 -0.395946 0.42284 1.07966 -0.4616 -1.36522 -0.974856
internal_weight=10705 8962 1743 1329 1173 7789 4334 3455 969 1359 915 542 787 242
internal_count=10705 8962 1743 1329 1173 7789 4334 3455 969 1359 915 542 787 242
is_linear=0
shrinkage=0.05


Tree=7
num_leaves=15
num_cat=0
split_feature=56 56 84 84 71 84 71 84 69 71 71 25 33 71
split_gain=421777 263182 132431 78952.2 70347.9 74066.1 47817.8 34859.8 53383.4 32075.7 30299.8 23487.2 21730.5 21407.7
threshold=-21.542102499999995 17.861913499999996 114.75245900000002 42.523274000000008 -1.0000000180025095e-35 107.33202100000001 -2.3625000000000003 42.523274000000008 11.840655182291668 3.7125000000000008 -5.0124999999999984 95.41747064970518 19.003125000000004 1.8125000000000002
decision_type=2 2 2 2 2 2 2 2 2 2 2 2 2 2
left_child=2 4 -1 -3 5 -2 12 -6 13 -5 11 -4 -7 -9
right_child=1 3 10 9 7 6 -8 8 -10 -11 -12 -13 -14 -15
leaf_value=-0.12183197396741788 0.027484507773607631 0.03544686807168497 -1.9902947037220002 0.72080232900357855 0.035194661270245363 -1.3846657859427589 -0.22247503784013301 0.074844939160789478 0.94013887017413422 1.3162234615916626 -0.97943633631216531 -1.1771953112817224 -0.61564864255199347 0.50423469517913477
leaf_weight=354 2716 258 199 448 2407 125 1126 984 296 467 388 172 354 411
leaf_count=354 2716 258 199 448 2407 125 1126 984 296 467 388 172 354 411
internal_value=-7.3923e-05 0.106867 -0.920974 0.808189 0.00906886 -0.13167 -0.400842 0.157462 0.331376 1.0258 -1.29305 -1.61751 -0.818798 0.201624
internal_weight=10705 9592 1113 1173 8419 4321 1605 4098 1691 915 759 371 479 1395
internal_count=10705 9592 1113 1173 8419 4321 1605 4098 1691 915 759 371 479 1395
is_linear=0
shrinkage=0.05


Tree=8
num_leaves=15
num_cat=0
split_feature=56 56 84 71 84 71 84 52 71 69 71 84 24 39
split_gain=382229 215066 111609 99507.7 72295.6 43384.2 44220.8 41817.9 38302.9 34124.4 29533.9 26851.4 25488.8 20759.7
threshold=-9.1773025000000015 18.240221500000022 90.818079500000024 -3.3625000000000003 42.523274000000008 0.4124999999999997 42.523274000000008 0.84874750804349197 -2.4249999999999985 -1.0000000180025095e-35 3.7125000000000008 287.58038500000004 248.07883750000005 53.375000000000007
decision_type=2 2 2 2 2 2 2 2 2 2 2 2 2 2
left_child=2 5 -1 12 -3 7 -7 -2 -9 -8 -6 13 -4 -5
right_child=1 4 3 11 10 6 9 8 -10 -11 -12 -13 -14 -15
leaf_value=0.056467725264944257 0.023579628965986171 0.033680351049519698 -1.6091605766453729 0.43473599478602409 0.68890346096875466 0.032753956873915094 0.083226253522043853 -0.89076389902167863 -0.16928150778398918 0.61209656783013444 1.2663575331003702 -1.4725542726029051 -1.0127485591693162 -0.42843997159792313
leaf_weight=436 3365 256 296 79 436 2009 497 242 760 790 460 54 479 546
leaf_count=436 3365 256 296 79 436 2009 497 242 760 790 460 54 479 546
internal_value=-8.34765e-05 0.138276 -0.645125 -0.855401 0.774933 0.0424766 0.179391 -0.0608768 -0.344246 0.408086 0.986446 -0.4126 -1.24232 -0.318814
internal_weight=10705 8815 1890 1454 1152 7663 3296 4367 1002 1287 896 679 775 625
internal_count=10705 8815 1890 1454 1152 7663 3296 4367 1002 1287 896 679 775 625
is_linear=0
shrinkage=0.05


Tree=9
num_leaves=15
num_cat=0
split_feature=56 56 84 84 84 71 84 56 27 84 69 71 71 25
split_gain=346842 217226 112013 64633.4 58418.5 42465.3 56233.7 38730.1 34713.5 22455.6 50652.9 28989.9 19909.2 19870.2
threshold=-23.553458499999994 11.517540500000004 114.75245900000002 42.523274000000008 272.98256050000003 -0.88749999999999918 94.905241500000017 28.185099000000026 19.012500000000003 42.523274000000008 -1.0000000180025095e-35 2.1000000000000001 -5.0124999999999984 95.41747064970518
decision_type=2 2 2 2 2 2 2 2 2 2 2 2 2 2
left_child=2 4 -1 -3 5 6 -2 -5 -8 -7 -11 -12 13 -4
right_child=1 3 12 7 -6 9 8 -9 -10 10 11 -13 -14 -15
leaf_value=-0.10920398032411616 0.035405835612218127 0.032207436798608789 -1.8347429591782238 0.56820717548251332 -0.62378168209229379 0.0325886469742162 -0.92472667100344919 1.1475894789244847 -0.2537915705274652 -0.018507199154915346 0.35256884953910927 1.000850540025457 -0.95191332057334377 -1.0710965004069675
leaf_weight=328 2207 341 195 688 369 2703 242 501 940 814 634 237 344 162
leaf_count=328 2207 341 195 688 369 2703 242 501 940 814 634 237 344 162
internal_value=-9.02814e-05 0.0927529 -0.872366 0.63919 -0.00994594 0.0192555 -0.113673 0.813096 -0.391823 0.121923 0.265125 0.529912 -1.22879 -1.49217
internal_weight=10705 9676 1029 1530 8146 7777 3389 1189 1182 4388 1685 871 701 357
internal_count=10705 9676 1029 1530 8146 7777 3389 1189 1182 4388 1685 871 701 357
is_linear=0
shrinkage=0.05


Tree=10
num_leaves=15
num_cat=0
split_feature=56 56 84 84 71 84 33 71 12 37 84 46 71 25
split_gain=313161 196828 101141 59215 57261.8 73342.6 27248.4 25550 21413.8 22703.7 21006.7 18261.2 17987.1 17939.6
threshold=-23.553458499999994 18.240221500000022 114.75245900000002 42.523274000000008 -0.9875000000000006 95.869577000000007 19.065625000000004 3.7125000000000008 274.50906300000003 53.375000000000007 284.32638350000008 59.750000000000007 -5.0124999999999984 95.41747064970518
decision_type=2 2 2 2 2 2 2 2 2 2 2 2 2 2
left_child=2 4 -1 -3 5 -2 -7 11 -6 -10 -8 -5 13 -4
right_child=1 3 12 7 8 6 10 -9 9 -11 -12 -13 -14 -15
leaf_value=-0.10376037013204627 0.032343551746548516 0.030398782218012829 -1.7434738404896795 -0.087296720913478315 0.096709393641634764 -0.92054280298898417 -0.28004043157682879 1.152960027192685 1.6208121529284947 0.26628903369669632 -1.2276475691026256 0.76436392852766932 -0.90445560147283954 -1.0178702375640167
leaf_weight=328 2166 256 195 76 4851 238 1070 460 46 92 61 360 344 162
leaf_count=328 2166 256 195 76 4851 238 1070 460 46 92 61 360 344 162
internal_value=-9.79965e-05 0.0881222 -0.82894 0.701249 0.0051869 -0.148744 -0.435071 0.892673 0.114264 0.726209 -0.332189 0.616049 -1.16762 -1.41797
internal_weight=10705 9676 1029 1152 8524 3535 1369 896 4989 138 1131 436 701 357
internal_count=10705 9676 1029 1152 8524 3535 1369 896 4989 138 1131 436 701 357
is_linear=0
shrinkage=0.05


Tree=11
num_leaves=15
num_cat=0
split_feature=56 56 84 71 84 71 84 52 71 71 71 84 56 46
split_gain=283972 158824 85511.4 76803.4 53454.1 33229.1 35832.3 33243.8 29902.2 28790.8 23738.9 22166.4 20117.7 18539.6
threshold=-9.1773025000000015 18.240221500000022 90.818079500000024 -3.3625000000000003 42.523274000000008 0.4124999999999997 42.523274000000008 0.84874750804349197 -2.9875000000000003 2.2375000000000012 5.1000000000000005 287.58038500000004 -42.873081999999975 55.869791666666679
decision_type=2 2 2 2 2 2 2 2 2 2 2 2 2 2
left_child=2 5 -1 12 -3 7 -7 -2 -9 -8 -6 13 -4 -5
right_child=1 4 3 11 10 6 9 8 -10 -11 -12 -13 -14 -15
leaf_value=0.058002300519555877 0.021677650321948103 0.02888475707532831 -1.454531366954888 0.62076897102373618 0.6584835475000772 0.024655975329490445 0.19983297455471147 -0.85859867417192093 -0.17107023075488403 0.70669770383481256 1.2016405279127262 -1.3140939292040739 -0.90246827859450873 -0.34909409193686142
leaf_weight=436 3365 256 247 53 585 2009 875 196 806 412 311 54 528 572
leaf_count=436 3365 256 247 53 585 2009 875 196 806 412 311 54 528 572
internal_value=-0.000103938 0.119153 -0.55609 -0.740147 0.666268 0.0368277 0.156651 -0.0536242 -0.306279 0.362515 0.848142 -0.351154 -1.08006 -0.265989
internal_weight=10705 8815 1890 1454 1152 7663 3296 4367 1002 1287 896 679 775 625
internal_count=10705 8815 1890 1454 1152 7663 3296 4367 1002 1287 896 679 775 625
is_linear=0
shrinkage=0.05


Tree=12
num_leaves=15
num_cat=0
split_feature=56 56 84 84 71 84 71 84 45 69 56 71 67 46
split_gain=257230 154800 87545.7 48254.5 40701.5 38042.7 36509.5 32362.1 31861.2 26432.8 24294.3 21443.6 18445 16488.5
threshold=-17.784266499999983 18.240221500000022 84.599854500000006 42.523274000000008 0.4124999999999997 104.01284850000002 -2.9875000000000003 42.523274000000008 55.843750000000007 11.840655182291668 -28.725449499999993 3.7125000000000008 3.1851879791666664 59.750000000000007
decision_type=2 2 2 2 2 2 2 2 2 2 2 2 2 2
left_child=2 4 -1 -3 5 -2 -7 -6 -4 -9 -10 13 -8 -5
right_child=1 3 8 11 7 6 12 9 10 -11 -12 -13 -14 -15
leaf_value=0.048678912669881585 0.031546308483970775 0.027446138255790977 0.418065558729524 -0.11548516000439596 0.023421291704648531 -0.75994619498091442 -0.21498652606920954 0.22626124283438145 -1.1490149667264007 0.77543855826269914 -0.59964655480902729 1.0442630859721178 0.35488483686518824 0.69341862334707283
leaf_weight=322 3079 256 43 76 2010 299 1408 1042 610 277 306 460 157 360
leaf_count=322 3079 256 43 76 2010 299 1408 1042 610 277 306 460 157 360
internal_value=-0.000105883 0.0902799 -0.664603 0.633036 0.0146255 -0.0763886 -0.2546 0.149749 -0.903901 0.342093 -0.966346 0.805838 -0.157627 0.552475
internal_weight=10705 9424 1281 1152 8272 4943 1864 3329 959 1319 916 896 1565 436
internal_count=10705 9424 1281 1152 8272 4943 1864 3329 959 1319 916 896 1565 436
is_linear=0
shrinkage=0.05


Tree=13
num_leaves=15
num_cat=0
split_feature=56 56 84 84 84 56 69 84 71 83 19 43 66 37
split_gain=232358 145948 76975.5 46929.1 44337 31813.8 28435.3 27153.9 40999.8 23576.8 20024.4 19858.9 19292.9 16242.3
threshold=-23.553458499999994 8.0181919999999725 113.67846000000002 42.523274000000008 273.34399550000006 29.441422500000005 -0.28348833333333345 81.513918500000003 -2.0999999999999992 174.41115700000003 205.72067600000003 47.625000000000007 1.6061765845056879 43.625000000000007
decision_type=2 2 2 2 2 2 2 2 2 2 2 2 2 2
left_child=2 4 -1 -3 6 13 7 -2 -9 -8 -4 -11 -13 -5
right_child=1 3 10 5 -6 -7 9 8 -10 11 -12 12 -14 -15
leaf_value=-0.069971669486192906 0.031300377888526028 0.025135813580602774 -1.0699707625236123 1.3454151440639885 -0.56217269054099539 0.9786807172356593 0.041331324043756994 -0.71967744311416937 -0.10931536338415156 1.1752364220041218 0.066797719168521105 0.51275532460795692 -0.00054539414748017276 0.40559437646205981
leaf_weight=320 1933 408 668 48 352 452 3316 356 1202 65 41 384 349 811
leaf_count=320 1933 408 668 48 352 452 3316 356 1202 65 41 384 349 811
internal_value=-9.6833e-05 0.0758943 -0.714045 0.493541 -0.0143832 0.639185 0.011042 -0.0938993 -0.249154 0.100093 -1.00423 0.343912 0.268692 0.459614
internal_weight=10705 9676 1029 1719 7957 1311 7605 3491 1558 4114 709 798 733 859
internal_count=10705 9676 1029 1719 7957 1311 7605 3491 1558 4114 709 798 733 859
is_linear=0
shrinkage=0.05


Tree=14
num_leaves=15
num_cat=0
split_feature=56 56 84 84 84 47 69 83 84 71 22 19 43 66
split_gain=209741 131811 69985.3 41460.5 40085.7 28421.9 27347.9 23874.9 23802.5 37806.5 22685.4 18602.4 18522.6 17118.3
threshold=-23.553458499999994 11.086414999999997 90.818079500000024 272.98256050000003 42.523274000000008 71.019531250000014 -0.28348833333333345 174.41115700000003 81.513918500000003 -2.0999999999999992 144.3220852135417 205.72067600000003 47.625000000000007 1.6061765845056879
decision_type=2 2 2 2 2 2 2 2 2 2 2 2 2 2
left_child=2 3 -1 6 -3 10 8 -8 -2 -10 -6 -4 -9 -14
right_child=1 4 11 -5 5 -7 7 12 9 -11 -12 -13 13 -15
leaf_value=0.053264139742257612 0.029967181076738843 0.024224984929473562 -0.97004791807060242 -0.52562542250732314 1.2159942836507218 0.44624577458706222 0.041904231246830445 1.0940647865268025 -0.685671454024252 -0.099124305454443229 0.45730285304900892 0.086364044116603006 0.50094248926539964 0.033563000146849924
leaf_weight=248 1945 351 737 369 285 762 3384 73 354 1217 153 44 388 395
leaf_count=248 1945 351 737 369 285 762 3384 73 354 1217 153 44 388 395
internal_value=-8.24149e-05 0.0721157 -0.678394 -0.00853407 0.494337 0.631711 0.0161317 0.101619 -0.0869578 -0.231646 0.952617 -0.910497 0.337361 0.265507
internal_weight=10705 9676 1029 8125 1551 1200 7756 4240 3516 1571 438 781 856 783
internal_count=10705 9676 1029 8125 1551 1200 7756 4240 3516 1571 438 781 856 783
is_linear=0
shrinkage=0.05


Tree=15
num_leaves=15
num_cat=0
split_feature=56 56 84 71 84 84 24 71 16 37 84 46 18 84
split_gain=189355 120513 64581.1 39224.9 50335.6 36290.8 19030.6 18838.7 16353.9 23128.7 15930.5 14802.1 13441.2 12734.6
threshold=-24.699054999999998 18.240221500000022 114.75245900000002 -0.9875000000000006 107.33202100000001 63.145266500000005 248.07883750000005 3.7125000000000008 274.46404250000006 60.875000000000007 287.58038500000004 59.750000000000007 247.56613470833335 272.30311500000005
decision_type=2 2 2 2 2 2 2 2 2 2 2 2 2 2
left_child=2 3 -1 4 -2 -3 -6 11 13 -10 -8 -7 -4 -5
right_child=1 5 12 8 6 7 10 -9 9 -11 -12 -13 -14 -15
leaf_value=-0.071190386570099767 0.019177760033506186 0.036977641378636697 -1.019877542520979 0.089131882830302586 -0.82328717770234583 -0.16711042341473814 -0.24952695683025092 0.92856820671488016 1.0599395569667076 0.014885238809087736 -1.1815243352204561 0.59890644878666432 -0.32415674045497989 -0.36192106067743385
leaf_weight=317 2260 268 590 4618 196 76 1073 449 102 109 47 359 80 161
leaf_count=317 2260 268 590 4618 196 76 1073 449 102 109 47 359 80 161
internal_value=-7.03383e-05 0.0669709 -0.659558 0.0023752 -0.123995 0.54687 -0.369698 0.701237 0.0929433 0.522694 -0.289657 0.464997 -0.937413 0.0738638
internal_weight=10705 9718 987 8566 3576 1152 1316 884 4990 211 1120 435 670 4779
internal_count=10705 9718 987 8566 3576 1152 1316 884 4990 211 1120 435 670 4779
is_linear=0
shrinkage=0.05


Tree=16
num_leaves=15
num_cat=0
split_feature=56 56 84 84 71 84 71 84 71 69 24 73 24 84
split_gain=171084 104503 60017.3 32759.7 30076.4 31886.3 25547.5 23616.2 30205.1 19828.6 18827.7 17621.6 15259.8 15206.5
threshold=-17.784266499999983 18.240221500000022 84.599854500000006 63.145266500000005 0.95000000000000118 42.523274000000008 -4.3124999999999991 104.01284850000002 -2.5999999999999992 -1.0000000180025095e-35 248.11922550000006 -7.6249999999999991 248.07883750000005 282.33339050000006
decision_type=2 2 2 2 2 2 2 2 2 2 2 2 2 2
left_child=2 4 -1 -3 7 -6 10 -2 12 -7 -4 -5 -9 -10
right_child=1 3 6 11 5 9 -8 8 13 -11 -12 -13 -14 -15
leaf_value=0.048563570356221393 0.02451806140790894 0.035135631977847075 -1.3654948108050289 0.88960438610115533 0.013776676825066876 0.084170105584364927 -0.45526097631295548 -1.106454436522778 -0.066522460982756701 0.52895623781168566 -0.74059169894366561 0.44139517305868747 -0.39286433542652649 -0.72741330175296126
leaf_weight=322 3353 268 195 442 1781 405 435 106 1621 658 329 442 257 91
leaf_count=322 3353 268 195 442 1781 405 435 106 1621 658 329 442 257 91
internal_value=-7.35985e-05 0.0736395 -0.541997 0.519587 0.0114792 0.143165 -0.740131 -0.0575313 -0.190063 0.359732 -0.9753 0.666252 -0.603708 -0.102056
internal_weight=10705 9424 1281 1152 8272 2844 959 5428 2075 1063 524 884 363 1712
internal_count=10705 9424 1281 1152 8272 2844 959 5428 2075 1063 524 884 363 1712
is_linear=0
shrinkage=0.05


Tree=17
num_leaves=15
num_cat=0
split_feature=56 56 84 84 84 56 69 84 71 83 43 66 38 19
split_gain=155230 98846.8 54125.1 31908.6 30689.3 24186.8 21773.1 20344.5 29812.8 18415.5 14233 13822.1 13370.6 13145.8
threshold=-24.699054999999998 8.0181919999999725 118.57516600000001 42.523274000000008 273.34399550000006 29.441422500000005 -0.34611059375000075 81.513918500000003 -2.0999999999999992 141.47817000000001 48.125000000000007 1.6061765845056879 43.625000000000007 119.22580600000002
decision_type=2 2 2 2 2 2 2 2 2 2 2 2 2 2
left_child=2 4 -1 -3 6 12 7 -2 -9 -8 -11 -12 -5 -14
right_child=1 3 -4 5 -6 -7 9 8 -10 10 11 -13 13 -15
leaf_value=-0.095035882305919625 0.025050236850653343 0.018255802548164845 -0.8700970659374434 1.1801936760544778 -0.46578277307009719 0.82053759795619752 0.030824009837596724 -0.60481873685074117 -0.095046102899721763 0.92079151163314599 0.41735519126322479 -1.0956549966657484e-05 0.47222185098951236 0.054471451850395473
leaf_weight=348 1933 408 639 47 357 452 3255 376 1201 80 428 369 515 297
leaf_count=348 1933 408 639 47 357 452 3255 376 1201 80 428 369 515 297
internal_value=-8.29412e-05 0.0606175 -0.597196 0.404487 -0.0133221 0.524582 0.00787302 -0.0836841 -0.216896 0.0856493 0.288867 0.224363 0.368079 0.319679
internal_weight=10705 9718 987 1719 7999 1311 7642 3510 1577 4132 877 797 859 812
internal_count=10705 9718 987 1719 7999 1311 7642 3510 1577 4132 877 797 859 812
is_linear=0
shrinkage=0.05


Tree=18
num_leaves=15
num_cat=0
split_feature=71 84 56 71 84 84 24 73 43 25 39 83 80 71
split_gain=140445 114946 58118.9 57277.2 28852.1 19990.9 18683.2 14323.6 13665.8 19070.3 13356.1 13583.3 10102.8 24808
threshold=-0.9875000000000006 107.33202100000001 19.878724000000009 -3.6499999999999999 63.145266500000005 287.58038500000004 248.07883750000005 -7.8749999999999991 47.125000000000007 105.36956620720093 54.125000000000007 242.83959950000005 -0.2269546835593246 1.7624999999999995
decision_type=2 2 2 2 2 2 2 2 2 2 2 2 2 2
left_child=1 -1 8 6 -4 10 -3 -6 9 -2 -5 -12 13 -10
right_child=2 3 4 5 7 -7 -8 -9 12 -11 11 -13 -14 -15
leaf_value=0.013656035721357832 0.004467630829068198 -1.1160355984634105 0.031264698781562128 0.37101812484706276 0.8455782700908705 -1.0791953034801025 -0.61981510265785111 0.4220681671015542 0.041841809244659744 1.2070494448766114 -0.42391512845157808 -0.061233244899476506 0.0081766092406481659 0.40784157884231242
leaf_weight=2536 68 322 258 86 411 72 475 395 1541 63 623 441 2753 661
leaf_count=2536 68 322 258 86 411 72 475 395 1541 63 623 441 2753 661
internal_value=-7.03468e-05 -0.210482 0.15578 -0.491882 0.491657 -0.276444 -0.821443 0.638807 0.0854313 0.587571 -0.225291 -0.273792 0.0720399 0.151843
internal_weight=10705 4555 6150 2019 1064 1222 797 806 5086 131 1150 1064 4955 2202
internal_count=10705 4555 6150 2019 1064 1222 797 806 5086 131 1150 1064 4955 2202
is_linear=0
shrinkage=0.05


Tree=19
num_leaves=15
num_cat=0
split_feature=56 56 84 84 84 47 22 69 84 71 0 19 36 56
split_gain=127143 81326.8 44866.3 26336.9 26283.4 20453.8 21248.4 18794.3 17492.5 24210.8 16536.8 16057.6 15391.8 11408.9
threshold=-24.699054999999998 8.0181919999999725 90.818079500000024 42.523274000000008 275.02512300000006 71.019531250000014 144.3220852135417 -0.28348833333333345 81.513918500000003 -2.0999999999999992 270.38757000000004 205.72067600000003 24.593229166666671 -42.873081999999975
decision_type=2 2 2 2 2 2 2 2 2 2 2 2 2 2
left_child=2 4 -1 -3 7 6 -5 8 -2 -10 -9 13 -7 -4
right_child=1 3 11 5 -6 12 -8 10 9 -11 -12 -13 -14 -15
leaf_value=0.055784922788540525 0.022819122036172791 0.015886729982542671 -1.0647800169339996 0.99679261653712303 -0.465106926530648 0.3939060495426524 0.28404665042350935 0.065848216682326863 -0.5459474706098244 -0.091548651453204358 0.87591739585041073 0.20304669168862433 -0.37601833977329902 -0.6385416277429723
leaf_weight=239 1941 408 245 296 307 782 163 4073 384 1231 63 43 70 460
leaf_count=239 1941 408 245 296 307 782 163 4073 384 1231 63 43 70 460
internal_value=-6.65831e-05 0.0548686 -0.540467 0.366779 -0.0121989 0.475886 0.74485 0.00593544 -0.0783421 -0.199862 0.078396 -0.7308 0.330283 -0.787965
internal_weight=10705 9718 987 1719 7999 1311 459 7692 3556 1615 4136 748 852 705
internal_count=10705 9718 987 1719 7999 1311 459 7692 3556 1615 4136 748 852 705
is_linear=0
shrinkage=0.05


Tree=20
num_leaves=15
num_cat=0
split_feature=71 84 56 71 84 84 24 84 71 21 45 83 71 22
split_gain=116851 95256.5 48038.4 47590.7 24509.6 18168.6 17355.4 13249.4 30312.3 13294 12878.1 11722.6 11677.6 11654.2
threshold=-0.9875000000000006 107.33202100000001 21.260576500000031 -3.9875000000000003 63.145266500000005 292.35207400000007 248.07883750000005 42.523274000000008 2.212499999999999 21.190378401307992 53.552083333333336 242.83959950000005 8.0125000000000011 149.84886889062503
decision_type=2 2 2 2 2 2 2 2 2 2 2 2 2 2
left_child=1 -1 7 6 -4 10 -3 -2 -9 -10 -5 -12 13 -6
right_child=2 3 4 5 12 -7 -8 8 9 -11 11 -13 -14 -15
leaf_value=0.012050554956756254 0.0084724527876008631 -1.0636465594523683 0.028443835592269897 0.40984031217368816 0.5907008904663863 -1.1201604014736111 -0.56721647393356356 0.076347857800664665 0.83902234155968358 0.30229339418263823 -0.39629464302460354 -0.070891088748750164 1.2339144828604229 -0.26360834143882572
leaf_weight=2536 2854 296 249 75 645 58 446 1815 196 283 674 470 66 42
leaf_count=2536 2854 296 249 75 645 58 446 1815 196 283 674 470 66 42
internal_value=-6.45047e-05 -0.19199 0.142093 -0.448158 0.458665 -0.262778 -0.766418 0.0803992 0.169842 0.523206 -0.221099 -0.262785 0.600703 0.538165
internal_weight=10705 4555 6150 2019 1002 1277 742 5148 2294 479 1219 1144 753 687
internal_count=10705 4555 6150 2019 1002 1277 742 5148 2294 479 1219 1144 753 687
is_linear=0
shrinkage=0.05


Tree=21
num_leaves=15
num_cat=0
split_feature=71 84 56 24 84 43 25 46 84 84 39 67 71 37
split_gain=105502 95452.1 50282 30838.8 23247.4 15314.2 15607.8 14997.2 14293.5 13166.7 11513.1 12713.9 10211.8 9841.59
threshold=-1.8874999999999991 107.33202100000001 23.29674 248.07883750000005 63.145266500000005 47.125000000000007 105.44105271275394 90.546875000000014 292.35207400000007 278.81235800000007 55.625000000000007 -9.7704489374999959 -5.0124999999999984 53.625000000000007
decision_type=2 2 2 2 2 2 2 2 2 2 2 2 2 2
left_child=1 -1 5 12 -4 6 -2 8 10 -7 -5 -12 -3 -6
right_child=2 3 4 7 13 9 -8 -9 -10 -11 11 -13 -14 -15
leaf_value=0.01096915719297839 0.09554991163655159 -1.1704054208401125 0.027361851513631061 0.52675202617921479 0.91907253207617934 0.050541684027391759 1.0052815044210071 -1.2870698923414405 -1.1179108064621688 -0.48935805065800314 -0.5516779917568474 -0.16666440050049167 -0.68044972938413806 0.48334776788772227
leaf_weight=1735 108 182 242 40 177 6275 83 43 55 114 375 502 272 502
leaf_count=1735 108 182 242 40 177 6275 83 43 55 114 375 502 272 502
internal_value=-6.1189e-05 -0.240189 0.102526 -0.536631 0.448338 0.054062 0.494055 -0.382776 -0.34149 0.0408331 -0.293754 -0.331735 -0.879004 0.598116
internal_weight=10705 3204 7501 1469 921 6580 191 1015 972 6389 917 877 454 679
internal_count=10705 3204 7501 1469 921 6580 191 1015 972 6389 917 877 454 679
is_linear=0
shrinkage=0.05


Tree=22
num_leaves=15
num_cat=0
split_feature=71 84 16 71 37 84 71 9 84 24 26 70 35 69
split_gain=96849.4 79051.7 40901.8 39067.2 24552.9 16205.7 38889 17290.2 15373.5 14541.9 11394.8 10920.3 11902.9 10076.6
threshold=-0.9875000000000006 96.585402500000015 275.10399300000006 -3.9875000000000003 53.125000000000007 42.523274000000008 1.8125000000000002 95.543330000000012 284.32638350000008 248.07883750000005 19.012500000000003 18.044551323038437 27.851562500000004 -5.8540989947916655
decision_type=2 2 2 2 2 2 2 2 2 2 2 2 2 2
left_child=1 -1 5 9 -4 -2 13 -8 10 -3 -5 -6 -13 -7
right_child=2 3 4 8 11 6 7 -9 -10 -11 -12 12 -14 -15
leaf_value=0.020089985934687863 0.0060570483368508794 -0.94153075563230737 0.93920442952581173 -0.5181301367422354 0.11329991725724071 -0.21414548223331187 0.70123181109508015 0.25968274290358645 -0.8740444172565317 -0.49861027677907893 -0.12128688143680777 1.0687045490799043 0.23959900188446046 0.092718950319114812
leaf_weight=2429 3027 316 211 218 309 348 364 570 87 459 1046 77 99 1145
leaf_count=2429 3027 316 211 218 309 348 364 570 87 459 1046 77 99 1145
internal_value=-6.90802e-05 -0.174798 0.129352 -0.397367 0.490033 0.0832426 0.179468 0.43233 -0.234744 -0.680188 -0.190085 0.29309 0.606321 0.0210972
internal_weight=10705 4555 6150 2126 696 5454 2427 934 1351 775 1264 485 176 1493
internal_count=10705 4555 6150 2126 696 5454 2427 934 1351 775 1264 485 176 1493
is_linear=0
shrinkage=0.05


Tree=23
num_leaves=15
num_cat=0
split_feature=71 84 84 71 71 84 24 10 47 69 24 84 39 38
split_gain=87523.3 55316.2 52292.6 64041.4 22302.3 16915 15855.9 16750.5 15404.1 13832.7 12138.9 10820 10640.1 9599.6
threshold=0.95000000000000118 42.523274000000008 94.905241500000017 -3.3625000000000003 2.212499999999999 287.58038500000004 278.64649100000008 279.38317225000009 78.710937500000014 11.840655182291668 248.07883750000005 258.01940150000001 53.125000000000007 83.375000000000014
decision_type=2 2 2 2 2 2 2 2 2 2 2 2 2 2
left_child=2 -2 -1 10 13 6 -5 8 12 -6 -4 -11 -8 -3
right_child=1 4 3 5 9 -7 7 -9 -10 11 -12 -13 -14 -15
leaf_value=0.021925705474361172 0.0037034842742256317 0.10302080237513692 -0.83594053174099325 -0.17023588583177571 0.36102922718080088 -0.79533011961982336 0.98179864683853735 -0.81883851088756732 -0.32448845328932463 0.7837293434372713 -0.46052013717363682 -0.052818937686293622 0.24308497463460715 0.57193546286569197
leaf_weight=3564 2024 685 365 1597 613 87 55 42 109 467 538 42 388 129
leaf_count=3564 2024 685 365 1597 613 87 55 42 109 467 538 42 388 129
internal_value=-6.43519e-05 0.186496 -0.109605 -0.256934 0.377496 -0.115572 -0.0882299 0.132163 0.205872 0.521982 -0.613025 0.714734 0.336804 0.177943
internal_weight=10705 3960 6745 3181 1936 2278 2191 594 552 1122 903 509 443 814
internal_count=10705 3960 6745 3181 1936 2278 2191 594 552 1122 903 509 443 814
is_linear=0
shrinkage=0.05


Tree=24
num_leaves=15
num_cat=0
split_feature=71 84 16 71 37 80 71 84 84 24 36 70 9 84
split_gain=79828 65049.7 34734.1 31768.1 21384.1 13521.3 30471.4 15970.5 13278 11990.8 10721.1 9514.62 11332 8715.03
threshold=-0.9875000000000006 96.585402500000015 275.10399300000006 -3.9875000000000003 53.125000000000007 -0.19509032201612839 1.8125000000000002 42.523274000000008 295.90254450000003 248.07883750000005 24.714192708333339 20.762038324507092 263.38003000000009 95.869577000000007
decision_type=2 2 2 2 2 2 2 2 2 2 2 2 2 2
left_child=1 -1 5 9 -4 6 -2 -8 10 -3 -5 12 -6 -9
right_child=2 3 4 8 11 -7 7 13 -10 -11 -12 -13 -14 -15
leaf_value=0.018091659424136635 0.022277342068021112 -0.85293753899234326 0.86898174282374241 -0.22176860749660207 0.31351645854599303 0.001273748251813121 -0.012245759670622648 0.82138443177724207 -1.0139399663209916 -0.45075800891459478 0.34710666801822321 0.76848501723401164 -0.30777239427358533 0.39785307827968031
leaf_weight=2429 1567 316 211 1214 312 2908 207 152 49 459 88 78 95 620
leaf_count=2429 1567 316 211 1214 312 2908 207 152 49 459 88 78 95 620
internal_value=-6.29459e-05 -0.158696 0.117436 -0.360594 0.449812 0.0749455 0.159059 0.377746 -0.213945 -0.615631 -0.183082 0.266039 0.168099 0.482197
internal_weight=10705 4555 6150 2126 696 5454 2546 979 1351 775 1302 485 407 772
internal_count=10705 4555 6150 2126 696 5454 2546 979 1351 775 1302 485 407 772
is_linear=0
shrinkage=0.05


Tree=25
num_leaves=15
num_cat=0
split_feature=71 84 16 71 32 84 80 71 84 9 26 16 73 33
split_gain=72070.7 58807.9 31366.3 29441.9 19743.1 13890.1 12206.9 27510.3 14418.4 11796.9 11353.1 9395.59 9337.57 12763.2
threshold=-0.9875000000000006 107.33202100000001 275.10399300000006 -5.0124999999999984 27.987500000000004 299.97504500000008 -0.19509032201612839 1.8125000000000002 42.523274000000008 266.89225100000004 19.012500000000003 214.25804950000003 10.875000000000002 26.065625000000004
decision_type=2 2 2 2 2 2 2 2 2 2 2 2 2 2
left_child=1 -1 6 11 9 10 7 -2 -9 -4 -5 -3 -12 -14
right_child=2 3 4 5 -6 -7 -8 8 -10 -11 12 -13 13 -15
leaf_value=0.0095343661117270172 0.021164184334672743 -1.135314299662908 0.33553371450815334 -0.50160660913996524 0.7562486697960159 -1.0465202250570622 0.001210082708086387 -0.01163641506483635 0.45816638270226751 -0.34927450143187855 -0.049823548203663054 -0.58325284078091921 -0.22551054890309341 -0.97867415836363136
leaf_weight=2536 1567 101 345 293 275 52 2908 207 772 76 775 344 389 65
leaf_count=2536 1567 101 345 293 275 52 2908 207 772 76 775 344 389 65
internal_value=-5.65315e-05 -0.150785 0.111587 -0.352063 0.427439 -0.250249 0.0712095 0.15113 0.358921 0.211376 -0.222375 -0.710817 -0.155451 -0.335256
internal_weight=10705 4555 6150 2019 696 1574 5454 2546 979 421 1522 445 1229 454
internal_count=10705 4555 6150 2019 696 1574 5454 2546 979 421 1522 445 1229 454
is_linear=0
shrinkage=0.05


Tree=26
num_leaves=15
num_cat=0
split_feature=71 84 16 39 37 24 46 9 69 84 9 70 70 9
split_gain=65162.3 57237.8 29775.2 22114 20165 17197.2 12710.5 14865.7 12005.4 22591.5 10993.7 10404.3 9791.29 10412.5
threshold=-1.1874999999999998 107.33202100000001 275.10399300000006 51.625000000000007 54.125000000000007 248.07883750000005 90.546875000000014 269.23038800000006 11.840655182291668 42.523274000000008 95.543330000000012 18.804213623041253 20.762038324507092 266.89225100000004
decision_type=2 2 2 2 2 2 2 2 2 2 2 2 2 2
left_child=1 -1 8 -3 -4 -5 7 -7 -2 -10 -11 -12 13 -6
right_child=2 3 4 5 12 6 -8 -9 9 10 11 -13 -14 -15
leaf_value=0.0096179619630076749 0.020983910945551496 0.66956029649899929 0.77849461706515788 -0.65605031714651241 0.24977956201348986 -0.15214491303761174 -1.1115667847876853 -0.54731547635190647 0.0060745432397401886 0.67571047769451986 -0.023825571759668894 0.59270665822877433 0.73344876317234786 -0.34819884965176229
leaf_weight=2103 4916 48 231 497 335 792 46 340 690 255 171 113 76 92
leaf_count=2103 4916 48 231 497 335 792 46 340 690 255 171 113 76 92
internal_value=-6.9116e-05 -0.165455 0.091927 -0.379022 0.392694 -0.409452 -0.304944 -0.271214 0.0559434 0.19565 0.437875 0.222704 0.214323 0.120429
internal_weight=10705 3826 6879 1723 734 1675 1178 1132 6145 1229 539 284 503 427
internal_count=10705 3826 6879 1723 734 1675 1178 1132 6145 1229 539 284 503 427
is_linear=0
shrinkage=0.05


Tree=27
num_leaves=15
num_cat=0
split_feature=71 84 84 71 43 84 37 67 57 24 68 17 22 47
split_gain=59632.6 38590.2 36066.6 43379.9 17018.6 13423.5 13533.8 13015.4 9263.02 8720.81 8051.17 7429.63 9160.01 7550.95
threshold=0.95000000000000118 42.523274000000008 94.905241500000017 -3.3625000000000003 51.375000000000007 282.33339050000006 69.875000000000014 -0.1445175416666663 0.689827914331132 248.07883750000005 17.440646893457735 1.9866838054813594e-05 143.30230728645839 68.878906250000014
decision_type=2 2 2 2 2 2 2 2 2 2 2 2 2 2
left_child=2 -2 -1 8 -3 6 -5 -6 -4 -10 11 -9 13 -13
right_child=1 4 3 5 7 -7 -8 10 9 -11 -12 12 -14 -15
leaf_value=0.018754731775883951 0.0012559831896681844 0.70324381851420115 -1.1257405446286788 0.1103249488357062 -0.073609974443193851 -0.56726653149087491 -0.15530266187235159 0.48293414315998223 -0.66405579283221972 -0.33405427954392058 0.83909603885241923 0.71486098459180525 -0.043619780688886611 0.24349679457667098
leaf_weight=3564 2024 244 56 725 253 141 1412 360 331 516 69 97 251 662
leaf_count=3564 2024 244 56 725 253 141 1412 360 331 516 69 97 251 662
internal_value=-6.14694e-05 0.153931 -0.09048 -0.212834 0.313462 -0.0964891 -0.0651762 0.25687 -0.505907 -0.463647 0.314985 0.287995 0.218103 0.304598
internal_weight=10705 3960 6745 3181 1936 2278 2137 1692 903 847 1439 1370 1010 759
internal_count=10705 3960 6745 3181 1936 2278 2137 1692 903 847 1439 1370 1010 759
is_linear=0
shrinkage=0.05


Tree=28
num_leaves=15
num_cat=0
split_feature=71 84 16 71 32 84 26 69 84 71 6 84 9 83
split_gain=54019.2 44416.7 23828.8 23523.3 16224.5 12122.5 10148.2 10061.1 17560 15908 15878.6 10077.1 9758.91 8910.29
threshold=-0.9875000000000006 87.67039250000002 275.10399300000006 -5.0124999999999984 27.987500000000004 299.97504500000008 19.012500000000003 -6.0566992656249985 42.523274000000008 2.0124999999999997 256.25621600000005 274.29007000000007 266.89225100000004 215.00923900000001
decision_type=2 2 2 2 2 2 2 2 2 2 2 2 2 2
left_child=1 -1 7 -3 12 6 -5 -2 -9 11 -11 -10 -4 -6
right_child=2 3 4 5 13 -7 -8 8 9 10 -12 -13 -14 -15
leaf_value=0.019374920400735487 -0.14915724774441638 -0.61050081603196726 0.28903016175407209 -0.42570981056660928 0.47209517497707298 -0.95306735691034561 -0.12150736569232796 0.0035748002430112898 0.13533190845324394 0.45890487171017535 -0.39960971121692057 -0.35986918599477841 -0.33374677307226441 1.0872719398953699
leaf_weight=2370 513 460 345 345 188 52 1328 2881 1246 645 58 111 76 87
leaf_count=2370 513 460 345 345 188 52 1328 2881 1246 645 58 111 76 87
internal_value=-5.76944e-05 -0.130552 0.0965984 -0.293107 0.371896 -0.208164 -0.184456 0.0614051 0.0832925 0.194725 0.387607 0.0945902 0.17608 0.669949
internal_weight=10705 4555 6150 2185 696 1725 1673 5454 4941 2060 703 1357 421 275
internal_count=10705 4555 6150 2185 696 1725 1673 5454 4941 2060 703 1357 421 275
is_linear=0
shrinkage=0.05


Tree=29
num_leaves=15
num_cat=0
split_feature=71 84 84 71 43 84 24 10 47 67 61 9 67 57
split_gain=48896.3 31816.7 29760.9 35779.4 14601.5 12243.7 12375.1 14111.2 13165.3 10882.1 9213.67 9202.14 8859.36 7430.21
threshold=0.95000000000000118 42.523274000000008 94.905241500000017 -3.6499999999999999 51.375000000000007 287.58038500000004 278.64649100000008 279.38317225000009 78.710937500000014 -0.1445175416666663 5.888601500000008 269.85915400000005 0.052796583333333487 0.689827914331132
decision_type=2 2 2 2 2 2 2 2 2 2 2 2 2 2
left_child=2 -2 -1 12 -3 6 10 8 11 -6 -5 -8 13 -4
right_child=1 4 3 5 9 -7 7 -9 -10 -11 -12 -13 -14 -15
leaf_value=0.017292902522777664 0.00075401084377993768 0.64526664174941128 -1.0746060782129117 -0.26726354099158806 -0.070350318685848651 -0.65478055305899163 0.21343989934784507 -0.74928262968396042 -0.28991185184404777 0.28496516587626602 -0.030042328317903086 0.83487585100909356 0.22191265939988872 -0.46815182265152117
leaf_weight=3564 2024 244 54 764 253 92 379 42 113 1439 881 70 43 743
leaf_count=3564 2024 244 54 764 253 92 379 42 113 1439 881 70 43 743
internal_value=-5.89548e-05 0.139384 -0.0819344 -0.193079 0.284239 -0.0925424 -0.0692621 0.124156 0.190645 0.231826 -0.140312 0.311963 -0.472823 -0.510537
internal_weight=10705 3960 6745 3181 1936 2341 2249 604 562 1692 1645 449 840 797
internal_count=10705 3960 6745 3181 1936 2341 2249 604 562 1692 1645 449 840 797
is_linear=0
shrinkage=0.05


Tree=30
num_leaves=15
num_cat=0
split_feature=71 84 16 24 37 67 58 71 69 84 22 65 22 70
split_gain=44564.9 36618.5 20316 20248.6 15831.4 12104.2 9413.96 8854 8643.28 17898.2 12020.5 10130.7 8398.39 10881.7
threshold=-0.9875000000000006 87.67039250000002 277.29195150000004 248.07883750000005 53.375000000000007 -5.2843796458333339 -12.634897500000006 -5.0124999999999984 11.840655182291668 42.523274000000008 131.60933216666669 1.4186220000000034 149.2937468697917 18.044551323038437
decision_type=2 2 2 2 2 2 2 2 2 2 2 2 2 2
left_child=1 -1 8 7 -4 6 -5 -3 -2 -10 -11 -12 13 -6
right_child=2 3 4 5 12 -7 -8 -9 9 10 11 -13 -14 -15
leaf_value=0.017542302560234833 0.024166576763888805 -0.80411943660842056 0.74976869079747488 -0.53316457049140042 0.072331217459607786 -0.046620653567737654 -0.17574753094472659 -0.38221035096598766 0.0051781003093333278 1.1950941310372465 0.59625964480728366 0.13303485392710454 -0.37776966440890519 0.6236765471371738
leaf_weight=2370 4319 188 182 309 240 854 458 376 680 42 198 292 55 142
leaf_count=2370 4319 188 182 309 240 854 458 376 680 42 198 292 55 142
internal_value=-6.24793e-05 -0.118588 0.0877288 -0.266186 0.359145 -0.176208 -0.320246 -0.524021 0.0572939 0.175227 0.392165 0.321049 0.19512 0.278375
internal_weight=10705 4555 6150 2185 619 1621 767 564 5531 1212 532 490 437 382
internal_count=10705 4555 6150 2185 619 1621 767 564 5531 1212 532 490 437 382
is_linear=0
shrinkage=0.05


Tree=31
num_leaves=15
num_cat=0
split_feature=71 84 56 84 84 43 9 71 21 83 84 18 16 83
split_gain=40666.4 29000.4 25124.7 16886.5 12131.1 11631.8 9914.97 8817.32 8735.88 7849.34 12339 11800.6 10739.3 6918.23
threshold=1.1125000000000009 42.523274000000008 -26.942587500000005 121.08235000000001 275.36804450000005 51.125000000000007 250.49878250000003 2.1000000000000001 28.009576633005256 250.23162800000003 208.88471150000004 234.57882647916668 256.79761150000007 200.85489950000002
decision_type=2 2 2 2 2 2 2 2 2 2 2 2 2 2
left_child=2 -2 3 -1 9 -3 7 -7 -8 10 -4 -12 -11 -10
right_child=1 5 4 -5 -6 6 8 -9 13 12 11 -13 -14 -15
leaf_value=-0.034961704241215662 -0.00094678571588448939 0.62729259204837773 -0.0085302870689316461 -0.48118480683604903 -0.33636273340654482 0.09915888465561036 -0.34337632596985368 0.40050090267452965 0.5783546096318074 0.01209043053168375 -0.13736298073540654 -0.67255201647945106 0.41563735084983922 -0.034159608563877703
leaf_weight=340 1733 222 4593 563 310 352 120 787 73 564 569 125 232 122
leaf_count=340 1733 222 4593 563 310 352 120 787 73 564 569 125 232 122
internal_value=-5.42299e-05 0.14249 -0.0666673 -0.313396 -0.0317737 0.290717 0.238932 0.307542 -0.00934154 -0.0161986 -0.0382425 -0.234588 0.130081 0.196921
internal_weight=10705 3409 7296 903 6393 1676 1454 1139 315 6083 5287 694 796 195
internal_count=10705 3409 7296 903 6393 1676 1454 1139 315 6083 5287 694 796 195
is_linear=0
shrinkage=0.05


Tree=32
num_leaves=15
num_cat=0
split_feature=71 84 56 24 84 43 25 84 62 62 67 22 51 73
split_gain=37226.9 36023.5 18969.9 13059.2 10227.6 9983.48 10538.6 8142.83 7888.12 7786.09 7727.4 7380.47 8276.05 6826.77
threshold=-1.8874999999999991 120.00702450000001 24.857463000000006 248.07883750000005 63.145266500000005 47.625000000000007 105.44105271275394 273.84896450000002 238.52281950000003 197.70542900000001 -6.1704868958333323 149.63493584895835 1.5000000000000002 -3.6249999999999996
decision_type=2 2 2 2 2 2 2 2 2 2 2 2 2 2
left_child=1 -1 5 9 -4 6 -2 8 -7 -3 13 12 -6 -5
right_child=2 3 4 10 11 7 -8 -9 -10 -11 -12 -13 -14 -15
leaf_value=0.0004948462527637102 0.056354230944222462 -0.65702679157271549 -0.0038398173596479197 0.17864811949010165 -0.016481749590315009 0.022398605748701769 0.7651669192821422 -0.26489537937983593 0.34633224386020961 -0.036950900678833325 -0.071804324130146785 -0.26143234232213441 0.51512685558131455 -0.42231263851147222
leaf_weight=1853 119 361 225 52 86 6018 93 238 193 59 411 40 489 468
leaf_count=1853 119 361 225 52 86 6018 93 238 193 59 411 40 489 468
internal_value=-5.11282e-05 -0.14269 0.0608872 -0.338935 0.284651 0.0326304 0.369428 0.0215032 0.0325186 -0.570216 -0.234098 0.390032 0.435726 -0.361989
internal_weight=10705 3204 7501 1351 840 6661 212 6449 6211 420 931 615 575 520
internal_count=10705 3204 7501 1351 840 6661 212 6449 6211 420 931 615 575 520
is_linear=0
shrinkage=0.05


Tree=33
num_leaves=15
num_cat=0
split_feature=71 84 56 84 84 31 71 43 79 73 69 84 60 69
split_gain=33933.6 25693.2 20991.8 13747.1 10380.4 10010.7 13474.2 8747.32 9161.88 6227.07 6195.93 10282.9 13555.8 8939.83
threshold=1.4000000000000006 42.523274000000008 -26.942587500000005 121.08235000000001 282.33339050000006 20.212500000000002 6.0125000000000002 44.125000000000007 -0.95642797789208689 14.875000000000002 0.38118202083333314 84.599854500000006 4.662909 -14.462286713541664
decision_type=2 2 2 2 2 2 2 2 2 2 2 2 2 2
left_child=2 -2 3 -1 10 -3 7 -7 -9 -5 11 -4 13 -13
right_child=1 5 4 9 -6 6 -8 8 -10 -11 -12 12 -14 -15
leaf_value=-0.033015402863102575 -0.0019033478247503619 0.013651223448413434 0.014478221770393263 -0.26030281322283882 -0.44568480280035278 0.90802369610621381 0.73852243639650894 -0.19670956093017189 0.29223487347595523 -0.59462857667041025 0.052119056580037418 -0.56253863104376134 0.040555012565382312 -0.18313566719050106
leaf_weight=340 1646 286 2476 269 144 51 182 106 938 294 2120 183 660 1010
leaf_count=340 1646 286 2476 269 144 51 182 106 938 294 2120 183 660 1010
internal_value=-4.78722e-05 0.135985 -0.0582931 -0.284243 -0.0273078 0.281103 0.340945 0.27425 0.24245 -0.435633 -0.0178982 -0.0521912 -0.141235 -0.241757
internal_weight=10705 3209 7496 903 6593 1563 1277 1095 1044 563 6449 4329 1853 1193
internal_count=10705 3209 7496 903 6593 1563 1277 1095 1044 563 6449 4329 1853 1193
is_linear=0
shrinkage=0.05


Tree=34
num_leaves=15
num_cat=0
split_feature=71 84 24 16 37 84 46 70 36 12 70 69 84 84
split_gain=31141.4 26292.8 15235.8 14636.4 12840.3 10249.5 10290.6 8548.25 10285.5 9376.3 8414.96 7428.58 11769.9 12214.3
threshold=-0.88749999999999918 87.67039250000002 248.07883750000005 277.29195150000004 55.375000000000007 299.97504500000008 90.546875000000014 7.8989148047799835 24.714192708333339 272.64255600000007 20.762038324507092 -6.0566992656249985 42.523274000000008 263.89825100000002
decision_type=2 2 2 2 2 2 2 2 2 2 2 2 2 2
left_child=1 -1 -3 11 -5 6 7 -4 9 -9 -6 -2 -13 -14
right_child=3 2 5 4 10 -7 -8 8 -10 -11 -12 12 13 -15
leaf_value=0.016101744566130543 -0.13874602211169776 -0.44569028994170162 0.093748744476826573 0.59806691000563827 0.015510478103681218 -0.8501981097757817 -0.76536933074394864 -0.18582469117212871 0.32201195621920614 -0.95842771086750966 0.61488293500410185 0.00042129128067660751 0.20137338424145546 -0.16233704041541472
leaf_weight=2421 483 567 422 232 314 49 59 976 96 40 71 2864 1848 263
leaf_count=2421 483 567 422 232 314 49 59 976 96 40 71 2864 1848 263
internal_value=-4.64982e-05 -0.09772 -0.222416 0.0743982 0.305027 -0.145093 -0.122884 -0.0976908 -0.17036 -0.217155 0.127351 0.0482756 0.0664569 0.156005
internal_weight=10705 4630 2209 6075 617 1642 1593 1534 1112 1016 385 5458 4975 2111
internal_count=10705 4630 2209 6075 617 1642 1593 1534 1112 1016 385 5458 4975 2111
is_linear=0
shrinkage=0.05


Tree=35
num_leaves=15
num_cat=0
split_feature=71 84 71 16 37 84 67 51 61 58 19 24 36 69
split_gain=28118.6 23742.5 13946.7 13220.2 11624.5 8546.8 7545.46 7996.13 7313.14 7140.13 6947.87 7912.56 6848.42 6705.3
threshold=-0.88749999999999918 87.67039250000002 -5.0124999999999984 277.29195150000004 53.375000000000007 299.97504500000008 3.1851879791666664 2.5000000000000004 48.179213000000011 13.142788999999974 119.22580600000002 285.75061850000003 24.531770833333336 -6.0566992656249985
decision_type=2 2 2 2 2 2 2 2 2 2 2 2 2 2
left_child=1 -1 -3 13 9 6 8 -8 12 -5 11 -6 -4 -2
right_child=3 2 5 4 10 -7 7 -9 -10 -11 -12 -13 -14 -15
leaf_value=0.015296989637375122 -0.13182305528408048 -0.45608910596171914 -0.28318102819756213 1.0475929311605601 0.10293427866793448 -0.7722583327934428 -0.20272947723666826 0.59110976993623709 -0.035220158389667064 0.38790937071326748 0.032233969089032317 0.94874492918743814 0.37982386090770004 0.063134427187344397
leaf_weight=2421 483 460 840 64 61 52 56 71 690 117 325 50 40 4975
leaf_count=2421 483 460 840 64 61 52 56 71 690 117 325 50 40 4975
internal_value=-5.18537e-05 -0.0928639 -0.211358 0.0706876 0.289875 -0.146769 -0.127159 0.242221 -0.157174 0.625642 0.149373 0.488999 -0.252648 0.0458609
internal_weight=10705 4630 2209 6075 617 1749 1697 127 1570 181 436 111 880 5458
internal_count=10705 4630 2209 6075 617 1749 1697 127 1570 181 436 111 880 5458
is_linear=0
shrinkage=0.05


Tree=36
num_leaves=15
num_cat=0
split_feature=71 84 84 73 84 31 73 9 16 69 84 84 34 28
split_gain=26009.2 22059.8 17355.8 12528.1 16683.1 9332.15 10523.2 9287.35 8265.01 11358.9 7665 9747.7 8642.73 7978.06
threshold=1.8125000000000002 42.523274000000008 287.58038500000004 18.375000000000004 124.04805400000002 20.212500000000002 -23.874999999999996 249.30390550000001 269.78556100000009 -9.5072461197916667 101.20536200000002 163.83616650000002 20.077083333333338 16.862500000000004
decision_type=2 2 2 2 2 2 2 2 2 2 2 2 2 2
left_child=2 -2 3 8 -5 -3 -7 -8 10 -10 -1 12 -12 -13
right_child=1 5 -4 4 -6 6 7 -9 9 -11 11 13 -14 -15
leaf_value=0.011432540761956798 -0.0050716134828844781 -0.0085114946415429174 -0.58383230623864646 -0.0098787669446842811 -0.46688269258159754 0.85379734430357479 0.36521704721018211 0.0084377418125563489 0.94422777807989788 0.10089141369118337 -0.57662674414628712 -0.64938777138789494 -0.14425905408986817 -0.032797088974558221
leaf_weight=3843 1503 246 147 426 375 88 827 234 42 565 178 53 329 1849
leaf_count=3843 1503 246 147 426 375 88 827 234 42 565 178 53 329 1849
internal_value=-4.13799e-05 0.127851 -0.0475261 -0.0371592 -0.224147 0.270966 0.330757 0.286613 -0.015293 0.160701 -0.0324031 -0.102308 -0.296893 -0.0503109
internal_weight=10705 2898 7807 7660 801 1395 1149 1061 6859 607 6252 2409 507 1902
internal_count=10705 2898 7807 7660 801 1395 1149 1061 6859 607 6252 2409 507 1902
is_linear=0
shrinkage=0.05


Tree=37
num_leaves=15
num_cat=0
split_feature=71 84 84 56 62 31 71 43 79 24 36 69 62 84
split_gain=23534.4 18864.7 15555.5 11817.9 10266.4 7867.55 10789.4 7144.78 8203.04 6116.01 6427.14 5993.27 5681.57 5610.85
threshold=1.4000000000000006 42.523274000000008 282.33339050000006 -37.211869499999978 59.056351499999998 20.212500000000002 6.0125000000000002 44.125000000000007 -0.95642797789208689 255.23943600000004 24.140494791666665 12.437129489583334 32.664806500000019 303.76010700000006
decision_type=2 2 2 2 2 2 2 2 2 2 2 2 2 2
left_child=2 -2 3 4 -1 -3 7 -7 -9 -10 11 -11 -8 -4
right_child=1 5 13 -5 -6 6 12 8 9 10 -12 -13 -14 -15
leaf_value=-0.13106146299067031 -0.0049039630530063917 0.00053533277367257904 -0.33304023927446202 -0.019125676012624368 -0.65315007080860221 0.80365493744611749 0.45401873770426582 -0.21313395959751627 0.65708169794331006 0.23313069124810235 0.072846463760921604 0.65964177907568167 1.0636048509363543 -0.97108528849690467
leaf_weight=331 1646 286 186 6806 131 51 126 106 83 312 431 112 56 42
leaf_count=331 1646 286 186 6806 131 51 126 106 83 312 431 112 56 42
internal_value=-4.02138e-05 0.113247 -0.0485463 -0.0357569 -0.280191 0.237595 0.290645 0.230984 0.202267 0.249387 0.209088 0.347081 0.646371 -0.454302
internal_weight=10705 3209 7496 7268 462 1563 1277 1095 1044 938 855 424 182 228
internal_count=10705 3209 7496 7268 462 1563 1277 1095 1044 938 855 424 182 228
is_linear=0
shrinkage=0.05


Tree=38
num_leaves=15
num_cat=0
split_feature=71 84 4 24 69 84 25 61 26 61 70 30 73 84
split_gain=21531.1 22299 12157.2 9179.69 7874.21 12784.6 9511.42 16431.8 6900.45 6800.51 6026.37 5979.29 7867.22 6307.55
threshold=-1.8874999999999991 120.00702450000001 272.51331800000008 248.07883750000005 11.840655182291668 42.523274000000008 107.69175705454224 11.412786000000013 27.712500000000002 75.208746000000005 22.647709519693191 22.612500000000004 -11.624999999999998 143.17073350000001
decision_type=2 2 2 2 2 2 2 2 2 2 2 2 2 2
left_child=1 -1 4 9 -2 -6 8 -8 -7 -3 -9 -4 -13 -14
right_child=2 3 11 -5 5 6 7 10 -10 -11 -12 12 13 -15
leaf_value=0.0041434427826329279 0.0049084255119257701 -0.57487121429294352 0.68257855430600189 -0.17505108294337779 -0.0031702348034231874 0.37189934553212622 0.48903383345455886 -0.38463561460375789 0.93882010864714782 -0.11349605995854106 0.30472106137312949 0.46720335043184918 0.20853138995952292 -0.38962309360504155
leaf_weight=1853 5720 312 83 931 727 223 156 130 71 108 41 161 121 68
leaf_count=1853 5720 312 83 931 727 223 156 130 71 108 41 161 121 68
internal_value=-3.06413e-05 -0.108509 0.0463134 -0.262909 0.0305366 0.139201 0.305611 0.11948 0.511527 -0.456783 -0.218541 0.303181 0.211521 -0.0075956
internal_weight=10705 3204 7501 1351 7068 1348 621 327 294 420 171 433 350 189
internal_count=10705 3204 7501 1351 7068 1348 621 327 294 420 171 433 350 189
is_linear=0
shrinkage=0.05


Tree=39
num_leaves=15
num_cat=0
split_feature=67 84 12 43 73 33 56 69 73 22 9 69 47 58
split_gain=20148.9 16982.5 15319 11755.4 11348.1 9579 8874.36 7724.26 7455.61 9039.57 6524.19 5657.05 9926.91 6388.37
threshold=-5.2843796458333339 121.08235000000001 256.21186050000006 47.625000000000007 10.875000000000002 26.115625000000005 -44.093216500000004 -20.992930640624994 20.875000000000004 145.09375083333336 235.11553400000003 -4.5217758802083328 71.428385416666671 -8.8124470000000041
decision_type=2 2 2 2 2 2 2 2 2 2 2 2 2 2
left_child=1 -1 7 -4 11 6 -6 -2 9 -5 -11 12 -3 -13
right_child=2 4 3 8 5 -7 -8 -9 -10 10 -12 13 -14 -15
leaf_value=-0.0020208988924918952 -0.33085891894723585 0.72512882926634381 0.6043912045754396 0.24329446467061611 -0.74839748077626744 -1.055860512289736 -0.2446591272267051 0.016496877108154173 -0.44034829226867211 0.28127533201826738 -0.26248310551340326 -0.87388818095482534 -0.08590813912546974 -0.18424913666367188
leaf_weight=1372 163 41 153 873 111 53 408 6640 52 79 177 41 370 172
leaf_count=1372 163 41 153 873 111 53 408 6640 52 79 177 41 370 172
internal_value=-2.05582e-05 -0.122099 0.0385171 0.193376 -0.259731 -0.420423 -0.353627 0.00812682 0.139662 0.166743 -0.0942411 -0.111992 -0.00343813 -0.32046
internal_weight=10705 2568 8137 1334 1196 572 519 6803 1181 1129 256 624 411 213
internal_count=10705 2568 8137 1334 1196 572 519 6803 1181 1129 256 624 411 213
is_linear=0
shrinkage=0.05


Tree=40
num_leaves=15
num_cat=0
split_feature=69 84 71 35 84 84 43 31 68 60 49 24 57 71
split_gain=18619.1 12113 15409.8 11813.1 11737.6 18479.4 11083.1 8960.07 8495.76 8270.5 6757.18 6582.76 5865.01 5623.19
threshold=-0.28348833333333345 77.844594000000015 -4.3124999999999991 28.627083333333335 42.523274000000008 272.30311500000005 48.375000000000007 21.612500000000004 17.440646893457735 4.3304770000000028 4.5000000000000009 322.54412650000006 0.6983489461641984 -0.13749999999999926
decision_type=2 2 2 2 2 2 2 2 2 2 2 2 2 2
left_child=1 -1 12 9 -2 6 7 -6 11 10 -4 13 -3 -8
right_child=4 2 3 -5 5 -7 8 -9 -10 -11 -12 -13 -14 -15
leaf_value=0.015066928909605443 -0.0025885440815573446 -0.93767913663110081 -0.15474217910530175 0.73934983365064444 -0.10862036045818102 -0.2956458609001627 0.00013110394051875035 0.7218507002573461 0.6247786443059643 0.013390322051203189 -0.64005896890318237 -0.35583925824612384 -0.32749317136367401 0.19347853268959228
leaf_weight=2200 3255 42 1078 42 41 221 503 151 89 925 76 67 526 1489
leaf_count=2200 3255 42 1078 42 41 221 503 151 89 925 76 67 526 1489
internal_value=-3.05432e-05 -0.0719441 -0.143111 -0.0810838 0.0604228 0.140479 0.181778 0.544867 0.149084 -0.0980057 -0.187231 0.128229 -0.374181 0.144681
internal_weight=10705 4889 2689 2121 5816 2561 2340 192 2148 2079 1154 2059 568 1992
internal_count=10705 4889 2689 2121 5816 2561 2340 192 2148 2079 1154 2059 568 1992
is_linear=0
shrinkage=0.05


Tree=41
num_leaves=15
num_cat=0
split_feature=24 84 71 25 45 31 8 36 84 80 24 16 70 25
split_gain=16960.7 14567.8 17663.7 13882.3 11151 10451.3 8907.05 6666.99 6282.11 9436.6 10143.6 9577.4 6058.6 6042.84
threshold=274.65417650000006 88.937249000000023 -2.0999999999999992 103.21753417306967 49.020833333333336 21.812500000000004 299.02505250000007 20.748177083333335 275.36804450000005 -0.3520614488341256 275.84149600000006 282.20391600000005 19.136531480599313 108.17830711197404
decision_type=2 2 2 2 2 2 2 2 2 2 2 2 2 2
left_child=1 -1 -3 7 5 -2 8 -4 9 10 -6 12 13 -12
right_child=4 2 3 -5 6 -7 -8 -9 -10 -11 11 -13 -14 -15
leaf_value=0.014419135139864495 -0.10325471009199437 -0.28757165019889613 -0.14138616887536756 -0.27415113420389542 0.93112788352629416 0.65336203012544258 -0.61662602689751289 0.11288696698975474 -0.22395587316516674 0.023202884059127279 0.14849157308606034 0.71987760768706599 0.36344362685058318 -0.16313886555048024
leaf_weight=4292 64 1107 347 448 45 156 46 994 164 1891 645 74 228 204
leaf_count=4292 64 1107 347 448 45 156 46 994 164 1891 645 74 228 204
internal_value=-3.14194e-05 -0.0440537 -0.130688 -0.0335049 0.0899276 0.433784 0.0668584 0.0470344 0.076716 0.0927569 0.202618 0.173352 0.135168 0.0735083
internal_weight=10705 7188 2896 1789 3517 220 3297 1341 3251 3087 1196 1151 1077 849
internal_count=10705 7188 2896 1789 3517 220 3297 1341 3251 3087 1196 1151 1077 849
is_linear=0
shrinkage=0.05


Tree=42
num_leaves=15
num_cat=0
split_feature=69 84 71 84 84 43 51 68 17 61 6 25 61 69
split_gain=15691.9 11882.6 15097 10864.7 12787.4 8315.27 7447.49 7149.83 7035.03 6494.33 7433.06 6341.85 9732.41 6091.86
threshold=0.71973328124999869 104.01284850000002 -1.9249999999999987 42.523274000000008 272.30311500000005 47.625000000000007 3.5000000000000004 17.440646893457735 20.676265537135873 63.815465500000009 207.62179650000004 108.17830711197404 1.2396679999999665 8.9726725364583348
decision_type=2 2 2 2 2 2 2 2 2 2 2 2 2 2
left_child=1 -1 9 -2 5 8 -4 11 -5 10 -3 -7 13 -13
right_child=3 2 6 4 -6 7 -8 -9 -10 -11 -12 12 -14 -15
leaf_value=0.010623420812374339 -0.0053784025757140919 -0.41240467237500245 0.05060766819557963 0.0086969699330475877 -0.25843868694460859 0.19273460307080059 -0.19084500572254415 0.59192088712420732 0.72259960272690149 -0.05879214802681472 -0.11009678832236425 -0.23569375128440917 -0.26616157885283637 0.33347385201384044
leaf_weight=3559 2184 660 1076 48 173 1260 453 89 122 320 295 62 218 186
leaf_count=3559 2184 660 1076 48 173 1260 453 89 122 320 295 62 218 186
internal_value=-2.4446e-05 -0.0500283 -0.126987 0.0732486 0.152788 0.188741 -0.021006 0.157232 0.522257 -0.253966 -0.319234 0.134487 -0.0230803 0.190807
internal_weight=10705 6363 2804 4342 2158 1985 1529 1815 170 1275 955 1726 466 248
internal_count=10705 6363 2804 4342 2158 1985 1529 1815 170 1275 955 1726 466 248
is_linear=0
shrinkage=0.05


Tree=43
num_leaves=15
num_cat=0
split_feature=24 84 70 45 58 67 8 68 32 29 25 84 6 24
split_gain=14343.2 12284 15439.9 9659.92 8403.18 10238.6 8305.41 7806.25 6584.38 6406.18 6347.98 6196.72 5924.38 9780.25
threshold=274.65417650000006 88.937249000000023 8.1032710679429751 47.072916666666679 1.1413169999999939 -6.4619043958333302 299.02505250000007 18.848581608884619 29.737500000000004 28.462500000000002 105.16358070881857 282.33339050000006 62.275082000000005 275.10399300000006
decision_type=2 2 2 2 2 2 2 2 2 2 2 2 2 2
left_child=1 -1 -3 10 7 -6 8 11 12 -10 -2 -4 13 -5
right_child=3 2 4 6 5 -7 -8 -9 9 -11 -12 -13 -14 -15
leaf_value=0.013189594066276317 -0.047197091718052711 0.018471434415217727 -0.2416642217453131 0.89054774799872016 -0.20157505923895658 0.24859032495111066 -0.58794885743409397 -0.94334180090162489 0.5744193861259087 -0.087644773489742922 0.67523114640915072 -0.79256300597141194 0.00049022547737292326 0.11463348193737191
leaf_weight=4292 42 1187 1019 41 412 181 47 44 120 52 108 53 1848 1259
leaf_count=4292 42 1187 1019 41 412 181 47 44 120 52 108 53 1848 1259
internal_value=-2.14825e-05 -0.0405044 -0.120058 0.0827051 -0.21623 -0.063985 0.0651383 -0.296998 0.074558 0.374911 0.473978 -0.269614 0.0580335 0.13977
internal_weight=10705 7188 2896 3517 1709 593 3367 1116 3320 172 150 1072 3148 1300
internal_count=10705 7188 2896 3517 1709 593 3367 1116 3320 172 150 1072 3148 1300
is_linear=0
shrinkage=0.05


Tree=44
num_leaves=15
num_cat=0
split_feature=71 84 84 73 84 9 7 47 47 15 31 31 24 15
split_gain=13343.7 12198.5 10982.2 7478.94 10820.3 6426.17 7350.07 10203.5 6929.33 6049.34 6873.29 6125.49 7952.4 5942
threshold=1.8125000000000002 42.523274000000008 292.35207400000007 18.375000000000004 143.17073350000001 95.543330000000012 95.011249000000007 75.063802083333357 63.057291666666679 207.74984750000002 21.712500000000002 22.487500000000004 279.71161950000004 205.60313450000004
decision_type=2 2 2 2 2 2 2 2 2 2 2 2 2 2
left_child=2 -2 3 9 -5 6 7 -3 -7 13 -11 12 -12 -1
right_child=1 5 -4 4 -6 8 -8 -9 -10 10 11 -13 -14 -15
leaf_value=-0.020219977266132672 -0.0072588986941945176 1.2477303738594054 -0.53950800684572831 -0.018142496557848064 -0.38894367161469012 0.59365049881958654 0.24892266957617393 0.17141517984067522 0.097369169548120804 -0.008807951407392085 0.12745830483259041 0.12979074695209664 1.0012896564163147 -0.59684293554888834
leaf_weight=6268 1503 49 105 479 333 75 275 40 956 323 46 149 60 44
leaf_count=6268 1503 49 105 479 333 75 275 40 956 323 46 149 60 44
internal_value=-2.21194e-05 0.0915831 -0.0340339 -0.0270737 -0.170499 0.198006 0.378403 0.771273 0.134011 -0.0101484 0.144532 0.338038 0.626815 -0.0243334
internal_weight=10705 2898 7807 7702 812 1395 364 89 1031 6890 578 255 106 6312
internal_count=10705 2898 7807 7702 812 1395 364 89 1031 6890 578 255 106 6312
is_linear=0
shrinkage=0.05


Tree=45
num_leaves=15
num_cat=0
split_feature=69 84 49 73 84 84 24 8 69 70 22 43 46 80
split_gain=12347.8 9651.18 11993.5 10038.6 8627.6 10948.2 7094.11 9515.3 7935.66 6191.34 6032.17 5640.57 5535.72 6803.73
threshold=0.71973328124999869 104.01284850000002 4.5000000000000009 17.625000000000004 42.523274000000008 272.30311500000005 307.83665100000002 182.61902600000002 11.840655182291668 6.4077123946415417 88.043009151041687 49.625000000000007 52.114583333333336 -0.63405362205439475
decision_type=2 2 2 2 2 2 2 2 2 2 2 2 2 2
left_child=1 -1 3 12 -2 6 8 -8 9 -6 -11 -10 -3 -14
right_child=4 2 -4 -5 5 -7 7 -9 11 10 -12 -13 13 -15
leaf_value=0.010292303463440192 -0.0050789798856295974 0.39776974391630471 -0.53138610409733689 -0.3165105382522857 0.36491210763894411 -0.24462830408037395 0.17470666063563511 -0.54613779505284932 0.6371387691935525 0.45658379466680998 0.023850664142212086 0.26553507282083477 0.017362855246205487 -0.16113337352438722
leaf_weight=3559 2184 67 161 406 210 173 110 77 127 88 848 525 1225 945
leaf_count=3559 2184 67 161 406 210 173 110 77 127 88 848 525 1225 945
internal_value=-1.14957e-05 -0.0443684 -0.113726 -0.0880926 0.0649868 0.135866 0.169134 -0.123438 0.199615 0.120211 0.0649788 0.338783 -0.0465134 -0.0604078
internal_weight=10705 6363 2804 2643 4342 2158 1985 187 1798 1146 936 652 2237 2170
internal_count=10705 6363 2804 2643 4342 2158 1985 187 1798 1146 936 652 2237 2170
is_linear=0
shrinkage=0.05


Tree=46
num_leaves=15
num_cat=0
split_feature=84 24 43 56 62 9 73 28 31 84 84 69 84 24
split_gain=11794.7 11234.9 8188.28 7750.75 7414.74 6097.21 7984.29 6970.78 6069.99 5823.25 8635.29 6861.76 4794.32 4920.24
threshold=282.33339050000006 274.65417650000006 47.625000000000007 -37.211869499999978 59.056351499999998 272.25950450000005 4.8750000000000009 25.487500000000004 21.612500000000004 42.523274000000008 77.844594000000015 -10.861934890624998 127.75807200000001 322.54412650000006
decision_type=2 2 2 2 2 2 2 2 2 2 2 2 2 2
left_child=1 3 8 4 -1 9 -7 -8 -3 -4 -11 -12 -13 -14
right_child=-2 2 5 -5 -6 6 7 -9 -10 10 11 12 13 -15
leaf_value=-0.099454104937012164 -0.35263358822477792 -0.13028991948416893 -0.0030450140155153351 -0.01492704131969109 -0.55245516325812793 0.13993386524444859 -0.10748572970127189 -1.03276686838695 0.51347258561936815 0.74730734928577602 0.68750876299306463 0.23022972811147052 0.065453661675182406 -0.43669317014077136
leaf_weight=309 231 46 1307 6594 127 71 40 41 172 55 50 487 1125 50
leaf_count=309 231 46 1307 6594 127 71 40 41 172 55 50 487 1125 50
internal_value=-8.38395e-06 0.00780155 0.0817736 -0.0284439 -0.232368 0.0616681 -0.246457 -0.582721 0.377658 0.0769791 0.136139 0.11608 0.0984856 0.0437325
internal_weight=10705 10474 3444 7030 436 3226 152 81 218 3074 1767 1712 1662 1175
internal_count=10705 10474 3444 7030 436 3226 152 81 218 3074 1767 1712 1662 1175
is_linear=0
shrinkage=0.05


Tree=47
num_leaves=15
num_cat=0
split_feature=84 24 44 80 84 16 24 22 22 63 62 84 70 46
split_gain=10858.6 10847.2 8297.94 8842.83 12319.7 7818.76 7927.8 7483.93 7608.28 7246.83 7892.37 5445.65 4924.22 5368.6
threshold=275.36804450000005 274.65417650000006 52.656250000000007 -0.3520614488341256 227.97181700000002 283.37567350000006 275.84149600000006 141.88930447395833 145.09375083333336 -37.787372624999996 45.767466000000006 303.76010700000006 19.426429174060541 73.703125000000014
decision_type=2 2 2 2 2 2 2 2 2 2 2 2 2 2
left_child=1 9 7 5 -5 6 -4 -3 -9 10 -1 -2 -8 -14
right_child=11 2 3 4 -6 -7 12 8 -10 -11 -12 -13 13 -15
leaf_value=-0.088162291567583664 -0.18451618336839604 0.10313571217692022 0.77922806335694128 0.012589379583394881 -0.71571868588527054 0.74933276710185137 0.056230968067027404 0.87164648148146551 0.21098449803428371 -0.012795464362368501 -0.58035544456978305 -0.77794349924769524 0.051367375481290271 0.60563625939031862
leaf_weight=275 399 217 45 1799 59 54 824 87 88 6526 115 42 82 93
leaf_count=275 399 217 45 1799 59 54 824 87 88 6526 115 42 82 93
internal_value=-9.57999e-06 0.0104389 0.0843014 0.0555832 -0.0109103 0.168009 0.137252 0.300168 0.542514 -0.0253246 -0.234409 -0.242665 0.107584 0.347689
internal_weight=10705 10264 3348 2956 1858 1098 1044 392 175 6916 390 441 999 175
internal_count=10705 10264 3348 2956 1858 1098 1044 392 175 6916 390 441 999 175
is_linear=0
shrinkage=0.05


Tree=48
num_leaves=15
num_cat=0
split_feature=69 84 84 26 84 61 69 22 36 43 84 24 60 31
split_gain=9924.09 7439.85 9186.18 7355.19 8519 10067.5 8998.35 6537.76 6640.32 5911.89 6980.39 6881.4 6369.88 5631.9
threshold=-0.28348833333333345 277.88047750000004 42.523274000000008 30.162500000000005 77.844594000000015 67.641862000000032 -14.462286713541664 126.6827235260417 24.066145833333337 48.375000000000007 126.76095350000001 322.54412650000006 7.5915915000000078 21.612500000000004
decision_type=2 2 2 2 2 2 2 2 2 2 2 2 2 2
left_child=3 2 -2 4 -1 6 -6 -7 -9 13 12 -12 -11 -4
right_child=1 -3 9 -5 5 7 -8 8 -10 10 11 -13 -14 -15
leaf_value=0.014365928244302266 -0.0029201635409408394 -0.35584430721702809 -0.13371349470246405 0.5910967881029302 -0.36790720700573615 -0.14730429516280771 -0.11691200407290392 0.24032701702169215 -0.23956300965771918 0.17791172849126441 0.06047335671477836 -0.52489155353261874 0.66189810421906026 0.52068934606727946
leaf_weight=2200 3255 113 41 43 480 304 1393 381 88 664 1459 51 75 158
leaf_count=2200 3255 113 41 43 480 304 1393 381 88 664 1459 51 75 158
internal_value=-4.05378e-06 0.0441313 0.0521174 -0.0525061 -0.0583378 -0.118769 -0.181397 0.0330181 0.149966 0.12527 0.10205 0.0403685 0.227859 0.385868
internal_weight=10705 5816 5703 4889 4846 2646 1873 773 469 2448 2249 1510 739 199
internal_count=10705 5816 5703 4889 4846 2646 1873 773 469 2448 2249 1510 739 199
is_linear=0
shrinkage=0.05


Tree=49
num_leaves=15
num_cat=0
split_feature=84 24 84 69 25 71 45 61 8 22 32 36 25 32
split_gain=9236.14 8727.89 7770.13 10460.1 7477.1 6440.56 6437.78 6029.9 5750.24 5382.54 5241.47 5174.89 4681.77 4336.78
threshold=303.76010700000006 274.65417650000006 88.937249000000023 -14.462286713541664 103.21753417306967 -2.0999999999999992 47.072916666666679 74.012692500000014 299.02505250000007 23.700781744791673 20.212500000000002 20.709635416666671 105.16358070881857 29.737500000000004
decision_type=2 2 2 2 2 2 2 2 2 2 2 2 2 2
left_child=1 2 -1 7 5 9 12 -4 13 -5 -7 -12 -3 -8
right_child=-2 6 3 4 -6 10 8 -9 -10 -11 11 -13 -14 -15
leaf_value=0.013930573679964101 -0.73132161193115763 -0.060106409118012641 -0.35162194550241233 -0.6646971476348964 -0.21277546652169052 -0.080896129043095052 0.047481630843774186 0.035298091272904182 -0.50200172760726314 -0.088115088634758268 -0.12765117213900748 0.20200837661030577 0.55989509118259506 0.30468468393462933
leaf_weight=4292 42 42 497 43 498 381 3132 126 45 513 144 670 108 172
leaf_count=4292 42 42 497 43 498 381 3132 126 45 513 144 670 108 172
internal_value=-2.08729e-06 0.00294678 -0.0286668 -0.0923083 -0.0420342 0.00661989 0.0676635 -0.273437 0.0532473 -0.13382 0.07202 0.143605 0.387046 0.0609593
internal_weight=10705 10663 7164 2872 2249 1751 3499 623 3349 556 1195 814 150 3304
internal_count=10705 10663 7164 2872 2249 1751 3499 623 3349 556 1195 814 150 3304
is_linear=0
shrinkage=0.05


Tree=50
num_leaves=15
num_cat=0
split_feature=84 83 20 69 84 46 84 73 31 12 36 69 46 70
split_gain=8651.63 8324.71 10805.3 8025.48 9542.88 7962.27 5836.22 6871.94 8908.39 8204.51 5179.82 5523.17 5694.2 4725.24
threshold=275.36804450000005 253.76627800000003 282.20391600000005 -0.66454532812499967 77.844594000000015 51.520833333333336 42.523274000000008 4.6250000000000009 20.512500000000003 283.14579350000002 24.348177083333336 12.437129489583334 88.171875000000014 7.707720604428558
decision_type=2 2 2 2 2 2 2 2 2 2 2 2 2 2
left_child=1 3 10 4 -1 -6 -5 8 -8 -9 11 12 -3 -7
right_child=-2 2 -4 6 5 13 7 9 -10 -11 -12 -13 -14 -15
leaf_value=0.012981775271164037 -0.21660716967463359 0.16342592748236415 0.84159233722032301 -0.0035740867775753572 0.40764410620322455 -0.026511978666317101 -0.05127197519421231 0.005134466839704796 0.24637634489637641 -0.7441856332668445 -0.045956028459912389 0.47733640413433315 -0.31207676572459087 -0.20776493591241058
leaf_weight=2121 441 631 50 3289 63 489 343 335 937 40 412 124 69 1361
leaf_count=2121 441 631 50 3289 63 489 343 335 937 40 412 124 69 1361
internal_value=-9.71627e-06 0.00931674 0.128243 -0.00773047 -0.060057 -0.141002 0.0349683 0.11152 0.166638 -0.0765597 0.0987284 0.171039 0.116177 -0.159896
internal_weight=10705 10264 1286 8978 4034 1913 4944 1655 1280 375 1236 824 700 1850
internal_count=10705 10264 1286 8978 4034 1913 4944 1655 1280 375 1236 824 700 1850
is_linear=0
shrinkage=0.05


Tree=51
num_leaves=15
num_cat=0
split_feature=84 24 84 69 25 36 45 61 8 62 67 56 25 32
split_gain=8103.7 7296.78 6524.68 8825.69 6726.7 5708.22 5544.96 5399.36 5163.11 4826.04 4860.49 4302.76 4015.34 3786.23
threshold=303.76010700000006 274.65417650000006 88.937249000000023 -14.462286713541664 103.21753417306967 18.666666666666668 47.072916666666679 74.012692500000014 299.02505250000007 231.73436800000002 -4.9843997916666671 -14.589308999999991 105.16358070881857 29.737500000000004
decision_type=2 2 2 2 2 2 2 2 2 2 2 2 2 2
left_child=1 2 -1 7 5 -5 12 -4 13 -7 -11 -6 -3 -8
right_child=-2 6 3 4 11 9 8 -9 -10 10 -12 -13 -14 -15
leaf_value=0.012884173422717124 -0.6850274166395498 -0.055766699662388758 -0.32483138234679959 -0.54177356478960614 0.083472667500939013 -0.0068190360688488083 0.043265536267237295 0.041246093871203933 -0.47758455517823278 -0.14065249037963373 0.4228032655068743 -0.27605609657895291 0.51841262115609898 0.28358724680486963
leaf_weight=4292 42 42 497 45 105 1520 3132 126 45 53 133 393 108 172
leaf_count=4292 42 42 497 45 105 1520 3132 126 45 53 133 393 108 172
internal_value=-6.67794e-06 0.0027555 -0.0261503 -0.0844687 -0.0382893 0.00785791 0.061929 -0.250846 0.04855 0.0226647 0.262355 -0.200236 0.358338 0.0558583
internal_weight=10705 10663 7164 2872 2249 1751 3499 623 3349 1706 186 498 150 3304
internal_count=10705 10663 7164 2872 2249 1751 3499 623 3349 1706 186 498 150 3304
is_linear=0
shrinkage=0.05


end of trees

feature_importances:
consumo_alvo_semana_anterior=184
temperatura_externa_c_diferenca_semana_atual=105
consumo_diferenca_semana_atual=60
correcao_semanal_media_1440m=41
consumo_max_1440m=38
umidade_relativa_pct_lag_1440m=17
consumo_std_1440m=15
consumo_max_180m=14
correcao_semanal_std_1440m=14
umidade_relativa_pct_diferenca_semana_atual=14
consumo_lag_10080m=13
consumo_mean_1440m=13
umidade_relativa_pct_media_360m=13
umidade_relativa_pct_atual=11
correcao_semanal_media_360m=11
temperatura_externa_c_lag_720m=10
temperatura_externa_c_media_1440m=10
tendencia_consumo_180m=9
consumo_alvo_dia_anterior=9
consumo_min_360m=8
umidade_relativa_pct_media_1440m=8
temperatura_externa_c_media_60m=7
tendencia_consumo_360m=7
temperatura_externa_c_lag_1440m=6
umidade_relativa_pct_media_180m=6
alvo_hora_cos=6
consumo_lag_1440m=5
temperatura_externa_c_atual=5
umidade_relativa_pct_lag_60m=5
correcao_semanal_std_360m=5
consumo_max_60m=4
origem_hora_sin=4
consumo_diferenca_dia_atual=4
correcao_semanal_std_180m=4
consumo_lag_360m=3
origem_mes=3
consumo_razao_semana_atual=3
tendencia_consumo_60m=3
consumo_mean_60m=2
consumo_min_180m=2
consumo_std_180m=2
consumo_mean_360m=2
consumo_std_360m=2
temperatura_externa_c_lag_60m=2
temperatura_externa_c_media_360m=2
umidade_relativa_pct_lag_15m=2
origem_dia_semana=2
alvo_hora_sin=2
consumo_atual_kw=1
consumo_lag_120m=1
consumo_lag_720m=1
consumo_max_360m=1
temperatura_externa_c_lag_15m=1
temperatura_externa_c_lag_180m=1
temperatura_externa_c_lag_360m=1
temperatura_externa_c_media_180m=1
umidade_relativa_pct_media_60m=1
correcao_semanal_media_60m=1
correcao_semanal_media_180m=1

parameters:
[boosting: gbdt]
[objective: regression]
[metric: l1]
[tree_learner: serial]
[device_type: cpu]
[data_sample_strategy: bagging]
[data: ]
[valid: ]
[num_iterations: 400]
[learning_rate: 0.05]
[num_leaves: 15]
[num_threads: 2]
[seed: 20260905]
[deterministic: 1]
[force_col_wise: 1]
[force_row_wise: 0]
[histogram_pool_size: -1]
[max_depth: -1]
[min_data_in_leaf: 40]
[min_sum_hessian_in_leaf: 0.001]
[bagging_fraction: 1]
[pos_bagging_fraction: 1]
[neg_bagging_fraction: 1]
[bagging_freq: 0]
[bagging_seed: 23218]
[bagging_by_query: 0]
[feature_fraction: 1]
[feature_fraction_bynode: 1]
[feature_fraction_seed: 28090]
[extra_trees: 0]
[extra_seed: 14360]
[early_stopping_round: 0]
[early_stopping_min_delta: 0]
[first_metric_only: 0]
[max_delta_step: 0]
[lambda_l1: 0]
[lambda_l2: 1]
[linear_lambda: 0]
[min_gain_to_split: 0]
[drop_rate: 0.1]
[max_drop: 50]
[skip_drop: 0.5]
[xgboost_dart_mode: 0]
[uniform_drop: 0]
[drop_seed: 16970]
[top_rate: 0.2]
[other_rate: 0.1]
[min_data_per_group: 100]
[max_cat_threshold: 32]
[cat_l2: 10]
[cat_smooth: 10]
[max_cat_to_onehot: 4]
[top_k: 20]
[monotone_constraints: ]
[monotone_constraints_method: basic]
[monotone_penalty: 0]
[feature_contri: ]
[forcedsplits_filename: ]
[refit_decay_rate: 0.9]
[cegb_tradeoff: 1]
[cegb_penalty_split: 0]
[cegb_penalty_feature_lazy: ]
[cegb_penalty_feature_coupled: ]
[path_smooth: 0]
[interaction_constraints: ]
[verbosity: -1]
[saved_feature_importance_type: 0]
[use_quantized_grad: 0]
[num_grad_quant_bins: 4]
[quant_train_renew_leaf: 0]
[stochastic_rounding: 1]
[linear_tree: 0]
[max_bin: 255]
[max_bin_by_feature: ]
[min_data_in_bin: 3]
[bin_construct_sample_cnt: 200000]
[data_random_seed: 5037]
[is_enable_sparse: 1]
[enable_bundle: 1]
[use_missing: 1]
[zero_as_missing: 0]
[feature_pre_filter: 1]
[pre_partition: 0]
[two_round: 0]
[header: 0]
[label_column: ]
[weight_column: ]
[group_column: ]
[ignore_column: ]
[categorical_feature: ]
[forcedbins_filename: ]
[precise_float_parser: 0]
[parser_config_file: ]
[objective_seed: 15411]
[num_class: 1]
[is_unbalance: 0]
[scale_pos_weight: 1]
[sigmoid: 1]
[boost_from_average: 1]
[reg_sqrt: 0]
[alpha: 0.9]
[fair_c: 1]
[poisson_max_delta_step: 0.7]
[tweedie_variance_power: 1.5]
[lambdarank_truncation_level: 30]
[lambdarank_norm: 1]
[label_gain: ]
[lambdarank_position_bias_regularization: 0]
[eval_at: ]
[multi_error_top_k: 1]
[auc_mu_weights: ]
[num_machines: 1]
[local_listen_port: 12400]
[time_out: 120]
[machine_list_filename: ]
[machines: ]
[gpu_platform_id: -1]
[gpu_device_id: -1]
[gpu_device_id_list: ]
[gpu_use_dp: 0]
[num_gpu: 1]

end of parameters

pandas_categorical:[]
