tree
version=v4
num_class=1
num_tree_per_iteration=1
label_index=0
max_feature_idx=84
objective=regression
feature_names=consumo_atual_kw consumo_lag_15m consumo_lag_30m consumo_lag_60m consumo_lag_120m consumo_lag_180m consumo_lag_360m consumo_lag_720m consumo_lag_1440m consumo_lag_10080m consumo_mean_60m consumo_min_60m consumo_max_60m consumo_std_60m consumo_mean_180m consumo_min_180m consumo_max_180m consumo_std_180m consumo_mean_360m consumo_min_360m consumo_max_360m consumo_std_360m consumo_mean_1440m consumo_min_1440m consumo_max_1440m consumo_std_1440m temperatura_externa_c_atual temperatura_externa_c_lag_15m temperatura_externa_c_lag_60m temperatura_externa_c_lag_180m temperatura_externa_c_lag_360m temperatura_externa_c_lag_720m temperatura_externa_c_lag_1440m temperatura_externa_c_media_60m temperatura_externa_c_media_180m temperatura_externa_c_media_360m temperatura_externa_c_media_1440m umidade_relativa_pct_atual umidade_relativa_pct_lag_15m umidade_relativa_pct_lag_60m umidade_relativa_pct_lag_180m umidade_relativa_pct_lag_360m umidade_relativa_pct_lag_720m umidade_relativa_pct_lag_1440m umidade_relativa_pct_media_60m umidade_relativa_pct_media_180m umidade_relativa_pct_media_360m umidade_relativa_pct_media_1440m origem_hora origem_dia_semana origem_fim_de_semana origem_mes origem_hora_sin origem_hora_cos origem_semana_sin origem_semana_cos consumo_diferenca_semana_atual consumo_razao_semana_atual consumo_diferenca_dia_atual tendencia_consumo_15m tendencia_consumo_60m tendencia_consumo_180m tendencia_consumo_360m correcao_semanal_media_60m correcao_semanal_std_60m correcao_semanal_media_180m correcao_semanal_std_180m correcao_semanal_media_360m correcao_semanal_std_360m correcao_semanal_media_1440m correcao_semanal_std_1440m temperatura_externa_c_diferenca_semana_atual temperatura_externa_c_tendencia_1h umidade_relativa_pct_diferenca_semana_atual umidade_relativa_pct_tendencia_1h alvo_hora alvo_dia_semana alvo_fim_de_semana alvo_mes alvo_hora_sin alvo_hora_cos alvo_semana_sin alvo_semana_cos consumo_alvo_dia_anterior consumo_alvo_semana_anterior
feature_infos=[22.399999999999999:324.71375799999998] [22.399999999999999:324.71375799999998] [22.399999999999999:324.71375799999998] [22.399999999999999:324.71375799999998] [22.399999999999999:324.71375799999998] [22.399999999999999:324.71375799999998] [22.399999999999999:324.71375799999998] [22.399999999999999:324.71375799999998] [22.399999999999999:324.71375799999998] [22.399999999999999:324.71375799999998] [22.399999999999999:321.24876725000001] [22.399999999999999:318.278571] [22.399999999999999:324.71375799999998] [0:82.540869055199337] [22.399999999999999:313.28577408333337] [22.399999999999999:302.53573799999998] [22.399999999999999:324.71375799999998] [0:92.970139865692389] [22.399999999999999:295.13563500000004] [22.399999999999999:249.29458700000001] [22.399999999999999:324.71375799999998] [0:116.53386463160022] [23.200000000000003:159.49963871874999] none [25.600000000000001:324.71375799999998] [1.3929144002343703:128.71471884334804] [15:33.700000000000003] [15:33.700000000000003] [15:33.700000000000003] [15:33.700000000000003] [15:33.700000000000003] [15:33.700000000000003] [15:33.700000000000003] [15:33.4375] [15:32.71875] [15.333333333333334:31.620833333333334] [16.439843749999998:27.283072916666669] [31:98] [31:98] [31:98] [31:98] [31:98] [31:98] [31:98] [32.5:95.625] [33.666666666666664:95.083333333333329] [37.041666666666664:94] [59.309895833333336:91.638020833333329] [0:23.75] [0:6] [0:1] [1:4] [-1:1] [-1:1] [-0.97492791218182362:0.97492791218182362] [-0.90096886790241903:1] [-72.635950000000008:77.445233000000002] [0.43630911779503978:2.09406877563422] [-291.363968:296.779246] [-121.30707899999999:153.05878799999999] [-124.27709300000001:153.05878799999999] [-180.63157299999997:268.16051600000003] [-299.363968:299.97924600000005] [-70.384351250000009:75.467424499999993] [0:44.359338508129341] [-67.777903583333341:70.921986416666655] [0:38.631403568061003] [-64.848194500000005:62.415354583333333] [0:37.083675449251288] [-34.945017510416669:27.905951093750001] [0:30.68446053870321] [-12:11.5] [-8:4.8000000000000007] [-49:48] [-30:40] [0:23.75] [0:6] [0:1] [1:4] [-1:1] [-1:1] [-0.97492791218182362:0.97492791218182362] [-0.90096886790241903:1] [22.399999999999999:324.71375799999998] [22.399999999999999:324.71375799999998]
tree_sizes=1423 1426 1443 1429 1428 1419 1435 1432 1430 1431 1430 1443 1432 1433 1445 1449 1441 1438 1437 1446 1444 1456 1433 1449 1444 1454 1437 1451 1446 1451 1422 1458 1443 1411 1430 1415 1437 1448 1449 1446 1453 1427

Tree=0
num_leaves=15
num_cat=0
split_feature=71 84 71 84 71 84 24 69 69 24 84 67 58 58
split_gain=623468 453371 405579 243820 268601 75809.3 56113 51871.3 35127.4 31894.6 26074.9 23408.1 25120.3 23134.2
threshold=-1.0000000180025095e-35 102.99429600000001 -2.8499999999999992 42.523274000000008 2.212499999999999 287.58038500000004 257.54432450000007 -0.18351217708333298 11.840655182291668 281.72766850000005 272.69961450000005 2.4909338541666668 -17.340518500000012 -1.1141225000000075
decision_type=2 2 2 2 2 2 2 2 2 2 2 2 2 2
left_child=1 -1 6 -2 7 11 13 9 -6 -5 -9 12 -4 -3
right_child=3 2 5 4 8 -7 -8 10 -10 -11 -12 -13 -14 -15
leaf_value=-1.0067029271882946 -0.99443410844871039 -3.9539598024019531 -2.2371476452080161 -1.2496598599727842 0.012500202117253334 -2.9566141656834368 -2.3028044943556818 -0.40188025967432717 0.61028464660582737 -0.50269402227651383 -1.6274871846104517 -0.52823490683046592 -1.3595482653533733 -2.9749311133224374
leaf_weight=2972 2674 75 86 506 480 78 362 843 524 198 45 78 1344 440
leaf_count=2972 2674 75 86 506 480 78 362 843 524 198 45 78 1344 440
internal_value=-1.04675 -1.42246 -1.92395 -0.659284 -0.314216 -1.44637 -2.78618 -0.718471 0.32583 -1.0391 -0.464572 -1.36704 -1.41312 -3.12287
internal_weight=10705 5435 2463 5270 2596 1586 877 1592 1004 704 888 1508 1430 515
internal_count=10705 5435 2463 5270 2596 1586 877 1592 1004 704 888 1508 1430 515
is_linear=0
shrinkage=1


Tree=1
num_leaves=15
num_cat=0
split_feature=71 84 71 84 71 84 69 69 69 24 73 84 71 67
split_gain=562855 409339 366182 220088 242613 68524.6 52842.5 45912.5 32594.6 28495.9 24562.1 23763.6 22612.6 21607.9
threshold=-1.0000000180025095e-35 102.99429600000001 -2.8499999999999992 42.523274000000008 2.1000000000000001 287.58038500000004 -26.30091713020833 -0.18351217708333298 11.840655182291668 281.72766850000005 -8.8749999999999982 273.02215500000005 4.8500000000000005 1.0000000180025095e-35
decision_type=2 2 2 2 2 2 2 2 2 2 2 2 2 2
left_child=1 -1 6 -2 7 -4 -3 9 12 -5 13 -12 -6 -9
right_child=3 2 5 4 8 -7 -8 10 -10 -11 11 -13 -14 -15
leaf_value=0.038047433786627984 0.049703118359931159 -2.3521744157709001 -0.3043048050466044 -0.19588013393156395 0.8228675277504538 -1.8155776871910581 -1.4321802797079533 0.36271458579735327 1.5702145147927826 0.5135228309269787 0.51165033256857362 -0.72755082176952834 1.6626828478378 1.8090929350301401
leaf_weight=2972 2674 208 1508 502 391 78 669 43 528 196 728 40 102 66
leaf_count=2972 2674 208 1508 502 391 78 669 43 528 196 728 40 102 66
internal_value=-2.69584e-05 -0.357005 -0.833519 0.368125 0.695969 -0.379727 -1.65281 0.306452 1.29595 0.00377152 0.547075 0.446246 0.999636 1.24699
internal_weight=10705 5435 2463 5270 2596 1586 877 1575 1021 698 877 768 493 109
internal_count=10705 5435 2463 5270 2596 1586 877 1575 1021 698 877 768 493 109
is_linear=0
shrinkage=0.05


Tree=2
num_leaves=15
num_cat=0
split_feature=71 84 71 84 71 84 24 69 69 24 73 51 67 58
split_gain=508145 369536 330561 198708 219131 61941.7 48345.1 40862.9 29691.5 25693.8 24021.2 26860.7 21139.4 23013.3
threshold=-1.0000000180025095e-35 102.99429600000001 -2.8499999999999992 42.523274000000008 2.0124999999999997 287.58038500000004 257.54432450000007 -0.18351217708333298 11.840655182291668 281.72766850000005 1.0000000180025095e-35 2.5000000000000004 2.4909338541666668 -10.845522500000007
decision_type=2 2 2 2 2 2 2 2 2 2 2 2 2 2
left_child=1 -1 6 -2 7 12 -3 9 -6 -5 -9 -12 13 -4
right_child=3 2 5 4 8 -7 -8 10 -10 -11 11 -13 -14 -15
leaf_value=0.036145701489182301 0.047218891330968557 -1.8827638871693448 -0.94216600617127766 -0.18610560697212697 0.94621893346518693 -1.7259479880332949 -1.1220110053668626 0.68280649302417162 1.4883080858646371 0.48999371640384198 -0.52439194855590665 0.52879466934742148 0.50794218667323077 -0.26662195931401772
leaf_weight=2972 2674 515 139 502 498 78 362 621 532 194 101 148 78 1291
leaf_count=2972 2674 515 139 502 498 78 362 621 532 194 101 148 78 1291
internal_value=-2.32159e-05 -0.339208 -0.791963 0.349779 0.661293 -0.360807 -1.57038 0.288415 1.22738 0.00277999 0.516657 0.10121 -0.2891 -0.332899
internal_weight=10705 5435 2463 5270 2596 1586 877 1566 1030 696 870 249 1508 1430
internal_count=10705 5435 2463 5270 2596 1586 877 1566 1030 696 870 249 1508 1430
is_linear=0
shrinkage=0.05


Tree=3
num_leaves=15
num_cat=0
split_feature=71 84 71 84 71 84 69 69 84 24 69 58 71 72
split_gain=460559 388451 217127 139589 257644 45571.8 44635.9 44590.8 44178.8 28576.5 26801.2 22349.2 20686.1 20028.5
threshold=-0.93749999999999989 107.12524400000002 -2.8499999999999992 42.523274000000008 2.0124999999999997 272.35636400000004 -26.462434338541666 -0.18351217708333298 290.2148160000001 281.72766850000005 11.840655182291668 -16.395701000000013 4.8500000000000005 0.98750000000000082
decision_type=2 2 2 2 2 2 2 2 2 2 2 2 2 2
left_child=1 -1 6 -2 5 7 -3 9 11 -5 12 -4 -6 -12
right_child=3 2 8 4 10 -7 -8 -9 -10 -11 13 -13 -14 -15
leaf_value=0.024558834679531159 0.045084126244085879 -2.2037459153395433 -1.1567499376478649 -0.15109272061958226 0.7321195412004925 -0.52349771277969659 -1.3131294445168991 0.50181037144882801 -1.7471231006806898 0.53991472246701411 1.2116939085769152 -0.30619439488941669 1.5335042076203429 1.8996595097597568
leaf_weight=2590 3065 181 83 653 396 198 678 985 61 193 378 988 102 154
leaf_count=2590 3065 181 83 653 396 198 678 985 61 193 378 988 102 154
internal_value=-3.10346e-05 -0.379175 -0.904122 0.2836 0.52249 0.195339 -1.50314 0.273315 -0.448645 0.00699978 1.16613 -0.373128 0.899003 1.41403
internal_weight=10705 4581 1991 6124 3059 2029 859 1831 1132 846 1030 1071 498 532
internal_count=10705 4581 1991 6124 3059 2029 859 1831 1132 846 1030 1071 498 532
is_linear=0
shrinkage=0.05


Tree=4
num_leaves=15
num_cat=0
split_feature=71 84 71 84 71 24 84 84 69 24 69 67 58 49
split_gain=415813 351227 199725 126031 232651 41712.8 41145.5 40434.9 40243.6 25802.1 24194.4 20736.7 20516.1 19908.6
threshold=-0.93749999999999989 102.99429600000001 -2.8499999999999992 42.523274000000008 2.0124999999999997 257.54432450000007 272.35636400000004 290.2148160000001 -0.18351217708333298 281.72766850000005 11.840655182291668 -3.191651499999999 -1.1141225000000075 2.5000000000000004
decision_type=2 2 2 2 2 2 2 2 2 2 2 2 2 2
left_child=1 -1 5 -2 6 12 8 11 9 -5 13 -4 -3 -6
right_child=3 2 7 4 10 -7 -8 -9 -10 -11 -12 -13 -14 -15
leaf_value=0.031166573648692394 0.042830655528918953 -2.4853710162012206 -0.64458870760143272 -0.14354963580079502 1.092997386302424 -1.002431959822035 -0.49745435449645747 -1.6611759056487392 0.47674528515329079 0.51305814628326096 1.3436226027656004 -0.18824985754814694 -1.5709721555954477 0.43248565275667261
leaf_weight=2546 3065 75 382 653 317 362 198 61 985 193 532 715 440 181
leaf_count=2546 3065 75 382 653 317 362 198 61 985 193 532 715 440 181
internal_value=-3.37463e-05 -0.360289 -0.849817 0.269467 0.496459 -1.41864 0.185581 -0.418168 0.259674 0.00667275 1.10809 -0.3476 -1.7087 0.85428
internal_weight=10705 4581 2035 6124 3059 877 2029 1158 1831 846 1030 1097 515 498
internal_count=10705 4581 2035 6124 3059 877 2029 1158 1831 846 1030 1097 515 498
is_linear=0
shrinkage=0.05


Tree=5
num_leaves=15
num_cat=0
split_feature=71 84 71 84 71 69 84 84 31 31 70 65 37 31
split_gain=376673 274332 243254 147474 160379 43515.6 41038.1 31225.8 27334.4 43172.6 27861.7 22686 21768.4 21285
threshold=-1.0000000180025095e-35 103.78458250000001 -2.5124999999999988 42.523274000000008 2.212499999999999 -26.30091713020833 292.35207400000007 272.35636400000004 21.112500000000004 22.437500000000004 18.044551323038437 22.823637208333341 48.375000000000007 18.012500000000003
decision_type=2 2 2 2 2 2 2 2 2 2 2 2 2 2
left_child=1 -1 5 -2 7 -3 -4 8 -5 10 -10 -6 -11 -7
right_child=3 2 6 4 11 13 -8 -9 9 12 -12 -13 -14 -15
leaf_value=0.0301296737814023 0.040464733010140537 -1.9504928025332366 -0.24138347372447766 -0.023122422925772022 0.93909449764370212 -1.9055219411849977 -1.7750248750050863 -0.44028227993427482 0.79232840133383686 1.3929611452988215 2.2048930062804111 1.5270685051972013 0.22284009834394602 -1.031980019293905
leaf_weight=2982 2674 208 1459 402 793 79 44 145 201 41 42 211 761 663
leaf_count=2982 2674 208 1459 402 793 79 44 145 201 41 42 211 761 663
internal_value=-5.19552e-05 -0.29208 -0.683629 0.301118 0.569484 -1.30949 -0.287431 0.257106 0.327245 0.461921 1.04451 1.06406 0.284319 -1.12742
internal_weight=10705 5435 2453 5270 2596 950 1503 1592 1447 1045 243 1004 802 742
internal_count=10705 5435 2453 5270 2596 950 1503 1592 1447 1045 243 1004 802 742
is_linear=0
shrinkage=0.05


Tree=6
num_leaves=15
num_cat=0
split_feature=71 84 71 84 71 24 8 84 69 46 69 24 70 49
split_gain=341575 241751 240890 159168 111165 45913.4 37299.1 33597.1 25607.2 23488.2 20967.6 20713.7 19261.6 18211.8
threshold=1.0000000180025095e-35 107.82006100000001 -2.1374999999999988 42.523274000000008 2.212499999999999 257.54432450000007 200.46031700000003 282.33339050000006 -0.12570920833333388 82.848958333333357 11.840655182291668 267.02599300000003 13.035708839423913 2.5000000000000004
decision_type=2 2 2 2 2 2 2 2 2 2 2 2 2 2
left_child=1 -1 5 -2 8 12 11 9 -5 -4 13 -7 -3 -6
right_child=3 2 7 4 10 6 -8 -9 -10 -11 -12 -13 -14 -15
leaf_value=0.035203440619385955 0.038441077129010771 -1.0854518942574767 0.04817311494075982 0.050658420693621066 1.0000847350721331 -0.97809303262260527 -1.2578589052456666 -1.1387797230795811 0.50326875790943304 -0.3446485403865201 1.2305853200867063 -0.0064645124625207651 -1.7229286220338609 0.35603730994565735
leaf_weight=3284 2472 186 686 552 307 88 255 94 720 853 524 143 368 173
leaf_count=3284 2472 186 686 552 307 88 255 94 720 853 524 143 368 173
internal_value=-5.03794e-05 -0.252183 -0.605143 0.316271 0.617876 -1.19955 -0.841875 -0.226083 0.307047 -0.169633 1.01098 -0.379229 -1.51124 0.769182
internal_weight=10705 5957 2673 4748 2276 1040 486 1633 1272 1539 1004 231 554 480
internal_count=10705 5957 2673 4748 2276 1040 486 1633 1272 1539 1004 231 554 480
is_linear=0
shrinkage=0.05


Tree=7
num_leaves=15
num_cat=0
split_feature=71 84 71 84 71 84 69 84 69 44 67 65 69 47
split_gain=310147 261360 152106 94113.2 169683 33662.9 32598.3 31895.8 31842.8 21986.7 25991.1 19641.1 18959.2 17917.3
threshold=-0.93749999999999989 101.02200000000001 -2.8499999999999992 42.523274000000008 2.0124999999999997 263.70710200000008 -26.462434338541666 290.2148160000001 -6.0566992656249985 53.031250000000007 -3.191651499999999 23.872059416666676 11.840655182291668 73.654947916666671
decision_type=2 2 2 2 2 2 2 2 2 2 2 2 2 2
left_child=1 -1 6 -2 5 8 -3 9 13 -4 -11 12 -6 -5
right_child=3 2 7 4 11 -7 -8 -9 -10 10 -12 -13 -14 -15
leaf_value=0.030533907672183381 0.036843027677982365 -1.817493830556455 0.77990898924029395 0.75702560434981092 0.60206793637167166 -0.24467088548673527 -1.0638086214078373 -1.4576572963306982 0.36734114673588203 -0.6839568309444406 -0.16122271561683393 1.409223113158824 1.0807316252381876 -0.37187297596791463
leaf_weight=2519 3065 183 45 40 415 404 708 61 1338 358 707 192 423 247
leaf_count=2519 3065 183 45 40 415 404 708 61 1338 358 707 192 423 247
internal_value=-6.31385e-05 -0.311196 -0.728475 0.232689 0.428844 0.163346 -1.22047 -0.3534 0.264873 -0.291458 -0.337417 0.951184 0.844685 -0.212453
internal_weight=10705 4581 2062 6124 3059 2029 891 1171 1625 1110 1065 1030 838 287
internal_count=10705 4581 2062 6124 3059 2029 891 1171 1625 1110 1065 1030 838 287
is_linear=0
shrinkage=0.05


Tree=8
num_leaves=15
num_cat=0
split_feature=71 84 71 84 71 24 8 84 69 46 47 65 58 24
split_gain=280209 199095 196098 130698 89761 39590.9 33424 28581.2 22042.7 19904.7 19629.8 18339.3 18078.2 16102.6
threshold=1.0000000180025095e-35 107.82006100000001 -2.0499999999999985 42.523274000000008 2.212499999999999 257.54432450000007 201.91442500000002 282.33339050000006 -0.12570920833333388 82.848958333333357 77.584635416666671 22.823637208333341 -2.9547955000000026 284.15934500000009
decision_type=2 2 2 2 2 2 2 2 2 2 2 2 2 2
left_child=1 -1 5 -2 8 12 10 9 13 -4 -7 -6 -3 -5
right_child=3 2 7 4 11 6 -8 -9 -10 -11 -12 -13 -14 -15
leaf_value=0.032375724193026263 0.034678396058381453 -2.0775615048408507 0.049592137672332913 -0.050581607422368093 0.80076536853429436 0.051572928186768376 -1.1512049944542262 -1.0445322569498889 0.46248221777110843 -0.3134074183388012 -0.85610515880714932 1.3289560246298899 -1.248678986940619 0.8233021966481614
leaf_weight=3284 2472 79 685 494 793 141 256 94 720 840 102 211 476 58
leaf_count=3284 2472 79 685 494 793 141 256 94 720 840 102 211 476 58
internal_value=-6.34255e-05 -0.228428 -0.548738 0.286438 0.559742 -1.07918 -0.75343 -0.202954 0.280429 -0.15043 -0.331375 0.912981 -1.37019 0.0425623
internal_weight=10705 5957 2673 4748 2276 1054 499 1619 1272 1525 243 1004 555 552
internal_count=10705 5957 2673 4748 2276 1054 499 1619 1272 1525 243 1004 555 552
is_linear=0
shrinkage=0.05


Tree=9
num_leaves=15
num_cat=0
split_feature=71 84 71 84 71 32 84 70 36 69 44 67 24 47
split_gain=254846 214992 124112 76664.8 138512 31893 28347.2 27450.9 34074.3 28559.7 22546.1 22557.1 25686.3 21458.2
threshold=-0.9875000000000006 101.02200000000001 -3.3625000000000003 42.523274000000008 2.0124999999999997 28.137500000000003 295.90254450000003 8.1032710679429751 20.954296875000004 4.7862959218749994 53.031250000000007 -3.7711683541666656 242.57118500000004 70.747395833333357
decision_type=2 2 2 2 2 2 2 2 2 2 2 2 2 2
left_child=1 -1 -3 -2 5 7 10 8 -5 -9 -4 -12 -13 -7
right_child=3 2 6 4 -6 13 -8 9 -10 -11 11 12 -14 -15
leaf_value=0.02685587325951121 0.033303840180328517 -1.2275760579296302 0.73952272236347205 -0.26132601714936332 0.85891112937880143 1.5191264638622457 -1.5408693391543169 -0.32755587298652511 0.4443085154316429 0.2289391408476866 -0.69096999237217838 -0.7598358955108635 -0.10142691519374006 0.23395972015568989
leaf_weight=2508 3075 660 45 221 1030 67 51 551 748 395 416 188 687 63
leaf_count=2508 3075 660 45 221 1030 67 51 551 748 395 416 188 687 63
internal_value=-7.50018e-05 -0.283512 -0.663604 0.209864 0.386357 0.148043 -0.394548 0.0963579 0.283271 -0.0951963 -0.349669 -0.388177 -0.243597 0.902855
internal_weight=10705 4555 2047 6150 3075 2045 1387 1915 969 946 1336 1291 875 130
internal_count=10705 4555 2047 6150 3075 2045 1387 1915 969 946 1336 1291 875 130
is_linear=0
shrinkage=0.05


Tree=10
num_leaves=15
num_cat=0
split_feature=71 84 71 84 71 32 24 70 36 69 84 47 69 25
split_gain=230058 194159 114112 69207.8 125006 28833.6 27676.9 24776.5 30760.2 25780.8 24772.8 19395.7 17668.3 17827.9
threshold=-0.9875000000000006 99.477839000000003 -2.8499999999999992 42.523274000000008 2.0124999999999997 28.137500000000003 257.54432450000007 8.1032710679429751 20.954296875000004 4.7862959218749994 292.35207400000007 70.747395833333357 11.840655182291668 100.73766235953788
decision_type=2 2 2 2 2 2 2 2 2 2 2 2 2 2
left_child=1 -1 6 -2 5 7 -3 8 -5 -9 -4 -7 13 -6
right_child=3 2 10 4 12 11 -8 9 -10 -11 -12 -13 -14 -15
leaf_value=0.027013082891103147 0.031639188687923828 -1.2874483718190874 -0.25267616632578255 -0.24831857617843794 0.93268700731843046 1.4442871343125316 -0.71922094585268859 -0.3112077499220175 0.42212275069676974 0.21752109059104413 -1.3911339629888535 0.22244451557053255 1.0168955308129648 0.3296350862225686
leaf_weight=2497 3075 524 1114 221 222 67 371 551 748 395 49 63 532 276
leaf_count=2497 3075 524 1114 221 222 67 371 551 748 395 49 63 532 276
internal_value=-7.51057e-05 -0.269375 -0.628825 0.199393 0.367083 0.140686 -1.05297 0.0915422 0.269117 -0.0904417 -0.301796 0.858381 0.816007 0.599796
internal_weight=10705 4555 2058 6150 3075 2045 895 1915 969 946 1163 130 1030 498
internal_count=10705 4555 2058 6150 3075 2045 895 1915 969 946 1163 130 1030 498
is_linear=0
shrinkage=0.05


Tree=11
num_leaves=15
num_cat=0
split_feature=71 84 71 84 71 69 84 31 62 69 4 17 46 73
split_gain=208779 150103 144785 97577.8 64866.6 32104.4 23266.3 19020.1 17442.5 17236.2 14440.1 16095.9 14291.4 14198.1
threshold=1.0000000180025095e-35 107.82006100000001 -2.0499999999999985 42.523274000000008 2.212499999999999 -26.30091713020833 275.36804450000005 18.012500000000003 241.29629500000001 -0.12570920833333388 263.85986050000002 35.002293819712321 82.807291666666671 -8.8749999999999982
decision_type=2 2 2 2 2 2 2 2 2 2 2 2 2 2
left_child=1 -1 5 -2 9 -3 10 -7 -6 -5 11 -4 -13 -11
right_child=3 2 6 4 8 7 -8 -9 -10 13 -12 12 -14 -15
leaf_value=0.029263440706572941 0.029699339482931776 -1.4898730628765549 -0.22813603764403237 0.035596354307344091 0.71285398894329877 -1.5255308545665978 -0.6980812168552688 -0.71465149632616276 1.4104800218896074 0.94508639036899522 0.53124751014388116 0.74489743311615553 -0.063347153399478315 0.31467271460494939
leaf_weight=3284 2472 207 1111 552 904 80 189 767 100 104 82 84 153 616
leaf_count=3284 2472 207 1111 552 904 80 189 767 100 104 82 84 153 616
internal_value=-6.93215e-05 -0.197189 -0.475311 0.247233 0.483383 -0.931103 -0.17819 -0.792949 0.783673 0.245932 -0.109038 -0.148352 0.225045 0.406917
internal_weight=10705 5957 2673 4748 2276 1054 1619 847 1004 1272 1430 1348 237 720
internal_count=10705 5957 2673 4748 2276 1054 1619 847 1004 1272 1430 1348 237 720
is_linear=0
shrinkage=0.05


Tree=12
num_leaves=15
num_cat=0
split_feature=71 84 71 84 71 84 84 24 37 70 36 30 73 58
split_gain=188853 159055 95840.3 56880 101325 25904.7 22907.5 22130.3 31479.8 25497 20275.9 20004.9 17509 16694.7
threshold=-0.9875000000000006 99.477839000000003 -3.3625000000000003 42.523274000000008 2.1000000000000001 263.70710200000008 295.90254450000003 281.72766850000005 52.875000000000007 8.0129088345045254 20.954296875000004 20.587500000000002 -10.624999999999998 0.83083999999999503
decision_type=2 2 2 2 2 2 2 2 2 2 2 2 2 2
left_child=1 -1 -3 -2 5 7 11 9 -9 10 -5 -4 -12 -13
right_child=3 2 6 4 -6 -7 -8 8 -10 -11 12 13 -14 -15
leaf_value=0.024200384230012969 0.028577531565111544 -1.0639576125149446 -0.50252618981835251 -0.16382412395979229 0.73952136809779101 -0.2233766360892262 -1.3642360419034958 1.4517896978822473 0.33074152252248801 -0.21440999463754928 -0.27274267893989346 -0.21467403868397389 0.56036742730912836 0.46165293693263953
leaf_weight=2497 3075 663 618 189 1021 413 51 72 449 419 73 620 439 106
leaf_count=2497 3075 663 618 189 1021 413 51 72 449 419 73 620 439 106
internal_value=-6.56954e-05 -0.244059 -0.569397 0.180659 0.332681 0.130188 -0.333753 0.219254 0.48815 0.0938447 0.278137 -0.293665 0.441284 -0.115427
internal_weight=10705 4555 2058 6150 3075 2054 1395 1641 521 1120 701 1344 512 726
internal_count=10705 4555 2058 6150 3075 2054 1395 1641 521 1120 701 1344 512 726
is_linear=0
shrinkage=0.05


Tree=13
num_leaves=15
num_cat=0
split_feature=71 84 71 84 71 24 8 84 47 65 68 58 69 24
split_gain=171064 123546 119065 80028.1 52441.7 27920.9 27420.9 21039.5 16152.7 16011.4 15545.9 15452.5 14208.5 16203.3
threshold=1.0000000180025095e-35 107.82006100000001 -2.0499999999999985 42.523274000000008 2.212499999999999 257.54432450000007 201.91442500000002 287.58038500000004 77.584635416666671 22.823637208333341 12.984523312653595 -2.9547955000000026 11.532673921875002 257.91047800000007
decision_type=2 2 2 2 2 2 2 2 2 2 2 2 2 2
left_child=1 -1 5 -2 10 11 8 -4 -7 12 -5 -3 13 -6
right_child=3 2 7 4 9 6 -8 -9 -10 -11 -12 -13 -14 -15
leaf_value=0.026952138075426426 0.02678667316058846 -1.7392767667770386 -0.12595086861377933 0.1784301111037466 0.98776293020138795 0.15751038457096464 -0.93099664120938541 -1.0803057358538111 -0.66530789492055054 1.0953932836686946 0.89470574864082875 -0.97695310015379766 0.81096452152839427 0.21248220135978621
leaf_weight=3284 2472 79 1560 1192 86 141 256 59 102 211 80 476 404 303
leaf_count=3284 2472 79 1560 1192 86 141 256 59 102 211 80 476 404 303
internal_value=-6.43863e-05 -0.178494 -0.430816 0.223789 0.437651 -0.844147 -0.570853 -0.161375 -0.189181 0.707656 0.224146 -1.0884 0.603238 0.385974
internal_weight=10705 5957 2673 4748 2276 1054 499 1619 243 1004 1272 555 793 389
internal_count=10705 5957 2673 4748 2276 1054 499 1619 243 1004 1272 555 793 389
is_linear=0
shrinkage=0.05


Tree=14
num_leaves=15
num_cat=0
split_feature=71 84 71 84 71 84 24 37 70 36 84 44 67 70
split_gain=155152 130367 79309.4 46789 82098.5 23696.9 23284.6 30038.9 25577.3 21441.2 19402.3 17722.4 19417.3 20470.5
threshold=-0.9875000000000006 99.477839000000003 -3.3625000000000003 42.523274000000008 2.0124999999999997 275.36804450000005 281.72766850000005 51.375000000000007 8.2420240502277053 20.954296875000004 295.90254450000003 53.031250000000007 -3.7711683541666656 6.005958402809825e-07
decision_type=2 2 2 2 2 2 2 2 2 2 2 2 2 2
left_child=1 -1 -3 -2 5 6 8 -8 9 -5 11 -4 -13 -14
right_child=3 2 10 4 -6 -7 7 -9 -10 -11 -12 12 13 -15
leaf_value=0.021643781938625158 0.025808599918731946 -0.96565060078738696 0.67989034317433839 -0.20842979911714796 0.66543241205894432 -0.50508995640655641 1.4377158381388737 0.29830596058653736 -0.23560423195541264 0.37467887026067781 -1.2497448800812263 -0.57990929994071527 -0.74503805546519852 -0.065357929094325501
leaf_weight=2497 3075 663 47 214 1030 141 64 536 498 592 51 417 129 751
leaf_count=2497 3075 663 47 214 1030 141 64 536 498 592 51 417 129 751
internal_value=-6.64345e-05 -0.221221 -0.51576 0.163741 0.301621 0.118145 0.164539 0.422033 0.0458281 0.219792 -0.301403 -0.264514 -0.299234 -0.165725
internal_weight=10705 4555 2058 6150 3075 2045 1904 600 1304 806 1395 1344 1297 880
internal_count=10705 4555 2058 6150 3075 2045 1904 600 1304 806 1395 1344 1297 880
is_linear=0
shrinkage=0.05


Tree=15
num_leaves=15
num_cat=0
split_feature=71 84 71 84 71 84 69 84 30 67 46 54 24 62
split_gain=140061 117767 67065.5 42236.5 74235.9 22271.4 22451 21087.1 20596.5 17890.7 18139.3 17785.4 16196.3 15596.4
threshold=-0.9875000000000006 102.99429600000001 -3.9875000000000003 42.523274000000008 2.212499999999999 284.32638350000008 -0.18351217708333298 299.97504500000008 20.762500000000003 -4.5676767916666661 82.171875000000014 1.0000000180025095e-35 284.15934500000009 241.29629500000001
decision_type=2 2 2 2 2 2 2 2 2 2 2 2 2 2
left_child=1 -1 -3 -2 5 6 12 8 11 -10 -11 -4 -5 -6
right_child=3 2 7 4 13 -7 -8 -9 9 10 -12 -13 -14 -15
leaf_value=0.016779682096622721 0.024518589219090534 -0.97446705278481793 -0.74601284119423983 -0.10766657490367622 0.57244154459904906 -1.0244536631164098 0.29723752018878619 -1.3762431186178459 -0.50748640052137939 0.39370376549528113 -0.19805805826323042 -0.24561915317576843 0.54460482450428416 1.2309435775337541
leaf_weight=2535 3075 535 331 860 904 41 1064 45 195 223 306 385 106 100
leaf_count=2535 3075 535 331 860 904 41 1064 45 195 223 306 385 106 100
internal_value=-6.80218e-05 -0.210192 -0.494898 0.155569 0.286569 0.115397 0.138912 -0.321584 -0.287694 -0.0994228 0.0516714 -0.477664 -0.0356031 0.639189
internal_weight=10705 4555 2020 6150 3075 2071 2030 1485 1440 724 529 716 966 1004
internal_count=10705 4555 2020 6150 3075 2071 2030 1485 1440 724 529 716 966 1004
is_linear=0
shrinkage=0.05


Tree=16
num_leaves=15
num_cat=0
split_feature=71 84 71 84 69 69 71 22 70 24 43 84 31 32
split_gain=127591 93100.6 87811.6 59818.5 38569.9 24331.9 22869.1 22646.9 17722.6 17262.5 18984.2 16974.5 14929.6 13831.3
threshold=1.0000000180025095e-35 107.82006100000001 -2.0499999999999985 42.523274000000008 11.840655182291668 -26.462434338541666 3.9000000000000008 148.13106922916668 8.1012924249459495 283.21306650000002 70.375000000000014 275.36804450000005 18.012500000000003 22.237500000000004
decision_type=2 2 2 2 2 2 2 2 2 2 2 2 2 2
left_child=1 -1 5 -2 6 -3 8 13 -5 -10 -11 -4 -7 -6
right_child=3 2 11 4 7 12 -8 -9 9 10 -12 -13 -14 -15
leaf_value=0.024171444194638025 0.022932538936073561 -1.2557194088104664 -0.082756799574815146 0.32300859863575127 0.6351092812372372 -1.2667001512315539 0.77396147992377262 0.30256113883466101 -0.20773168953026044 0.9475106962025166 -0.12738614987034133 -0.58587024688818745 -0.55047525843014233 1.1873310643265833
leaf_weight=3284 2472 181 1430 789 255 80 175 259 424 79 84 189 793 211
leaf_count=3284 2472 181 1430 789 255 80 175 259 424 79 84 189 793 211
internal_value=-7.44282e-05 -0.154172 -0.373209 0.193254 0.378151 -0.728172 0.237166 0.679019 0.168383 -0.0396478 0.396177 -0.141815 -0.617483 0.887157
internal_weight=10705 5957 2673 4748 2276 1054 1551 725 1376 587 163 1619 873 466
internal_count=10705 5957 2673 4748 2276 1054 1551 725 1376 587 163 1619 873 466
is_linear=0
shrinkage=0.05


Tree=17
num_leaves=15
num_cat=0
split_feature=71 84 71 84 71 69 58 46 62 31 69 84 68 22
split_gain=115201 84054.6 79285.5 54013 35408.3 21977.1 16834.6 15658.1 14945.9 13503.8 12975.4 12034 11613.6 11457.5
threshold=1.0000000180025095e-35 107.82006100000001 -2.0499999999999985 42.523274000000008 2.3874999999999997 -26.462434338541666 -10.845522500000007 82.171875000000014 194.84212100000005 18.012500000000003 -0.12570920833333388 75.408333500000012 8.9527584367611652 106.50620338020833
decision_type=2 2 2 2 2 2 2 2 2 2 2 2 2 2
left_child=1 -1 5 -2 10 13 -4 -8 11 -7 12 -6 -5 -3
right_child=3 2 6 4 8 9 7 -9 -10 -11 -12 -13 -14 -15
leaf_value=0.022963239569415424 0.021786376121696847 -0.46639846452215522 -0.68743505254974524 -0.058559074505570533 1.1866753096981295 -1.2041470583574272 0.10894050316003133 -0.22085583986247778 0.99014333719046332 -0.52298615804154391 0.32751515292789612 0.43403968707706525 0.7321620611510441 -1.4147851223568266
leaf_weight=3284 2472 43 126 518 57 80 603 890 190 793 766 695 50 138
leaf_count=3284 2472 43 126 518 57 80 603 890 190 793 766 695 50 138
internal_value=-7.00524e-05 -0.146495 -0.354619 0.183632 0.359327 -0.691909 -0.134745 -0.0876723 0.593888 -0.586713 0.193372 0.492588 0.0122111 -1.19328
internal_weight=10705 5957 2673 4748 2276 1054 1619 1493 942 873 1334 752 568 181
internal_count=10705 5957 2673 4748 2276 1054 1619 1493 942 873 1334 752 568 181
is_linear=0
shrinkage=0.05


Tree=18
num_leaves=15
num_cat=0
split_feature=71 84 71 84 71 32 84 30 70 36 24 30 47 54
split_gain=104638 87576.8 55841.7 31636.3 54935.5 20642.1 18733.8 18207.1 18200.3 20506 16532.8 27073.6 15131.9 14266.1
threshold=-0.9875000000000006 99.477839000000003 -3.9875000000000003 42.523274000000008 2.212499999999999 28.137500000000003 299.97504500000008 20.762500000000003 8.1032710679429751 20.954296875000004 283.21306650000002 21.812500000000004 70.747395833333357 1.0000000180025095e-35
decision_type=2 2 2 2 2 2 2 2 2 2 2 2 2 2
left_child=1 -1 -3 -2 5 8 7 13 9 -5 -10 -12 -7 -4
right_child=3 2 6 4 -6 12 -8 -9 10 -11 11 -13 -14 -15
leaf_value=0.017367585777812857 0.021034160948640662 -0.85451227631335236 -0.64878379632732608 -0.21272885704262035 0.55116747280415979 1.2172907445741739 -1.259804802355559 -0.058770992404375645 -0.25698484577827257 0.33358437739070657 1.3045142412185671 0.0061940709302313515 0.14293980723596178 -0.2045393745760288
leaf_weight=2497 3075 549 338 221 1004 68 45 736 597 761 45 316 63 390
leaf_count=2497 3075 549 338 221 1004 68 45 736 597 761 45 316 63 390
internal_value=-7.00581e-05 -0.181689 -0.423098 0.134454 0.24783 0.10058 -0.265681 -0.234285 0.0593816 0.210545 -0.0956264 0.171191 0.705615 -0.411403
internal_weight=10705 4555 2058 6150 3075 2071 1509 1464 1940 982 958 361 131 728
internal_count=10705 4555 2058 6150 3075 2071 1509 1464 1940 982 958 361 131 728
is_linear=0
shrinkage=0.05


Tree=19
num_leaves=15
num_cat=0
split_feature=71 84 71 62 57 84 84 69 84 84 30 71 67 46
split_gain=94472.2 79066 50398.1 29086.2 25890.4 19030.5 21104.3 38207.7 18337.8 16953.8 16437.3 16086.5 13655.5 15175.1
threshold=-0.9875000000000006 99.477839000000003 -3.9875000000000003 232.80492650000002 1.0689193591312962 278.81235800000007 42.523274000000008 -1.3059802708333337 96.187470500000018 299.97504500000008 20.762500000000003 3.9875000000000012 -4.5676767916666661 82.171875000000014
decision_type=2 2 2 2 2 2 2 2 2 2 2 2 2 2
left_child=1 -1 -3 5 -5 6 -2 -8 -9 10 -4 -10 -12 -14
right_child=3 2 9 4 -6 -7 7 8 11 -11 12 -13 13 -15
leaf_value=0.016499553348651354 0.019982795192531863 -0.8118643356664319 -0.39089113557797478 0.23569827131614401 1.0398000956494962 -0.67818026286520017 -0.080364935506231985 0.65737292444869266 0.19038317257284443 -1.1981839179992677 -0.40612658843914473 0.66745751200396808 0.38441365781244236 -0.15306690475939738
leaf_weight=2497 3075 549 728 285 154 77 769 364 1220 45 201 206 228 307
leaf_count=2497 3075 549 728 285 154 77 769 364 1220 45 201 206 228 307
internal_value=-6.6097e-05 -0.172638 -0.402017 0.127756 0.519497 0.0975579 0.108278 0.214329 0.340906 -0.252469 -0.222601 0.259721 -0.0558364 0.0762801
internal_weight=10705 4555 2058 6150 439 5711 5634 2559 1790 1509 1464 1426 736 535
internal_count=10705 4555 2058 6150 439 5711 5634 2559 1790 1509 1464 1426 736 535
is_linear=0
shrinkage=0.05


Tree=20
num_leaves=15
num_cat=0
split_feature=71 84 71 84 69 24 24 8 71 84 66 24 58 47
split_gain=85872.3 63929.1 57638.5 40353 29364.1 20028.9 19567.8 22114.4 17013.6 16573.3 19335 15830.3 15101.7 13124.5
threshold=1.0000000180025095e-35 111.42601200000001 -2.0124999999999988 42.523274000000008 11.840655182291668 299.02505250000007 257.54432450000007 205.88845150000003 4.2625000000000002 256.81891500000006 2.8572886261265169 235.28737700000002 -10.845522500000007 77.584635416666671
decision_type=2 2 2 2 2 2 2 2 2 2 2 2 2 2
left_child=1 -1 6 -2 8 9 -3 13 11 10 -6 -5 -4 -8
right_child=3 2 12 4 5 -7 7 -9 -10 -11 -12 -13 -14 -15
leaf_value=0.018415671854379947 0.018647479500020509 -0.80852591750222291 -0.65371779125880425 0.52200985821046397 0.59317378993922221 0.035348299087573448 0.28061165824426831 -0.70699044747232664 0.74445462038237897 0.067908455883519042 1.2613213131764185 0.065787282994887897 -0.076713517007660381 -0.45380784201775204
leaf_weight=3342 2472 543 122 225 335 140 140 245 125 88 162 1201 1459 106
leaf_count=3342 2472 543 122 225 335 140 140 245 125 88 162 1201 1459 106
internal_value=-6.51602e-05 -0.126484 -0.311605 0.158538 0.3104 0.572906 -0.60169 -0.37177 0.187405 0.701272 0.813056 0.138087 -0.121624 -0.0364016
internal_weight=10705 5957 2615 4748 2276 725 1034 491 1551 585 497 1426 1581 246
internal_count=10705 5957 2615 4748 2276 725 1034 491 1551 585 497 1426 1581 246
is_linear=0
shrinkage=0.05


Tree=21
num_leaves=15
num_cat=0
split_feature=71 84 71 62 44 57 67 84 84 69 31 73 51 70
split_gain=77584.7 65194.9 46111.6 25582 23404.2 23222.8 19649.6 17848.9 20231.1 30165.1 15881.2 18214.7 15491.4 14658.9
threshold=-0.9875000000000006 90.300388000000012 -3.9875000000000003 225.41628950000003 53.031250000000007 1.0689193591312962 -3.7711683541666656 271.06198250000006 42.523274000000008 -1.3059802708333337 20.212500000000002 1.0000000180025095e-35 3.5000000000000004 6.005958402809825e-07
decision_type=2 2 2 2 2 2 2 2 2 2 2 2 2 2
left_child=1 -1 -3 7 -4 -5 -6 8 -2 -10 -11 -12 -13 -8
right_child=3 2 4 5 6 -7 13 -9 9 10 11 12 -14 -15
leaf_value=0.022733956937803008 0.018054181435696481 -0.74463213152740915 0.6969282063975264 0.22727274421085381 -0.50389909764748286 0.95630351804524849 -0.58620325848523125 -0.36728603512846997 -0.073962896601289921 -0.155578364616343 0.47753524615392084 -0.070743456531019849 0.66691428465604952 -0.046842818315172716
leaf_weight=2401 3075 563 66 352 530 158 147 209 660 156 1124 326 90 848
leaf_count=2401 3075 563 66 352 530 158 147 209 660 156 1124 326 90 848
internal_value=-5.76618e-05 -0.156446 -0.356091 0.115778 -0.218219 0.454559 -0.258256 0.0850687 0.102541 0.212757 0.324312 0.372994 0.0900626 -0.127036
internal_weight=10705 4555 2154 6150 1591 510 1525 5640 5431 2356 1696 1540 416 995
internal_count=10705 4555 2154 6150 1591 510 1525 5640 5431 2356 1696 1540 416 995
is_linear=0
shrinkage=0.05


Tree=22
num_leaves=15
num_cat=0
split_feature=71 84 71 84 69 24 24 8 71 84 66 70 36 46
split_gain=70192.1 52717.2 47412.6 33012.1 24518.4 17849.1 17000.7 19297.4 15176.4 14760.2 16491.3 14635 17155.5 19187.7
threshold=1.0000000180025095e-35 111.42601200000001 -2.0124999999999988 42.523274000000008 11.840655182291668 299.02505250000007 257.54432450000007 205.88845150000003 4.9875000000000016 249.14793600000004 2.8572886261265169 8.1012924249459495 24.804166666666671 78.286458333333357
decision_type=2 2 2 2 2 2 2 2 2 2 2 2 2 2
left_child=1 -1 6 -2 8 9 -3 -8 11 10 -6 12 13 -5
right_child=3 2 -4 4 5 -7 7 -9 -10 -11 -12 -13 -14 -15
leaf_value=0.017233176662768863 0.016813137586233446 -0.73831874244189 -0.11014754532865961 -0.13446304453818023 0.56083485601576644 0.013251631907748838 -0.018086558526102831 -0.64443926916086702 0.7610631732067259 0.15097381942337607 1.2012597663537754 -0.055042508420472147 1.2503371261415028 0.3885297282100118
leaf_weight=3342 2472 543 1581 264 313 140 246 245 100 122 150 627 41 519
leaf_count=3342 2472 543 1581 264 313 140 246 245 100 122 150 627 41 519
internal_value=-5.23658e-05 -0.114348 -0.282453 0.143341 0.280698 0.520566 -0.545551 -0.3313 0.16831 0.641744 0.770458 0.126963 0.265354 0.212248
internal_weight=10705 5957 2615 4748 2276 725 1034 491 1551 585 463 1451 824 783
internal_count=10705 5957 2615 4748 2276 725 1034 491 1551 585 463 1451 824 783
is_linear=0
shrinkage=0.05


Tree=23
num_leaves=15
num_cat=0
split_feature=71 84 71 62 44 57 67 84 70 8 69 84 24 74
split_gain=63824.6 53739.3 38953.1 22510.4 20617.9 19782.5 17663.1 15839 13581.8 13147.3 12662.6 24070.7 14855.6 9873.88
threshold=-0.9875000000000006 87.746388500000009 -3.9875000000000003 225.41628950000003 53.031250000000007 1.0689193591312962 -2.9400345000000003 282.33339050000006 6.005958402809825e-07 256.37658150000004 11.840655182291668 42.523274000000008 299.02505250000007 -4.8749999999999991
decision_type=2 2 2 2 2 2 2 2 2 2 2 2 2 2
left_child=1 -1 -3 7 -4 -5 9 10 -8 13 -2 -12 -13 -6
right_child=3 2 4 5 6 -7 8 -9 -10 -11 11 12 -14 -15
leaf_value=0.021729872873627577 0.040933570276906472 -0.67916389438101155 0.64982844254244931 0.21302665811844657 0.036412408058660937 0.88591373617198532 -0.53651326973293278 -0.85816790739695237 -0.01425727415734985 -0.84207734686713076 0.016079353422839664 0.57127958107248522 0.014061976149209642 -0.46610428887395217
leaf_weight=2388 4229 564 68 352 143 158 147 44 784 154 717 492 158 307
leaf_count=2388 4229 564 68 352 143 158 147 44 784 154 717 492 158 307
internal_value=-3.73262e-05 -0.141881 -0.322105 0.105025 -0.196132 0.422815 -0.234007 0.0762193 -0.0972059 -0.444362 0.0837182 0.215952 0.436063 -0.306689
internal_weight=10705 4555 2167 6150 1603 510 1535 5640 931 604 5596 1367 650 450
internal_count=10705 4555 2167 6150 1603 510 1535 5640 931 604 5596 1367 650 450
is_linear=0
shrinkage=0.05


Tree=24
num_leaves=15
num_cat=0
split_feature=71 84 71 84 71 24 8 36 36 84 66 84 24 24
split_gain=57788.4 43730.7 38756.2 27655.4 21356.2 15418.3 22652.9 14966.5 17916.1 17183.9 15510.7 13298.3 12404.8 10424.2
threshold=1.0000000180025095e-35 111.42601200000001 -2.0124999999999988 42.523274000000008 3.9000000000000008 266.90505200000007 201.91442500000002 22.514973958333339 21.902864583333336 273.90393550000005 2.8572886261265169 282.33339050000006 297.46106850000007 261.28771000000006
decision_type=2 2 2 2 2 2 2 2 2 2 2 2 2 2
left_child=1 -1 5 -2 7 -3 -7 8 -5 10 13 -4 -12 -9
right_child=3 2 11 4 -6 6 -8 9 -10 -11 12 -13 -14 -15
leaf_value=0.01609608184890568 0.014260637268478264 -0.64490472808315114 -0.064382340310182751 0.16439241850482567 0.58560060594221663 0.19175235390574974 -0.57615781422754575 0.68947301484802948 -0.4787840463717779 -0.36164302207750854 0.67104062956890898 -0.67463715995612894 -0.071888135462554542 0.13121033574315152
leaf_weight=3342 2472 644 1487 314 403 168 222 93 164 100 370 94 66 766
leaf_count=3342 2472 644 1487 314 403 168 222 93 164 100 370 94 66 766
internal_value=-3.98829e-05 -0.103747 -0.256855 0.130069 0.255788 -0.494725 -0.245721 0.18455 -0.0568179 0.267237 0.31604 -0.101069 0.558672 0.192382
internal_weight=10705 5957 2615 4748 2276 1034 390 1873 478 1395 1295 1581 436 859
internal_count=10705 5957 2615 4748 2276 1034 390 1873 478 1395 1295 1581 436 859
is_linear=0
shrinkage=0.05


Tree=25
num_leaves=15
num_cat=0
split_feature=71 84 71 62 44 57 67 84 84 69 31 73 66 29
split_gain=52428.2 43959.7 33160.2 19801.5 18721.8 16729.9 15545.9 13940.5 13974.7 22602.2 13026.8 14430.5 18038.9 12222.9
threshold=-0.93749999999999989 87.746388500000009 -3.9875000000000003 225.41628950000003 53.031250000000007 1.0689193591312962 -2.9400345000000003 271.06198250000006 42.523274000000008 -1.3059802708333337 20.212500000000002 -8.8749999999999982 1.9415550178466789 19.912500000000005
decision_type=2 2 2 2 2 2 2 2 2 2 2 2 2 2
left_child=1 -1 -3 7 -4 -5 -6 8 -2 -10 -11 12 -12 -8
right_child=3 2 4 5 6 -7 13 -9 9 10 11 -13 -14 -15
leaf_value=0.019829529826810782 0.013808195659403544 -0.62010434713101314 0.6252003463038377 0.20041896485620075 -0.40818078195523794 0.81979416473856515 -0.37181287841063065 -0.33115468721215924 -0.073714118808100651 -0.16189342361465572 0.24570621123576775 0.22333852747479332 0.90759407167166184 0.028542309774416293
leaf_weight=2398 3065 564 69 350 607 158 264 209 653 156 212 1120 201 679
leaf_count=2398 3065 564 69 350 607 158 264 209 653 156 212 1120 201 679
internal_value=-3.97965e-05 -0.127961 -0.290243 0.0956561 -0.175019 0.394291 -0.211022 0.0685774 0.0840868 0.176016 0.272553 0.31684 0.56925 -0.0838153
internal_weight=10705 4581 2183 6124 1619 508 1550 5616 5407 2342 1689 1533 413 943
internal_count=10705 4581 2183 6124 1619 508 1550 5616 5407 2342 1689 1533 413 943
is_linear=0
shrinkage=0.05


Tree=26
num_leaves=15
num_cat=0
split_feature=71 84 71 62 37 9 67 84 22 36 54 24 22 69
split_gain=47352.5 39944.7 29659.6 17656.6 16536.1 15748.6 14245.2 12788.7 12166.1 19720.8 11966.4 19778.8 16607.2 10553.8
threshold=-0.9875000000000006 87.746388500000009 -3.9875000000000003 225.41628950000003 51.875000000000007 266.89225100000004 -2.9400345000000003 282.33339050000006 135.20423319270836 22.838802083333338 1.0000000180025095e-35 279.71161950000004 128.60093064062502 14.456307781250002
decision_type=2 2 2 2 2 2 2 2 2 2 2 2 2 2
left_child=1 -1 -3 7 -4 13 8 -2 9 -6 11 12 -8 -5
right_child=3 2 4 5 6 -7 10 -9 -10 -11 -12 -13 -14 -15
leaf_value=0.018848305312677279 0.071689989244737726 -0.5891540032666408 0.60163073230590403 0.34390225579195588 -0.34111738285159365 -0.28407336704624003 -0.29995681427452447 -0.77464923957983656 -0.68178487262626497 0.82025024451133677 0.096115933396194397 0.25298340471979597 -1.2233049269517264 0.91306212386963059
leaf_weight=2388 5596 564 66 324 339 77 265 44 224 40 478 132 59 109
leaf_count=2388 5596 564 66 324 339 77 265 44 224 40 478 132 59 109
internal_value=-3.25876e-05 -0.122209 -0.27759 0.0904629 -0.16767 0.371913 -0.201074 0.0649512 -0.390317 -0.21671 -0.0786101 -0.261576 -0.471344 0.488952
internal_weight=10705 4555 2167 6150 1603 510 1537 5640 603 379 934 456 324 433
internal_count=10705 4555 2167 6150 1603 510 1537 5640 603 379 934 456 324 433
is_linear=0
shrinkage=0.05


Tree=27
num_leaves=15
num_cat=0
split_feature=71 84 71 84 71 69 31 37 9 31 58 36 46 58
split_gain=43519.1 33119.1 28416.8 22131.6 18137.2 13607.6 12758.6 20589.3 18240.3 13844.5 12160.5 11869 10696.1 13901.2
threshold=1.0000000180025095e-35 111.42601200000001 -2.0124999999999988 42.523274000000008 3.9000000000000008 -26.462434338541666 21.112500000000004 51.875000000000007 266.89225100000004 22.437500000000004 -11.200341999999997 23.321614583333339 82.848958333333357 -4.9614705000000034
decision_type=2 2 2 2 2 2 2 2 2 2 2 2 2 2
left_child=1 -1 5 -2 6 -3 11 -8 9 -9 -4 -5 13 -12
right_child=3 2 10 4 -6 -7 7 8 -10 -11 12 -13 -14 -15
leaf_value=0.014260798761904723 0.0092747134907834698 -0.82410938073074524 -0.57159490166616844 -0.17053733991442124 0.52926739700150671 -0.3435105619354113 0.91252899074981242 0.52207508503220001 -0.7894976429482724 0.12671358498369742 0.83374041724255532 0.66324548729850608 -0.17013490641104331 0.028550946766821045
leaf_weight=3342 2472 178 120 385 403 856 102 283 46 1010 58 47 816 587
leaf_count=3342 2472 178 120 385 403 856 102 283 46 1010 58 47 816 587
internal_value=-3.59817e-05 -0.0900327 -0.223275 0.112872 0.225337 -0.426961 0.159695 0.23111 0.17856 0.213583 -0.0898765 -0.0785026 -0.0499464 0.102134
internal_weight=10705 5957 2615 4748 2276 1034 1873 1441 1339 1293 1581 432 1461 645
internal_count=10705 5957 2615 4748 2276 1034 1873 1441 1339 1293 1581 432 1461 645
is_linear=0
shrinkage=0.05


Tree=28
num_leaves=15
num_cat=0
split_feature=71 84 71 84 69 24 69 84 84 66 71 70 36 46
split_gain=39287.2 29895.3 25655.8 19981.4 16474.9 14461.1 12488.4 12140.5 11897.6 12148.4 11260.8 12939.1 14277 16100.6
threshold=1.0000000180025095e-35 111.42601200000001 -2.0124999999999988 42.523274000000008 11.840655182291668 299.02505250000007 -14.462286713541664 258.94589250000007 249.14793600000004 2.8572886261265169 4.9875000000000016 8.1012924249459495 24.804166666666671 77.619791666666671
decision_type=2 2 2 2 2 2 2 2 2 2 2 2 2 2
left_child=1 -1 6 -2 10 8 7 -3 9 -6 11 12 13 -5
right_child=3 2 -4 4 5 -7 -8 -9 -10 -11 -12 -13 -14 -15
leaf_value=0.013547971983187541 0.0088111654978457899 -0.83493754201465187 -0.085378826291838433 -0.16056108706641811 0.45557384884732355 -0.045512002569141119 -0.27554497001329076 -0.21806798682493322 0.079731134367667572 1.0049412560532029 0.63255019146617109 -0.08469402113125607 1.1149794113068354 0.32412654407535979
leaf_weight=3342 2472 251 1581 252 313 140 665 118 122 150 100 627 41 531
leaf_count=3342 2472 251 1581 252 313 140 665 118 122 150 100 627 41 531
internal_value=-3.05848e-05 -0.0855397 -0.212132 0.107247 0.21411 0.410725 -0.405669 -0.638796 0.519801 0.635337 0.121999 0.0864013 0.216536 0.168129
internal_weight=10705 5957 2615 4748 2276 725 1034 369 585 463 1551 1451 824 783
internal_count=10705 5957 2615 4748 2276 725 1034 369 585 463 1551 1451 824 783
is_linear=0
shrinkage=0.05


Tree=29
num_leaves=15
num_cat=0
split_feature=84 36 84 69 84 47 84 71 37 70 31 70 69 42
split_gain=37313.3 33987.1 32344.6 28057.3 19926.5 16889.7 15087.7 25565.2 30288.8 18014.5 20161.5 20026 14755.7 13344.3
threshold=292.35207400000007 22.479947916666671 89.094115000000016 -10.466263937499997 195.31161050000003 77.584635416666671 42.523274000000008 1.5874999999999988 51.875000000000007 20.117847106825341 26.737500000000004 8.1614393328295396 7.8546095677083345 77.375000000000014
decision_type=2 2 2 2 2 2 2 2 2 2 2 2 2 2
left_child=1 2 -1 4 -4 -6 -3 8 -8 11 -11 13 -13 -10
right_child=-2 6 3 -5 5 -7 7 -9 9 10 -12 12 -14 -15
leaf_value=0.031676508498944093 -0.93346497908515758 0.010713376964911321 -0.78344585330034633 -0.10686922341551403 -0.71697037234930816 -0.02286255633864636 0.7516458443020072 0.34752844553724227 -0.060169298540767246 1.4885946302879149 0.017629475268450653 -0.36006746992029043 0.069839450348095564 0.40017252429871264
leaf_weight=2380 105 3173 321 1406 130 265 139 1182 332 40 54 575 305 298
leaf_count=2380 105 3173 321 1406 130 265 139 1182 332 40 54 575 305 298
internal_value=-2.00444e-05 0.00931353 -0.0948739 -0.236759 -0.491317 -0.252537 0.0862355 0.168129 0.0463415 -0.0152092 0.652653 -0.0571891 -0.211155 0.157869
internal_weight=10705 10600 4502 2122 716 395 6098 2925 1743 1604 94 1510 880 630
internal_count=10705 10600 4502 2122 716 395 6098 2925 1743 1604 94 1510 880 630
is_linear=0
shrinkage=0.05


Tree=30
num_leaves=15
num_cat=0
split_feature=67 84 62 47 58 84 36 73 30 71 84 70 69 5
split_gain=33978.4 32229.2 22590.2 20893.9 33338.5 18580.4 16501.1 13846.9 13453.3 11240.5 10636.9 10436.7 10316.4 8173.29
threshold=-2.4885673333333322 77.844594000000015 127.13975050000001 73.800781250000014 -14.974237 274.29007000000007 23.375520833333336 11.625000000000002 18.962500000000002 5.4250000000000016 273.02215500000005 14.093098137153982 -28.026467833333328 261.32414900000003
decision_type=2 2 2 2 2 2 2 2 2 2 2 2 2 2
left_child=1 -1 10 4 -3 8 -6 11 -4 -10 12 -5 -2 -8
right_child=2 3 5 7 6 -7 13 -9 9 -11 -12 -13 -14 -15
leaf_value=0.013790041628723954 -0.69411884249808897 -0.83823652086365552 -0.23765220310200347 -0.11002816896251284 1.3093236047320251 -0.31051359839116532 -0.0098241582163609564 -0.61792884454440145 0.36175455799532863 1.0744065970182419 -0.31019091973020496 -0.4709244523835735 0.041766029922299198 0.80205034424618982
leaf_weight=1709 47 71 87 460 40 119 127 433 770 59 229 355 6159 40
leaf_count=1709 47 71 87 460 40 119 127 433 770 59 229 355 6159 40
internal_value=-1.84163e-05 -0.135357 0.0586025 -0.30229 0.0894473 0.275292 0.410139 -0.389554 0.351651 0.413707 0.023713 -0.267613 0.036082 0.188253
internal_weight=10705 3235 7470 1526 278 1035 207 1248 916 829 6435 815 6206 167
internal_count=10705 3235 7470 1526 278 1035 207 1248 916 829 6435 815 6206 167
is_linear=0
shrinkage=0.05


Tree=31
num_leaves=15
num_cat=0
split_feature=84 36 84 69 84 47 84 71 37 70 31 70 29 65
split_gain=32329.7 28751.8 27121.2 23251.8 17615.9 15052.7 13427.1 21881.8 26115.6 15508.3 17361.2 17340.1 13102.5 12534.1
threshold=292.35207400000007 22.479947916666671 89.094115000000016 -10.466263937499997 195.31161050000003 77.584635416666671 42.523274000000008 1.5874999999999988 51.875000000000007 20.117847106825341 26.737500000000004 8.1614393328295396 22.012500000000003 -5.8982348749999991
decision_type=2 2 2 2 2 2 2 2 2 2 2 2 2 2
left_child=1 2 -1 4 -4 -6 -3 8 -8 11 -11 -10 -9 -13
right_child=-2 6 3 -5 5 -7 7 12 9 10 -12 13 -14 -15
leaf_value=0.028725099530566213 -0.86889290576273537 0.0081760984952852049 -0.72346856788390823 -0.098835718944237205 -0.66280252765153203 -0.0075859345080369484 0.69891744794057953 0.56053615609294039 0.14801280261069041 1.3822312878399361 0.017220473668792032 -0.53359096827760844 0.20584349331160445 -0.090048906690459063
leaf_weight=2380 105 3173 321 1406 130 265 139 388 630 40 54 208 794 672
leaf_count=2380 105 3173 321 1406 130 265 139 388 630 40 54 208 794 672
internal_value=-1.74789e-05 0.00867046 -0.0871573 -0.217081 -0.448817 -0.224356 0.0794204 0.156676 0.0440021 -0.0131519 0.606512 -0.0521028 0.322649 -0.195373
internal_weight=10705 10600 4502 2122 716 395 6098 2925 1743 1604 94 1510 1182 880
internal_count=10705 10600 4502 2122 716 395 6098 2925 1743 1604 94 1510 1182 880
is_linear=0
shrinkage=0.05


Tree=32
num_leaves=15
num_cat=0
split_feature=84 36 84 69 73 36 61 84 9 37 84 58 24 36
split_gain=29423.5 25950.8 23965 21718.7 15265.5 14625.4 12889.5 16987.2 14792.9 11590.6 11808.5 11291.4 11159.6 10324.6
threshold=287.58038500000004 22.479947916666671 89.094115000000016 -15.137669088541662 11.375000000000002 18.666666666666668 68.456144000000023 272.35636400000004 272.53009250000008 47.375000000000007 87.746388500000009 -16.000932500000001 281.72766850000005 21.851041666666671
decision_type=2 2 2 2 2 2 2 2 2 2 2 2 2 2
left_child=1 2 -1 -4 5 -5 9 8 11 10 -3 -8 -12 -7
right_child=-2 6 3 4 -6 13 7 -9 -10 -11 12 -13 -14 -15
leaf_value=0.027289447615002134 -0.70012240369577672 0.047878139261401408 -0.50931187363166186 -0.74388819736977152 -0.47703808524863051 0.071443558262573578 0.053860851260998571 -0.16690128661799605 -0.4665373454336077 0.030195604341720125 0.09404166145966604 0.56710653240428022 1.0236737197704531 -0.23707219620284281
leaf_weight=2380 147 151 456 72 252 946 140 181 47 4956 51 459 88 379
leaf_count=2380 147 151 456 72 252 946 140 181 47 4956 51 459 88 379
internal_value=-1.63042e-05 0.00979672 -0.0814098 -0.204264 -0.119651 -0.0548886 0.0771564 0.260499 0.380324 0.0482093 0.354896 0.447439 0.685694 -0.0169158
internal_weight=10705 10558 4485 2105 1649 1397 6073 827 646 5246 290 599 139 1325
internal_count=10705 10558 4485 2105 1649 1397 6073 827 646 5246 290 599 139 1325
is_linear=0
shrinkage=0.05


Tree=33
num_leaves=15
num_cat=0
split_feature=84 67 62 84 47 58 36 71 30 73 47 36 58 45
split_gain=26805 24356.3 22808.9 20673.1 15967 28832.8 12910.3 12330.2 9922.07 9064.75 8683.63 13276.8 8420.86 9949.09
threshold=292.35207400000007 -2.4885673333333322 127.13975050000001 77.844594000000015 73.800781250000014 -14.974237 23.375520833333336 5.1000000000000005 18.962500000000002 13.875000000000002 76.108072916666671 23.950911458333341 18.444114500000016 67.135416666666671
decision_type=2 2 2 2 2 2 2 2 2 2 2 2 2 2
left_child=1 3 -3 -1 5 -5 -7 8 -4 -6 12 -12 -10 -14
right_child=-2 2 7 4 9 6 -8 -9 10 -11 11 -13 13 -15
leaf_value=0.010569020511026969 -0.79118224703684836 0.022826958174779439 -0.30093250627870916 -0.76432381301698549 -0.23768277857644657 1.1999942257273488 0.20362487171562563 0.89184873449174984 0.25565405214853615 -0.54500058675939977 0.3618455079965765 1.3353935686326246 -0.76229624678285757 0.21041281513150847
leaf_weight=1709 105 6413 80 70 872 40 160 75 453 332 252 40 48 56
leaf_count=1709 105 6413 80 70 872 40 160 75 453 332 252 40 48 56
internal_value=-2.1959e-05 0.0078889 0.0575388 -0.107787 -0.244926 0.102274 0.407877 0.279016 0.228635 -0.322807 0.278831 0.499311 0.162559 -0.241514
internal_weight=10705 10600 7417 3183 1474 270 200 1004 929 1204 849 292 557 104
internal_count=10705 10600 7417 3183 1474 270 200 1004 929 1204 849 292 557 104
is_linear=0
shrinkage=0.05


Tree=34
num_leaves=15
num_cat=0
split_feature=30 84 84 61 69 58 37 24 84 42 62 9 63 69
split_gain=24361.1 18124.4 16695.1 24600.5 15820.2 12198.7 10993 14063.2 13744.7 9163.03 11360.2 8756 8649.23 7436.85
threshold=19.812500000000004 90.300388000000012 275.36804450000005 74.012692500000014 -13.065936541666668 -8.4936504999999993 51.125000000000007 281.04792900000001 91.821440500000008 83.125000000000014 180.36760650000002 258.3471090000001 2.5519782499999946 11.840655182291668
decision_type=2 2 2 2 2 2 2 2 2 2 2 2 2 2
left_child=1 -1 3 6 -3 -5 7 -2 -9 10 -6 -7 -10 -8
right_child=2 4 -4 5 9 11 13 8 12 -11 -12 -13 -14 -15
leaf_value=0.03666401411092933 -0.0020345204736416538 -0.5567843013401661 -0.2909401968687152 -0.0066429637690291025 -0.15315621608172728 0.57580790519909397 -0.01748047358816851 0.15583597083569511 1.3557164959333561 -0.35807398546882041 0.41217878383138906 0.1533374279513548 0.51147310894231002 0.1194323993852312
leaf_weight=729 299 359 374 210 390 381 5857 142 53 348 114 182 74 1193
leaf_count=729 299 359 374 210 390 381 5857 142 53 348 114 182 74 1193
internal_value=-1.57666e-05 -0.160293 0.0354734 0.0500551 -0.27879 0.318628 0.0227648 0.234171 0.495755 -0.161139 -0.0247198 0.439751 0.871634 0.00570156
internal_weight=10705 1940 8765 8391 1211 773 7618 568 269 852 504 563 127 7050
internal_count=10705 1940 8765 8391 1211 773 7618 568 269 852 504 563 127 7050
is_linear=0
shrinkage=0.05


Tree=35
num_leaves=15
num_cat=0
split_feature=84 67 62 84 47 58 36 71 49 30 47 36 58 45
split_gain=23252.5 20733.2 19013.8 17770.6 13545.5 25834.7 11657.7 11033.1 8541.83 8367.44 8139.6 11934.5 7557.9 8778.27
threshold=292.35207400000007 -2.4885673333333322 127.13975050000001 77.844594000000015 73.800781250000014 -14.974237 23.375520833333336 5.1000000000000005 4.5000000000000009 18.962500000000002 76.108072916666671 23.950911458333341 18.444114500000016 67.135416666666671
decision_type=2 2 2 2 2 2 2 2 2 2 2 2 2 2
left_child=1 3 -3 -1 5 -5 -7 9 -6 -4 12 -12 -11 -14
right_child=-2 2 7 4 8 6 -8 -9 -10 10 11 -13 13 -15
leaf_value=0.010369143845753102 -0.73687705227507738 0.021477615602888266 -0.27856123315883269 -0.72700749182365321 -0.26884827422423951 1.1352545150896398 0.18851879624568899 0.83505018698541744 -0.9079972032525323 0.22951826954044818 0.33697504184315563 1.2599121939845201 -0.73055864585544539 0.18326545921072626
leaf_weight=1709 105 6413 80 70 1150 40 160 75 54 453 252 40 48 56
leaf_count=1709 105 6413 80 70 1150 40 160 75 54 453 252 40 48 56
internal_value=-5.94001e-06 0.00736208 0.0531705 -0.0993636 -0.226512 0.093282 0.382572 0.255385 -0.298244 0.207739 0.253837 0.467273 0.141308 -0.24144
internal_weight=10705 10600 7417 3183 1474 270 200 1004 1204 929 849 292 557 104
internal_count=10705 10600 7417 3183 1474 270 200 1004 1204 929 849 292 557 104
is_linear=0
shrinkage=0.05


Tree=36
num_leaves=15
num_cat=0
split_feature=84 30 84 69 61 84 37 24 84 36 42 66 9 58
split_gain=21131.9 18938.1 13311.1 15016.3 12778.2 12540 9858.53 12610.1 12253.7 9826.32 9750.57 9003.21 8845.59 9637.81
threshold=287.58038500000004 19.812500000000004 90.300388000000012 -12.816781651041664 74.012692500000014 270.38757000000004 51.125000000000007 281.04792900000001 91.821440500000008 18.395963541666671 83.375000000000014 1.8384426005994599 266.89225100000004 -10.038873500000006
decision_type=2 2 2 2 2 2 2 2 2 2 2 2 2 2
left_child=1 2 -1 -4 6 12 7 -3 -9 -5 11 -11 13 -6
right_child=-2 4 3 9 5 -7 -8 8 -10 10 -12 -13 -14 -15
leaf_value=0.034069042128625597 -0.59331871822879123 -0.0048234467374471332 -0.49804189648647212 -0.76732353899214001 0.065014355244344235 -0.06823125994150063 0.0025733120084448433 0.14559642965612293 0.82144138441653924 -0.11532633137185964 -0.27748136813694507 0.34269171154896938 -0.18572602714034353 0.51884454314828166
leaf_weight=729 147 299 376 53 161 278 7135 142 127 244 321 190 73 430
leaf_count=729 147 299 376 53 161 278 7135 142 127 244 321 190 73 430
internal_value=-3.07185e-06 0.00831312 -0.134 -0.237424 0.0398167 0.213546 0.0185463 0.218836 0.466536 -0.11568 -0.0689813 0.0855153 0.331445 0.395531
internal_weight=10705 10558 1913 1184 8645 942 7703 568 269 808 755 434 664 591
internal_count=10705 10558 1913 1184 8645 942 7703 568 269 808 755 434 664 591
is_linear=0
shrinkage=0.05


Tree=37
num_leaves=15
num_cat=0
split_feature=67 84 62 73 84 60 69 47 31 70 51 62 69 30
split_gain=19693.8 18467.8 13427.3 11603.8 11111.8 8953.28 8851.55 14772.9 9806.98 7751.32 8428.26 6960.42 6955.28 6943.54
threshold=-2.6006390416666663 77.844594000000015 226.92036650000003 13.875000000000002 273.02215500000005 48.518787999999994 -0.34611059375000075 73.179687500000014 22.787500000000005 13.521111667871098 3.5000000000000004 185.82463100000001 -28.026467833333328 19.812500000000004
decision_type=2 2 2 2 2 2 2 2 2 2 2 2 2 2
left_child=1 -1 4 6 5 12 7 8 -3 10 11 -9 -2 -5
right_child=2 3 -4 13 -6 -7 -8 9 -10 -11 -12 -13 -14 -15
leaf_value=0.0093989574824985544 -0.57537697578469915 0.75370027012142704 0.31232464183037256 -0.6657118893902878 -0.26557915668895399 0.23771901225800476 -0.54900044520223934 -0.057362740463914652 -0.021437806589005706 -0.33495280517952392 -0.29235576446228034 0.49921321628909365 0.028843757618881027 -0.25413185903486218
leaf_weight=1698 47 75 439 202 308 532 120 137 88 411 170 94 6173 211
leaf_count=1698 47 75 439 202 308 532 120 137 88 411 170 94 6173 211
internal_value=-5.62768e-06 -0.103706 0.0443369 -0.230984 0.0276311 0.0410436 -0.145566 -0.0954006 0.337642 -0.182637 -0.0260787 0.170298 0.0241863 -0.456559
internal_weight=10705 3206 7499 1508 7060 6752 1095 975 163 812 401 231 6220 413
internal_count=10705 3206 7499 1508 7060 6752 1095 975 163 812 401 231 6220 413
is_linear=0
shrinkage=0.05


Tree=38
num_leaves=15
num_cat=0
split_feature=84 36 84 49 36 36 47 36 24 84 71 44 70 31
split_gain=18790.5 16697.8 16097.9 16733 12123.8 12614.5 11366 11830.2 9491.76 9260.74 16391.1 18954 12340.6 13677.5
threshold=292.35207400000007 22.479947916666671 89.094115000000016 4.5000000000000009 18.666666666666668 21.851041666666671 75.115885416666671 20.954296875000004 272.16657050000009 42.523274000000008 1.5874999999999988 53.468750000000007 20.117847106825341 26.737500000000004
decision_type=2 2 2 2 2 2 2 2 2 2 2 2 2 2
left_child=1 2 -1 4 -4 6 -6 -8 -9 -3 11 -11 -13 -14
right_child=-2 9 3 -5 5 -7 7 8 -10 10 -12 12 13 -15
leaf_value=0.022863303227571116 -0.66241833264324468 0.0013636511396065065 -0.50057525390233748 -0.65828481584554543 -0.54074188979196081 -0.28625080877753206 -0.099811548805368522 0.31228510160274298 -0.2934612091054748 0.58082984813790717 0.26833586942558812 -0.056862709491942276 1.2190421033196335 0.012293028485562121
leaf_weight=2380 105 3173 194 159 88 540 627 439 75 141 1182 1507 40 55
leaf_count=2380 105 3173 194 159 88 540 627 439 75 141 1182 1507 40 55
internal_value=-1.08321e-05 0.00661262 -0.0664151 -0.166512 -0.126364 -0.0850661 0.00349164 0.0459026 0.2235 0.0605292 0.124689 0.0271778 -0.0218839 0.527803
internal_weight=10705 10600 4502 2122 1963 1769 1229 1141 514 6098 2925 1743 1602 95
internal_count=10705 10600 4502 2122 1963 1769 1229 1141 514 6098 2925 1743 1602 95
is_linear=0
shrinkage=0.05


Tree=39
num_leaves=15
num_cat=0
split_feature=84 36 84 49 61 36 36 36 84 24 24 35 37 84
split_gain=17057.3 16296.6 13769.8 15332.1 13632.6 11315.5 12607.8 10364.6 8979.08 8883.27 8201.01 8040.33 7832.65 8460.53
threshold=275.36804450000005 22.479947916666671 89.094115000000016 4.5000000000000009 74.012692500000014 18.666666666666668 21.875781250000006 20.954296875000004 303.76010700000006 285.09337800000009 272.16657050000009 17.793750000000006 47.375000000000007 87.746388500000009
decision_type=2 2 2 2 2 2 2 2 2 2 2 2 2 2
left_child=1 2 -1 5 12 -4 7 11 -2 -6 -9 -7 13 -3
right_child=8 4 3 -5 9 6 -8 10 -10 -11 -12 -13 -14 -15
leaf_value=0.021720618002130224 -0.22949987935833632 0.032661208136652423 -0.47567483974047581 -0.62557628876529636 0.41851533166844024 0.28481002864473076 -0.29039002221220511 0.25758911538813467 -0.99142898556798009 0.012661704270814981 -0.2855909541567288 -0.19699502931741467 0.026499435420063812 0.5696451031353692
leaf_weight=2380 399 152 194 159 422 102 475 459 42 198 81 545 4956 141
leaf_count=2380 399 152 194 159 422 102 475 459 42 198 81 545 4956 141
internal_value=-1.34728e-05 0.013082 -0.0597154 -0.155866 0.0675973 -0.115312 -0.0729868 0.0141824 -0.304143 0.289133 0.175735 -0.120716 0.0413799 0.292132
internal_weight=10705 10264 4395 2015 5869 1856 1662 1187 441 620 540 647 5249 293
internal_count=10705 10264 4395 2015 5869 1856 1662 1187 441 620 540 647 5249 293
is_linear=0
shrinkage=0.05


Tree=40
num_leaves=15
num_cat=0
split_feature=67 84 62 73 84 69 47 70 60 24 84 24 63 9
split_gain=16339.3 15468.6 11147.6 9179.1 8776.21 7988.8 11626.9 8542.86 7458.77 7439.64 8923.77 17480.9 9522.1 6581.37
threshold=-2.9400345000000003 77.844594000000015 230.22416750000002 13.875000000000002 273.02215500000005 -0.66454532812499967 73.445312500000014 13.693501098974814 68.580029500000023 274.65417650000006 42.523274000000008 276.63258750000006 -1.0000000180025095e-35 248.46202850000003
decision_type=2 2 2 2 2 2 2 2 2 2 2 2 2 2
left_child=1 -1 4 5 8 6 7 -3 9 -2 -11 -12 -13 -4
right_child=2 3 13 -5 -6 -7 -8 -9 -10 10 11 12 -14 -15
leaf_value=0.0069967004430212219 -0.015272096060353844 -0.013439413726977682 0.59726832373445615 -0.41897332123330522 -0.23002792129814972 -0.53275975690533717 -0.16894532575373361 0.73036317869798462 0.27879176113546189 -0.0047558009289371383 1.1673246227882126 0.70993144492773963 0.11663556972756331 0.16326575136532229
leaf_weight=1676 4129 91 121 402 322 113 771 66 303 1154 43 71 1131 312
leaf_count=1676 4129 91 121 402 322 113 771 66 303 1154 43 71 1131 312
internal_value=-1.96694e-05 -0.0963382 0.0395894 -0.21628 0.0246569 -0.13768 -0.0890505 0.301885 0.0366942 0.0254162 0.0954233 0.188209 0.152242 0.285643
internal_weight=10705 3119 7586 1443 7153 1041 928 157 6831 6528 2399 1245 1202 433
internal_count=10705 3119 7586 1443 7153 1041 928 157 6831 6528 2399 1245 1202 433
is_linear=0
shrinkage=0.05


Tree=41
num_leaves=15
num_cat=0
split_feature=84 67 84 62 71 17 41 5 58 30 47 36 24 58
split_gain=15065.6 13387.4 11620.8 11456.6 10963.8 8453.1 19193.5 8252.51 7257.05 6708.05 6737.02 9488.79 6466.55 5990.05
threshold=292.35207400000007 -2.9400345000000003 75.408333500000012 153.27572900000004 5.1000000000000005 33.400498268485258 82.875000000000014 267.04686300000009 -2.9547955000000026 18.962500000000002 75.686197916666671 23.929427083333341 258.48548100000011 20.067717500000004
decision_type=2 2 2 2 2 2 2 2 2 2 2 2 2 2
left_child=1 2 -1 -3 9 7 -7 8 -4 -5 13 12 -12 -11
right_child=-2 3 5 4 -6 6 -8 -9 -10 10 11 -13 -14 -15
leaf_value=0.0069605847048761467 -0.59313724185779415 0.018086329285758096 -0.47796156888488261 -0.30114903600030657 0.80989594830982936 0.89697128503962797 -0.13598325764310293 0.3798884520725328 -0.19348739897313394 0.15910923177664657 0.76278770819858277 1.0857325405245875 0.15392303369409438 -0.29901427333351482
leaf_weight=1671 105 6561 331 73 68 53 268 48 699 419 53 40 231 85
leaf_count=1671 105 6561 331 73 68 53 268 48 699 419 53 40 231 85
internal_value=-7.54103e-06 0.0059232 -0.0820628 0.0418014 0.20219 -0.188324 0.0368228 -0.255338 -0.285281 0.155478 0.196051 0.373587 0.269827 0.0814072
internal_weight=10705 10600 3070 7530 969 1399 321 1078 1030 901 828 324 284 504
internal_count=10705 10600 3070 7530 969 1399 321 1078 1030 901 828 324 284 504
is_linear=0
shrinkage=0.05


end of trees

feature_importances:
consumo_alvo_semana_anterior=138
temperatura_externa_c_diferenca_semana_atual=92
correcao_semanal_media_1440m=51
consumo_max_1440m=41
temperatura_externa_c_media_1440m=31
consumo_diferenca_dia_atual=22
correcao_semanal_std_1440m=21
correcao_semanal_media_360m=19
umidade_relativa_pct_media_1440m=18
tendencia_consumo_360m=16
temperatura_externa_c_lag_720m=14
temperatura_externa_c_lag_360m=12
umidade_relativa_pct_atual=11
umidade_relativa_pct_diferenca_semana_atual=11
umidade_relativa_pct_media_360m=9
consumo_lag_1440m=7
umidade_relativa_pct_media_60m=7
consumo_lag_10080m=6
correcao_semanal_std_180m=6
origem_dia_semana=5
correcao_semanal_media_180m=5
consumo_mean_1440m=4
temperatura_externa_c_lag_1440m=4
consumo_razao_semana_atual=4
tendencia_consumo_180m=4
umidade_relativa_pct_lag_720m=3
origem_mes=3
origem_semana_sin=3
consumo_lag_180m=2
consumo_std_180m=2
temperatura_externa_c_lag_180m=2
umidade_relativa_pct_media_180m=2
tendencia_consumo_60m=2
correcao_semanal_media_60m=2
correcao_semanal_std_360m=2
consumo_lag_120m=1
consumo_std_1440m=1
temperatura_externa_c_media_360m=1
umidade_relativa_pct_lag_360m=1
umidade_relativa_pct_lag_1440m=1
temperatura_externa_c_tendencia_1h=1
umidade_relativa_pct_tendencia_1h=1

parameters:
[boosting: gbdt]
[objective: regression]
[metric: l1]
[tree_learner: serial]
[device_type: cpu]
[data_sample_strategy: bagging]
[data: ]
[valid: ]
[num_iterations: 400]
[learning_rate: 0.05]
[num_leaves: 15]
[num_threads: 2]
[seed: 20260905]
[deterministic: 1]
[force_col_wise: 1]
[force_row_wise: 0]
[histogram_pool_size: -1]
[max_depth: -1]
[min_data_in_leaf: 40]
[min_sum_hessian_in_leaf: 0.001]
[bagging_fraction: 1]
[pos_bagging_fraction: 1]
[neg_bagging_fraction: 1]
[bagging_freq: 0]
[bagging_seed: 23218]
[bagging_by_query: 0]
[feature_fraction: 1]
[feature_fraction_bynode: 1]
[feature_fraction_seed: 28090]
[extra_trees: 0]
[extra_seed: 14360]
[early_stopping_round: 0]
[early_stopping_min_delta: 0]
[first_metric_only: 0]
[max_delta_step: 0]
[lambda_l1: 0]
[lambda_l2: 1]
[linear_lambda: 0]
[min_gain_to_split: 0]
[drop_rate: 0.1]
[max_drop: 50]
[skip_drop: 0.5]
[xgboost_dart_mode: 0]
[uniform_drop: 0]
[drop_seed: 16970]
[top_rate: 0.2]
[other_rate: 0.1]
[min_data_per_group: 100]
[max_cat_threshold: 32]
[cat_l2: 10]
[cat_smooth: 10]
[max_cat_to_onehot: 4]
[top_k: 20]
[monotone_constraints: ]
[monotone_constraints_method: basic]
[monotone_penalty: 0]
[feature_contri: ]
[forcedsplits_filename: ]
[refit_decay_rate: 0.9]
[cegb_tradeoff: 1]
[cegb_penalty_split: 0]
[cegb_penalty_feature_lazy: ]
[cegb_penalty_feature_coupled: ]
[path_smooth: 0]
[interaction_constraints: ]
[verbosity: -1]
[saved_feature_importance_type: 0]
[use_quantized_grad: 0]
[num_grad_quant_bins: 4]
[quant_train_renew_leaf: 0]
[stochastic_rounding: 1]
[linear_tree: 0]
[max_bin: 255]
[max_bin_by_feature: ]
[min_data_in_bin: 3]
[bin_construct_sample_cnt: 200000]
[data_random_seed: 5037]
[is_enable_sparse: 1]
[enable_bundle: 1]
[use_missing: 1]
[zero_as_missing: 0]
[feature_pre_filter: 1]
[pre_partition: 0]
[two_round: 0]
[header: 0]
[label_column: ]
[weight_column: ]
[group_column: ]
[ignore_column: ]
[categorical_feature: ]
[forcedbins_filename: ]
[precise_float_parser: 0]
[parser_config_file: ]
[objective_seed: 15411]
[num_class: 1]
[is_unbalance: 0]
[scale_pos_weight: 1]
[sigmoid: 1]
[boost_from_average: 1]
[reg_sqrt: 0]
[alpha: 0.9]
[fair_c: 1]
[poisson_max_delta_step: 0.7]
[tweedie_variance_power: 1.5]
[lambdarank_truncation_level: 30]
[lambdarank_norm: 1]
[label_gain: ]
[lambdarank_position_bias_regularization: 0]
[eval_at: ]
[multi_error_top_k: 1]
[auc_mu_weights: ]
[num_machines: 1]
[local_listen_port: 12400]
[time_out: 120]
[machine_list_filename: ]
[machines: ]
[gpu_platform_id: -1]
[gpu_device_id: -1]
[gpu_device_id_list: ]
[gpu_use_dp: 0]
[num_gpu: 1]

end of parameters

pandas_categorical:[]
