tree
version=v4
num_class=1
num_tree_per_iteration=1
label_index=0
max_feature_idx=216
objective=regression
feature_names=potencia_solicitada_kw_atual potencia_solicitada_kw_lag_1 potencia_solicitada_kw_lag_2 potencia_solicitada_kw_lag_4 potencia_solicitada_kw_lag_8 potencia_solicitada_kw_lag_12 potencia_solicitada_kw_lag_24 potencia_solicitada_kw_lag_48 potencia_solicitada_kw_lag_96 potencia_solicitada_kw_lag_672 potencia_solicitada_kw_lag_1344 potencia_solicitada_kw_lag_2016 potencia_solicitada_kw_lag_2688 potencia_solicitada_kw_mean_4 potencia_solicitada_kw_min_4 potencia_solicitada_kw_max_4 potencia_solicitada_kw_std_4 potencia_solicitada_kw_mean_12 potencia_solicitada_kw_min_12 potencia_solicitada_kw_max_12 potencia_solicitada_kw_std_12 potencia_solicitada_kw_mean_24 potencia_solicitada_kw_min_24 potencia_solicitada_kw_max_24 potencia_solicitada_kw_std_24 potencia_solicitada_kw_mean_96 potencia_solicitada_kw_min_96 potencia_solicitada_kw_max_96 potencia_solicitada_kw_std_96 potencia_entregue_kw_atual potencia_entregue_kw_lag_1 potencia_entregue_kw_lag_2 potencia_entregue_kw_lag_4 potencia_entregue_kw_lag_8 potencia_entregue_kw_lag_12 potencia_entregue_kw_lag_24 potencia_entregue_kw_lag_48 potencia_entregue_kw_lag_96 potencia_entregue_kw_lag_672 potencia_entregue_kw_lag_1344 potencia_entregue_kw_lag_2016 potencia_entregue_kw_lag_2688 potencia_entregue_kw_mean_4 potencia_entregue_kw_mean_12 potencia_entregue_kw_mean_24 potencia_entregue_kw_mean_96 carregadores_ocupados_atual carregadores_ocupados_lag_1 carregadores_ocupados_lag_2 carregadores_ocupados_lag_4 carregadores_ocupados_lag_8 carregadores_ocupados_lag_12 carregadores_ocupados_lag_24 carregadores_ocupados_lag_48 carregadores_ocupados_lag_96 carregadores_ocupados_lag_672 carregadores_ocupados_lag_1344 carregadores_ocupados_lag_2016 carregadores_ocupados_lag_2688 carregadores_ocupados_mean_4 carregadores_ocupados_min_4 carregadores_ocupados_max_4 carregadores_ocupados_std_4 carregadores_ocupados_mean_12 carregadores_ocupados_min_12 carregadores_ocupados_max_12 carregadores_ocupados_std_12 carregadores_ocupados_mean_24 carregadores_ocupados_min_24 carregadores_ocupados_max_24 carregadores_ocupados_std_24 carregadores_ocupados_mean_96 carregadores_ocupados_min_96 carregadores_ocupados_max_96 carregadores_ocupados_std_96 carros_conectados_atual carros_conectados_lag_1 carros_conectados_lag_2 carros_conectados_lag_4 carros_conectados_lag_8 carros_conectados_lag_12 carros_conectados_lag_24 carros_conectados_lag_48 carros_conectados_lag_96 carros_conectados_lag_672 carros_conectados_lag_1344 carros_conectados_lag_2016 carros_conectados_lag_2688 carros_conectados_mean_4 carros_conectados_mean_12 carros_conectados_mean_24 carros_conectados_mean_96 carros_chegando_atual carros_chegando_lag_1 carros_chegando_lag_2 carros_chegando_lag_4 carros_chegando_lag_8 carros_chegando_lag_12 carros_chegando_lag_24 carros_chegando_lag_48 carros_chegando_lag_96 carros_chegando_lag_672 carros_chegando_lag_1344 carros_chegando_lag_2016 carros_chegando_lag_2688 carros_chegando_mean_4 carros_chegando_min_4 carros_chegando_max_4 carros_chegando_std_4 carros_chegando_mean_12 carros_chegando_min_12 carros_chegando_max_12 carros_chegando_std_12 carros_chegando_mean_24 carros_chegando_min_24 carros_chegando_max_24 carros_chegando_std_24 carros_chegando_mean_96 carros_chegando_min_96 carros_chegando_max_96 carros_chegando_std_96 carros_na_fila_atual carros_na_fila_lag_1 carros_na_fila_lag_2 carros_na_fila_lag_4 carros_na_fila_lag_8 carros_na_fila_lag_12 carros_na_fila_lag_24 carros_na_fila_lag_48 carros_na_fila_lag_96 carros_na_fila_lag_672 carros_na_fila_lag_1344 carros_na_fila_lag_2016 carros_na_fila_lag_2688 carros_na_fila_mean_4 carros_na_fila_min_4 carros_na_fila_max_4 carros_na_fila_std_4 carros_na_fila_mean_12 carros_na_fila_min_12 carros_na_fila_max_12 carros_na_fila_std_12 carros_na_fila_mean_24 carros_na_fila_min_24 carros_na_fila_max_24 carros_na_fila_std_24 carros_na_fila_mean_96 carros_na_fila_min_96 carros_na_fila_max_96 carros_na_fila_std_96 ocupacao_pct_atual ocupacao_pct_lag_1 ocupacao_pct_lag_2 ocupacao_pct_lag_4 ocupacao_pct_lag_8 ocupacao_pct_lag_12 ocupacao_pct_lag_24 ocupacao_pct_lag_48 ocupacao_pct_lag_96 ocupacao_pct_lag_672 ocupacao_pct_lag_1344 ocupacao_pct_lag_2016 ocupacao_pct_lag_2688 ocupacao_pct_mean_4 ocupacao_pct_mean_12 ocupacao_pct_mean_24 ocupacao_pct_mean_96 energia_entregue_kwh_atual energia_entregue_kwh_lag_1 energia_entregue_kwh_lag_2 energia_entregue_kwh_lag_4 energia_entregue_kwh_lag_8 energia_entregue_kwh_lag_12 energia_entregue_kwh_lag_24 energia_entregue_kwh_lag_48 energia_entregue_kwh_lag_96 energia_entregue_kwh_lag_672 energia_entregue_kwh_lag_1344 energia_entregue_kwh_lag_2016 energia_entregue_kwh_lag_2688 energia_entregue_kwh_mean_4 energia_entregue_kwh_mean_12 energia_entregue_kwh_mean_24 energia_entregue_kwh_mean_96 origem_hora origem_slot origem_minuto origem_dia_semana origem_fim_de_semana origem_mes origem_hora_sin origem_hora_cos origem_semana_sin origem_semana_cos horizonte_minutos alvo_hora alvo_slot alvo_minuto alvo_dia_semana alvo_fim_de_semana alvo_mes alvo_hora_sin alvo_hora_cos alvo_semana_sin alvo_semana_cos potencia_solicitada_kw_alvo_dia potencia_solicitada_kw_alvo_semana potencia_solicitada_kw_alvo_4semanas carregadores_ocupados_alvo_dia carregadores_ocupados_alvo_semana carregadores_ocupados_alvo_4semanas carros_chegando_alvo_dia carros_chegando_alvo_semana carros_chegando_alvo_4semanas carros_na_fila_alvo_dia carros_na_fila_alvo_semana carros_na_fila_alvo_4semanas
feature_infos=[0:74.516448974609375] [0:74.516448974609375] [0:74.516448974609375] [0:74.516448974609375] [0:74.516448974609375] [0:74.516448974609375] [0:74.516448974609375] [0:74.516448974609375] [0:74.516448974609375] [0:74.516448974609375] [0:70.490516662597656] [0:70.490516662597656] [0:70.490516662597656] [0:66.1192626953125] [0:59.125801086425781] [0:74.516448974609375] [0:33.740081787109375] [0:53.376640319824219] [0:43.448299407958984] [0:74.516448974609375] [0:29.689859390258789] [0:40.479881286621094] [0:21.604389190673828] [0:74.516448974609375] [0:26.616859436035156] [0.41955000162124634:20.892589569091797] none [7.3757100105285645:74.516448974609375] [1.6412400007247925:20.42572021484375] [0:74.516448974609375] [0:74.516448974609375] [0:74.516448974609375] [0:74.516448974609375] [0:74.516448974609375] [0:74.516448974609375] [0:74.516448974609375] [0:74.516448974609375] [0:74.516448974609375] [0:74.516448974609375] [0:70.490516662597656] [0:70.490516662597656] [0:70.490516662597656] [0:65.860458374023438] [0:53.288558959960938] [0:40.363559722900391] [0.41955000162124634:20.836160659790039] [0:4] [0:4] [0:4] [0:4] [0:4] [0:4] [0:4] [0:4] [0:4] [0:4] [0:4] [0:4] [0:4] [0:4] [0:4] [0:4] [0:2.3094000816345215] [0:4] [0:4] [0:4] [0:2.0889298915863037] [0:4] [0:4] [0:4] [0:2.0430200099945068] [0.0625:2.6666700839996338] none [1:4] [0.24333000183105469:1.9920599460601807] [0:4] [0:4] [0:4] [0:4] [0:4] [0:4] [0:4] [0:4] [0:4] [0:4] [0:4] [0:4] [0:4] [0:4] [0:4] [0:4] [0.0625:2.6666700839996338] [0:6] [0:6] [0:6] [0:6] [0:6] [0:6] [0:6] [0:6] [0:6] [0:6] [0:6] [0:6] [0:6] [0:4.25] [0:4] [0:6] [0:2.5166099071502686] [0:2.5833299160003662] [0:1] [0:6] [0:1.9306099414825439] [0:1.7916699647903442] none [0:6] [0:1.6934399604797363] [0:0.91667002439498901] none [0:6] [0:1.2572200298309326] [0:3] [0:3] [0:3] [0:3] [0:3] [0:3] [0:3] [0:3] [0:3] [0:3] [0:3] [0:3] [0:3] [0:3] [0:3] [0:3] [0:1.7320499420166016] [0:3] [0:3] [0:3] [0:1.5666999816894531] [0:2.4583299160003662] none [0:3] [0:1.5030200481414795] [0:1.1979199647903442] none [0:3] [0:1.324489951133728] [0:100] [0:100] [0:100] [0:100] [0:100] [0:100] [0:100] [0:100] [0:100] [0:100] [0:100] [0:100] [0:100] [0:100] [0:100] [0:100] [1.5625:66.666671752929688] [0:18.629110336303711] [0:18.629110336303711] [0:18.629110336303711] [0:18.629110336303711] [0:18.629110336303711] [0:18.629110336303711] [0:18.629110336303711] [0:18.629110336303711] [0:18.629110336303711] [0:18.629110336303711] [0:17.622629165649414] [0:17.622629165649414] [0:17.622629165649414] [0:16.465120315551758] [0:13.322139739990234] [0:10.090889930725098] [0.10488999634981155:5.2090401649475098] [0:23] [0:95] [0:45] [0:6] [0:1] [1:4] [-1:1] [-1:1] [-0.97492998838424683:0.97492998838424683] [-0.9009699821472168:1] [15:720] [0:23] [0:95] [0:45] [0:6] [0:1] [1:4] [-1:1] [-1:1] [-0.97492998838424683:0.97492998838424683] [-0.9009699821472168:1] [0:74.516448974609375] [0:74.516448974609375] [0:53.137058258056641] [0:4] [0:4] [0:4] [0:6] [0:6] [0:3.5] [0:3] [0:3] [0:3]
tree_sizes=1555 1535 1547 1542 1540 1541 1539 1546 1547 1523 1536 1535 1545 1536 1547 1538 1547 1545 1540 1527 1539 1554 1539 1541 1561 1516 1524

Tree=0
num_leaves=15
num_cat=0
split_feature=207 216 208 120 207 207 196 209 196 207 209 207 216 202
split_gain=1.27948e+06 355067 306452 379387 224973 210994 204987 169088 168482 164623 233643 301742 230768 201684
threshold=29.391160011291507 1.3750000000000002 3.5000000000000004 0.66881501674652111 34.965120315551765 37.140289306640632 49.500000000000007 3.5000000000000004 36.500000000000007 22.011189460754398 3.5000000000000004 6.6238348484039316 1.0000000180025095e-35 -0.77259498834609974
decision_type=2 2 2 2 2 2 2 2 2 2 2 2 2 2
left_child=2 5 9 6 8 7 -4 -2 -3 10 11 -1 -13 -12
right_child=1 4 3 -5 -6 -7 -8 -9 -10 -11 13 12 -14 -15
leaf_value=-0.075010148462512652 -0.71929641507564113 0.12854099330107377 0.01662568510837549 0.079190213766432746 -0.381516755057764 -0.97711107111105022 -0.27059458065169462 -0.35624389869027545 -0.2344765010947843 -0.23900429359677738 -0.056125072042479407 -0.29435061841228632 -0.0043061776360531073 0.27393642642110144
leaf_weight=213708 4491 5232 10690 61263 13618 2256 14827 11223 8211 18667 10917 29567 8928 8034
leaf_count=213708 4491 5232 10690 61263 13618 2256 14827 11223 8211 18667 10917 29567 8928 8034
internal_value=-0.100824 -0.352708 -0.0707057 0.0117201 -0.238288 -0.524996 -0.150268 -0.460036 -0.093184 -0.0953864 -0.0854989 -0.0982219 -0.227081 0.0838121
internal_weight=421632 45031 376601 86780 27061 17970 25517 15714 13443 289821 271154 252203 38495 18951
internal_count=421632 45031 376601 86780 27061 17970 25517 15714 13443 289821 271154 252203 38495 18951
is_linear=0
shrinkage=1


Tree=1
num_leaves=15
num_cat=0
split_feature=207 214 208 149 196 207 209 207 195 207 209 209 215 74
split_gain=1.15475e+06 338264 276574 350757 195825 185976 177605 183188 171405 153330 242713 180431 152893 152238
threshold=29.391160011291507 1.5000000000000002 3.5000000000000004 0.75462999939918529 49.500000000000007 15.18748998641968 3.5000000000000004 34.965120315551765 9.5000000000000018 10.520425319671633 2.5000000000000004 3.5000000000000004 1.5000000000000002 1.8177399635314944
decision_type=2 2 2 2 2 2 2 2 2 2 2 2 2 2
left_child=2 6 9 4 -4 -6 -2 -8 13 11 -11 -1 -9 -5
right_child=1 -3 3 8 5 -7 7 12 -10 10 -12 -13 -14 -15
leaf_value=0.018871564680194266 -0.64401504010997079 -0.08169101970813028 0.094884534242508894 0.58089006505207874 -0.02628390075872692 -0.45322206376236934 -0.18190160469524577 -0.78475548833234088 0.12761729919217202 -0.20175653146784467 0.0083567298687263619 0.42414480745363581 -0.32722690810325994 0.17529965666461217
leaf_weight=226896 4491 19389 8233 4211 5273 4940 13056 2784 58987 21256 38890 2779 5311 5136
leaf_count=226896 4491 19389 8233 4211 5273 4940 13056 2784 58987 21256 38890 2779 5311 5136
internal_value=-1.89282e-07 -0.239291 0.0286129 0.106917 -0.0865567 -0.232817 -0.358452 -0.29779 0.159144 0.00516623 -0.0659008 0.0237771 -0.484656 0.358068
internal_weight=421632 45031 376601 86780 18446 10213 25642 21151 68334 289821 60146 229675 8095 9347
internal_count=421632 45031 376601 86780 18446 10213 25642 21151 68334 289821 60146 229675 8095 9347
is_linear=0
shrinkage=0.05


Tree=2
num_leaves=15
num_cat=0
split_feature=207 216 209 207 207 196 196 207 202 207 120 205 205 28
split_gain=1.04424e+06 376651 322291 267245 214814 233907 196331 178896 273068 169635 439134 224828 198701 166892
threshold=27.425440788269047 1.3750000000000002 3.5000000000000004 34.965120315551765 37.140289306640632 69.500000000000014 36.500000000000007 19.34499549865723 -0.91037499904632557 7.9804399013519296 0.680395007133484 22.695884704589847 7.2599101066589364 13.956749916076662
decision_type=2 2 2 2 2 2 2 2 2 2 2 2 2 2
left_child=2 4 9 6 5 -2 -3 -4 -9 12 -11 -12 -1 -13
right_child=1 3 7 -5 -6 -7 -8 8 -10 10 11 13 -14 -15
leaf_value=0.01301101362131314 -0.24780209600097525 0.25574218584162151 0.22521296303894017 -0.25553687250608043 -0.804638322043007 -0.83736159646021191 -0.077463664443285785 -0.14551730229317014 0.14886383786237775 -0.18518926381945061 -0.025382684067084688 -0.20669514714610837 0.15627137784158496 0.32362674832087962
leaf_weight=200241 21570 6563 28834 13618 2256 1824 13539 11322 25888 34465 22233 1741 27531 10007
leaf_count=200241 21570 6563 28834 13618 2256 1824 13539 11322 25888 34465 22233 1741 27531 10007
internal_value=-3.31022e-07 -0.19437 0.0318547 -0.0845266 -0.338762 -0.293803 0.0313303 0.131732 0.0592901 0.00958587 -0.0594372 0.0681077 0.0303276 0.245025
internal_weight=421632 59370 362262 33720 25650 23394 20102 66044 37210 296218 68446 33981 227772 11748
internal_count=421632 59370 362262 33720 25650 23394 20102 66044 37210 296218 68446 33981 227772 11748
is_linear=0
shrinkage=0.05


Tree=3
num_leaves=15
num_cat=0
split_feature=207 214 120 202 207 216 207 216 206 209 207 205 27 207
split_gain=951776 290170 241485 391975 264369 261510 162585 217568 183574 155717 155835 154705 159161 150711
threshold=29.391160011291507 1.5000000000000002 0.680395007133484 -0.1628099977970123 7.9804399013519296 1.0000000180025095e-35 24.973499298095707 0.37500000000000006 46.345609664916999 3.5000000000000004 34.965120315551765 20.70500469207764 39.713056564331062 20.916960716247562
decision_type=2 2 2 2 2 2 2 2 2 2 2 2 2 2
left_child=2 9 4 6 -1 -6 8 -8 11 -2 -11 12 -4 -7
right_child=1 -3 3 -5 5 13 7 -9 -10 10 -12 -13 -14 -15
leaf_value=0.02761846713110877 -0.59499712855499554 -0.071278550456239126 0.6227079561920591 0.010448269396398651 -0.21321564158890971 0.11350973229287442 -0.37484447527670323 0.10611333217154864 1.0520735801502088 -0.1639242237565747 -0.44316106026498936 0.28098788069503833 0.082598818456986564 -0.096635072804000577
leaf_weight=126697 4491 19389 1437 117566 27555 14858 2864 13115 626 13056 8095 25326 26521 20036
leaf_count=126697 4491 19389 1437 117566 27555 14858 2864 13115 626 13056 8095 25326 26521 20036
internal_value=-5.1091e-07 -0.217246 0.0259765 0.0661947 -0.0138823 -0.0980786 0.159969 0.0198907 0.201487 -0.327611 -0.270811 0.191475 0.110381 -0.00715391
internal_weight=421632 45031 376601 187455 189146 62449 69889 15979 53910 25642 21151 53284 27958 34894
internal_count=421632 45031 376601 187455 189146 62449 69889 15979 53910 25642 21151 53284 27958 34894
is_linear=0
shrinkage=0.05


Tree=4
num_leaves=15
num_cat=0
split_feature=207 196 207 208 149 207 215 209 196 207 195 205 207 209
split_gain=858990 274391 235652 221043 273083 189430 187824 175982 175030 162472 149734 139477 129821 176894
threshold=29.391160011291507 37.500000000000007 44.763114929199226 3.5000000000000004 0.75462999939918529 34.965120315551765 1.0000000180025095e-35 3.5000000000000004 49.500000000000007 15.18748998641968 9.5000000000000018 43.686115264892585 22.011189460754398 3.5000000000000004
decision_type=2 2 2 2 2 2 2 2 2 2 2 2 2 2
left_child=3 2 6 12 8 7 -2 -3 -5 -10 11 -6 13 -1
right_child=1 5 -4 4 10 -7 -8 -9 9 -11 -12 -13 -14 -15
leaf_value=0.0014265611942590329 -0.31837901490368087 -0.58578143655100179 -0.54495092817566293 0.09550501296112579 0.22688244869031499 -0.57394072082054703 0.062202375826829949 -0.17085145681926558 -0.021267794624287434 -0.42031603333772294 0.11129769142441144 0.70059962834332312 -0.12382002750737703 0.15981850054255797
leaf_weight=252203 4128 3099 2400 8233 7379 5760 15088 14556 5273 4940 58987 1968 18667 18951
leaf_count=252203 4128 3099 2400 8233 7379 5760 15088 14556 5273 4940 58987 1968 18667 18951
internal_value=-4.45716e-07 -0.206385 -0.0779221 0.0246779 0.0946813 -0.324969 -0.0195668 -0.243714 -0.0760319 -0.214309 0.140764 0.326687 0.00371674 0.0124971
internal_weight=421632 45031 21616 376601 86780 23415 19216 17655 18446 10213 68334 9347 289821 271154
internal_count=421632 45031 21616 376601 86780 23415 19216 17655 18446 10213 68334 9347 289821 271154
is_linear=0
shrinkage=0.05


Tree=5
num_leaves=15
num_cat=0
split_feature=207 216 207 209 196 210 198 207 202 196 207 207 196 207
split_gain=787263 316201 250297 250179 179251 171814 169235 156976 216741 155682 155787 150604 149134 147224
threshold=27.425440788269047 1.1250000000000002 34.965120315551765 3.5000000000000004 36.500000000000007 3.1250000000000004 4.5000000000000009 10.333955287933351 -0.88144999742507923 69.500000000000014 34.288015365600593 24.500205039978031 36.500000000000007 6.6238348484039316
decision_type=2 2 2 2 2 2 2 2 2 2 2 2 2 2
left_child=3 9 4 13 -3 -5 7 -7 11 10 -2 -9 -4 -1
right_child=1 2 12 5 -6 6 -8 8 -10 -11 -12 -13 -14 -15
leaf_value=0.028426377278796322 -0.21172292839600512 0.22759412411573382 -0.14706777898022624 0.28382969167627153 -0.072800982428638847 0.50092650861215837 -0.61673969778711402 0.021421357894389537 0.19131312278958909 -0.76114802202692156 -0.57254853264575989 -0.34361278921443328 -0.50111245093463441 -0.052905647934614622
leaf_weight=221964 15122 7043 10642 12347 16834 2208 864 26074 21383 1872 3729 3168 4128 74254
leaf_count=221964 15122 7043 10642 12347 16834 2208 864 26074 21383 1872 3729 3168 4128 74254
internal_value=-5.89934e-07 -0.168767 -0.0842674 0.0276585 0.0158124 0.115656 0.0769816 0.0883378 0.0703333 -0.326343 -0.283126 -0.0181359 -0.246045 0.00803848
internal_weight=421632 59370 38647 362262 23877 66044 53697 52833 50625 20723 18851 29242 14770 296218
internal_count=421632 59370 38647 362262 23877 66044 53697 52833 50625 20723 18851 29242 14770 296218
is_linear=0
shrinkage=0.05


Tree=6
num_leaves=15
num_cat=0
split_feature=207 216 205 198 146 207 207 207 196 198 196 207 71 207
split_gain=710518 285390 233057 235312 295301 254332 209411 168650 189571 153129 149944 160121 168312 142897
threshold=27.425440788269047 1.3750000000000002 7.3361999988555917 1.0000000180025095e-35 0.32812500000000006 5.8979101181030282 44.763114929199226 37.140289306640632 69.500000000000014 3.5000000000000004 36.500000000000007 33.707159042358406 0.078125000000000014 34.099679946899421
decision_type=2 2 2 2 2 2 2 2 2 2 2 2 2 2
left_child=2 7 -1 -4 5 -5 10 8 9 -2 11 -3 -13 -12
right_child=1 6 3 4 -6 -7 -8 -9 -10 -11 13 12 -14 -15
leaf_value=-0.0022277346406068756 -0.12571639769468065 0.3202334971793368 0.43895517332222805 0.13148678776217762 0.12292202884757411 -0.14413100526494846 -0.5196546678992976 -0.69880881007392692 -0.73552021786937982 -0.4292922434325912 -0.05427854417562257 -1.4965568269292513 -0.001265195402047125 -0.40463776680114916
leaf_weight=240684 15954 4883 4464 12849 80258 24007 2352 2256 1824 5616 13059 191 9491 3744
leaf_count=240684 15954 4883 4464 12849 80258 24007 2352 2256 1824 5616 13059 191 9491 3744
internal_value=-7.99848e-07 -0.160331 0.0262756 0.0827021 0.0691193 -0.0480422 -0.064717 -0.286019 -0.246184 -0.204772 -0.0305899 0.0868236 -0.0309148 -0.132364
internal_weight=421632 59370 362262 121578 117114 36856 33720 25650 23394 21570 31368 14565 9682 16803
internal_count=421632 59370 362262 121578 117114 36856 33720 25650 23394 21570 31368 14565 9682 16803
is_linear=0
shrinkage=0.05


Tree=7
num_leaves=15
num_cat=0
split_feature=207 209 216 207 202 207 207 216 195 74 198 207 216 205
split_gain=653238 298242 274406 216233 199645 223231 180626 179878 147579 128251 127258 118399 293588 215508
threshold=25.091485023498539 3.5000000000000004 1.3750000000000002 34.965120315551765 -0.93540498614311207 16.090714454650882 34.965120315551765 0.37500000000000006 9.5000000000000018 1.7578600049018862 3.5000000000000004 6.6238348484039316 1.0000000180025095e-35 45.687950134277351
decision_type=2 2 2 2 2 2 2 2 2 2 2 2 2 2
left_child=1 11 6 8 5 -3 7 -2 -4 -10 -9 -1 13 -13
right_child=2 4 3 -5 -6 -7 -8 10 9 -11 -12 12 -14 -15
leaf_value=0.02649327033528678 -0.38125304528802417 0.20046685106886986 0.17933079317258574 -0.19902610368504209 0.21785649099935844 -0.10764217417825946 -0.53320938677011787 -0.055227990294041102 -0.20522085291067715 0.11624350470246754 -0.33403558414317441 -0.13681222123583445 0.097177065363704296 0.60199639298634677
leaf_weight=221964 8964 10397 11543 13618 31508 13525 4368 18192 7256 5419 5280 45433 23157 1008
leaf_count=221964 8964 10397 11543 13618 31508 13525 4368 18192 7256 5419 5280 45433 23157 1008
internal_value=-1.18657e-06 0.0288635 -0.134188 -0.0396329 0.135176 0.0262712 -0.231391 -0.190731 0.0499999 -0.0677854 -0.117957 0.00865162 -0.048249 -0.120764
internal_weight=421632 346992 74640 37836 55430 23922 36804 32436 24218 12675 23472 291562 69598 46441
internal_count=421632 346992 74640 37836 55430 23922 36804 32436 24218 12675 23472 291562 69598 46441
is_linear=0
shrinkage=0.05


Tree=8
num_leaves=15
num_cat=0
split_feature=207 214 202 120 207 207 210 207 206 201 207 216 206 202
split_gain=595470 215156 194333 285153 281357 173351 173402 140237 156290 141717 121054 173642 157890 137958
threshold=29.391160011291507 1.5000000000000002 -0.1628099977970123 0.67858001589775097 14.069390296936037 7.9804399013519296 1.8750000000000002 27.02933502197266 2.551339983940125 -0.95642998814582814 24.973499298095707 0.37500000000000006 46.345609664916999 -0.91037499904632557
decision_type=2 2 2 2 2 2 2 2 2 2 2 2 2 2
left_child=2 -2 3 5 -4 -1 -7 8 -6 -10 12 -12 13 -5
right_child=1 -3 4 10 7 6 -8 -9 9 -11 11 -13 -14 -15
leaf_value=0.10731985822997864 -0.26687092492469122 -0.046146334664854821 0.0087538728342467526 0.085668376910571234 -0.61203244982805471 -0.21879299237460703 -0.0025170367559413302 -0.7790476444236446 -0.047049447595685773 -0.43569812534190855 -0.33400960634821736 0.094621436000017073 0.9604902001454978 0.24635649075786642
leaf_weight=24553 25642 19389 211746 27097 1728 12200 38551 960 13895 2821 2877 13198 630 26345
leaf_count=24553 25642 19389 211746 27097 1728 12200 38551 960 13895 2821 2877 13198 630 26345
internal_value=-1.18797e-06 -0.171837 0.020546 0.0658241 -0.00794546 -0.00174488 -0.0545108 -0.190168 -0.159476 -0.11266 0.13836 0.0178918 0.174172 0.164885
internal_weight=421632 45031 376601 145451 231150 75304 50751 19404 18444 16716 70147 16075 54072 53442
internal_count=421632 45031 376601 145451 231150 75304 50751 19404 18444 16716 70147 16075 54072 53442
is_linear=0
shrinkage=0.05


Tree=9
num_leaves=15
num_cat=0
split_feature=207 209 216 207 202 207 207 27 27 206 203 196 71 206
split_gain=538277 252316 239551 197771 175546 201643 164712 148316 148859 141293 141735 126551 111206 110110
threshold=25.091485023498539 3.5000000000000004 1.3750000000000002 44.763114929199226 -0.93540498614311207 16.090714454650882 37.140289306640632 53.985614776611335 71.889316558837905 32.507844924926765 0.60785500705242168 73.500000000000014 0.088539998978376402 45.20092964172364
decision_type=2 2 2 2 2 2 2 2 2 2 2 2 2 2
left_child=1 -1 6 7 5 -3 11 9 -9 -4 12 -2 -11 -7
right_child=2 4 3 -5 -6 13 -8 8 -10 10 -12 -13 -14 -15
leaf_value=0.0076100423387480522 -0.16596682595278001 0.18742402664958163 0.17266479765856288 -0.47737716912108691 0.20151558818949319 -0.12647820890792197 -0.62647936213159117 -0.2191446509067565 0.47212103034527797 -1.3133698686261044 0.17878447531312894 -0.65247095461295657 -0.15743313873585529 0.86010223441470457
leaf_weight=291562 33156 10397 13392 2352 31508 13237 2256 9551 847 213 3944 1392 7537 288
leaf_count=291562 33156 10397 13392 2352 31508 13237 2256 9551 847 213 3944 1392 7537 288
internal_value=-1.27559e-06 0.0262007 -0.12181 -0.0334637 0.123986 0.0218654 -0.212629 -0.00402702 -0.162796 0.0617855 -0.0651977 -0.185587 -0.189368 -0.105408
internal_weight=421632 346992 74640 37836 55430 23922 36804 35484 10398 25086 11694 34548 7750 13525
internal_count=421632 346992 74640 37836 55430 23922 36804 35484 10398 25086 11694 34548 7750 13525
is_linear=0
shrinkage=0.05


Tree=10
num_leaves=15
num_cat=0
split_feature=207 196 207 202 207 120 207 25 210 207 209 27 120 207
split_gain=496535 200172 179102 172049 253133 252841 156705 156243 156007 152640 160837 149334 122577 128026
threshold=29.391160011291507 36.500000000000007 44.763114929199226 -0.1628099977970123 14.069390296936037 0.67858001589775097 7.9804399013519296 1.1863000392913821 1.8750000000000002 34.965120315551765 3.5000000000000004 73.902282714843764 1.0633199810981753 27.02933502197266
decision_type=2 2 2 2 2 2 2 2 2 2 2 2 2 2
left_child=3 2 7 5 -5 6 -1 -2 -8 10 -3 -9 13 -6
right_child=1 9 -4 4 12 -7 8 11 -10 -11 -12 -13 -14 -15
leaf_value=0.10143481392731685 -0.92668904910368077 -0.50726815467697994 -0.44103030730465564 0.0077928251169512679 -0.17902123976496828 0.12966670673631267 -0.20825383551511908 0.024288413859076777 -0.003112718641734194 -0.46634505889802097 -0.11665433541430886 1.1708166729620171 0.37957221906716399 -0.78602458194256875
leaf_weight=24553 424 3147 2400 211746 17563 70147 12200 16440 38551 6144 16188 288 928 913
leaf_count=24553 424 3147 2400 211746 17563 70147 12200 16440 38551 6144 16188 288 928 913
internal_value=-1.40871e-06 -0.156914 -0.0365706 0.0187613 -0.0080468 0.0613645 -0.00226115 0.020046 -0.0524296 -0.249258 -0.180254 0.0440966 -0.180888 -0.209058
internal_weight=421632 45031 19552 376601 231150 145451 75304 17152 50751 25479 19335 16728 19404 18476
internal_count=421632 45031 19552 376601 231150 145451 75304 17152 50751 25479 19335 16728 19404 18476
is_linear=0
shrinkage=0.05


Tree=11
num_leaves=15
num_cat=0
split_feature=207 205 216 207 195 25 198 207 195 216 198 206 196 207
split_gain=452539 228936 212756 165247 161547 157465 164516 142622 139745 112871 118807 108081 101789 127371
threshold=25.091485023498539 10.585415363311769 1.3750000000000002 34.099679946899421 9.5000000000000018 13.989099979400637 1.0000000180025095e-35 37.140289306640632 10.500000000000002 0.37500000000000006 3.5000000000000004 45.20092964172364 34.500000000000007 44.763114929199226
decision_type=2 2 2 2 2 2 2 2 2 2 2 2 2 2
left_child=1 11 7 4 -4 6 -3 9 -7 -2 -11 -1 13 -5
right_child=2 5 3 12 -6 8 -8 -9 -10 10 -12 -13 -14 -15
leaf_value=-0.0031084804181227329 -0.32261139287856311 0.41619518699847924 0.20190305140592144 0.064521374682326188 -0.06542724594830189 0.37623964446326907 0.03014191276780431 -0.58237749025998098 0.12355024738455189 -0.059878646422394134 -0.31966364687244558 0.7123422810170511 -0.30649424771861777 -0.3861219000008147
leaf_weight=247758 9156 2880 10391 6514 12387 7166 65524 2256 23136 19728 5664 528 6480 2064
leaf_count=247758 9156 2880 10391 6514 12387 7166 65524 2256 23136 19728 5664 528 6480 2064
internal_value=-1.55456e-06 0.0240232 -0.111688 -0.0284301 0.0565285 0.0884355 0.0464017 -0.197278 0.183318 -0.172115 -0.117837 -0.00158415 -0.156941 -0.0439428
internal_weight=421632 346992 74640 37836 22778 98706 68404 36804 30302 34548 25392 248286 15058 8578
internal_count=421632 346992 74640 37836 22778 98706 68404 36804 30302 34548 25392 248286 15058 8578
is_linear=0
shrinkage=0.05


Tree=12
num_leaves=15
num_cat=0
split_feature=207 213 209 207 25 207 120 205 207 216 195 207 120 27
split_gain=414745 176356 162853 171111 158754 155119 153146 240400 181234 182912 130161 190411 140132 128061
threshold=29.391160011291507 1.3750000000000002 3.5000000000000004 34.288015365600593 1.1863000392913821 41.558074951171882 0.680395007133484 22.695884704589847 7.9804399013519296 1.0000000180025095e-35 10.500000000000002 21.190489768981937 0.58616000413894664 64.901657104492202
decision_type=2 2 2 2 2 2 2 2 2 2 2 2 2 2
left_child=6 2 -2 -4 -3 -6 8 -8 -1 -10 -11 -12 -13 -9
right_child=1 4 3 -5 5 -7 7 13 9 10 11 12 -14 -15
leaf_value=0.019766075830484935 -0.50612724559132471 -1.1920259874997254 -0.077771534248326377 -0.38449163206309961 0.065801658136469307 -0.27643711383354458 0.021129813587963325 0.13969977323913169 -0.18059975241375381 0.16644541436029422 0.066500733253742395 -0.33208621143659156 0.0071890562164928775 0.52792828511965262
leaf_weight=126697 4395 288 14811 6561 14704 4272 150529 34664 27555 8165 13907 7853 4969 2262
leaf_count=126697 4395 288 14811 6561 14704 4272 150529 34664 27555 8165 13907 7853 4969 2262
internal_value=-1.4911e-06 -0.14341 -0.228963 -0.171945 -0.0289695 -0.0112559 0.0171465 0.0491746 -0.0145954 -0.0843074 -0.00826451 -0.061638 -0.200614 0.163495
internal_weight=421632 45031 25767 21372 19264 18976 376601 187455 189146 62449 34894 26729 12822 36926
internal_count=421632 45031 25767 21372 19264 18976 376601 187455 189146 62449 34894 26729 12822 36926
is_linear=0
shrinkage=0.05


Tree=13
num_leaves=15
num_cat=0
split_feature=207 205 216 198 146 207 207 27 27 205 207 206 203 213
split_gain=381420 202949 187701 167361 191246 160927 140398 136093 128050 127641 121764 118371 124949 109312
threshold=25.091485023498539 7.3361999988555917 1.3750000000000002 1.0000000180025095e-35 0.38020999729633337 5.8979101181030282 44.763114929199226 53.985614776611335 57.059804916381843 46.119741439819343 37.140289306640632 32.507844924926765 0.60785500705242168 1.1250000000000002
decision_type=2 2 2 2 2 2 2 2 2 2 2 2 2 2
left_child=1 -1 10 -3 5 -5 7 11 -9 -6 -2 -4 -13 -11
right_child=2 3 6 4 9 -7 -8 8 -10 13 -12 12 -14 -15
leaf_value=-0.0039061740301998544 -0.15967896171877333 0.40686256651884722 0.16499642114253255 0.11740040307038285 0.10437225987533066 -0.091664231619473471 -0.39835725931163374 -0.43620991435304535 -0.043442151612343147 0.32237949380636854 -0.53875704003901514 -0.16930529240707692 0.17635862999089319 1.2251602227347238
leaf_weight=237516 34548 3744 13392 14147 62247 26343 2352 2863 7535 2611 2256 7750 3944 384
leaf_count=237516 34548 3744 13392 14147 62247 26343 2352 2863 7535 2611 2256 7750 3944 384
internal_value=-1.64624e-06 0.0220546 -0.102537 0.078378 0.0667425 -0.018617 -0.0243353 0.000466712 -0.151619 0.119717 -0.18293 0.0635089 -0.0527192 0.438499
internal_weight=421632 346992 74640 109476 105732 40490 37836 35484 10398 65242 36804 25086 11694 2995
internal_count=421632 346992 74640 109476 105732 40490 37836 35484 10398 65242 36804 25086 11694 2995
is_linear=0
shrinkage=0.05


Tree=14
num_leaves=15
num_cat=0
split_feature=207 202 202 207 202 146 207 71 206 207 198 196 27 202
split_gain=348556 205603 164442 176436 157106 204343 171751 154094 131971 124062 175369 120513 155845 120285
threshold=27.425440788269047 -0.35206000506877894 -0.72947499155998219 42.582124710083015 -0.1628099977970123 0.32812500000000006 14.069390296936037 0.078125000000000014 2.551339983940125 4.4386851787567148 2.5000000000000004 34.500000000000007 73.902282714843764 -0.93540498614311207
decision_type=2 2 2 2 2 2 2 2 2 2 2 2 2 2
left_child=4 2 -2 7 5 9 -6 -4 -8 -1 13 12 -9 -11
right_child=1 -3 3 -5 6 -7 8 11 -10 10 -12 -13 -14 -15
leaf_value=0.11866577430863789 -0.20296056422285003 -0.36987798411046335 -0.92561332861582446 -0.32257222700426502 0.0062753600064374736 0.11864001901886537 -0.56826248357342879 0.14870884224367859 -0.10956703989029314 -0.067471285677537504 -0.12707277666094746 -0.034282223320166373 1.5827225680178312 0.19469300004581322
leaf_weight=14905 17664 6852 419 4128 211746 72047 1728 10385 16860 8042 27340 19730 192 9594
leaf_count=14905 17664 6852 419 4128 211746 72047 1728 10385 16860 8042 27340 19730 192 9594
internal_value=-1.4835e-06 -0.112297 -0.0786844 -0.0156972 0.0184026 0.06191 -0.00651723 0.0255403 -0.152237 -0.00634676 -0.0477775 0.0387202 0.174887 0.0751493
internal_weight=421632 59370 52518 34854 362262 131928 230334 30726 18588 59881 44976 30307 10577 17636
internal_count=421632 59370 52518 34854 362262 131928 230334 30726 18588 59881 44976 30307 10577 17636
is_linear=0
shrinkage=0.05


Tree=15
num_leaves=15
num_cat=0
split_feature=207 195 214 207 216 207 209 27 216 205 25 196 205 207
split_gain=327389 166421 164535 158745 174275 158194 165916 137435 131858 130122 123339 123064 151164 114448
threshold=32.167705535888679 8.5000000000000018 2.5000000000000004 22.552555084228519 1.0000000180025095e-35 6.6238348484039316 3.5000000000000004 73.902282714843764 0.37500000000000006 7.1290152072906503 1.1863000392913821 37.500000000000007 17.912535667419437 12.300260066986086
decision_type=2 2 2 2 2 2 2 2 2 2 2 2 2 2
left_child=2 7 3 4 5 9 -7 10 -5 -1 -2 12 -4 -6
right_child=1 -3 11 8 13 6 -8 -9 -10 -11 -12 -13 -14 -15
leaf_value=0.005178535034378165 -1.081424845791193 -0.28061100624142316 -1.2545045116029936 -0.21116656232944334 0.26862110265882833 -0.11624717124260053 0.1569884739833643 1.2842357852916026 -0.029561658838466804 0.12099501432416873 -0.037771785772331042 0.069042854463682843 0.37980323813494266 0.068778381195899144
leaf_weight=193665 288 14656 144 13425 8625 41999 6402 192 39117 27723 13858 13336 5916 42286
leaf_count=193665 288 14656 144 13425 8625 41999 6402 192 39117 27723 13858 13336 5916 42286
internal_value=-1.47537e-06 -0.162134 0.0119714 0.0045928 0.0177915 0.00177986 -0.0801038 -0.0410177 -0.0759666 0.019682 -0.0590946 0.153953 0.340768 0.102639
internal_weight=421632 28994 392638 373242 320700 269789 48401 14338 52542 221388 14146 19396 6060 50911
internal_count=421632 28994 392638 373242 320700 269789 48401 14338 52542 221388 14146 19396 6060 50911
is_linear=0
shrinkage=0.05


Tree=16
num_leaves=15
num_cat=0
split_feature=207 214 207 216 206 215 205 198 146 207 198 196 205 27
split_gain=301919 140233 173677 170877 139465 137632 113787 115469 110038 133510 108047 94506.6 127831 92240.6
threshold=34.099679946899421 2.5000000000000004 24.643699645996097 0.37500000000000006 45.20092964172364 1.5000000000000002 10.585415363311769 1.0000000180025095e-35 0.32812500000000006 5.8979101181030282 2.5000000000000004 36.500000000000007 18.004940032958988 53.361225128173835
decision_type=2 2 2 2 2 2 2 2 2 2 2 2 2 2
left_child=1 2 4 -4 6 -2 -1 -8 9 -9 13 12 -3 -5
right_child=5 11 3 10 -6 -7 7 8 -10 -11 -12 -13 -14 -15
leaf_value=-0.0042986472576936876 -0.36482053844733708 -0.83598456724056069 -0.28569999329283041 0.094149707538764948 0.54244368143135124 -0.093154114894653722 0.37619934288322654 0.11494789060914379 0.094526279787435802 -0.10343543024641107 -0.1448377154023853 0.065047539739999466 0.33782526647343641 -0.13556211976997096
leaf_weight=245742 7089 240 8887 15631 1248 13618 2832 10957 53903 19369 14927 14909 6215 6065
leaf_count=245742 7089 240 8887 15631 1248 13618 2832 10957 53903 19369 14927 14909 6215 6065
internal_value=-1.47984e-06 0.00961429 0.00259855 -0.0890337 0.0150824 -0.186172 0.0131032 0.062222 0.0516609 -0.0245308 -0.0413038 0.134253 0.29406 0.0299317
internal_weight=421632 400925 379561 45510 334051 20707 332803 87061 84229 30326 36623 21364 6455 21696
internal_count=421632 400925 379561 45510 334051 20707 332803 87061 84229 30326 36623 21364 6455 21696
is_linear=0
shrinkage=0.05


Tree=17
num_leaves=15
num_cat=0
split_feature=207 213 214 207 196 216 207 209 205 209 74 205 196 120
split_gain=272485 126808 126558 157473 155193 147881 141988 147266 113141 112331 110387 110125 108756 121389
threshold=34.099679946899421 1.3750000000000002 2.5000000000000004 22.552555084228519 40.500000000000007 1.0000000180025095e-35 6.6238348484039316 3.5000000000000004 46.119741439819343 3.5000000000000004 1.7360650300979616 7.1290152072906503 58.500000000000007 0.5854099988937379
decision_type=2 2 2 2 2 2 2 2 2 2 2 2 2 2
left_child=2 -2 3 5 9 6 11 8 -8 -5 -10 -1 -6 -14
right_child=1 -3 -4 4 12 -7 7 -9 10 -11 -12 -13 13 -15
leaf_value=0.005134540769219203 -0.33431284227364882 -0.079624065859917603 0.12753902894397032 -0.15650620816310012 -0.22833016074380907 0.094424989259608808 -0.12131568479619495 0.14731018755365471 -0.17283678302875144 0.14063127356593735 1.0312082348004827 0.11168079605803274 -0.25385721781337373 -0.0044166529751831175
leaf_weight=193665 7905 12802 21364 4368 15478 50911 41231 6402 345 11694 423 27723 6355 20966
leaf_count=193665 7905 12802 21364 4368 15478 50911 41231 6402 345 11694 423 27723 6355 20966
internal_value=-1.44622e-06 -0.176864 0.00913359 0.0024687 -0.0727046 0.0162661 0.00151671 -0.0760595 -0.110111 0.0598211 0.490807 0.0184771 -0.12244 -0.0624449
internal_weight=421632 20707 400925 379561 58861 320700 269789 48401 41999 16062 768 221388 42799 27321
internal_count=421632 20707 400925 379561 58861 320700 269789 48401 41999 16062 768 221388 42799 27321
is_linear=0
shrinkage=0.05


Tree=18
num_leaves=15
num_cat=0
split_feature=207 209 202 207 120 209 196 207 71 207 207 210 27 27
split_gain=254354 138426 121189 202073 152534 109229 102209 132778 121881 110531 101694 111448 96314.3 98883.2
threshold=29.391160011291507 3.5000000000000004 -0.1628099977970123 14.069390296936037 0.67858001589775097 2.5000000000000004 36.500000000000007 41.558074951171882 0.078125000000000014 34.965120315551765 7.9804399013519296 1.6250000000000002 73.902282714843764 39.968833923339851
decision_type=2 2 2 2 2 2 2 2 2 2 2 2 2 2
left_child=2 -2 4 -4 10 -5 7 8 -3 -8 -1 -12 13 -10
right_child=1 6 3 5 -6 -7 9 -9 12 -11 11 -13 -14 -15
leaf_value=0.083299736347672432 -0.33327212255036887 -0.84961740963408594 0.005080299811866704 -0.31077320989320856 0.10223468258758497 -0.067940474993300234 -0.082205000415223939 -0.22144333088063317 0.39641244439387852 -0.33802200716400332 -0.19441044842129063 -0.0049459778407410018 1.0246919414163873 0.031065012537850246
leaf_weight=24553 6123 330 211746 7635 70147 11769 16188 4416 2289 5712 9563 41188 288 9685
leaf_count=24553 6123 330 211746 7635 70147 11769 16188 4416 2289 5712 9563 41188 288 9685
internal_value=-1.33737e-06 -0.112307 0.0134276 -0.00907193 0.0491835 -0.1635 -0.077526 0.0144322 0.0971645 -0.14894 -0.000235306 -0.0406499 0.122712 0.100934
internal_weight=421632 45031 376601 231150 145451 19404 38908 17008 12592 21900 75304 50751 12262 11974
internal_count=421632 45031 376601 231150 145451 19404 38908 17008 12592 21900 75304 50751 12262 11974
is_linear=0
shrinkage=0.05


Tree=19
num_leaves=15
num_cat=0
split_feature=207 209 196 207 205 27 216 196 206 25 28 198 120 27
split_gain=234125 183618 154639 140221 122771 186287 129506 128167 149096 122019 98975.7 97876.9 97337.3 94485.5
threshold=27.425440788269047 2.5000000000000004 41.500000000000007 34.099679946899421 22.695884704589847 64.039360046386733 0.37500000000000006 38.500000000000007 10.953454971313478 1.1863000392913821 16.405019760131839 4.5000000000000009 0.57215002179145824 50.428609848022468
decision_type=2 2 2 2 2 2 2 2 2 2 2 2 2 2
left_child=4 -2 3 11 -1 6 -6 -8 -9 -5 -7 -3 -4 -14
right_child=1 2 12 9 5 10 7 8 -10 -11 -12 -13 13 -15
leaf_value=0.0030157932509903037 -0.48839153484874398 0.14410136689116046 -0.34119996775643457 -0.92424628488042149 -0.018407028672523772 -0.15871477048761895 0.54680445116186849 0.4085174471784756 0.036740342466188652 -0.078990015850278747 0.41812473345377099 -0.38990820345324995 0.0015200188382288276 -0.21220950947252809
leaf_weight=309139 2784 14273 5817 439 27635 860 1845 3341 13969 14427 5473 912 9934 10784
leaf_count=309139 2784 14273 5817 439 27635 860 1845 3341 13969 14427 5473 912 9934 10784
internal_value=-1.36051e-06 -0.092036 -0.0725272 0.00514376 0.0150821 0.0852984 0.0508481 0.150758 0.108516 -0.104011 0.339779 0.112006 -0.160487 -0.109734
internal_weight=421632 59370 56586 30051 362262 53123 46790 19155 17310 14866 6333 15185 26535 20718
internal_count=421632 59370 56586 30051 362262 53123 46790 19155 17310 14866 6333 15185 26535 20718
is_linear=0
shrinkage=0.05


Tree=20
num_leaves=15
num_cat=0
split_feature=207 206 196 120 74 196 207 198 205 25 115 196 27 207
split_gain=216999 149439 140753 136658 141567 136219 148854 163632 127359 109331 103584 102620 109167 87004.2
threshold=24.849575042724613 45.20092964172364 40.500000000000007 0.5854099988937379 1.2656700015068056 29.500000000000004 34.099679946899421 4.5000000000000009 10.585415363311769 1.1863000392913821 3.5000000000000004 58.500000000000007 50.428609848022468 12.300260066986086
decision_type=2 2 2 2 2 2 2 2 2 2 2 2 2 2
left_child=1 8 5 4 -4 -2 7 -7 -1 -8 13 -5 -13 -10
right_child=2 -3 3 11 -6 6 9 -9 10 -11 -12 12 -14 -15
leaf_value=-0.0042173901479467752 -0.45522220333291907 0.542890593713101 -0.080941412762770767 -0.24580161575329029 -0.45411225426225227 0.16318292092774858 -0.91232285974037597 -0.32968057291477809 0.10282835438643517 -0.076319768490355822 0.20195021772938448 0.077893743294567219 -0.13780631969758167 0.00047919730836888208
leaf_weight=247086 1584 1344 4423 7593 5975 16698 401 1872 36203 14417 11847 11269 12232 48688
leaf_count=247086 1584 1344 4423 7593 5975 16698 401 1872 36203 14417 11847 11269 12232 48688
internal_value=-1.41764e-06 0.0168815 -0.0762121 -0.138491 -0.2954 -0.00232063 0.019179 0.113483 0.0148237 -0.0990035 0.0634577 -0.0860119 -0.0343767 0.0441282
internal_weight=421632 345168 76464 41492 10398 34972 33388 18570 343824 14818 96738 31094 23501 84891
internal_count=421632 345168 76464 41492 10398 34972 33388 18570 343824 14818 96738 31094 23501 84891
is_linear=0
shrinkage=0.05


Tree=21
num_leaves=15
num_cat=0
split_feature=207 196 27 214 209 25 207 207 216 207 209 119 202 202
split_gain=200844 131294 123657 113019 107726 104696 106252 101443 119403 123396 128051 107746 108663 103163
threshold=32.167705535888679 34.500000000000007 73.902282714843764 2.5000000000000004 3.5000000000000004 1.1863000392913821 44.763114929199226 22.552555084228519 1.0000000180025095e-35 6.6238348484039316 3.5000000000000004 1.5000000000000002 -0.22695499658584592 -0.95642998814582814
decision_type=2 2 2 2 2 2 2 2 2 2 2 2 2 2
left_child=3 2 5 7 -3 -2 -7 8 9 -1 11 -11 -13 -10
right_child=1 4 -4 -5 -6 6 -8 -9 13 10 -12 12 -14 -15
leaf_value=0.016369408891784371 -1.0522847725642668 -0.63169220706640561 1.4483009601461478 0.12704924176399898 -0.17935274644315669 0.071387316974886969 -0.31273006164633671 -0.061137810501187863 -0.0010530966687340465 -0.28391925942865037 0.13652783520071746 0.025878157962825912 -0.1504670849356948 0.14357257591317704
leaf_weight=221388 240 1440 144 19396 15232 9730 2208 52542 20956 6913 6402 16416 18670 29955
leaf_count=221388 240 1440 144 19396 15232 9730 2208 52542 20956 6913 6402 16416 18670 29955
internal_value=-1.5375e-06 -0.126991 -0.00322549 0.00937617 -0.218458 -0.0205067 0.000322412 0.00326081 0.0138117 0.000558389 -0.0717607 -0.103513 -0.0679605 0.0840429
internal_weight=421632 28994 12322 392638 16672 12178 11938 373242 320700 269789 48401 41999 35086 50911
internal_count=421632 28994 12322 392638 16672 12178 11938 373242 320700 269789 48401 41999 35086 50911
is_linear=0
shrinkage=0.05


Tree=22
num_leaves=15
num_cat=0
split_feature=207 213 207 216 206 205 215 198 198 149 207 28 189 208
split_gain=183545 108622 126888 145093 131947 107184 98346.7 97002.2 94872.6 107024 96957.3 94680 97931 91313.4
threshold=34.965120315551765 1.8750000000000002 24.849575042724613 0.37500000000000006 45.20092964172364 10.585415363311769 1.5000000000000002 4.5000000000000009 1.0000000180025095e-35 0.90971499681472789 5.8979101181030282 17.69321441650391 1.5000000000000002 1.5000000000000002
decision_type=2 2 2 2 2 2 2 2 2 2 2 2 2 2
left_child=1 2 4 -4 5 -1 -2 -5 -7 10 -10 12 -11 -13
right_child=6 -3 3 7 -6 8 -8 -9 9 11 -12 13 -14 -15
leaf_value=-0.0042345625711374983 -0.32556126588982137 0.23262673558594044 -0.24378773353973304 -0.017041623319196775 0.51848195537568609 0.34299432625662063 -0.075522991107894996 -0.48176917864360302 0.1069687347100131 0.78264758760050723 -0.055114353245908278 1.4118236470454468 0.060517394654937134 0.23048679749204759
leaf_weight=246990 5808 5262 9588 42956 1296 2832 12178 1152 13106 474 31165 166 40563 8096
leaf_count=246990 5808 5262 9588 42956 1296 2832 12178 1152 13106 474 31165 166 40563 8096
internal_value=-1.5441e-06 0.00696234 0.00398111 -0.0675125 0.0151186 0.0132174 -0.156278 -0.0291899 0.0579304 0.049299 -0.0071299 0.0999718 0.0688773 0.25439
internal_weight=421632 403646 398384 53696 344688 343392 17986 44108 96402 93570 44271 49299 41037 8262
internal_count=421632 403646 398384 53696 344688 343392 17986 44108 96402 93570 44271 49299 41037 8262
is_linear=0
shrinkage=0.05


Tree=23
num_leaves=15
num_cat=0
split_feature=207 196 27 214 196 205 209 25 207 149 207 216 202 196
split_gain=167607 117920 109939 99994.7 94928.4 129081 94656.3 93820.3 94726.8 93761.3 93196.4 143298 130587 152120
threshold=32.167705535888679 34.500000000000007 73.902282714843764 2.5000000000000004 36.500000000000007 18.004940032958988 3.5000000000000004 1.1863000392913821 44.763114929199226 0.97093001008033764 18.876390457153324 1.0000000180025095e-35 -0.95642998814582814 70.500000000000014
decision_type=2 2 2 2 2 2 2 2 2 2 2 2 2 2
left_child=3 2 7 10 5 -5 -3 -2 9 -9 11 -1 -12 -14
right_child=1 6 -4 4 -6 -7 -8 8 -10 -11 12 -13 13 -15
leaf_value=0.0035151803654736554 -0.99173072067039136 -0.5900468185988671 1.3699346292429957 -0.96309721655178571 0.05349920699602892 0.35552707315271204 -0.16603529825941124 0.21484055543004765 -0.29088127188900575 -0.096588089712114147 -0.22679178552900503 0.11553428097930357 0.0074912853983765144 -0.20455574773279406
leaf_weight=263050 240 1440 144 192 14333 4871 15232 5261 2208 4469 8832 32024 59477 9859
leaf_count=263050 240 1440 144 192 14333 4871 15232 5261 2208 4469 8832 32024 59477 9859
internal_value=-1.17222e-06 -0.116008 0.00128369 0.00856553 0.119251 0.305342 -0.202691 -0.0150112 0.00470605 0.0718058 0.00281332 0.0156728 -0.0457292 -0.0226625
internal_weight=421632 28994 12322 392638 19396 5063 16672 12178 11938 9730 373242 295074 78168 69336
internal_count=421632 28994 12322 392638 19396 5063 16672 12178 11938 9730 373242 295074 78168 69336
is_linear=0
shrinkage=0.05


Tree=24
num_leaves=15
num_cat=0
split_feature=207 213 209 202 207 149 201 207 202 198 207 116 206 202
split_gain=156193 107700 103843 94521.3 172920 116552 98956.3 95916 120884 126676 93875.3 92298.2 89179.6 101992
threshold=29.391160011291507 1.3750000000000002 3.5000000000000004 -0.1628099977970123 13.84158515930176 0.77441999316215526 -0.91037499904632557 17.512894630432132 -0.95642998814582814 2.5000000000000004 37.140289306640632 1.0455999970436098 14.544219970703127 -0.84874999523162831
decision_type=2 2 2 2 2 2 2 2 2 2 2 2 2 2
left_child=3 2 -2 5 -5 7 11 -1 -9 -10 -4 -6 -7 -14
right_child=1 -3 10 4 6 12 -8 8 9 -11 -12 -13 13 -15
leaf_value=0.036733579655621899 -0.37618568475244635 0.0014226985788913073 -0.06522358923975892 0.0038138839308220363 -0.19222048318506438 0.14954437533498033 -0.55761659023835353 -0.32056390648355443 0.094027119786088076 -0.17085095530245409 -0.35828050392308441 0.055997592279417599 -0.031457354562394624 0.1115380093076267
leaf_weight=42325 4395 19264 18156 211554 12933 30583 1392 4567 9434 8653 3216 5271 24573 25316
leaf_count=42325 4395 19264 18156 211554 12933 30583 1392 4567 9434 8653 3216 5271 24573 25316
internal_value=-1.28071e-06 -0.0880076 -0.154865 0.010522 -0.00934832 0.0420997 -0.151437 -0.00770928 -0.0907409 -0.0326956 -0.109337 -0.120349 0.0823188 0.0411059
internal_weight=421632 45031 25767 376601 231150 145451 19596 64979 22654 18087 21372 18204 80472 49889
internal_count=421632 45031 25767 376601 231150 145451 19596 64979 22654 18087 21372 18204 80472 49889
is_linear=0
shrinkage=0.05


Tree=25
num_leaves=15
num_cat=0
split_feature=207 213 207 216 206 211 205 27 216 27 206 202 205 71
split_gain=145168 93192.8 105129 125496 119765 102791 90085.8 162003 96649 96385.8 125232 154852 87074.4 101398
threshold=34.965120315551765 1.8750000000000002 24.849575042724613 0.37500000000000006 46.345609664916999 1.0000000180025095e-35 22.695884704589847 64.039360046386733 0.37500000000000006 50.414113998413093 12.833899974823 -0.84874999523162831 33.308673858642585 2.2968750000000004
decision_type=2 2 2 2 2 2 2 2 2 2 2 2 2 2
left_child=1 2 4 -4 6 -6 -1 8 -8 10 -10 -12 -9 -14
right_child=-2 -3 3 -5 5 -7 7 12 9 -11 11 -13 13 -15
leaf_value=0.0019938801571017834 -0.13898356169987333 0.21521505369742333 -0.22558399306334201 -0.026004429124972629 0.19980397318305798 1.2702060775870034 -0.014981489818411853 0.58011185456403502 0.58593301318585878 -0.01736676614072958 -0.057449602707241337 0.42471136934938231 -0.028698618395342712 0.588133036070427
leaf_weight=298358 17986 5262 9588 44108 672 336 25596 2182 2099 5531 3976 2864 2099 975
leaf_count=298358 17986 5262 9588 44108 672 336 25596 2182 2099 5531 3976 2864 2099 975
internal_value=-1.40893e-06 0.0061918 0.00343042 -0.0616451 0.0135681 0.55751 0.0119711 0.0776507 0.0434079 0.146687 0.248186 0.14447 0.338622 0.167073
internal_weight=421632 403646 398384 53696 344688 1008 343680 45322 40066 14470 8939 6840 5256 3074
internal_count=421632 403646 398384 53696 344688 1008 343680 45322 40066 14470 8939 6840 5256 3074
is_linear=0
shrinkage=0.05


Tree=26
num_leaves=15
num_cat=0
split_feature=207 209 195 206 207 205 195 207 45 25 207 115 201 210
split_gain=133151 150727 122108 134007 126756 89359.5 110959 112795 81183.1 83715.4 91140.2 78245.8 77959.2 109102
threshold=27.425440788269047 2.5000000000000004 8.5000000000000018 39.156095504760749 33.707159042358406 46.119741439819343 8.5000000000000018 0.54333001375198375 18.905954360961918 1.1863000392913821 44.763114929199226 3.5000000000000004 -0.93540498614311207 1.8750000000000002
decision_type=2 2 2 2 2 2 2 2 2 2 2 2 2 2
left_child=5 -2 4 -4 -3 11 7 -7 9 -6 -11 -1 13 -13
right_child=1 2 3 -5 8 6 -8 -9 -10 10 -12 12 -14 -15
leaf_value=-0.00016117123880937036 -0.42851197780917538 0.26964420487035545 -0.041432102292134732 -0.2448642472617456 -0.93662553842631613 -0.18200715891243091 0.075673748622628212 0.87521073457861565 -1.2166695903724349 0.074972929677046607 -0.27019764504200317 0.82898329783989666 0.03944034309504138 0.1570599319186865
leaf_weight=314403 2784 5057 27957 11394 240 336 3456 1008 141 9397 2400 657 35008 7394
leaf_count=314403 2784 5057 27957 11394 240 336 3456 1008 141 9397 2400 657 35008 7394
internal_value=-9.40176e-07 -0.0694072 -0.0517322 -0.10034 0.0592491 0.011374 0.225652 0.610967 -0.0281339 -0.0141116 0.00473394 0.00849605 0.0717068 0.211988
internal_weight=421632 59370 56586 39351 17235 362262 4800 1344 12178 12037 11797 357462 43059 8051
internal_count=421632 59370 56586 39351 17235 362262 4800 1344 12178 12037 11797 357462 43059 8051
is_linear=0
shrinkage=0.05


end of trees

feature_importances:
potencia_solicitada_kw_alvo_4semanas=113
alvo_slot=30
carros_na_fila_alvo_4semanas=26
carregadores_ocupados_alvo_semana=25
potencia_solicitada_kw_alvo_dia=23
alvo_hora_cos=21
potencia_solicitada_kw_max_96=19
potencia_solicitada_kw_alvo_semana=16
alvo_dia_semana=15
carros_chegando_std_96=12
potencia_solicitada_kw_mean_96=9
alvo_hora=9
carros_na_fila_alvo_dia=8
carros_chegando_alvo_4semanas=6
carregadores_ocupados_mean_96=5
carros_na_fila_std_96=5
carregadores_ocupados_alvo_4semanas=5
carregadores_ocupados_std_96=4
carros_na_fila_mean_96=4
carregadores_ocupados_alvo_dia=4
carros_na_fila_alvo_semana=4
potencia_solicitada_kw_std_96=3
alvo_hora_sin=3
carros_chegando_max_24=2
alvo_semana_sin=2
potencia_entregue_kw_mean_96=1
carros_chegando_std_24=1
carros_chegando_max_96=1
origem_mes=1
carros_chegando_alvo_dia=1

parameters:
[boosting: gbdt]
[objective: regression]
[metric: l1]
[tree_learner: serial]
[device_type: cpu]
[data_sample_strategy: bagging]
[data: ]
[valid: ]
[num_iterations: 250]
[learning_rate: 0.05]
[num_leaves: 15]
[num_threads: 2]
[seed: 20260906]
[deterministic: 1]
[force_col_wise: 1]
[force_row_wise: 0]
[histogram_pool_size: -1]
[max_depth: -1]
[min_data_in_leaf: 100]
[min_sum_hessian_in_leaf: 0.001]
[bagging_fraction: 1]
[pos_bagging_fraction: 1]
[neg_bagging_fraction: 1]
[bagging_freq: 0]
[bagging_seed: 1199]
[bagging_by_query: 0]
[feature_fraction: 1]
[feature_fraction_bynode: 1]
[feature_fraction_seed: 19385]
[extra_trees: 0]
[extra_seed: 18286]
[early_stopping_round: 0]
[early_stopping_min_delta: 0]
[first_metric_only: 0]
[max_delta_step: 0]
[lambda_l1: 0]
[lambda_l2: 1]
[linear_lambda: 0]
[min_gain_to_split: 0]
[drop_rate: 0.1]
[max_drop: 50]
[skip_drop: 0.5]
[xgboost_dart_mode: 0]
[uniform_drop: 0]
[drop_seed: 2066]
[top_rate: 0.2]
[other_rate: 0.1]
[min_data_per_group: 100]
[max_cat_threshold: 32]
[cat_l2: 10]
[cat_smooth: 10]
[max_cat_to_onehot: 4]
[top_k: 20]
[monotone_constraints: ]
[monotone_constraints_method: basic]
[monotone_penalty: 0]
[feature_contri: ]
[forcedsplits_filename: ]
[refit_decay_rate: 0.9]
[cegb_tradeoff: 1]
[cegb_penalty_split: 0]
[cegb_penalty_feature_lazy: ]
[cegb_penalty_feature_coupled: ]
[path_smooth: 0]
[interaction_constraints: ]
[verbosity: -1]
[saved_feature_importance_type: 0]
[use_quantized_grad: 0]
[num_grad_quant_bins: 4]
[quant_train_renew_leaf: 0]
[stochastic_rounding: 1]
[linear_tree: 0]
[max_bin: 255]
[max_bin_by_feature: ]
[min_data_in_bin: 3]
[bin_construct_sample_cnt: 200000]
[data_random_seed: 5040]
[is_enable_sparse: 1]
[enable_bundle: 1]
[use_missing: 1]
[zero_as_missing: 0]
[feature_pre_filter: 1]
[pre_partition: 0]
[two_round: 0]
[header: 0]
[label_column: ]
[weight_column: ]
[group_column: ]
[ignore_column: ]
[categorical_feature: ]
[forcedbins_filename: ]
[precise_float_parser: 0]
[parser_config_file: ]
[objective_seed: 25726]
[num_class: 1]
[is_unbalance: 0]
[scale_pos_weight: 1]
[sigmoid: 1]
[boost_from_average: 1]
[reg_sqrt: 0]
[alpha: 0.9]
[fair_c: 1]
[poisson_max_delta_step: 0.7]
[tweedie_variance_power: 1.5]
[lambdarank_truncation_level: 30]
[lambdarank_norm: 1]
[label_gain: ]
[lambdarank_position_bias_regularization: 0]
[eval_at: ]
[multi_error_top_k: 1]
[auc_mu_weights: ]
[num_machines: 1]
[local_listen_port: 12400]
[time_out: 120]
[machine_list_filename: ]
[machines: ]
[gpu_platform_id: -1]
[gpu_device_id: -1]
[gpu_device_id_list: ]
[gpu_use_dp: 0]
[num_gpu: 1]

end of parameters

pandas_categorical:[]
